0.119353058702026
-0.298896407235438
-3.98703084668815
0.67083928193015
-0.36290380331793
-3.9266111438519
-0.706728946734671
-0.439810638182904
-3.91242920986456
-0.0872864006691541
-0.399012871015049
-3.97909141695215
0.696028637516486
-0.456968707112461
-3.91238089000804
0.171064628609177
-0.742697831138177
-3.92672082363069
0.236609517076345
0.0078675263166299
-3.99298815186321
0.683157331542199
-0.529077540839743
-3.9055567430691
0.0635162766087676
0.267096387307519
-3.99056707680702
0.703511895540563
-0.504193570413798
-3.90523476205233
0.457999497506911
-0.548804399929064
-3.9356130428954
-0.705428546558732
-0.441204663503548
-3.91250682772352
0.413952767197975
-0.46844693559268
-3.95084808267439
0.442021735310206
-0.60029204232284
-3.92991931115309
0.489298399231665
-0.64111422196965
-3.91785138719883
-0.227868968110418
-0.564404480829682
-3.95341914770762
0.154098577355207
-0.0594800711306345
-3.99658800803395
-0.233166302331198
-0.834044485220039
-3.90512534564629
-0.610650633758211
-0.528894764752688
-3.91757277672952
-0.576272921132001
-0.309625921077553
-3.94614253317944
-0.450759901429706
-0.582590872066918
-3.93159054432295
-0.706563122223511
-0.18400593936747
-3.93279928598813
-0.698315210467477
-0.510546975637985
-3.90534224158269
0.329788475087403
0.26005028324303
-3.97789056195274
0.574661740801864
-0.435648022983402
-3.93445969591603
0.541607089233366
-0.659007702569642
-3.90798802165603
-0.66318978572505
-0.553858515503992
-3.90556262648844
0.141367591704357
-0.604224454249134
-3.9515728979472
0.69388136728521
-0.226862200414142
-3.93281865482343
0.678318448940254
-0.530977182109307
-3.90614239172491
-0.702676993937047
-0.504007607348514
-3.90540930012225
0.293669752842007
0.241068302141183
-3.98191454761471
-0.703907338469564
-0.410140794601666
-3.91615876818612
0.667683877666327
-0.287029062615423
-3.93342266117853
-0.635325958885598
-0.565189483438708
-3.90857051577936
-0.123924297460652
-0.703678018157606
-3.93566767513642
0.495819886420475
-0.398269909237662
-3.94911939418476
-0.296854215065887
-0.411142593389251
-3.96772475675067
0.677639100028715
-0.524658210699439
-3.90711384928619
0.607515118301011
-0.617145010581915
-3.90513218416829
0.316596616632681
-0.167198816089267
-3.98394414259016
0.365097318930796
-0.148296661244148
-3.98054170511876
-0.430110254787749
-0.0878997639495349
-3.97583688000501
-0.302354471259649
0.229891124760981
-3.98192562189848
-0.672557991054037
-0.180238185456961
-3.93893128043444
-0.274755298504293
-0.538255480257265
-3.95408535657681
-0.15155060761501
-0.70593220868236
-3.93429698937819
-0.601485943622966
-0.402814372102747
-3.9339488853756
0.599845861092642
-0.577195584872798
-3.91241990643125
-0.581212285392358
0.00288329329441828
-3.95754781601238
