0.668355406700073
-0.52246460163277
-3.90900822809145
0.476944806729303
-0.580009972157688
-3.92888351346927
0.0246363743089764
-0.419577082836515
-3.97785880677721
0.549739153584884
-0.235049411627401
-3.95506667878991
0.227169225390423
-0.808015986914289
-3.91094838030365
-0.635882265174811
-0.247378320318277
-3.94137945994853
0.691248778326205
-0.282521614417135
-3.92967810130965
-0.214586648671573
-0.0264727881719486
-3.9941538979305
0.682855670891977
-0.240201450394093
-3.93395780829015
0.375609507272824
-0.658853222439345
-3.92744729115095
-0.689566794838119
-0.335007623369505
-3.92584787230155
0.477540511739029
-0.597960718220731
-3.92611910747678
0.39683957257345
-0.161376018342229
-3.97699499777054
0.122442979496
-0.755050738897805
-3.92618383514547
-0.662774374827386
-0.515609133163628
-3.91086813220738
0.391768870898897
-0.62962626908207
-3.93066169467691
-0.00601027485194478
0.278359060272827
-3.99029997808929
0.289397691992115
-0.803087338122896
-3.90785258296591
-0.644718404492383
-0.542048705340956
-3.91031122727848
0.0371503987063799
0.133741983279029
-3.99759268573689
0.649611993135365
-0.324464469184922
-3.93354045871061
0.548767362907051
-0.664841554835359
-3.90600229079723
-0.659790369157749
-0.358873850453548
-3.92885484368063
0.628144799298752
-0.215381291859819
-3.94449709465067
0.23667737321035
-0.443754915953625
-3.96825895468405
0.688381255766742
-0.524364223105634
-3.90527669111083
-0.534186026594065
0.228256120570071
-3.95759476093138
0.330333069944803
-0.588856054866604
-3.94260604200815
0.198849481123059
-0.662104859498591
-3.93980826166929
0.618059994746224
-0.584931858575339
-3.90843563177908
0.699858442965331
-0.467160930602809
-3.91049509058479
0.276469714944784
0.0207079565725063
-3.99038211965302
0.1284413190317
-0.0520121478049478
-3.99760070889913
0.580545753280333
-0.635458345577472
-3.90629906798408
0.332087648367107
-0.625296928918247
-3.93684316027221
0.600594521908154
-0.123393734330441
-3.95273000174093
0.436377997995675
-0.24275340252959
-3.96870978366787
0.641278171131326
-0.5771977942551
-3.90584398081644
-0.319714626418155
-0.544870242303615
-3.94979919239473
0.680254362546256
-0.411796774207769
-3.92016464033781
-0.705069165879221
-0.406748098233242
-3.91630509059444
0.191018314864694
-0.79848219339951
-3.91483727918897
0.523926623800744
-0.459800456242677
-3.93879380059056
-0.574783893112889
-0.621052714653122
-3.90946653796279
-0.670419577341121
-0.421103534782296
-3.92087019755353
-0.620071357387396
-0.545009021833088
-3.91388431895238
0.267906392968264
0.104158250036992
-3.98966078983629
0.705804222953336
-0.494524623726409
-3.90605932509714
-0.6839580471481
-0.503041806979705
-3.90885727188965
-0.698182668516028
-0.0918625018989629
-3.93752648764381