289.175228330222	365.070471873724	-1.18075319826165	77.9731275335121
289.033518111382	365.50879082603	-1.29990992138414	78.1530359183771
288.932850206328	365.989950992097	-1.4112286293197	78.5632483063962
288.874722104742	366.490892303256	-1.49206123661351	78.9372545075959
288.846856269212	366.995856855608	-1.53677182150206	79.0268180326384
288.835224689491	367.499546415746	-1.5570888664136	78.8355641262633
288.830293936987	368.001571657382	-1.56403717977821	78.4274250251911
288.826965790462	368.502507859821	-1.56408725575232	77.8767880261768
288.822603377176	369.002737382448	-1.56119079901536	77.252212550198
288.816632505334	369.50239754845	-1.55823970088896	76.6516083150982
288.809490160018	370.001699276097	-1.557613463066	76.1540102494382
288.802946268866	370.501082598217	-1.56029456557559	75.8064272151942
288.798498230623	371.001012172349	-1.565727339627	75.5798321100788
288.797453119901	371.501583556811	-1.57226772011136	75.4156868530485
288.799722649277	372.002468527096	-1.57827327774999	75.2444130303507
288.804935104078	372.50323593927	-1.58297147867489	75.0436225968544
288.812176299847	373.003675371388	-1.58661012923608	74.8205799948363
288.821207602347	373.503840550388	-1.58972982345472	74.615833785015
288.831584221639	374.003879773613	-1.59244066089164	74.4485828221711
288.843183977451	374.503858343334	-1.59451640625879	74.3235816915934
288.855413970181	375.003756944006	-1.59577211755662	74.209884319093
288.868029400988	375.503532500856	-1.59637959903096	74.0843424801403
288.880603912281	376.003183358369	-1.59650163630673	73.9249976106838
288.893073340709	376.502751050651	-1.596240302577	73.7454935849514
288.905175506457	377.002311555689	-1.59571511424154	73.5642763272773
288.91700248359	377.501919523853	-1.59530049535898	73.4184733152549
288.928557923056	378.001580743454	-1.59503356920358	73.3220054170968
288.939912946074	378.501271122048	-1.59447873069166	73.2815979819482
288.950732692044	379.000994094085	-1.59311106246356	73.2673497087428
288.960768350872	379.500771477144	-1.59123113525915	73.2502694847084
288.969982920708	380.000599861598	-1.58973305667857	73.1933912954971
288.978859740866	380.500442691226	-1.58958580272971	73.0975975650051
288.988090041428	381.000263761601	-1.59116515977887	72.9780818067423
288.998400902996	381.500037654457	-1.59415552651901	72.8769564423623
289.010167940326	381.999744629278	-1.59743650845288	72.8092490331502
289.023228933012	382.499384407806	-1.59980010229814	72.7722173475145
289.037036633061	382.998987706789	-1.60065894044222	72.7210492217557
289.051023432643	383.498586420876	-1.60056580314567	72.6226994535793
289.065034272627	383.998182044922	-1.60022733734359	72.4576961129374
289.079000497672	384.497773309554	-1.5998758592784	72.2581773567787
289.092927980964	384.997383590694	-1.59933682284132	72.0629688080748
289.106638962435	385.497051492443	-1.59888579116886	71.9142729926676
289.120376880807	385.996774565882	-1.59897656741131	71.815080539466
289.134345873025	386.496508068409	-1.59974548325201	71.7661339434793
289.148895892076	386.996213259583	-1.60050720216129	71.7538527315217
289.163688242545	387.495914363688	-1.60044092961362	71.7755798577887
289.178428833558	387.995632346911	-1.59928145724729	71.8084910832784
289.192563278419	388.495319767047	-1.59774538336993	71.8413568693383
289.20630970044	388.99489537767	-1.59655106993601	71.8624958932204
289.219672821615	389.494384698943	-1.59582371595826	71.8848045421321
289.233014281583	389.993926598633	-1.5950914957233	71.9088135855974
289.245986089141	390.493665705497	-1.59412651915806	71.9313145386912
289.693105576115	364.145933790011	-0.923698955187354	79.0792847071871
289.486132048751	364.491389928289	-1.01356420177727	78.8538155954023
289.272048238657	364.894420671279	-1.13085418935937	77.7710452496722
289.258855667725	391.006025544598	-1.59322707501728	71.9723741844705
289.270734682807	391.50566089783	-1.59304442851897	71.9458776239975
289.282678337851	392.005360450029	-1.59340415301395	71.8857409754684
289.294467281486	392.505061136041	-1.59314570207322	71.8158213650082
289.305629401571	393.004771257117	-1.59090421694325	71.7472281047964
289.314764312088	393.504733476211	-1.58608960477552	71.6577798205384
289.320836889152	394.005330831108	-1.57901323833425	71.4671491870732
289.322862377577	394.50680888702	-1.57084040353911	71.0464709997387
289.320869232036	395.008888727329	-1.56316011839192	70.2830089812335
289.315225272659	395.510729708904	-1.55765012509733	69.1895735885942
289.307749343452	396.011369803439	-1.55693872355804	67.9424273420757
289.301378074593	396.510485069656	-1.56243369749037	66.7946012467181
289.299230563828	397.008653922713	-1.57188975767248	65.9309939009404
289.30221752083	397.506791146626	-1.58145214535115	65.4088767412749
289.309701401524	398.005305984899	-1.58827824661175	65.184511648022
289.319515589672	398.504126468656	-1.59067794834565	65.1688310600928
289.329486669942	399.003218031438	-1.58902469476358	65.2602273578733
289.338080749386	399.502759742333	-1.58630395869239	65.3721966701795
289.3457361031	400.002768231326	-1.58547623900979	65.4532036361722
289.353427616587	400.50292890324	-1.58669783474062	65.5007407206854
289.361899353039	401.002918059443	-1.58825074950991	65.5414671806331
289.370878988118	401.502739934415	-1.58903373570512	65.5966445766817
289.380101345018	402.002563278044	-1.58918206065196	65.6614249428452
289.389291000777	402.502443477553	-1.58922928121303	65.723664907445
289.398520863379	403.002288171203	-1.58919778380238	65.7855180111368
289.407545022468	403.502014419512	-1.58862247410145	65.8594545880481
289.416061421503	404.001634061534	-1.58715177210401	65.9492490977087
289.423604688732	404.501247460188	-1.58506758245833	66.0475929704964
289.430132857887	405.000968378517	-1.58315786212283	66.1418842411387
289.435881332424	405.50086077995	-1.58218426749826	66.2159583699489
289.441466264655	406.000890821604	-1.58239778210885	66.2515893495692
289.447366162498	406.500951233558	-1.58343415266727	66.2393842651481
289.453885141206	407.000943046372	-1.58469678421003	66.1874134886459
289.460983424683	407.50084203148	-1.58584030609113	66.116988709966
289.468588831612	408.000677613271	-1.58682573861891	66.0493338975492
289.476570896892	408.500489696271	-1.58763999028231	65.9960475513342
289.484814821257	409.000304606547	-1.58802031895421	65.9577747690204
289.493039600033	409.500135405875	-1.58762096441893	65.9281812417491
289.500936126583	409.999981954686	-1.58662103746001	65.9005852582962
289.508421040732	410.499835995746	-1.58586673583684	65.8733720658011
289.515778176891	410.999686069142	-1.58601227126982	65.8475980572537
289.523397285973	411.499522133631	-1.58680278012254	65.8180857560187
289.531400736577	411.99934425992	-1.58755679170375	65.7739383528389
289.539708632006	412.499166534514	-1.58797883568559	65.7124927130704
289.548141510732	412.99901087517	-1.58811357963439	65.6441498362813
289.556579191767	413.498885175687	-1.58785866460852	65.5743776206811
289.564754091094	413.99877557279	-1.58701381157085	65.4883037454877
289.572481355173	414.498651165272	-1.58575065653293	65.3640013600709
289.579655216215	414.998491624112	-1.58470890096433	65.1975276333602
289.586610940983	415.498298727262	-1.58464675410441	65.0112993553296
289.593827774995	415.99809140926	-1.58595351768226	64.8424121804387
289.601983378155	416.497867084633	-1.58839854355412	64.725391321915
289.611390889355	416.997586221238	-1.59125523769784	64.6718693831049
289.622175299778	417.497199226737	-1.59365678966099	64.657909165791
289.633876812182	417.996758491827	-1.59477667735028	64.6354376583901
289.645851715679	418.4964620168	-1.59399076021955	64.5717784731327
289.656997988183	418.996516263665	-1.59137179741079	64.4741589166134
289.666698119384	419.496871901586	-1.58801863742612	64.3741537064095
289.674766881542	419.997202801887	-1.58543765233701	64.2872060517452
289.68205383624	420.497175437426	-1.58467663374548	64.2017486058163
289.689369806528	420.996783112247	-1.58555041808399	64.0991940217141
289.697462097906	421.496333207577	-1.58692476329769	63.9832934587872
289.706186172214	421.996076752295	-1.58812995426727	63.8763484575588
289.715737749528	422.495854259866	-1.58977323742156	63.796074257287
289.726454527708	422.995249628149	-1.59290063794024	63.7334560212861
289.739552094474	423.493953163896	-1.59801340444278	63.6710629421001
290.133783947417	363.623321553828	-0.825591830776328	80.0836168575309
289.910328436396	363.925725864021	-0.875015474167778	79.8293957472868
289.756823721934	424.007987443867	-1.60512879042585	63.5404961600437
289.778191345815	424.509026606067	-1.61347232879282	63.4922838195904
289.803443839329	425.009571604285	-1.62244206051518	63.4241780320884
289.832474436518	425.509330880217	-1.63097865819317	63.3314674642773
289.864357023845	426.008261785186	-1.63813910599368	63.2136757944023
289.8984083196	426.50651165341	-1.64368345887925	63.093354086973
289.933659578827	427.004303939232	-1.64681720526861	62.9845447590877
289.9690688016	427.501943153177	-1.64649860719159	62.9115648998615
290.003293727707	427.999805986253	-1.64283638287009	62.8847245170893
290.035654699739	428.498009544143	-1.63855381410541	62.9133718138211
290.066708421472	428.996298855533	-1.63625349768913	62.9766077716954
290.097685847794	429.494419326796	-1.63632537825676	63.0602656935579
290.129585615066	429.992361312488	-1.63686575190139	63.1488394379555
290.162439314091	430.490173309138	-1.6366078595364	63.2477302215143
290.196212604157	430.98776467985	-1.63549413866501	63.3496407981625
290.230702686821	431.48512931318	-1.63410996526667	63.45246303522
290.622192069727	363.126932592409	-0.76698974365938	80.4920726141196
290.393028751993	363.395238051083	-0.794402560108778	80.4212378013345
290.267228117617	432.014791951814	-1.63186243943254	63.6677703491958
290.298349181133	432.512514115003	-1.62819109703901	63.8251127504279
290.326625233337	433.010077059783	-1.62291962337244	63.9920839848442
290.351711135594	433.507939797088	-1.61767796590192	64.1722220572649
290.374407658628	434.006343075669	-1.61441734162465	64.3551603982805
290.395924273024	434.505217263691	-1.61394980502282	64.5287104117241
290.417589451754	435.004285595432	-1.61541753733862	64.6833810240701
290.439888481284	435.503291424757	-1.61719395676494	64.8043398713272
290.462723711345	436.002124546457	-1.61808021697323	64.8664441965616
290.48564324989	436.500833454982	-1.61800945606117	64.8517152687546
290.508459254046	436.999508027616	-1.61774534858803	64.7672149199178
290.53131912172	437.498182539818	-1.618013349705	64.6395478217048
290.554518697512	437.996832252664	-1.618828450392	64.4946609458136
290.578243630379	438.495460575119	-1.61953904183455	64.3458397550228
290.602256347232	438.994178062282	-1.61942265346177	64.1939947803942
290.626261074997	439.493098919694	-1.61857569657835	64.0321671347159
290.650154628122	439.992116698471	-1.61840438051134	63.8479704830952
290.674920272797	440.490800027868	-1.62083235055852	63.6281578451228
290.702003262467	440.988767422776	-1.62614916246995	63.3635571330032
290.732813775746	441.486104540392	-1.63231838984369	63.0580082337103
291.13419575389	362.65321384334	-0.719391295095703	80.4991988180679
290.907995562052	362.899654566792	-0.742084241211412	80.6777704892968
290.770311229425	442.015487613681	-1.63726884129769	62.6736867075755
290.806709745222	442.513112091178	-1.6401865609745	62.4183404230784
290.842823448515	443.010561271466	-1.64303613289485	62.2028156831806
290.879435052943	443.508072102305	-1.6470578808867	62.0592753177302
290.91701334436	444.005586990432	-1.65134371585583	61.9913562454937
290.955521430041	444.503001737759	-1.65391603239622	61.990834584724
290.993937157712	445.000403803154	-1.65301161934836	62.023106411037
291.031097296836	445.497985632821	-1.64903840883268	62.0656985949618
291.066325000908	445.995824342707	-1.64366203939077	62.0970569016835
291.099720105727	446.493799922111	-1.63905936348487	62.1218684077415
291.132180657459	446.991728263289	-1.63624286306448	62.1453716350866
291.164634499517	447.489561553171	-1.63529513533517	62.194855078426
291.198050643072	447.987372244448	-1.63508680790394	62.2920313151805
291.232491529738	448.485251530674	-1.63420677835237	62.45836140608
291.666842260732	362.209861170843	-0.671322397115654	80.2765914900898
291.44178631197	362.429975552957	-0.693365918914621	80.8145149336074
291.268710796536	449.013453958298	-1.63141717783019	62.7942550965177
291.299631725851	449.511376283342	-1.62744633756688	63.0920761077028
291.327790380814	450.009466717879	-1.62300878041697	63.3613205784506
291.353257543904	450.50775329116	-1.61915646645609	63.5777014502645
291.376882435247	451.006384270386	-1.61696254999451	63.7336195526023
291.399827200197	451.505519969724	-1.61762351229939	63.817227963993
291.424100924082	452.005156798044	-1.62297503760623	63.7586299646212
291.453620178591	452.50469404152	-1.64103502032313	63.3476014304184
291.50027027174	452.999953066188	-1.69934554000888	62.2328872036265
291.590409037015	453.472391908417	-1.84217764623058	60.2994013918641
291.747339664588	453.875287647832	-2.07038381109826	58.127860229834
291.989604903552	361.986138535397	-0.64252190336457	80.8936827278281
291.902534539287	454.070393999809	-2.22465908279968	57.2262766058302
292.127994101196	454.360762971694	-2.41295409294415	56.7366448296845
292.54891300626	361.571978792544	-0.5940151425592	80.8284565310436
292.326987308937	361.755175490454	-0.613010607157717	80.1878960281505
292.45905389929	454.568062936545	-2.60499511175879	57.4177455487823
293.120881668111	361.192883403938	-0.559187449575426	80.4358963695655
292.91315707129	361.365512651675	-0.571596726592629	80.6316204775324
293.048010404156	454.835845710383	-2.87003940368112	59.5963756976239
293.492809526749	360.98796614436	-0.539777846712872	80.899397565685
293.512329313871	454.938188457767	-2.9551765694684	60.914392084036
294.07407283231	360.633803729513	-0.504972749498334	80.7826178910478
293.87477423456	360.780034129848	-0.517589464120542	80.4515364651364
293.997596531806	455.015734712381	-2.98566111175934	61.6401953899148
294.470579976799	360.444664842064	-0.487643761712328	80.952680814102
294.488510077773	455.085546040578	-2.99656450931214	62.0064843435834
295.05892271581	360.116488333468	-0.471139230977003	80.7465016582005
294.980255247418	455.153712028149	-3.00485721949723	62.2701707497358
295.468025065913	359.9343911926	-0.457333482094537	80.8752449799018
295.472330090793	455.221621935763	-3.01532731958918	62.5538993327672
296.060188225533	359.631832131544	-0.426341189429075	80.9679646746945
296.023236114456	455.294090994156	-3.02930457598826	63.0379214935061
296.483068128375	359.461678167972	-0.412302065312025	81.1849646654138
296.51628062277	455.348349954836	-3.04035919478113	63.4252347713411
297.079512644058	359.184818230867	-0.408607079608927	80.7498169868923
296.907219740181	359.28488283881	-0.408140450213574	80.739402766169
297.010758687157	455.39665034122	-3.04776751679249	63.7515544935489
297.505616519193	359.013369693559	-0.404167589483952	80.9212589692875
297.506077485751	455.441571193098	-3.05073642583634	64.0016212675118
297.937519527502	358.846215061908	-0.389090227829522	80.7259036028622
298.001550944802	455.485303347435	-3.05064193392418	64.1360049036063
298.534849036848	358.590891455908	-0.35953151172049	81.0008981505695
298.496921003099	455.529057818154	-3.04990907034807	64.1058860756602
298.978103386303	358.441205679779	-0.349159627297634	80.9845870939057
298.992332476366	455.573426074902	-3.04927527150185	63.8975641818985
299.57595772518	358.206598546702	-0.354369943746001	80.3953231813141
299.420684343323	358.282945858284	-0.351269153284763	80.4796140615626
299.487725619118	455.619252670534	-3.04684842561767	63.5502009955703
300.017334222534	358.048091061784	-0.356350527189895	80.4704836114463
299.982510037157	455.668145622377	-3.04077446501297	63.1296864281655
300.464182814905	357.897578088004	-0.346065465353587	80.4297488239576
300.475925651755	455.722585481449	-3.03122395983714	62.6975459675231
301.057585677607	357.675708721588	-0.314409124129139	80.6499595009158
301.024802844245	455.793264693151	-3.01854153590137	62.2715246486835
301.512185575427	357.538372266689	-0.296753853984029	81.0305755894825
301.517654772373	455.858830868311	-3.00800522415686	62.08317294363
301.971511964486	357.408895398102	-0.293528040663129	80.9354854544063
302.009663687313	455.924801704441	-3.00059590891054	61.9916941279613
302.566395002758	357.209875875696	-0.308375734927756	80.3712181156319
302.427572542057	357.267764694974	-0.303518529586342	80.4467760218064
302.501162369854	455.990989388515	-2.99765291489544	62.0035594081511
303.020613985235	357.065556304941	-0.316971062239502	80.3872981874105
302.992799730857	456.056950471934	-2.99979796973407	62.0941030790054
303.477902527346	356.928302038514	-0.312091796985971	80.4008090551781
303.485006943172	456.122522849152	-3.00584611250777	62.2386120230394
304.068014121318	356.734994367628	-0.284438827903523	80.5545481687773
303.936321156645	356.786354741297	-0.292405811464025	80.4363627496057
303.977734967258	456.188105313158	-3.01439103898978	62.403035630254
304.529131994772	356.604242318171	-0.262074160047887	81.0870090567655
304.526317201313	456.261699958243	-3.02528823308592	62.6811102187015
304.996996175963	356.489017885571	-0.251555278963865	81.2483932885077
305.019344240271	456.319714725972	-3.03481226114523	62.9685275898379
305.465784576488	356.374032582819	-0.25475728850612	80.9230264792878
305.513514254469	456.371264183046	-3.04290780346855	63.2386521984418
306.055647940773	356.199864406556	-0.273975546456134	80.2343393290053
306.008511322461	456.4182954814	-3.04878165350535	63.4850807951996
306.519097424251	356.069107396116	-0.284335700374681	80.0982033822324
306.503930862939	456.462343964906	-3.05229138082123	63.6886665566037
306.984716306538	355.943549937341	-0.280964538663243	80.0631265401712
306.999487771914	456.50489228625	-3.05352484139555	63.8109255486817
307.451793580811	355.816233385565	-0.263559437016048	80.1688693011958
307.495011631715	456.547456848638	-3.05207120762647	63.8075289808319
308.037386830938	355.653751312487	-0.231930420361241	80.8415616526195
307.990218004629	456.591849894121	-3.04736370801882	63.6519906165756
308.511620400731	355.549376766507	-0.215318627459729	81.3208861118311
308.484687662561	456.640081562579	-3.03985731152258	63.3560042474891
308.988975504279	355.452274976593	-0.210544592145316	81.3932310002716
308.978177045047	456.693712976049	-3.03133329187225	62.9702757358276
309.465885913121	355.351948261352	-0.217592396378579	81.0366256169282
309.528593864737	456.762473022683	-3.02281499715646	62.4796692384671
310.048971405959	355.203967408274	-0.238816244402001	80.3766752513067
310.020691721454	456.826532324238	-3.01758146694843	62.2353023455231
310.520836929526	355.08583226222	-0.253133457975592	80.2113098752388
310.513021941744	456.888500570413	-3.01399142483429	62.0470468736635
310.99298310121	354.971097063729	-0.255994824273118	80.1906667430616
311.005816793004	456.949272007811	-3.01108174083489	61.9080714229353
311.465528690586	354.85556570405	-0.245563649579022	80.3286853790007
311.498848256512	457.010115982818	-3.0089062245331	61.8314334471711
312.045584547085	354.706037025521	-0.217528126593695	80.8616257457033
311.991790781103	457.07177459119	-3.0089548854536	61.8314717723914
312.522326061699	354.605237589387	-0.196563336429372	81.4600874686904
312.484415927486	457.134455364263	-3.01194780078222	61.9367192231598
313.003396557354	354.516511906408	-0.184766711942297	81.7675164905191
312.97667168696	457.198335837462	-3.01792400308844	62.1465876241451
313.486047890903	354.431226887394	-0.183713983631348	81.6766055599596
313.525713422737	457.270574920684	-3.02678682343644	62.571694860049
313.967781756584	354.341362264234	-0.192785362007538	81.215496966384
314.019106795193	457.328040897856	-3.03476027374678	62.9930578552972
314.545002368332	354.211721660136	-0.212639930444734	80.4550167699965
314.51317479893	457.379667130178	-3.04169650682151	63.3544340291102
315.022241487344	354.10454664079	-0.225185559830176	80.1587496045853
315.007884166991	457.427239771134	-3.04666662872379	63.6252770787773
315.50021134779	354.001005211544	-0.227521634479876	80.018992283265
315.502999112402	457.472425130226	-3.0488330189094	63.7952239729423
315.979202408523	353.898732809187	-0.218876892801907	80.0556155138361
315.998123756191	457.516984417827	-3.04823373208252	63.8493876357933
316.459365688625	353.795703686807	-0.201445030175434	80.2648464945942
316.493008683763	457.562425051011	-3.04579882728353	63.7725195568003
317.032328229985	353.675422680608	-0.177213144312341	80.9170165831149
316.987668576415	457.609884122375	-3.04230150438492	63.5684692930791
317.516614144176	353.592814248646	-0.162712126718051	81.4143613083211
317.48209368008	457.6604724446	-3.03757853819913	63.2641303031834
318.003151281049	353.51792585581	-0.155309590542917	81.6695434272269
317.976020364402	457.715478123255	-3.03114216932304	62.8966289765657
318.490469702943	353.445299446105	-0.154574990391938	81.6264784934318
318.525185755934	457.785273579397	-3.02214200430031	62.4651227088872
318.97744030047	353.370071580424	-0.159964432163166	81.3051213566764
319.017790658361	457.84847386824	-3.0148311840808	62.2160611783709
319.46301470144	353.28723257237	-0.170932126314547	80.7918820233877
319.510377608171	457.910928621542	-3.00980952587147	62.0119118360834
320.031602244371	353.17410507349	-0.1881607010402	80.2639342886823
320.003129639621	457.97282205475	-3.00776299688089	61.8682179580455
320.514809083852	353.080710492245	-0.199905801962074	80.055074208268
320.496038528921	458.034551044488	-3.00816834268611	61.818731134455
320.997785095174	352.987999311079	-0.204358824208611	79.991105023903
320.988866904262	458.096401130864	-3.01117829190277	61.8799771989697
321.480760755677	352.894774156336	-0.19940644310334	80.0954826440544
321.48150262775	458.158501505282	-3.01663267811984	62.0523171925464
321.964484571373	352.800206353446	-0.184533040226811	80.3385553676628
321.974099346587	458.221289614285	-3.02400383219462	62.2946058127138
322.531345668146	352.69139306097	-0.161835936668166	80.9676617653254
322.523290326047	458.289889896969	-3.03229126687491	62.7281830603225
323.018231527336	352.615110364761	-0.146265682231335	81.4995094114377
323.017105736284	458.344362705264	-3.03814451574591	63.076612702879
323.507325864299	352.547484837573	-0.136301085846419	81.8604462371847
323.511473181804	458.394599119895	-3.0424465723087	63.3477142727173
323.997621912178	352.484239217645	-0.131484150142551	81.9809788886217
324.006259054359	458.442004251458	-3.04541045155432	63.5050035997799
324.488406104671	352.421803707188	-0.131477464877993	81.8286327807725
324.501321769569	458.48771425788	-3.04689619189117	63.5320850833248
324.978934979644	352.356656097557	-0.136625252799583	81.4198201786298
324.996428914823	458.533013674438	-3.046759483438	63.4437909811261
325.468346268872	352.284861118119	-0.14657860870077	80.8328898213993
325.491345598455	458.57913510192	-3.04506784482645	63.273662388454
326.029438348091	352.189245586694	-0.161258792263083	80.1913503217485
325.985968288478	458.627138542347	-3.04204818065085	63.0469648322062
326.516803919065	352.1073625671	-0.171482233147638	79.880429346946
326.480276555212	458.678262441549	-3.03747518877677	62.7683076085753
327.004141426446	352.026367778574	-0.176264659283005	79.7322397762427
326.974087091577	458.734098978209	-3.03046849718705	62.4354667925253
327.49146090191	351.945591275546	-0.175058839078848	79.7846681738593
327.522937913178	458.805076640732	-3.01879707072482	62.0620151510267
327.978972451448	351.864669989693	-0.167250736171346	80.0168995248847
328.015788064347	458.869704808416	-3.00719010876332	61.8300600520426
328.467169932514	351.78333088403	-0.153867909755841	80.3845231731878
328.508033641442	458.935939558478	-2.9979561027499	61.6768628585344
329.026718698661	351.693861170068	-0.135643341579373	81.0821423536805
328.999585520746	459.003231432167	-2.99451632553089	61.6351664428014
329.517056080288	351.629429835187	-0.122149412940264	81.5954465093923
329.490974529882	459.07062889512	-2.99768675820407	61.7167815301684
330.009220963444	351.572460898561	-0.112779521123851	81.9183449608056
329.98302375562	459.137247877484	-3.00675614520042	61.8958968238968
330.502464172533	351.519660601947	-0.108349210946619	82.0262405834658
330.476164533926	459.202487088433	-3.01876669606437	62.1446505772302
330.995978569646	351.468021416291	-0.108389178566554	81.9368599735689
331.02408206438	459.272853987928	-3.03215498935022	62.5561817197942
331.489212292647	351.41508063447	-0.111860528542821	81.6799131309862
331.517756168136	459.326911978205	-3.04179178944833	62.9323306658716
331.981953592942	351.358792720112	-0.117918252572468	81.282406507207
332.012629368594	459.375224239183	-3.04870653386006	63.2632860820492
332.474042158991	351.296940508389	-0.126250427256735	80.7812746268591
332.508186840497	459.419875718289	-3.05216995389515	63.5246721795559
333.028908252434	351.216315399628	-0.137302932276734	80.1802293342478
333.003882531474	459.463008228591	-3.05223955520738	63.6823524907781
333.519239040553	351.144139672535	-0.145238787030337	79.8829127950203
333.499325716607	459.506247843654	-3.05027798102507	63.7050899067262
334.009808269046	351.073750198908	-0.148984288737489	79.6880877273171
333.994428355252	459.5507229009	-3.04739656772276	63.5854261531467
334.500626955332	351.004752520244	-0.148775197195415	79.625106998445
334.489189667384	459.597420010407	-3.04323672582649	63.343564012375
334.991766366066	350.936709249418	-0.145374860628483	79.68703597172
334.983512395709	459.64746455193	-3.03754328709719	63.0141620504783
335.483288393901	350.869013239982	-0.139397069089946	79.865331196207
335.477359135818	459.702172628786	-3.03117474457933	62.6385759493238
335.975209291757	350.800961176717	-0.130709198182175	80.1261831968279
336.02666317564	459.770739218742	-3.02413904923328	62.2023746973736
336.526037949324	350.724945153933	-0.118926305252398	80.6194670986792
336.519223755346	459.833826951945	-3.01784691368307	61.9984326160362
337.018796020063	350.666346478286	-0.108784626670687	81.0746054925444
337.01215177542	459.89599608043	-3.01150922907669	61.8569365330337
337.51264469121	350.614476588377	-0.100131846303898	81.4504527124393
337.504952094012	459.958487179469	-3.00601623684772	61.7853442068175
338.007272023022	350.567329611681	-0.093634141888918	81.7232852006347
337.997349561218	460.0217896012	-3.00330755636537	61.7802207014917
338.502458213239	350.523216882699	-0.0898047706995875	81.8781833906076
338.48939322321	460.086082395946	-3.00398591367028	61.85621086555
338.997948517114	350.480403381213	-0.0888423098059472	81.8908093342044
338.981250182172	460.151489417571	-3.00838095621953	62.0152754007268
339.493413703053	350.437193393392	-0.0906231206859275	81.7461746425895
339.473237172792	460.217983779375	-3.01597389932736	62.2523496475919
339.988553337487	350.392071043528	-0.0945292808673314	81.4601075045411
340.023845597766	460.291044143359	-3.02686497558108	62.69648077383
340.483275751832	350.343774897581	-0.0995191370990528	81.0695807138173
340.516992246689	460.347183643053	-3.03600830962644	63.0606706831934
340.977731511039	350.291491686327	-0.104712794328741	80.612772403198
341.01113945164	460.397528988788	-3.04350587079518	63.3407580483825
341.525061409317	350.226597164494	-0.110837873636015	80.0525876947693
341.50599112405	460.443706112962	-3.04912322791021	63.5191705040589
342.018274253983	350.16725014768	-0.116428710400992	79.7413784004002
342.001333701364	460.48716288994	-3.05306222851026	63.5949242564065
342.511865660985	350.108680594665	-0.121869301485739	79.5050738787539
342.49704423937	460.529112496282	-3.05503941825036	63.5670888509316
343.00553432399	350.050267330017	-0.125795570981274	79.36905456827
342.992843492585	460.571038337819	-3.05403456549436	63.4324675079025
343.49909260955	349.991773452007	-0.126761594934834	79.3552953062824
343.488190986894	460.614974362409	-3.04907111294264	63.1987002111933
343.992812969226	349.933627788582	-0.123549411462251	79.4488001925233
343.982560967401	460.663137006934	-3.04052682282125	62.8903780022922
344.487097825377	349.876453240256	-0.116791192133428	79.6319631336528
344.475812830729	460.717711015384	-3.03019293774407	62.5381920691857
344.98195450941	349.820423129466	-0.10813459168392	79.8648503537895
345.025109268175	460.788803295842	-3.01900667098304	62.1370432348601
345.477048406436	349.765378762764	-0.099629996960915	80.1306416179496
345.517488805953	460.853712270016	-3.01097802028853	61.9184552656391
346.01912738799	349.708752322368	-0.091430084396461	80.6177363821688
346.009828666521	460.918013721318	-3.00538148638563	61.7501438321034
346.514646207655	349.663460393561	-0.0849743530140483	81.0132899864239
346.502150038433	460.982192712323	-3.00222067340444	61.6602404849678
347.010606007745	349.622325591673	-0.0790920485414253	81.371637247669
346.994311696192	461.046589211555	-3.00204167489816	61.6529974382215
347.507094787797	349.58462693951	-0.0742312478598821	81.6656421544551
347.486230691117	461.111557311293	-3.00490581121562	61.737779199264
348.004053869675	349.549322068983	-0.0710240691120884	81.8775635229207
347.978035179831	461.177434036967	-3.01125704782545	61.9141403979075
348.501262139022	349.515397869577	-0.0695985811646561	82.0008573282824
348.47018868855	461.244068678519	-3.02075499623857	62.1831411565702
348.528590691908	461.252658608158	-3.0221075262002	62.2799551685561
348.998510532964	349.481917919396	-0.0694416394624124	82.0324134986988
349.02088414866	461.312537095904	-3.03301597676908	62.7123402258402
349.495729910252	349.448247912895	-0.0699738445275178	81.9669913266356
349.51446027755	461.364824195622	-3.04256779833582	63.0919203024306
349.992933087206	349.413944262282	-0.0710412885174312	81.8010887012193
350.009136822012	461.411830192978	-3.04902902408913	63.3467023256921
350.490095477353	349.378456753961	-0.0728619510505924	81.5414294176583
350.504512619594	461.455792645451	-3.05189439197809	63.4521085459298
350.987168372236	349.341280493714	-0.0754602503108395	81.2046395846796
351.000125005364	461.498777617796	-3.05192602267856	63.4280868149743
351.484140575382	349.301763807949	-0.0784870414208657	80.8095355917016
351.495622014472	461.542231111245	-3.05012114558431	63.3105764951686
351.981050626261	349.259604805973	-0.0815010490212642	80.3750162662648
351.990775265519	461.587223620558	-3.04688597226309	63.1232255506557
352.517351102388	349.210122340016	-0.0849035165068641	79.9041786373142
352.485413014842	461.634917838465	-3.04206589993062	62.8737285895792
353.013515946084	349.165349460666	-0.0880401656019171	79.6078631976567
353.006871258852	383.414155053281	-3.07152852449909	16.0821648163192
352.979416361484	461.68662262439	-3.03561854167137	62.5680193980688
353.509897587776	349.120904218938	-0.0915320800932265	79.3898468712912
353.504291986208	383.446438384266	-3.07857390411028	16.1045653478802
353.472706353709	461.744079163295	-3.02796310181063	62.2248979840261
353.529001311934	461.751924832388	-3.0269808781368	62.1235030852538
354.006334734837	349.076345286903	-0.0949480961726429	79.2580139281985
354.001953876855	383.475802717183	-3.08214733503936	16.0793799377974
354.021730872727	461.815467607364	-3.01909166256353	61.889916090022
354.502637350773	349.031278399985	-0.0975274302236093	79.2183380408485
354.49964198123	383.504393379873	-3.08176021766262	16.0014847844643
354.514426046187	461.878339978456	-3.01183178262842	61.6852141654718
354.998805615704	348.985899449416	-0.0980768316018431	79.2565321056299
355.007068821946	461.941352550928	-3.00534140417314	61.5284857126644
355.495050382253	348.940656624021	-0.0963555833239844	79.3655310460596
355.499307180364	462.005592466162	-3.0001430578768	61.4565063025567
355.991599101181	348.895950086376	-0.0926028794858343	79.511839502078
355.990937908458	462.07148742524	-2.9987722682956	61.4871175260815
356.488478978238	348.851997359527	-0.087905361037059	79.6746711552677
356.482507355162	462.138519500007	-3.00381164808444	61.6291635889768
356.985534519919	348.808544221085	-0.0826961481883969	79.8355906729972
356.974991000418	462.205563677887	-3.01544311225635	61.8617070834672
357.48272321853	348.765716419511	-0.0769632157989127	80.0146889658081
357.524261903351	462.277421728902	-3.03064638843475	62.3033650809441
358.015168625559	348.722735383927	-0.0701805206583955	80.3937362704312
358.017750426027	462.331961617606	-3.04070103589949	62.7053996536369
358.512299873066	348.687777644059	-0.0640853581867071	80.7277626227298
358.512483630481	462.380860987856	-3.04637128318299	63.040130215051
359.009900656194	348.656331068838	-0.0590863382633978	81.0576482805627
359.007669507151	462.426602546164	-3.04959274358106	63.2784471796408
359.507905149043	348.627556656132	-0.0557333690840284	81.3521514202202
359.503074020026	462.470403470709	-3.05175986521309	63.4128358407518
360.006155213095	348.600372752885	-0.0537863698999309	81.6009792049955
359.998621571399	462.513273665325	-3.05246833572575	63.446503641067
360.504523152458	348.574220879899	-0.0525345556085266	81.8145732129529
360.494021074131	462.556573003692	-3.05039727662922	63.3837533543448
361.002941095592	348.548835686879	-0.0511738633173744	82.0009831667213
360.988856640995	462.602115831778	-3.04495498533679	63.2237062821066
361.501432597249	348.52439214678	-0.0493033581705678	82.1527974944469
361.482943785244	462.651853611516	-3.03707372302198	62.9618513728891
362.000056539654	348.500996160975	-0.0472577912974475	82.2525307348366
361.976411657007	462.707336309545	-3.02832448061189	62.6073552483084
362.49881011497	348.478462001609	-0.0459341640406824	82.2853900312544
362.526449079141	462.779148783107	-3.01822189463699	62.1508300623524
362.997601106591	348.456222236747	-0.0459108356750237	82.2429373906385
363.018646577216	462.84498650658	-3.00983757968847	61.900952306523
363.496349288708	348.433620338586	-0.046859735601759	82.1185828097219
363.510931046578	462.910627533493	-3.00235257251431	61.7227691467985
363.995059420178	348.410338773114	-0.0480345119886161	81.9115074900271
364.002918073602	462.976671716176	-2.99746491639228	61.6221060578782
364.493756418501	348.386245472664	-0.0490381782257312	81.64173219821
364.494543505121	463.043219632168	-2.99745185784487	61.5994867069304
364.992451937283	348.361483666714	-0.0497908585763573	81.3518598055126
364.98639671806	463.109628160441	-3.00381649358088	61.6437500667622
365.491161459276	348.336056994804	-0.0503148829322759	81.0847877716457
365.479103259857	463.175014583472	-3.01451703456103	61.7584748881557
365.989910896907	348.310133105484	-0.050784217724664	80.8563059733524
365.972586330296	463.239314413525	-3.02629601546834	61.9315549954749
366.488643457849	348.283388199076	-0.0517116863782176	80.6550202332671
366.520796305716	463.304566292444	-3.0373891827797	62.3340297498074
366.987282362343	348.255535677995	-0.0533864534720677	80.4560229609365
367.015130271285	463.355570388065	-3.04499990002978	62.6613399173582
367.512121350105	348.223559866006	-0.0557608009088222	80.1941393417566
367.510176492746	463.401989650284	-3.05058162057533	62.9639330918117
368.010442557475	348.193218508494	-0.0578620382950682	80.0195647728825
368.005628595761	463.445487891053	-3.05373344653846	63.2117379644785
368.508728328296	348.162986964509	-0.059579303179324	79.819882119123
368.501275735345	463.48766128965	-3.05386091346261	63.3659741647149
369.007062503165	348.13310311607	-0.0609149173862419	79.5968457597141
368.996847067233	463.530221209063	-3.05141559834008	63.3864338450557
369.505469997634	348.103341916777	-0.0620196673178115	79.3859576229478
369.492147911322	463.574524484561	-3.04769740840667	63.2520984065919
370.003918837427	348.073784492174	-0.0624559801068564	79.2225825206326
369.987105791963	463.621495046275	-3.04317244136546	62.9756223861999
370.50236669916	348.04453721868	-0.0619433580867464	79.1437061256102
370.481476528742	463.672363614856	-3.03671850986881	62.5974104863085
371.000840682667	348.016001276171	-0.0604421455566026	79.1397002560071
370.974706018556	463.728972780973	-3.02742249177881	62.1715495721783
371.499401466847	347.988330976438	-0.0587043977978046	79.1932572992453
371.52399021912	463.802074082102	-3.01485981479322	61.7494222442946
371.998076367557	347.961399715416	-0.0572109235309501	79.2742710917646
372.016463071871	463.868436365276	-3.00504993516393	61.5375573755875
372.496837046833	347.934950753128	-0.0560735706121774	79.381012115401
372.508296354539	463.935211018705	-2.99805033325009	61.4165612728544
372.995655586922	347.908770502484	-0.0547325541131171	79.5038886017845
372.999691587907	464.002384771062	-2.99495760232541	61.3744021562826
373.494573729072	347.882995254803	-0.0529034383965631	79.6434282223866
373.491039788613	464.06989551591	-2.99677692036602	61.4068197986965
373.993637844562	347.857678335599	-0.0505422763448883	79.776831700801
373.982937747614	464.137288144209	-3.00465852116475	61.509163971269
374.492813713498	347.833018715258	-0.048087714052758	79.8905071064308
374.475868563608	464.2036634387	-3.01702712902218	61.6958979553451
374.992002488928	347.80879150764	-0.0457232362675924	79.9631023391173
375.023978107305	464.27448513172	-3.03206899462027	62.1007066377367
375.491199014107	347.785109462609	-0.0434394955540774	80.0046830968078
375.517609824347	464.328289878305	-3.04263298249694	62.5143126701226
375.990466576027	347.761814589631	-0.0410702068190149	80.0341608176274
376.012583783716	464.376250971424	-3.04930458825431	62.8987478511209
376.508985176825	347.739079283517	-0.0386818427723658	80.2105507507229
376.508127936908	464.420674214926	-3.05271876716517	63.2005332659015
377.007819520288	347.719070049751	-0.0364870033311651	80.3583155989887
377.003784174151	464.463281835003	-3.05411451658974	63.3738667296391
377.506776961528	347.700551033081	-0.034290090790034	80.5495044666573
377.499468972885	464.505178671887	-3.05418210044431	63.3871823804117
378.005902102569	347.683291973229	-0.0320903335244402	80.7612985768528
377.995185967566	464.547429138746	-3.05281344872249	63.2340598982194
378.505239474446	347.667325733724	-0.0302830212746812	80.968307548974
378.490741966573	464.591285492451	-3.0494192478716	62.9431115036303
379.004743917459	347.652188728334	-0.0291106462628108	81.1561070221684
378.985729018931	464.638152177881	-3.04368896403843	62.5699315383407
379.504291053955	347.637714933825	-0.0282929595607212	81.33160678919
379.479728658075	464.689748010269	-3.03570001069242	62.171499049081
380.003771555539	347.623720929228	-0.0272475222173189	81.5089469284736
379.97249573391	464.747838362818	-3.02605177899617	61.7888360999204
380.028469717447	464.755725227889	-3.02484097194017	61.6999174658504
380.503193737831	347.610491852231	-0.0257094591770535	81.6911067616373
380.521468782327	464.820674128895	-3.01486427576477	61.4870045160064
381.002641097556	347.598123931996	-0.0238970654895561	81.8613055212999
381.013988480295	464.88540728581	-3.0069754516922	61.3367088726207
381.502190901788	347.586707731649	-0.0222974404069205	82.0000975270868
381.506154309628	464.950174169698	-3.00201009331301	61.2527874894357
382.001850188205	347.575970576123	-0.0211936163444082	82.1003436873872
381.998134841979	465.015022768592	-3.00048710200333	61.2282697772124
382.501579997866	347.565737233297	-0.0205337169229963	82.1651690596374
382.4900440171	465.080199485982	-3.00229365330967	61.2744002065343
383.001339628565	347.555765508892	-0.0201888040693911	82.1982766636514
382.982014242831	465.145911180076	-3.00794251071084	61.3958541669509
383.501107614867	347.545953819446	-0.0201071665369489	82.2063309911259
383.474305955562	465.21201839769	-3.01680759724119	61.5972753888025
384.000864994275	347.536164964865	-0.020057274622131	82.2024657817309
384.024247464535	465.284321411331	-3.02844459948964	62.0040814990561
384.50061005147	347.526516818119	-0.0195901731676776	82.1989535197651
384.51757890478	465.340036828051	-3.03724047461428	62.3647702849183
385.000370773711	347.517242561693	-0.0185417401341974	82.1977934645915
385.011899188014	465.390374177144	-3.04347537486912	62.6658216137717
385.500173318488	347.508548222234	-0.0173214639276006	82.1930336042921
385.506779500685	465.437159101037	-3.04740856742294	62.8819271232005
386.00000739538	347.500372415441	-0.0163666091100109	82.1813254410729
386.001946015857	465.481845336983	-3.0498678218438	63.0037974112253
386.499853553228	347.492577188881	-0.0156339335370214	82.1677244968388
386.497289095279	465.525478851987	-3.05106031980826	63.0342192589873
386.999714144382	347.485114458375	-0.014954220704686	82.1607350116413
386.99265806994	465.569214423572	-3.0502356814304	62.9781626545158
387.499594369908	347.477945227439	-0.0144544365937001	82.1615100601861
387.487763811292	465.614640838356	-3.04639800822461	62.8296444879274
387.999485170915	347.470966812614	-0.0142380548440641	82.1598765714621
387.982262927136	465.663645016091	-3.03948850070699	62.5753290661408
388.499384711601	347.464073865764	-0.0139983133691197	82.142815919302
388.475838308238	465.718399346848	-3.03042019216593	62.2214043903992
388.999309786246	347.457396007473	-0.0133603873100983	82.1061582569809
389.025159364144	465.789391584575	-3.0191274299471	61.7715529425806
389.49926754836	347.451090880414	-0.0124262392520423	82.0565918695785
389.517694479573	465.854336301121	-3.01000747404701	61.5104785715081
389.999242433722	347.44523916837	-0.0116542461117541	82.00525106208
390.009908757793	465.919038534779	-3.00396868408242	61.3286973963346
390.499213117761	347.439641948651	-0.0113192891026172	81.961875216735
390.502018111868	465.983452260084	-3.00243299259905	61.2628593529219
390.999169740157	347.434160129872	-0.0112384734430308	81.9323425180728
390.994343646073	466.047035488379	-3.0056895873078	61.3017854588392
391.499112544854	347.428705680032	-0.0110124141029931	81.9172534505727
391.487064204395	466.109575178018	-3.01178516104667	61.4127883105976
391.999056873962	347.423448935719	-0.0104695353046919	81.9092371639315
391.980055229816	466.171736341306	-3.01881005429132	61.546935507694
392.49902951233	347.418434703509	-0.00978913541008618	81.8941357284344
392.473135633833	466.234475962647	-3.02585373247022	61.6946284046784
392.999048147718	347.413741987799	-0.0091544465246671	81.8591473307417
393.021541738431	466.301324113806	-3.03410606918133	62.0351903576288
393.499101645012	347.409303353545	-0.00848917248997091	81.8051373238062
393.515357269385	466.354092765346	-3.04136919215115	62.3368381282277
393.999169446827	347.405282010614	-0.00761547598750494	81.7467721623636
394.010023421705	466.402224165865	-3.04732468830093	62.6308438880412
394.499244772216	347.401728030257	-0.00653893275564976	81.6998024603028
394.505377619613	466.44722861536	-3.0503566589222	62.8680251355094
394.999329218472	347.398780956891	-0.00544722241565924	81.6688103274233
395.000925938886	466.491082743383	-3.05000274987428	62.9944142048603
395.499411557748	347.396295356505	-0.00456756023523774	81.6503354597963
395.496199685747	466.535529728047	-3.0473718991336	62.9761883047559
395.999473920992	347.394195584351	-0.00408990313090718	81.636665693361
395.991026041572	466.581811722645	-3.04373426442284	62.8137773275749
396.499509375963	347.392154468003	-0.00409353286242506	81.6155185112188
396.485411296036	466.630885671181	-3.03938015493411	62.5366881013746
396.999524345585	347.390050291668	-0.00438887858060519	81.5733953043761
396.979394687849	466.683651333578	-3.03418821479536	62.1834710215999
397.499529063723	347.387745875246	-0.00456975868119406	81.5129687933457
397.473001575374	466.741504606326	-3.0280209660912	61.7906016295422
397.999535186543	347.385498316405	-0.00437381856695673	81.4574685863574
398.021897549587	466.812583296423	-3.01974179638596	61.4066408810231
398.499556600346	347.383413122461	-0.00388637547393588	81.4324086607906
398.514658710425	466.87537571252	-3.01159372809121	61.181974834088
398.999604853339	347.381701895609	-0.00323070636796254	81.4425872691627
399.007357123794	466.938757793388	-3.00455708431987	61.0513266575441
399.499685561785	347.3803400117	-0.00230454763512289	81.4752626959041
399.4996345289	467.002989177307	-3.00149870824081	61.048102135674
399.99980019838	347.379566233033	-0.00102325619030804	81.5137246791112
399.991768301291	467.067320475988	-3.00415463060243	61.1530680439886
400.499942401631	347.379391383935	0.000373803672830117	81.5468980607262
400.484105525026	467.131202062898	-3.01054971990911	61.3337825300736
401.000087073798	347.379884993068	0.0014925965163489	81.5698153305247
400.976474402851	467.1952118879	-3.01786443891781	61.5488678520524
401.500204114265	347.380769956244	0.0021814163474006	81.588206528289
401.526686234665	467.267942657485	-3.02602503616889	61.8990148440992
402.000293305062	347.381992796144	0.00263648172605886	81.6133811701915
402.019680429275	467.32600986704	-3.03348876644078	62.2348563091616
402.500389807399	347.383410756425	0.00312715626485022	81.6490975573392
402.51334941092	467.378193040902	-3.04099801690608	62.5222909778886
403.000508218524	347.3851477108	0.0036515961353549	81.6803577889176
403.007850710502	467.425769186758	-3.04743879626551	62.7336167782439
403.500611899561	347.387048183619	0.00395971686949678	81.6859385136142
403.503082476591	467.4700593703	-3.05178171448448	62.8542992619476
404.000654928883	347.389063204561	0.00398289700971467	81.6587160141045
403.998716063769	467.51262234709	-3.05365327017179	62.8795841444786
404.500646675246	347.391034570841	0.00408958967992755	81.6167302769735
404.494387183565	467.555021390218	-3.05284913661785	62.8064949733127
405.000644975639	347.393213062544	0.00467972203843591	81.5889478678315
404.98973067732	467.598948241893	-3.04893822361854	62.6302633325271
405.500697259361	347.395757867481	0.00570255227286766	81.5931880949764
405.484294401132	467.646483939106	-3.04145766295244	62.353265450518
406.00078126216	347.398883301387	0.00675920005008645	81.6254007505675
405.977543191894	467.699929450799	-3.03058177420789	61.998365413957
406.500834356405	347.402432052894	0.00756119151667895	81.6733354676632
406.528397590644	467.77137341474	-3.01611852181017	61.5465606515886
407.000838015955	347.406358526788	0.00818252968223758	81.7292374719949
407.020498778007	467.839614029106	-3.00526172892375	61.3290166336171
407.50084282032	347.410543768857	0.00886541926273038	81.7879102507687
407.511832010451	467.907263704474	-2.99963985733335	61.1860656696172
408.000878532037	347.415098320808	0.00958044537127107	81.837946287208
408.003297477483	467.973468097821	-2.99972435487961	61.1203202110473
408.500908208963	347.419885352014	0.00998155394949506	81.8678767058833
408.495391872731	468.038153943837	-3.00319734816183	61.1389579229451
409.000890669471	347.424772867398	0.00992275492922712	81.8769225677944
408.987898687688	468.101793558207	-3.00877054250812	61.2294131274634
409.500846552525	347.429564264624	0.00980326381534299	81.8764593405089
409.48058461151	468.164919970997	-3.01630338146209	61.3869079534992
410.000819532743	347.434434210613	0.0101138956188881	81.8782497645079
409.973519225987	468.22802110792	-3.02557276681773	61.6013832786096
410.500820384629	347.439575109723	0.0109133002567485	81.8856886670779
410.522356007072	468.294984112385	-3.03492814491137	62.0413887174137
411.000817887469	347.445211090785	0.0119381869250809	81.8972983278929
411.016502147824	468.348130093865	-3.04057193529235	62.4303821270636
411.500778958582	347.451332306581	0.012976913296298	81.9185836955814
411.511113676498	468.39725940092	-3.0446834809898	62.7726350682615
412.00069535635	347.45794215947	0.0139053664836662	81.9621912026646
412.006013257724	468.443354824657	-3.04876079108802	63.010569708801
412.500585347239	347.464899622368	0.0145538391287359	82.0318852991576
412.501342030149	468.487012847156	-3.05232277007424	63.1122229559204
413.000468423034	347.472067828376	0.0148160876859129	82.1117383620386
412.997047035814	468.529265721158	-3.05437848052074	63.0782133348861
413.50035311717	347.479275357161	0.0148580879976969	82.1791265654783
413.493030119296	468.571118264746	-3.0555470144011	62.9232870074731
414.000236625709	347.486534684797	0.0150345178173374	82.2251587441197
413.98961831257	468.612771955768	-3.05807667820204	62.6561630043635
414.500111123776	347.493976071486	0.0156084105974744	82.2570858132685
414.487770013663	468.653113827482	-3.06554697041566	62.2811315569466
414.999964597479	347.501801292982	0.0165537154773965	82.2831752361337
414.989174920205	468.688405496612	-3.08355052529909	61.8283196373306
415.499787751435	347.510114864424	0.0175760591407033	82.2996586412811
415.495469009396	468.711503997639	-3.11659801856976	61.4018477003348
415.99958380272	347.518860452647	0.0183420051774324	82.2950068430032
416.005581787716	468.713293960059	3.12172240293364	61.1715788150812
416.499364962066	347.527909735599	0.0188162037690528	82.2662234145071
416.514412153471	468.689771096812	3.07540540079795	61.2551696531633
416.999127308374	347.537199006365	0.0194053575032949	82.2263928020917
417.016980671195	468.644605270837	3.03772581229911	61.584452256874
417.498833664356	347.546933497404	0.0205635094280848	82.1919761254415
417.512603848719	468.586183769474	3.0125616793044	61.9619924159843
417.998461365598	347.557339868451	0.0221195101274151	82.1658744848508
418.003384096259	468.520626324429	2.99664119621022	62.2018646353293
418.498058087008	347.568472353053	0.0232666989290014	82.134830942892
418.491221083456	468.44973642311	2.98429542517406	62.2036316113732
418.997707524189	347.579948049881	0.0234944609185626	82.0775660330038
418.976662694012	468.371638572471	2.97025733555707	61.9703003542839
419.49741339459	347.591483674861	0.0232440088228571	81.9734475305429
419.45879640629	468.281605113463	2.95166899552756	61.5996886621803
419.997108183178	347.602987146006	0.0232643303767612	81.8108576209075
420.031018129972	468.154087688644	2.92840413553813	61.3381809379923
420.496755262218	347.614756797513	0.0238020904225603	81.6001323534362
420.51052888751	468.051315328656	2.91808236346929	61.3341041341476
420.996380681388	347.626929826398	0.0248130908932648	81.3731929908876
420.989840763107	467.950375191176	2.92018174836088	61.4086793579418
421.495971695101	347.639864880006	0.0264975309883449	81.1642761135629
421.469803135919	467.849452273683	2.93309450046439	61.5431966320889
421.995453016086	347.653840865848	0.0289910235675221	80.9869694077626
422.042432638575	467.724434196862	2.9551752076801	61.8669067878921
422.49474836364	347.669351201643	0.0318751666215916	80.8364230082499
422.525069772168	467.634529041453	2.96878578542167	62.2392463625857
422.993885085983	347.686302610286	0.034269597240755	80.7008563842322
423.009994573769	467.553549109904	2.9742356026485	62.4657421412194
423.492968356992	347.704509885116	0.0356541067431868	80.5720709914624
423.495279054143	467.475043633832	2.97203652343526	62.4773005593888
423.992081739232	347.723395108005	0.0363891596758245	80.4403115565544
423.979444504211	467.393311046308	2.96332812905225	62.2628757248461
424.491159534375	347.74311861563	0.0375389822269855	80.2969771974263
424.461231704664	467.302347478942	2.9488978192834	61.8785888291741
425.009284514047	347.765314424055	0.0398627625828172	80.0694567197739
425.035348495307	467.17280606964	2.92875385103772	61.4953431058438
425.508756022012	347.787936162027	0.0428315356071326	79.9357707025923
425.514164065996	467.069340132527	2.91914309262542	61.4055302775693
426.008082202949	347.811294421596	0.0455429005337217	79.7898180139064
425.993650910419	466.968518310059	2.92058529273002	61.4254392803304
426.507244541072	347.835292264569	0.0475491563809963	79.6447685666821
426.474030520515	466.868481533048	2.93249293170643	61.5570233061767
427.006289687791	347.859438633156	0.0490094019156541	79.4979719035557
427.04552658207	466.745270339932	2.95556394689343	61.8717658920322
426.955209784578	466.767373242133	2.95156544759379	61.7663992904418
427.505253625115	347.883816424146	0.0505574320648718	79.3600601839528
427.528194949541	466.654821258432	2.97235757572605	62.2821218228821
428.004179824436	347.908466480113	0.0524610349296675	79.2291660803562
428.01363220742	466.575428581749	2.9811875236669	62.5474709288028
428.503086664072	347.933733571521	0.0546857202528519	79.1134129690908
428.500040954595	466.500225128071	2.98098366866133	62.5986252678276
429.001942828283	347.959703881088	0.0567868784451021	79.0026544582141
428.985729126949	466.4231026569	2.97264966907793	62.4296079175943
429.500678809657	347.98647727995	0.0585555034627825	78.9108756212529
429.46915061681	466.338206814726	2.9578014510364	62.0850683637393
429.999280071396	348.013933102682	0.0596580816583881	78.8568660786124
430.043299115263	466.214700850203	2.93614024620787	61.5970277159427
430.497823405582	348.041841203715	0.0600992375531085	78.8825745597646
430.522372418518	466.1100214073	2.92318658330796	61.4394574957746
430.996399083567	348.069994728397	0.0599411981353252	78.9990450450758
431.001809175266	466.008930955651	2.91989474504919	61.3425149034738
431.494993814567	348.098314067231	0.0597936022815498	79.200931319131
431.481649753837	465.908727330577	2.92534635703069	61.3385139759387
431.993471421076	348.12715867712	0.0599203031119791	79.4432610478581
431.96147490864	465.806907132267	2.93836788434309	61.4522070261718
432.491699970249	348.156813293471	0.0603202925876403	79.6920261999461
432.534906004065	465.68385538512	2.9586952702486	61.9112629596605
432.989626511908	348.187690629368	0.0604727736628863	79.9144638576103
433.018194097784	465.597649521879	2.97208553473638	62.3238418373759
433.4873278856	348.219666454865	0.060090744142551	80.1089805012107
433.503573394059	465.519356888577	2.97849274060028	62.5525720828104
434.013980155088	348.254585180459	0.0585200100644179	80.3834165182289
433.989376184404	465.442848340861	2.97661781076109	62.5187401984374
434.512286467749	348.284932770822	0.0557450464796301	80.5930456871858
434.473929295641	465.362057116128	2.96702828642034	62.2270330091214
435.010412837848	348.313018598778	0.0521179211246796	80.7850471263597
435.049342245017	465.248150441364	2.94807980333764	61.6297449004711
434.95597742752	465.270627692864	2.95172030803124	61.7760553905253
435.508703659379	348.338835156871	0.0490882319401939	80.9802391264333
435.528824034453	465.144532832508	2.93192132998783	61.4310238180608
436.007304832114	348.363265256324	0.0476224752370732	81.1945787004605
436.008771607946	465.044124165622	2.92269206312143	61.3774754641962
436.506118259832	348.386987221837	0.0474103220041055	81.420980569216
436.489068752181	464.944671027189	2.9229329058453	61.4854918409031
437.004955192112	348.410498190504	0.0475153015084628	81.6271288791436
436.969610456193	464.844358546795	2.93386873146247	61.7131318323381
437.503723354729	348.433787254297	0.0474937097452105	81.7875133417957
437.540393908847	464.720225604705	2.9561633212434	62.1774790579532
438.00242403476	348.45690595691	0.047300585526238	81.9050857060056
438.023690955168	464.631697492424	2.972938688289	62.6376642352245
438.50112182942	348.479766037395	0.0468523945804436	81.9964842000152
438.509533130233	464.553615016894	2.98265457635585	62.9209789410354
438.999873858793	348.502315452516	0.0462379752656172	82.0640585696474
438.996307793411	464.479351700134	2.98322565694119	62.9785689765924
439.498658440715	348.524658256634	0.0461166041330132	82.0925310706084
439.48214183947	464.402706376405	2.97411692702182	62.8063357354514
439.99736157048	348.547271792643	0.0472651220815688	82.062862723944
439.96513081271	464.317137277106	2.95663515248215	62.4356561633928
440.495867532224	348.570910433835	0.0498226630200384	81.9591029795118
440.539063679518	464.190675894642	2.93108149329548	61.9421567063946
440.994149443281	348.596185721393	0.05329386239843	81.7684006126927
441.017758870706	464.085943385451	2.91772548545827	61.7595017429466
441.492225999973	348.623594917713	0.0571526557077311	81.487596419279
441.496686980013	463.983748931055	2.91692226155267	61.6980849465835
441.990072364598	348.653325965189	0.0611966363967582	81.1308448701868
441.976597420842	463.882470111535	2.92767883514319	61.7965388481794
442.48755760901	348.685747456045	0.0655146201464025	80.7283830979187
442.457210530378	463.780483660251	2.9457234325302	62.0626197933453
442.984584956424	348.721076889089	0.0701556277848492	80.3101305071228
443.029921624166	463.663548229188	2.9673548195233	62.7209352930831
443.518246914396	348.763756910033	0.075749129853116	79.8090787030967
443.514799859274	463.581921695402	2.97875461993009	63.169918090765
444.015354691743	348.806016882133	0.0815732422877218	79.5062622360034
444.001198066211	463.506696352854	2.98353021980435	63.3522912673748
444.512145018067	348.849274373894	0.0879198895509952	79.2467320952801
444.487822993515	463.432124110916	2.98039347292885	63.2115446195095
445.008696258895	348.893609671915	0.0937333342257045	79.0522802135457
444.97283401138	463.351896048561	2.96787323678966	62.7918279378004
445.505039057306	348.938907743188	0.0975277568070469	78.9540207025589
445.546864437817	463.235612505292	2.94400039603082	62.1000035123656
445.454239766875	463.258772796739	2.9483414811747	62.2296395813677
446.001288159463	348.98437369281	0.098142092325458	78.9477444442517
446.026645263997	463.131446469196	2.9267482340707	61.8279629302189
446.497603108131	349.029342485639	0.0962846020024933	79.0262145837762
446.506111801373	463.030056117415	2.91964044407733	61.718495884903
446.994051997742	349.073581970627	0.0932462152305606	79.1620778498038
446.985839840809	462.929809733681	2.92344625054312	61.7793293605
447.490532568022	349.11738713814	0.090515970752677	79.3425038133509
447.465997001935	462.828954371045	2.93642113728993	61.9916958053581
447.986833772123	349.161577220525	0.0883326064726301	79.5420312617927
448.038326609813	462.705213869019	2.95803316580063	62.5026448659099
448.482828532626	349.206731315341	0.0863329828029992	79.7602027726439
448.521649646461	462.617680140791	2.97139270556381	62.9779273521504
449.019581618654	349.257199082324	0.0832893681824878	80.1219054549265
449.007036516136	462.538511231642	2.97734532830628	63.2619797238131
449.516150910387	349.300241775634	0.0797400298466831	80.5040912195017
449.492963278626	462.461594176952	2.975802707301	63.2823552991283
450.012839732899	349.340262282194	0.0758923898278682	80.9086480187587
449.977922997806	462.381117698732	2.96679845876791	63.0320169072833
450.50982525787	349.37754746344	0.0725962846191919	81.300151923637
450.460159644271	462.290561452022	2.95056946363982	62.5847178448356
451.007056976127	349.41284998696	0.0703508996843135	81.6276905898869
451.032915721419	462.161822552046	2.92744875777566	62.1514376040915
451.504367202797	349.446835117071	0.0692438239861045	81.8542754256328
451.511980400064	462.058015076453	2.91583461116332	62.0193395582669
452.001639968674	349.480261240201	0.0691611350377296	81.969029455224
451.990813017735	461.955487809941	2.91581075943192	62.0283557568386
452.49884690366	349.513759726071	0.070085686553373	81.969381796188
452.469978128686	461.852418749639	2.92727779984254	62.1872124289009
452.995933576803	349.548018019876	0.0720606576634133	81.8438491306173
453.042700446707	461.724469007984	2.95151285120112	62.6336618209059
453.492806401738	349.583813633386	0.0751424054461365	81.5891717791011
453.524889026367	461.633811098725	2.96920879766757	63.1305624445981
453.989384664597	349.621868469681	0.0792946621679964	81.2329434535949
454.009921063873	461.554026546747	2.97909642803642	63.4452702676228
454.485553123945	349.663001542721	0.0844442737154662	80.8218798041012
454.496038828358	461.478403775251	2.98034750069892	63.484927166456
454.981133560028	349.707945740893	0.0906128562426081	80.3907147769708
454.981642899961	461.400894125964	2.97346769068575	63.2359736717502
455.523248224342	349.764062723865	0.0989712902119684	79.8669287377079
455.465161187887	461.315243101612	2.95898164283564	62.7678503401141
456.018378339871	349.818954551286	0.107510678605157	79.5814916499759
456.038425689512	461.191473180417	2.9356653702179	62.2121410020352
456.513044101767	349.874700729721	0.115615791424619	79.3493635288407
456.51794551405	461.088144928859	2.92099326915325	62.0538674083604
457.007293963928	349.931295471436	0.121812777027828	79.1898964973488
456.997206822737	460.986408727342	2.9165487425342	62.0737076133329
457.501206522093	349.988836159073	0.125697404678556	79.1381676567795
457.476256759177	460.884483553253	2.92305203591702	62.2495444871589
457.994797188804	350.047281832354	0.126986988330826	79.202698222566
457.955501035312	460.780160607809	2.93948171963481	62.5092792900923
458.488086370238	350.106636572621	0.125523744031557	79.3798862044193
458.530082352212	460.659295330851	2.96247239162378	63.0760198449852
458.981219564665	350.167038975111	0.120864246514356	79.6272947508591
459.013995257311	460.576424138996	2.97575417903732	63.3909132125677
459.474469361396	350.228408512485	0.113694768228182	79.9200731156073
459.499984492998	460.499913722119	2.9806451553117	63.4786967657936
460.021558812661	350.29384995862	0.104138457594953	80.4612454100776
459.986209355044	460.423454417247	2.97644422742243	63.3371761265919
460.515841176861	350.344922487334	0.0958851780412422	80.9116442445499
460.470771134109	460.340924750266	2.96422593810655	63.0031651946077
461.010962748827	350.391045561222	0.0893821600580155	81.3157727555379
461.043623355224	460.222648066602	2.94333839908116	62.480056008266
461.506680206249	350.433897133523	0.0861694018796554	81.6272426451753
461.524048686744	460.11984545899	2.9283100932412	62.2979600406408
462.002527746366	350.47556733316	0.0867118918129307	81.7984794111967
462.004021199761	460.019778086639	2.92182419029976	62.2180069336521
462.498090816367	350.517904190693	0.0900329198642751	81.7979347564681
462.483831705359	459.920234910431	2.92502019372443	62.2783047391486
462.993196084751	350.562305362793	0.0947576519164883	81.6217987378959
462.964135787342	459.819366998232	2.93829301292255	62.4827576852231
463.487833375199	350.609832145678	0.100464006113981	81.2967891004953
463.536250683139	459.697272443799	2.96110425749548	63.0252385707786
463.981869118104	350.661568298992	0.107761045029852	80.8690829859116
464.020136455532	459.61174339493	2.97536838653122	63.5028473321333
464.47481619358	350.719365477451	0.117476169004959	80.3885646799302
464.506207151962	459.534437611981	2.98068052635415	63.757536756525
465.025591271441	350.794845502254	0.130659139727577	79.8693061022181
464.992393251303	459.458539231945	2.97678153442208	63.7286169052064
465.51757371496	350.863808458241	0.141386880276171	79.5942083001952
465.476892844053	459.377716468545	2.96469024935948	63.4508677979905
466.008871535284	350.93282701187	0.14843445176832	79.3885218632648
465.958212164854	459.285667118807	2.94719917320473	63.0241750207577
466.499706545794	351.002192958268	0.151547773541841	79.3016671316377
466.531840336721	459.155687937826	2.92741389201477	62.6728864547481
466.990238814617	351.072262416293	0.151095453529986	79.3672727855797
467.010875621353	459.053542653166	2.92110801723144	62.5758012824818
467.480446527027	351.143510215385	0.147110906585445	79.6001578737271
467.490808018096	458.953977366661	2.92434441520555	62.5794268842585
467.970415696499	351.216536026233	0.138996108390408	79.9558059616504
467.971402479997	458.854631344813	2.9354055541667	62.6817307822158
468.525946943958	351.298014399822	0.126671335738021	80.6262087799406
468.543489789928	458.73105586558	2.95472132548085	63.0019472023411
468.451953116323	458.752948136615	2.95130974776541	62.8760371966851
469.01772025414	351.359581603248	0.116568642443548	81.1613452178861
469.02608388074	458.640340203894	2.96889430872185	63.421846292567
469.510591893853	351.414967866701	0.109712553109089	81.5519787381288
469.510985343041	458.559734826359	2.97700591468234	63.7096027242577
470.004110207375	351.467110902006	0.10746515294655	81.7470754193542
469.996909940198	458.483137161296	2.97803452411574	63.765063831501
470.497608746981	351.518779618082	0.109501055984959	81.7266269897738
470.482441078586	458.404879594945	2.97186869107451	63.5537023396495
470.990555926208	351.572413522383	0.114758382953757	81.5018734118161
470.965950028432	458.318998301624	2.95854522602065	63.1294346437191
471.482650844451	351.630182405047	0.12271232526473	81.108146719329
471.539257808504	458.195349250202	2.93666307642327	62.606300420381
471.973576120455	351.694365906957	0.133410043231218	80.5941105598314
472.018928316519	458.092467791668	2.92328862727751	62.435265700284
472.531961397154	351.781284906041	0.149129787438826	79.9452496473181
472.498305268964	457.991744329663	2.91983377997178	62.4018833570967
473.020964141719	351.86069005079	0.162938992879899	79.6204768146031
472.978038145678	457.891382836572	2.92707292794926	62.5119371699036
473.509219338594	351.940460098725	0.173316600230254	79.4211271881958
473.458463309121	457.789489745659	2.94250546994624	62.7748420377064
473.996654026147	352.021172015685	0.177622755845865	79.4068231774652
474.03122262621	457.669634164456	2.96274217496813	63.4343749690746
474.48357224211	352.103050232265	0.17496741673071	79.6087965080454
474.515587757765	457.585099013702	2.97239764893733	63.9444459071581
474.970356549309	352.186385568559	0.165207549939412	79.9715055241296
475.001187909895	457.506444241971	2.97497399919806	64.2023491045644
475.532360229536	352.284498756578	0.149696077942067	80.6400584699143
475.486617965544	457.428050005742	2.97193658901467	64.1199556022729
476.021276320904	352.357514616715	0.138762455502338	81.2230837438756
475.970800858915	457.344458593701	2.96296750655376	63.7247320801036
476.511427467924	352.423301791955	0.132300426207214	81.6183976853336
476.544945390964	457.225781204846	2.9440865750347	63.046395539746
477.002137356774	352.485699480944	0.130576882068987	81.7608323163041
477.024821503433	457.123221402562	2.92887803261253	62.7503639145272
477.492728736357	352.548093627318	0.133516141747747	81.6229551870105
477.504662722335	457.023042714994	2.92152892079248	62.6095349630274
477.982347288689	352.614031238456	0.141858240376928	81.2185138074405
477.984605292442	456.923404199902	2.92483106761326	62.6444565065134
478.46978666982	352.687865395141	0.156500201809296	80.6171837225483
478.464979383018	456.822752944359	2.93799529389701	62.8491385386289
479.036647490557	352.793328891034	0.179986227749021	79.8841122850068
479.036984411363	456.700242112223	2.95987622495164	63.3943545216705
479.520747624675	352.887260907374	0.197925720931888	79.6043687894015
479.520719787539	456.61357391252	2.97274047060912	63.9102682703705
480.00353761104	352.981168963961	0.207180195208286	79.5251414419044
480.00635776506	456.534809274062	2.97749771731929	64.2267735465113
480.485773316345	353.075611452177	0.205764916821839	79.6562141402853
480.49222042673	456.457790176912	2.97493511521099	64.2500704660873
480.968266723428	353.17121977401	0.193531268483037	79.9478590964389
480.976989793404	456.376753779468	2.9657102988736	63.9807067846755
481.536879969193	353.286370898711	0.171726594243568	80.578420268995
481.459198188718	456.285415303957	2.9500400184342	63.5203289505598
482.02222054647	353.368601083267	0.156830002460615	81.1733808638636
482.031682906507	456.157198034738	2.92876324416422	63.1074459999767
482.509771616696	353.442011101433	0.149867497524955	81.551323404696
482.51113717543	456.054672309019	2.91952868008443	62.9863685261546
482.997813772747	353.512728765184	0.151725061215572	81.6143570196047
482.990728305732	455.954232647681	2.92215691634123	62.9890517161152
483.484589624588	353.586443630765	0.161746722444907	81.3378636923225
483.471138584251	455.854409085179	2.93533216628554	63.1188838732932
483.968476043581	353.668936362571	0.178986946994773	80.7932690540148
484.042892282334	455.73217772105	2.95855321586475	63.4895529538413
483.952541929273	455.753350516497	2.95471871097844	63.3552730807548
484.542483429539	353.791210184647	0.205627706614117	80.0741106496403
484.525907521766	455.643452620092	2.9736717474249	63.9563824038798
485.021639579509	353.896718116556	0.223452246557781	79.8578119610804
485.011591236874	455.564453094594	2.98036493785476	64.282037239832
485.499837365711	354.000764161221	0.230877820646786	79.8160798629438
485.497961355856	455.488780797486	2.9791289095788	64.3601051139988
485.977555346696	354.105302462611	0.226329997347663	79.9220223469422
485.983485791932	455.410786724014	2.97113310411589	64.1588086712621
486.455093093454	354.212682569402	0.21168710130614	80.1580927388647
486.466716065789	455.324609480046	2.95639525823348	63.7350551375495
487.032021265095	354.34116736383	0.190458892757296	80.8373249737759
487.040507874963	455.199185623189	2.93290346722834	63.196185736028
487.514086697812	354.429988434998	0.180664530251768	81.2574556926123
487.519541425154	455.094063543106	2.91830820505149	63.0440280627245
487.997189989531	354.513789085633	0.180759255727004	81.3196711872707
487.998178802206	454.991289748723	2.91472573726766	63.042250056128
488.479013002306	354.600258802675	0.191004544532006	80.9659455126179
488.477089463277	454.888963327554	2.92284779802235	63.192223447551
488.957023175206	354.697748078866	0.210866907762542	80.2966435590306
488.957056559478	454.785216526789	2.94128383403967	63.4555491743892
489.536846024756	354.843859842387	0.240977126842559	79.6318511020831
489.53051467625	454.666048782456	2.96569744000961	64.0698404224908
490.00981068304	354.959485708173	0.255996644056838	79.4829674727472
490.015056205721	454.58408538153	2.97840069031008	64.4644078188647
490.48158368274	355.075113256514	0.258172076348476	79.5688401488438
490.501477336325	454.508301232783	2.98190041071742	64.6245593340017
490.952290177669	355.194923301761	0.247139805246054	79.8410095802998
490.98780948082	454.432414224993	2.97703101671732	64.5175481543108
491.535349334172	355.348726155234	0.225513699366367	80.6496119902693
491.472345786303	454.350608190416	2.96511333132337	64.177199829684
492.011169146364	355.452165409435	0.216462784562177	81.1586628936474
492.046250023517	454.233588383956	2.94457110292824	63.6010548338971
491.953618817561	454.256803275469	2.94836448992699	63.7111309841296
492.487907955366	355.551127074831	0.218545365672362	81.2073299041835
492.526258378567	454.130061203496	2.92880741882376	63.4086377529234
492.962016424891	355.656329202609	0.232128347362681	80.7997169363082
493.00597125652	454.029317575503	2.92066678522216	63.3408604647758
493.547521841383	355.818011915172	0.260534909443968	80.1593232606216
493.48555258128	453.929038608527	2.9219339949988	63.4139140455141
494.015195467258	355.943566653839	0.276791132392392	80.0221894795429
493.965149837922	453.827234716352	2.93359680972562	63.5989006077101
494.481473593864	356.067523179604	0.280658350572777	80.0148895503999
494.538451087444	453.701583938876	2.95557085932056	64.065113287686
494.945634238066	356.196848447747	0.27203830818759	80.1103146750154
495.021196676511	453.613533061279	2.97068296967331	64.4988563923065
495.535072183549	356.370611335593	0.255589474822228	80.7375701619746
495.506344770708	453.534584231201	2.97866073984967	64.7605724453922
496.003715629262	356.486485908477	0.254259599356922	81.0380560596703
495.992461110523	453.458569513943	2.97887235756052	64.7942039846361
496.470898596009	356.602967864479	0.265835802455293	80.8562765890632
496.478073090417	453.379818047434	2.9716327951362	64.5877430969568
496.931056640296	356.735323116003	0.288053900340606	80.3054725909909
497.064004792641	356.787819486731	0.295898409287807	80.1910587357113
496.961583081263	453.292230501036	2.95747972053638	64.1895784334526
497.521575828343	356.930478159048	0.314032063683026	80.1452574737534
497.533060293014	453.168416822312	2.93569093053103	63.7733457859218
497.978535808357	357.068180573741	0.317130939270843	80.1208614655092
498.013539415471	453.067521919487	2.92311364418416	63.6339116659594
498.432849744906	357.212765367377	0.30714035737573	80.1076440749001
498.571415362948	357.270224341493	0.302077158040119	80.1970940926875
498.493440915152	452.967585315929	2.92061475578379	63.6164761118279
499.027866856393	357.410618610214	0.292284357320427	80.7045267003787
498.973315099611	452.866922615798	2.92952690378621	63.7065802110561
499.487286425165	357.539988645217	0.297075950059038	80.850716852343
499.545645756967	452.740874634558	2.95089708695386	63.9852821838026
499.453762469547	452.76385442741	2.94697491987599	63.8784719267008
499.94136705575	357.677755947151	0.316465747416046	80.5450578859811
500.027525214139	452.648616619353	2.96784988974975	64.3629924573587
500.534825436361	357.901097793003	0.348425864986446	80.4295337080011
500.512395345835	452.567708272146	2.9775989573215	64.5847552175825
500.981142322158	358.051967168673	0.357849646909808	80.4897537433949
500.998401687047	452.491279717599	2.97900653024581	64.5871010107611
501.421869786765	358.211249229682	0.354907535545721	80.3762417575508
501.578007412251	358.288433293258	0.351844415101523	80.4621232610992
501.483961035268	452.413468175472	2.97268687289758	64.3708022777546
502.020290569097	358.446082350464	0.350460263295371	80.8779086669839
501.967625506	452.328478518854	2.95940613069891	63.9860876774922
502.462760352581	358.596195909026	0.361383203072253	80.7715352530798
502.541068503618	452.2057937128	2.93722428684002	63.5051811002805
503.060030242626	358.853153012037	0.390743934676897	80.3779587476502
503.020698092191	452.101668299909	2.92177726255268	63.4069944926529
503.491635968132	359.019938827439	0.403899961555636	80.4812478940192
503.499845540273	451.9992534767	2.91491007092065	63.4694844380062
503.917871263354	359.192132301434	0.40656785284545	80.2693494162214
504.089385542826	359.291099583366	0.405522804539464	80.290454860864
503.9784793678	451.896573631739	2.9191282203925	63.6781957076394
504.514725335037	359.466329578224	0.408445206189043	80.7420110313333
504.457181221692	451.79156105932	2.93450973826501	63.9895741023959
504.938763940313	359.635563641374	0.421909414177002	80.5729887245786
505.031879353413	451.667411298802	2.95960027175061	64.6177014361212
505.531370627036	359.93501124944	0.453002809085141	80.5653892334985
505.515399532885	451.58354659628	2.97520840233277	64.9809259288136
505.941453633527	360.116099153126	0.468786171991961	80.4903202606091
506.001324392089	451.507350988676	2.98249997671094	65.0560247686587
506.529958262593	360.444051883145	0.489027943347555	80.7418230797794
506.487883754522	451.432369740994	2.98069455368668	64.8441345033837
506.925400428858	360.633357698023	0.508332021334784	80.6205313692866
507.125596617871	360.781274692263	0.521072606443906	80.3001906204275
506.973235395111	451.352434047768	2.96996248004474	64.4177003985331
507.506236057589	360.989606494277	0.542630475878442	80.7768773928891
507.546292609424	451.238844278304	2.9481386988096	63.7850320475744
507.455443850784	451.260789065594	2.95214947273612	63.907228212719
507.877911003392	361.195333746563	0.56015742692973	80.2826043105474
508.085050415856	361.367731067281	0.571741233814837	80.4632856365127
508.026926213337	451.135791444164	2.93008462732414	63.5998066012441
508.450018459135	361.57406066225	0.592419932366226	80.5764626730058
508.671194567334	361.756755371256	0.611703229228536	79.8992584453956
508.507006166079	451.034785912592	2.92009516236495	63.5902430592627
509.009406145628	361.987442601183	0.642121625215388	80.5341432920554
508.986733248533	450.934310579578	2.92134997704618	63.7299650717813
509.331212552788	362.211316507791	0.673383276867451	79.8909004300594
509.556684313071	362.432577582151	0.698346528012055	80.4341861134884
509.466653187875	450.832782969825	2.93382519323375	63.9756355891916
509.859977435118	362.656647130113	0.728941086839216	80.1321482222064
510.087245376633	362.907376436663	0.755574621846392	80.3986050526746
510.038751070919	450.708128844091	2.95768319223299	64.4727403564069
510.364383453697	363.136366618656	0.783230448425263	80.2346307638715
510.593373267613	363.410799210859	0.808891019127266	80.3898540393293
510.521937171425	450.6212528495	2.97456597509393	64.9224502240167
510.84792903342	363.638836876448	0.831480145379343	80.1282235074465
511.073251835948	363.936368758065	0.855724119681936	80.3817227865866
511.00782672932	450.54414308452	2.98394013267653	65.1931513190308
511.305097318312	364.162787366584	0.874924798163625	79.873605122126
511.530405471474	364.475773705304	0.897172918449064	80.3716876809978
511.494766819293	450.470449523889	2.98413097778377	65.234603530808
511.966756920594	365.024514659213	0.931488244220426	80.2020052497735
512.187155822291	365.368188769868	0.949569430403987	79.5808309384269
511.980857837591	450.394065306405	2.97517988013198	65.0335057920941
512.38164847149	365.581526813543	0.960089357076765	79.7372070783608
512.591260361763	365.939523840244	0.973800093523317	79.5576072097079
512.464215374259	450.308513896421	2.95854474646641	64.6335857328345
512.770285493599	366.150311014236	0.98031524472822	78.9170820306502
512.988248641522	366.507438479639	0.992848507273392	79.2222710969417
513.202577410287	366.876052834476	1.00898808008342	78.4977427355112
513.037005969993	450.184057673471	2.93403895785099	64.1707257936097
513.368588662031	367.079519797443	1.01874795650638	78.6564629682732
513.568669898634	367.459553662556	1.03294877234654	78.6413578915975
513.516600522707	450.080574121166	2.91919451155111	64.0522103967365
513.931435803751	368.039170699919	1.04769056300816	78.4812234978264
514.126194170275	368.429564649232	1.05817692228576	78.3477130937519
513.995476837916	449.978311906915	2.91478390896165	64.0767175318485
514.26898702183	368.627023770402	1.0658055396722	78.0538996960874
514.469972593819	369.016145274575	1.07741240665729	78.551655206729
514.660544470249	369.41525436763	1.08426006877769	78.2114737155732
514.474125436182	449.875363680479	2.92197467566936	64.2376087522916
514.795903368526	369.607270468927	1.08575251004667	78.0334946107597
514.989229566263	370.005554530974	1.0924526897004	78.3699695638635
515.178149468312	370.410366577481	1.10530830700082	78.1234627121698
515.047735171917	449.744898124575	2.94398133481643	64.6042380961838
514.953240060235	449.769594944634	2.93962178254486	64.4879017369978
515.30274288729	370.597330667648	1.11444019999681	78.1467530350992
515.48663366584	371.006418796163	1.12873419850288	78.6145461846368
515.664935027764	371.422384845957	1.13458654344565	78.381604664215
515.528363702719	449.64946852147	2.9623230488454	65.0778944195826
515.777684579829	371.604105347322	1.13440637958763	78.1958142097266
515.96245784551	372.017334579886	1.13520507257707	78.5498116621474
516.137672754741	372.437512092449	1.14170027059299	78.4455734242957
516.012399160849	449.566565785105	2.97359645893288	65.356617162431
516.426070489511	373.032527346073	1.15817116282933	78.70447740369
516.593055864574	373.459493424364	1.16113521500444	78.633027928969
516.497977183219	449.489019960783	2.97699856831278	65.3629825564199
516.876035946506	374.054035841116	1.15409250639348	78.3259074345249
517.046168386697	374.480066077783	1.15664576912617	78.3950622955807
517.224140749939	374.904941976725	1.17008992349668	78.1632796214317
516.983644897647	449.410763533333	2.97306732755615	65.1243724725717
517.319211597112	375.075350184069	1.17801578000104	78.3628629251093
517.483871632665	375.506586521369	1.19094183208381	78.7630446023036
517.643332554117	375.942260907241	1.19313996066164	78.5702787347185
517.46790233413	449.325949483358	2.96148740110915	64.7273991106442
517.904226932831	376.538368609198	1.18510070667207	78.4439278388934
518.064372462255	376.974590015993	1.18818022784901	78.4395031529881
518.233963278512	377.409595906948	1.20149859832544	78.2147044732154
518.040149517219	449.204968959475	2.94013289956399	64.2430708386648
518.315568131272	377.570212529862	1.20826935964288	78.3891016019085
518.471458469593	378.010680412979	1.21984416371336	78.7062790876672
518.621036470817	378.454994051711	1.21973802629202	78.492104336814
518.520900836293	449.101906992747	2.92359176535991	64.0660907784931
518.86494085405	379.050926602292	1.20536508611537	78.1483567382939
519.021490149808	379.49191940488	1.20261829707549	78.2215212957447
519.180446099847	379.933034594217	1.21262077857836	78.1478809523764
518.999898046523	448.999540164841	2.9120864319957	63.8608714933557
519.255933789728	380.088805204246	1.21971472572017	78.135972684355
519.414420306971	380.530466997002	1.2363744892833	78.6779305305921
519.556218541195	380.980300097533	1.24295261792539	78.7652047109265
519.705818799635	381.428306640356	1.23686677873966	78.3233543860293
519.47259868386	448.893054476401	2.89596320610015	63.4260291801449
519.776223955532	381.57902927247	1.2317534199083	78.1609525210722
519.933501458389	382.023506972488	1.22183863537308	78.1904694985033
520.082540800397	382.470972243164	1.22269018217495	78.1313258077272
520.241594948972	382.916205939606	1.2358912052514	78.0109663714819
520.077553662538	448.698305091185	2.80579171981856	62.0087912353544
519.925035446062	448.769654348444	2.84465659499182	62.4677605989772
520.308929540659	383.065162547917	1.24235606277132	78.2045736510057
520.45377210417	383.515514407933	1.25549760496307	78.5822562414127
520.589902439557	383.970104127683	1.25788135817618	78.4690566018807
520.738984545737	384.420541730771	1.24857821791164	77.9503918300179
520.508789403628	448.515370308089	2.64011891542514	60.7383936698441
520.803553174926	384.566305963823	1.24356200356749	77.908394496666
520.95339793375	385.015729023042	1.23537602759248	77.9504254823547
521.097898466634	385.467205390994	1.2383716684906	77.979179502962
521.06365686293	448.05173290303	2.26145697784518	59.4147763858972
520.845091150345	448.314254953837	2.44371885314283	59.4528453540004
521.312951975369	386.060125534689	1.26009123136212	78.2530024072965
521.451692346815	386.515232058988	1.2722647128779	78.6927396714792
521.582841218963	386.974227493116	1.27091820878722	78.5909491103531
521.726453847383	387.430284081527	1.25467787331048	77.9348477952558
521.749923947427	437.504957415943	1.59388648411307	64.4961954274514
521.737879262515	438.004864290702	1.5922688257098	64.6073905726069
521.726764296823	438.504904923992	1.59136443382669	64.6722733355405
521.715852620548	439.004842967649	1.59155436554606	64.7057524853855
521.704702851169	439.504668492081	1.59288731481486	64.7516257665108
521.692719245311	440.004419704362	1.5943869260421	64.8456628045863
521.680419319316	440.504063722056	1.59444836087192	64.9944016390445
521.668630199968	441.003614300627	1.59241107230101	65.1693524167904
521.658310264368	441.503236100569	1.58958242557722	65.3280891951602
521.649208657952	442.003065028701	1.58786085188444	65.4360917080698
521.640650071999	442.5030642681	1.58793099907277	65.4876453901784
521.631731441171	443.003056340261	1.58908785914899	65.5071312699867
521.622263614137	443.502898545161	1.59028919824701	65.5359037549441
521.612324794553	444.00258236839	1.59073687953965	65.6024656852905
521.602497463573	444.502230345386	1.59017630984002	65.7000042344055
521.593062534185	445.002015602852	1.58944211223379	65.78718422899
521.583661888648	445.502179686223	1.59081463032107	65.8038369618717
521.57210756165	446.003077975937	1.59888515863595	65.6342783103657
521.552045476342	446.504518517027	1.62763407771454	65.0156791002132
521.505512128118	447.000993044207	1.71282170088933	63.6178479972335
521.401696340288	447.466443413911	1.8891671947991	61.5981553460386
521.78853934548	387.566951536463	1.24701843046542	77.6941037781621
521.942398896396	388.017969002619	1.2297592651386	77.2835082502254
522.09064709353	388.473259747595	1.23081545197243	76.5610521785768
522.248234862878	388.935358976534	1.25650703960018	75.481824323754
522.248670303999	419.006025136309	1.59409442777796	65.4002629184565
522.235741503173	419.505749761619	1.5937575670873	65.3606317191923
522.222847107831	420.005834525087	1.59522861478518	65.3078564292393
522.208876826616	420.505987725566	1.59795020307437	65.2400831624895
522.193860515506	421.005854192286	1.60036993694821	65.1570622211349
522.178079186868	421.505368185044	1.60161151373266	65.0721353706727
522.162425733913	422.004682500943	1.60138748375256	64.9814195029727
522.147453776833	422.503939931483	1.59966762888601	64.8862022169424
522.13389450062	423.003264269977	1.5969449436032	64.7823291877937
522.121661942883	423.502770239922	1.59473953408599	64.6859396183484
522.110198215662	424.002504026281	1.59446699810769	64.6024959706386
522.098354556019	424.502374028923	1.59626529522885	64.5369388938771
522.085576257822	425.002212153724	1.59874110873452	64.4705632849417
522.071884113797	425.501907630417	1.60031068755106	64.398815204467
522.05796817529	426.001496368473	1.60042666597605	64.3206311404262
522.04424245748	426.5010843127	1.59997041357939	64.2563581245689
522.030760028597	427.000726350597	1.59983653675211	64.2097567248785
522.017265624618	427.500401415341	1.60002044382568	64.1864881193644
522.003810628692	428.00008678103	1.59964086828268	64.1746829671053
521.990753522596	428.499798519902	1.59829509371226	64.1735216338302
521.978423751255	428.999551600803	1.59657305865767	64.1700236469411
521.966674067597	429.499306643253	1.59584888041008	64.1625600764933
521.954788951688	429.99898738081	1.59680474252625	64.1389357510497
521.942079858552	430.498548491012	1.59892819869099	64.1047057777157
521.928220564925	430.998004219236	1.6009695430495	64.0615305783098
521.913514908167	431.497418729746	1.60209778307987	64.0283314040771
521.898425298133	431.996902359089	1.60186762406773	64.0114282300829
521.88369752077	432.496597460502	1.60033306309208	64.0220421621194
521.869747733338	432.996531772644	1.59805778129368	64.050633188623
521.856790608685	433.496522167052	1.59621026715344	64.0901440503923
521.844265440921	433.996334104034	1.59548816326326	64.1185948665972
521.83175847304	434.495942731926	1.59568185701722	64.1317744146463
521.818796585047	434.995492493215	1.59611613073775	64.1284692790614
521.805492154247	435.495105902169	1.59657332728909	64.1300389338869
521.791658751588	435.994824526152	1.59690009691435	64.1518154231794
521.777644065577	436.494686001447	1.59671620436999	64.2143604631263
521.763607783616	436.994655161361	1.59562768327962	64.3124878033839
521.750229531449	437.494576786808	1.59392260551814	64.4270600090404
522.300039784178	389.05297510611	1.26611087849832	75.3072109050906
522.430986077674	389.515271747037	1.31131614555322	74.3688640898231
522.537513432589	389.993670839702	1.36341478644157	72.8174481505678
522.625541240924	390.485847597064	1.41628220172244	70.8808777255171
522.693243010585	390.988358037079	1.46713183000491	69.0070571457334
522.736750033981	391.495722564563	1.51522092756228	67.5589866342547
522.745316910652	393.006171110841	1.59489719381592	66.0786609845037
522.731866433671	393.505333074054	1.59598129333558	66.1263851600016
522.719234177293	394.00449680939	1.59291536063628	66.2429107852688
522.708472557401	394.504053594467	1.59001573701957	66.363648755168
522.698854181788	395.003883896477	1.58841024892076	66.4581523844051
522.689982795262	395.503809121582	1.58758886854855	66.5181854260369
522.681410344948	396.003765156445	1.58712832321227	66.5408892549935
522.673044799338	396.503774152115	1.58735063679228	66.5307366521912
522.664270351706	397.003801801322	1.58859062657759	66.4998722586773
522.654793420845	397.503740131018	1.59043339220265	66.4694194721724
522.644436320878	398.003496923483	1.59186363831795	66.4585577046447
522.633758106266	398.503113255711	1.59214827885528	66.4784007738266
522.623207858233	399.002720985508	1.59143840594324	66.5287671660846
522.613167193479	399.502436747536	1.59060840320595	66.6063122284014
522.603389693125	400.002261832344	1.59031879740947	66.7082725026692
522.593696056651	400.502116816613	1.59047157716839	66.8309546466316
522.583911791427	401.00193163252	1.590584359331	66.964151278389
522.574213506605	401.50170099024	1.59037334281821	67.0946064117361
522.564725115883	402.001439275759	1.58969155871997	67.2125347930438
522.555761397113	402.501165333406	1.58841980912411	67.3148296310226
522.547522021975	403.000915194012	1.5868164644414	67.3984699532655
522.540027850631	403.500733567568	1.58573633535064	67.4515348302455
522.532773229867	404.000620339415	1.58599781022495	67.4549289738228
522.525108562478	404.50052045724	1.58747913358464	67.3992761832294
522.516644384554	405.000371901437	1.58903948073933	67.2981509939649
522.50764387148	405.500172392882	1.58949052047089	67.1818014220052
522.498713856515	405.999972396967	1.58869546989221	67.0789571835173
522.490266901217	406.49980142412	1.58764852207041	67.0037212771709
522.482190771465	406.999636818919	1.58730756727197	66.9575038404166
522.474118088375	407.499455226394	1.58758098848548	66.9398926655367
522.465937092858	407.99927506916	1.58773936631601	66.9513812377955
522.45777969589	408.499126988019	1.58743852481681	66.9832943639026
522.449822548399	408.999006714502	1.58702749103437	67.0125500289082
522.441909632208	409.498866264951	1.58714333775079	67.0150245985082
522.433718461819	409.998656844556	1.58810264913492	66.984889195324
522.424851368772	410.498376159004	1.58950721024489	66.9381384146397
522.415388805246	410.998104306961	1.59034339563624	66.8957922611324
522.405787511777	411.497955559895	1.58975844971322	66.864140514186
522.396794773226	411.997947517998	1.58812568146987	66.8291203192957
522.388458583317	412.497916162626	1.58712545581763	66.7698712679743
522.380172875087	412.99767701852	1.58804853594992	66.6751964770526
522.37093227943	413.497224271398	1.5903458746321	66.5519127318978
522.360556616153	413.996730742687	1.59232664573408	66.4186245293137
522.349414304682	414.496369898258	1.59284590721918	66.2968272493839
522.338402878366	414.996206216608	1.59194698495782	66.1970434699076
522.327908407553	415.496178840054	1.59049567127608	66.1116989103149
522.318093256355	415.996172255853	1.58949063845575	66.0198360841287
522.308373333263	416.496054256169	1.58962983143671	65.911370590707
522.298274681099	416.995735836853	1.59102294954859	65.795445043276
522.287075302748	417.495219063189	1.59312431649139	65.6898978655278
522.27483832374	417.994667315189	1.59478357891299	65.6003831427212
522.261838618467	418.494294739157	1.59501956551758	65.5253969039617
522.756161607371	392.000088872083	1.55589178860232	66.5836592432859
522.756031019433	392.495550846501	1.58273636968551	66.1491076642174
