273.74846131368	427.504286544596	-1.55403123338038	66.8305878944638
273.742817961736	428.00093017908	-1.56855119906359	66.764239563793
273.749491362009	428.492514125681	-1.6039769515102	66.4635580008469
274.237146033471	412.506107752902	-1.54367414336319	67.3741459020077
274.221491697495	413.006207610307	-1.54080219622788	67.2632695628672
274.204355353936	413.506303338054	-1.53736563282448	67.150344523243
274.186118818848	414.006101256466	-1.53489277413538	67.0265830326752
274.167636615679	414.505402084277	-1.53524901549438	66.8947079526375
274.150595644417	415.004386146487	-1.53861805464132	66.7556262544539
274.135574178177	415.503489345267	-1.54218585173983	66.6265757978987
274.12185938668	416.003024279162	-1.54264588662912	66.5109705502441
274.1074455926	416.502913923315	-1.53917582902096	66.4222911276244
274.091084712539	417.002805835111	-1.53422557193994	66.3614211930213
274.072801045435	417.502418033717	-1.53088624279263	66.3321410084348
274.053860449092	418.001792820344	-1.5303951343558	66.3159411526096
274.035248067564	418.501131945846	-1.53146714334273	66.3076932150306
274.01734067465	419.000536777886	-1.53291515082383	66.2978715687027
274.000228180081	419.500006736446	-1.53498517173701	66.2899334410892
273.984344156369	419.999578887675	-1.53826209048526	66.2666113059475
273.970007767143	420.499293088829	-1.5414066829989	66.2212554995596
273.956585477017	420.999055161056	-1.54203073320531	66.1518127817695
273.942580350765	421.498649921866	-1.53907940186233	66.0984593916687
273.926612515622	421.997930106564	-1.53460640701063	66.107000273002
273.908762848927	422.497026711562	-1.53183678356643	66.2145078475662
273.890191143551	422.996275319131	-1.53247038983201	66.3942777536092
273.872318039751	423.495854599158	-1.53522504325518	66.5902804758311
273.855412930714	423.995623587243	-1.53772322413877	66.7309669792134
273.839131341674	424.49539299548	-1.53883310797353	66.7907205998461
273.822782037119	424.995098097302	-1.53918321642692	66.7812966071369
273.806418132069	425.494767169391	-1.53964920851302	66.7538552833564
273.79010852839	425.99446289171	-1.54087764639092	66.7398384119614
273.77453999861	426.494330595414	-1.54321564813927	66.749156819235
273.760210854712	426.994560397842	-1.54707546143615	66.7578619155615
273.751147876437	428.50988426755	-1.60606082087448	66.3406976309212
273.798024994778	429.02636276284	-1.70483944272705	65.5182073043336
273.916172566664	429.524153281729	-1.88974335013457	64.459587292365
274.091784589594	429.953537403445	-2.07674338435827	64.1141241539011
274.745466329314	390.006420587587	-1.5428992135374	68.2613185904513
274.730918123947	390.505975640262	-1.54406363993513	68.3280680243404
274.716893899808	391.005549015575	-1.54457259679003	68.3750286843753
274.703215282697	391.505157564715	-1.54450924479133	68.4226061049576
274.689493487748	392.004795523074	-1.54440321149768	68.4881026235432
274.675986035709	392.504442379088	-1.5447080256318	68.5800762284326
274.662790905497	393.004066535034	-1.54561282274738	68.6944620483134
274.650327898304	393.50367125548	-1.54696065021009	68.8212875570506
274.638598554424	394.003291560599	-1.54840677793816	68.9457914662678
274.627670518326	394.502973632382	-1.54957174601447	69.0546966416287
274.617239166138	395.002719293008	-1.55032040167043	69.1379488475206
274.607203940136	395.50249821116	-1.55068963451005	69.1925842454128
274.59725907546	396.002287146975	-1.55057805742383	69.2217005607641
274.58717470203	396.502090332726	-1.54974300428538	69.2343029332541
274.576531942185	397.001895586581	-1.54840785314543	69.2421490652384
274.56533732723	397.501671226916	-1.54740384638281	69.2573306935629
274.553869708475	398.001401210098	-1.54736180064581	69.2880260311005
274.542614280646	398.501107660074	-1.54807682966302	69.3367271705901
274.531745730076	399.000816606018	-1.54899862670992	69.4018506381227
274.52131932225	399.500538373583	-1.5499279819214	69.4812852594608
274.511352857779	400.000275621218	-1.55100278794016	69.5714678932416
274.501981109081	400.50004442453	-1.5523290137951	69.6625548390568
274.493323855324	400.999867054027	-1.55380681644076	69.7390061667393
274.485361140169	401.499737972398	-1.55495786483816	69.7872972011898
274.477717531876	401.999600423455	-1.55483759990316	69.8004082706909
274.469522910511	402.499370416483	-1.55267786700088	69.7734861330371
274.459870745119	402.999005106643	-1.54912132848	69.7005670876164
274.448530455558	403.498573428293	-1.54632464384852	69.5800494168944
274.436371932043	403.998233496729	-1.54601265659002	69.4244646812135
274.424541055231	404.498064948339	-1.5478004001326	69.2605995954514
274.41372772629	404.997990074852	-1.54995066937652	69.1145566366436
274.403683995204	405.497885613208	-1.55105988520574	68.997386565034
274.393862843982	405.99768860167	-1.55078070665775	68.901426158513
274.383588139529	406.497386607347	-1.54959271385388	68.8083349664966
274.372703121352	406.997028874268	-1.54843416391939	68.7017355472124
274.361313666775	407.496720655402	-1.54813781722153	68.5800579975639
274.350000351791	407.99652746617	-1.54872535730772	68.4547389901036
274.338887127455	408.496361080095	-1.54926534464894	68.3379092758048
274.32785089256	408.996078711909	-1.54890459739683	68.2288523313206
274.316262247583	409.495657707878	-1.54776048179651	68.1205925298786
274.304065242248	409.995226539768	-1.54670238932878	68.0086873467225
274.291289886747	410.494913128081	-1.54630330630633	67.8970153525332
274.278442100303	410.994739813325	-1.54641881405099	67.7875965620648
274.265423314783	411.494597480211	-1.54636839457893	67.6781778426334
274.252180647507	411.994320899515	-1.5455765391142	67.5601907308952
274.498799546331	430.501115038269	-2.34883478834638	65.71940895784
275.207105534687	376.017091634725	-1.4910587658096	68.2376917298807
275.174043470762	376.508790779883	-1.52009277382406	68.2862719760864
275.152042648925	377.005409819773	-1.53281411676088	68.2355482629628
275.134675040238	377.503940372643	-1.53819294231167	68.1689789203277
275.119440848848	378.003216809272	-1.54073884899923	68.1167558668295
275.105155672227	378.502741154666	-1.54197011744585	68.0859716869655
275.091369519561	379.002309428326	-1.54215724057338	68.0549815349847
275.077443265037	379.501907556937	-1.54105055618544	68.0117596388447
275.062939809779	380.001558705	-1.53913005978962	67.941287466663
275.047649581622	380.501223966174	-1.53753971396769	67.8546501188791
275.032005071676	381.000855597507	-1.53719736677112	67.7603894961295
275.016467796551	381.500449079893	-1.53771787235536	67.6806676417043
275.001296876519	382.000035071565	-1.53846604778291	67.6192200557636
274.986481087684	382.499644068931	-1.53904461780251	67.5859569235462
274.971849726836	382.999266398336	-1.53909887491597	67.5765048497336
274.956960699035	383.498828835539	-1.53790601607703	67.6015903631571
274.941173059382	383.99827079879	-1.53583549135072	67.6558752262856
274.92442848193	384.497675977516	-1.53450874666755	67.7303890210875
274.907315706536	384.997214918214	-1.5352070146677	67.7905663715856
274.890698554476	385.496917405597	-1.53702553243986	67.8259301611644
274.874630910274	385.996620811742	-1.53841967399879	67.8398930510855
274.858875183162	386.496211543772	-1.53895320028019	67.8585036718613
274.843004592709	386.995727749574	-1.53925722241947	67.8838631065593
274.827110372803	387.49525379425	-1.53959734184552	67.9165655796875
274.811000127918	387.994795361252	-1.53987886713777	67.9481332826525
274.794781929399	388.494325862074	-1.54004547712226	67.991036010622
274.778267885801	388.993846327107	-1.54048123695182	68.0475589467682
274.761885936331	389.493423373815	-1.54146589362557	68.1175418243975
274.780673041131	430.745865744128	-2.46942235526938	66.7215038091685
275.034482446405	430.95184358174	-2.55724917753448	68.705425098495
275.692024226524	374.106705872665	-1.07638178528378	67.9776538839965
275.522188653831	374.50902461916	-1.19802198441819	67.9510178171186
275.380571433179	374.968059922076	-1.3201121437301	67.8830310815698
275.27623210746	375.464569957387	-1.42249363198224	68.0457256388218
275.405402439408	431.150040092412	-2.62053801404672	70.1258795769872
275.611845632218	431.300992440748	-2.65714656414619	70.7354958799061
276.059500094886	373.545211125324	-0.923209982038273	68.9061124262936
275.846735779083	373.903318881797	-1.0141949413614	68.1842185919038
276.006882554726	431.486925250195	-2.68610017471899	72.1178610002589
276.512213939227	373.010872795848	-0.842241017821002	69.3730958090117
276.27374963476	373.313341082474	-0.878585360306622	68.5681394757912
276.416493144182	431.66489205852	-2.6950894058991	72.4200998058305
276.606228605023	431.785750717644	-2.69493787323864	72.3599592534183
277.236152867953	372.223481220283	-0.811877571486103	68.6757030083575
276.992834970964	372.493273549168	-0.816561493972098	69.3971146732272
277.013884780753	431.971650926926	-2.69291640257973	72.8988551840855
277.721507034533	371.711263687723	-0.806090183842707	68.780759632211
277.480602705833	371.981578146553	-0.808836809092303	69.3943249085983
277.427260084788	432.149983828647	-2.69537465720984	72.8418244174675
277.612817668945	432.265222421345	-2.69813993863762	72.6724104935964
278.210145355264	371.202411103282	-0.801492172873732	68.9191886397357
277.97101428721	371.472273886717	-0.8038306804319	69.478825198489
278.022515173152	432.453013960684	-2.70129591991913	73.14385456791
278.701361478463	370.696655156867	-0.796302478811028	69.0280003531277
278.463658773833	370.96479699441	-0.799266426228522	69.5611931722879
278.437901775394	432.628910255182	-2.697474640842	72.970531111942
279.196081555508	370.193626093494	-0.791193131435205	69.1501842946119
278.958790132892	370.459558499464	-0.793648240709389	69.6336974608741
279.030514373731	432.93777888613	-2.68530989560934	72.9189016303052
279.693184953445	369.692105514229	-0.788018141397829	69.3168593660813
279.456109364934	369.956604452626	-0.789774534096922	69.7697630341305
279.44191945117	433.118099658075	-2.68461146407859	72.8249085990585
280.191588183168	369.192071247043	-0.785952599726501	69.4001971641557
279.954846274543	369.454985063391	-0.787184999816247	69.9099594083655
280.03426704353	433.429863867466	-2.69063232892741	73.0417754698277
280.690991180912	368.693147358679	-0.782334217146314	69.3368123201405
280.454919520538	368.954560968016	-0.784501762436133	69.9157800287551
280.447114809147	433.608054894683	-2.6886591424328	73.0169200471841
281.193687810476	368.196615917861	-0.777714054426019	69.2480093875854
280.956717081634	368.456058673265	-0.779608054800609	69.8223837093055
281.038441673587	433.921956336607	-2.68071205686564	73.0414871869529
281.698661616918	367.701731204915	-0.774991338913685	69.2760122067488
281.460187803092	367.959608212091	-0.7761121328936	69.8082745046472
281.449468521974	434.102840532298	-2.68223641893117	73.0411799880577
282.204263524794	367.208133902666	-0.773942022698903	69.3449387002837
281.964717503674	367.464177646893	-0.774496167984957	69.9084821452005
282.041305246068	434.414677682539	-2.69354114055757	73.2095634970294
282.709890043522	366.715900241662	-0.770995411671569	69.3315311775373
282.469924068007	366.969235926701	-0.773071379667113	69.980833316026
282.45573797186	434.591622266783	-2.69402025979361	73.199783150766
283.217786280884	366.227118507783	-0.765143413795775	69.2132244592631
282.976656919215	366.475797519806	-0.768080791994422	69.9466974534032
283.047489957449	434.902632146279	-2.68456150241688	73.1012856485918
283.729165951208	365.742576084464	-0.75801904616469	69.0491869919765
283.485891060318	365.985151041787	-0.761606930844826	69.8446688104396
283.459452102721	435.082979194404	-2.68351237599485	73.1526245524417
283.997960696265	365.497821881927	-0.754028324523838	69.7275179704874
284.051009083745	435.394552192315	-2.69327751815138	73.2836506427744
284.512903906313	365.013951094444	-0.746801338693635	69.630052333613
284.269370878791	365.251661835165	-0.750205755344068	68.9247652388354
284.4653402341	435.57163989579	-2.69444775908342	73.4036475700864
285.030706111623	364.53350831258	-0.739998410159185	69.5905501566582
284.792405443744	364.774294675789	-0.742926832209655	68.9459629542777
285.057761126799	435.881631479289	-2.68623424874022	73.295882775491
285.550565078248	364.055408875242	-0.737691476509759	69.6166719618387
285.317125848985	364.300133716982	-0.738405232149869	69.0720228125762
285.469799870165	436.061818539481	-2.68484868201429	73.4279925619973
286.071028491	363.578194466341	-0.737006440740931	69.6884431602276
285.841380268444	363.826207106789	-0.737815866847216	69.2806098588623
286.06177968086	436.372288395587	-2.69307541875386	73.4297339578586
286.592263081658	363.102600425451	-0.733927747846703	69.7113970781462
286.365555088921	363.351516729275	-0.736217459093851	69.5083040498348
286.475670435587	436.550251582175	-2.69337952562628	73.5656527800285
287.116047178496	362.630574497722	-0.727788368929977	69.618745785154
286.890560599047	362.87747862439	-0.730588961878369	69.6547529791788
286.882105433814	436.741881971375	-2.68641864920198	73.0728003340739
287.068334354892	436.860866990949	-2.68242716507869	73.2720199599181
287.643421391193	362.162031430799	-0.724920652779848	69.4358382801174
287.416737668149	362.405921837904	-0.725257118741046	69.7165136651291
287.47878866422	437.04316423031	-2.68046881885327	73.3836130341857
288.173026658872	361.695442230134	-0.724515447116557	69.2428456318544
287.942660590354	361.935170758422	-0.724433891617968	69.7260201170717
287.884827172778	437.236577840555	-2.68747308474295	72.9723102057254
288.070459568307	437.354410131463	-2.69173354580461	73.2168197043611
288.704473180277	361.231291023396	-0.723471601315936	69.079883310611
288.468146023565	361.463990769695	-0.724145919561462	69.7383469385225
288.484095128105	437.533103225204	-2.69633738112684	73.3432876728851
288.993764731585	360.992932584994	-0.722098973074294	69.7525891332442
288.893695603333	437.720655405075	-2.69174158297083	72.8469374013598
289.078108768001	437.839432715292	-2.68731825997457	72.9281048846188
289.520380682564	360.523209893046	-0.718987847123293	69.7737490175707
289.280443339851	360.750644549456	-0.72038847053226	69.0397924220533
289.488885117853	438.02268357662	-2.68269148312473	73.0917056966451
290.047926979836	360.054611793024	-0.719272450428251	69.7472958366302
289.815905427268	360.290206405141	-0.718745235510533	69.2116469138188
289.895903397627	438.211904345281	-2.68532973598982	72.78428835262
290.081628449636	438.332965773895	-2.68879373388417	72.9536628864291
290.575558852891	359.585684864706	-0.722040679023066	69.6998029357327
290.348140290608	359.827387257632	-0.720661361437857	69.3789207544726
290.492915595257	438.514535176012	-2.69216552852474	73.2703378197134
291.10286715166	359.115714105718	-0.726110899563868	69.6496554403032
290.877045552727	359.361242400966	-0.724339465508888	69.5502419913098
290.902722736227	438.699645370525	-2.68965118865461	72.9377407505405
291.087596266215	438.82065469024	-2.68687796453024	72.9631053432638
291.629491453148	358.644579082563	-0.729419477533792	69.6048844663792
291.403047726431	358.891507878853	-0.728496499834608	69.7202504956727
291.497303224699	439.005511386457	-2.68387157111337	73.2499854164729
292.156016246114	358.173520293397	-0.731214466841942	69.5369738402489
291.927141060682	358.418935438753	-0.730806898164933	69.8667832300687
291.906270937459	439.191499527823	-2.68642670458467	73.0179688764734
292.091152993821	439.31280388847	-2.68950170998386	73.0807270398333
292.682690114981	357.70426652104	-0.729517851186023	69.4753828304408
292.450322874521	357.944716753179	-0.731147949384278	69.9828489554803
292.501672838069	439.496564405435	-2.6917610752015	73.4509351066798
293.211952227765	357.239493774957	-0.725785328782594	69.4299862660991
292.974065687561	357.470871223239	-0.72753320398637	70.0984963624875
292.912654631503	439.679249048918	-2.68855870923286	73.1291866174411
293.097531484447	439.800792257483	-2.68529564263016	73.0198416855115
293.498875663645	356.998726986964	-0.724607173070557	70.2057058181567
293.505809279318	439.988116176857	-2.68271525620521	73.266859495535
294.024279114447	356.527495227514	-0.724005465963501	70.2844762940825
293.78603187505	356.757769087738	-0.724067562742343	69.5277916491074
293.916215139323	440.172417342277	-2.68709031364216	72.9696463789878
294.100476615593	440.292556649181	-2.69040071216756	72.8918282451629
294.54971332583	356.056005111806	-0.725430328138522	70.3307799491957
294.317931907551	356.294621878724	-0.725032359015929	69.7495921487726
294.510527993407	440.478182534795	-2.69465230124104	73.202364796948
295.075353369966	355.584742657716	-0.723981295892328	70.3981562561638
294.847097786753	355.828429141937	-0.725519248437248	69.9953114120688
294.923417794809	440.658444667565	-2.69181563493522	72.8755228352106
295.108436896006	440.777440804367	-2.68790318032428	72.6445714263297
295.602337659641	355.116064371933	-0.718792569918208	70.484479957868
295.376111138924	355.360702926833	-0.72250810567818	70.3067472982345
295.515706913826	440.967815887195	-2.68349292465397	72.9112107535552
296.132535982552	354.654001281345	-0.7069647741571	70.537909106805
295.906887965602	354.893538748476	-0.714121402364869	70.64051115998
295.92688617578	441.150313516474	-2.68657547233669	72.7065493233982
296.111909947475	441.268637272041	-2.69040577860385	72.5470851225297
296.669614727467	354.204495503642	-0.689096429817227	70.5318742862988
296.441492853943	354.430926505251	-0.698724362201391	70.9615171699217
296.520316983592	441.457829680817	-2.6959190717939	72.9904271934636
296.981131162129	353.976731974847	-0.677041279889511	71.2488654751683
296.934281886081	441.635906519079	-2.69365395444304	72.848185847072
297.120749105294	441.751682934436	-2.68996968966688	72.5532792385449
297.527283258482	353.535489511412	-0.65073838783045	71.4516455258512
297.526322805433	441.946381113426	-2.68290293007269	72.962977539396
298.081105113583	353.111387211475	-0.627533567800679	71.3805585127253
297.862979528922	353.316463336707	-0.637688216026381	71.1176305050588
297.936971326426	442.127678975527	-2.68200568048719	72.9034626987243
298.645848230106	352.711909840029	-0.602825746250241	71.0622736911218
298.430146697031	352.900884264569	-0.613598411453645	71.4844175637657
298.529088641109	442.440730093859	-2.68852864824413	73.1844580066075
298.996892762619	352.495339925511	-0.587811471174226	71.6176469065684
298.941314564151	442.619677630038	-2.68756394172562	73.0984174622491
299.567291341516	352.105162094418	-0.569049125036315	71.4323587389042
299.356595513706	352.279123993664	-0.575571072155612	71.0793767981597
299.532583883131	442.93375225218	-2.6808810413775	73.1257126636219
300.149186976003	351.742023262982	-0.551090260117583	71.1084827567071
299.939411986218	351.90332525611	-0.558673022356577	71.534704061067
299.943600041824	443.114920753179	-2.68286838124747	73.0804553726301
300.517019727071	351.528183488703	-0.540676484538412	71.7677679887827
300.535673497165	443.426461181056	-2.69353770682982	73.3154451890182
301.098960163947	351.168999732649	-0.531058651916251	71.4125692700083
300.898078457641	351.327706802329	-0.534052501189942	71.4705789504789
300.950016915783	443.603267090566	-2.69431648640017	73.2949485228754
301.482968093045	350.970181415259	-0.522740310968264	71.6786952130488
301.542165336307	443.913010971085	-2.68777808256517	73.2261813222023
302.066382859875	350.62208221456	-0.499102186415589	71.409990840644
301.869019887996	350.763049591232	-0.50779469480641	71.1252230738469
301.955655271531	444.091907384097	-2.68925355853836	73.1909862030321
302.465381566589	350.434221075635	-0.485217638687913	71.4397558092539
302.547872164258	444.399991294582	-2.69751305677662	73.2301129271572
303.053384201019	350.104551090583	-0.476939214942061	71.1290051015744
302.96342998509	444.576145285448	-2.69665099470937	73.2367686452138
303.460253416234	349.920520805656	-0.469847845698246	71.0963555605042
303.555805428239	444.885369216867	-2.68670703899832	73.0131247422705
304.050415154042	349.603812138686	-0.452480530586078	71.0133708646442
303.96829030619	445.065254512619	-2.68712104970582	73.0633715846311
304.464714402197	349.426398949209	-0.446508397327688	70.9927455169872
304.56057424227	445.373637891775	-2.6974434758431	73.0684390609836
305.056909951459	349.11921798225	-0.448709018489929	70.6645888151206
304.975782484519	445.550497395212	-2.69807172236371	73.2352112674084
305.472608252802	348.941601171178	-0.442932748810128	70.6896927915552
305.383817726639	445.740359312996	-2.69076970449119	72.7931001839517
305.569141297771	445.858011032619	-2.68634895042861	72.9877520154457
306.06590311435	348.647441243032	-0.417849440099877	70.5882108887588
305.887076027972	348.751865626275	-0.426524698057387	70.3252303047633
305.980521777556	446.039828326557	-2.6827328209605	73.1352783829131
306.490711888665	348.478605838763	-0.404461908513649	70.7571452665364
306.387037573753	446.231796970587	-2.68652435079102	72.7740098535633
306.572408997659	446.35077931584	-2.68968309009551	73.0028340035451
307.08930627345	348.208076606166	-0.405926827942402	70.2033570914246
306.917619812543	348.307003362286	-0.403088213487916	70.3408997407852
306.98517958745	446.530607978473	-2.69199674807092	73.1648530467336
307.514110423662	348.033265951802	-0.407634295819979	70.3406838861702
307.393628497469	446.718920394647	-2.68768603838877	72.6576026858844
307.578760583263	446.839497718171	-2.68366879242827	72.7296304914906
307.944404159517	347.866009584614	-0.397940440465154	70.1901126073065
307.988627985873	447.023098471824	-2.68157700064017	72.8573315206819
308.540546044989	347.602534330327	-0.372108681089421	70.4090365495
308.395347170187	447.21274526047	-2.68549054969945	72.5371318874598
308.581303586824	447.333699716653	-2.68919017047689	72.7101326263204
308.979993759516	347.448399613951	-0.363569151766008	70.4883963255947
308.992562339047	447.515245231625	-2.69209600548537	73.0403739592071
309.578661176497	347.201706743302	-0.373367819078743	70.0211615131655
309.417392037464	347.285918092466	-0.368597382524424	70.0880709591536
309.402039181969	447.7004653718	-2.6888192087586	72.737064364389
309.587176723393	447.82188197159	-2.68606828480993	72.7815292779184
310.014274496437	347.036568806363	-0.379786899087122	70.1280433629803
309.996738457361	448.006660718258	-2.68365728468993	73.0835906443295
310.452693662391	346.877577335799	-0.374070540100688	70.039280834514
310.405817983562	448.192796359369	-2.68683292173924	72.8678771051608
310.590377172231	448.313805381382	-2.69029817374597	72.9401547351632
311.048454911662	346.630964988454	-0.349038798848948	70.2426288472916
311.00136445344	448.497188167881	-2.69273378429146	73.3061748122149
311.494159879451	346.483775556817	-0.336721378552031	70.4258074117213
311.412804820266	448.679682416987	-2.68982834438213	72.9700585582239
311.597186578658	448.80061602539	-2.68684100197035	72.8548561915424
311.942017181537	346.335893773538	-0.336664727122887	70.1497067016278
312.006181161598	448.987233915946	-2.68587598047509	73.0680114672418
312.536841579804	346.104553960164	-0.347777160951139	69.9945157329104
312.418241840283	449.170669019385	-2.69122398423947	72.7672506053974
312.600999436475	449.288388624584	-2.69481543759198	72.6723731317597
312.98460910704	345.955736853071	-0.345947612219129	70.0332560037434
313.012492455153	449.47385894595	-2.6979768162554	72.9975492581256
313.579072914394	345.737382479666	-0.323904232469076	70.0351555530847
313.432929544722	345.802984120037	-0.331462990880984	69.9935719442907
313.425886280355	449.65295620859	-2.69177777689438	72.7084990548911
313.611884032126	449.772295784564	-2.68580692346436	72.4571879633819
314.029320357661	345.5899802794	-0.30608136754487	70.4787041528417
314.01751143243	449.964838159361	-2.67698598332199	72.758207381739
314.486371912549	345.457744834699	-0.300623198214694	70.5492228674767
314.425732349648	450.148929244998	-2.67665799579011	72.5651460821279
314.612920844841	450.27209897738	-2.68000994889806	72.4013996982712
314.941723469586	345.31989457944	-0.309240727901968	70.1891415792692
315.018114760312	450.463023983004	-2.68683639057553	72.8324020874217
315.535088523209	345.105894850588	-0.328991327911566	69.9653842207963
315.430180447106	450.643695239678	-2.68882740282312	72.6300102831688
315.615788940531	450.761994416561	-2.68720198622774	72.3730034859236
315.98779560781	344.962866110448	-0.33011624634605	69.9758568148547
316.022112711222	450.954566441414	-2.68470156440384	72.7272487721777
316.441524714887	344.817062385886	-0.315111832324775	69.9498145192777
316.433796639237	451.135780538967	-2.68615290608219	72.6126174625252
316.620006653062	451.253095986878	-2.68904266383721	72.3952050269012
317.0350632763	344.617186179548	-0.283133566088997	70.3709208741934
317.026594682629	451.445394762689	-2.69306573140118	72.8779710812773
317.498267962101	344.494052486028	-0.270322793958716	70.4734301232252
317.439916858728	451.623213104164	-2.69231577467785	72.7634948823005
317.96265945271	344.371588796403	-0.274241858593864	70.1480684965717
318.032634295409	451.931971424642	-2.69350765448865	72.7787209069889
318.555132642665	344.180505638659	-0.299307849696205	69.6110263811372
318.450831132661	452.10759339591	-2.71117377054138	72.6847374499113
319.012652180289	344.040639651341	-0.312908692387508	69.6246498182383
319.046424950023	452.38230553092	-2.77354256009799	72.6481154979741
319.470018827072	343.903768876564	-0.311768233346341	69.7271169929105
319.491510596504	452.525638160667	-2.83479581814001	72.5123949344297
320.060794941811	343.706657778057	-0.28592734524242	70.0949948916775
319.926559021343	343.758947657743	-0.293802533666047	69.886577357636
319.960477983501	452.653695630497	-2.90105082318036	72.0410976947953
320.522018789969	343.577476818243	-0.265343685369639	70.6474960182037
320.537598862114	452.785299220918	-2.97099498959417	71.6639121653518
320.989231964358	343.461150801493	-0.256588068259787	70.820443203286
321.016852230768	452.858618184141	-3.01749569244761	71.6376440228071
321.456617856031	343.342199628801	-0.26224880252665	70.5608602382152
321.507358451495	452.910093650746	-3.05138850385159	71.6871895176476
322.045536069379	343.161079131989	-0.283713440566111	70.1618923884688
322.003217038664	452.947508933702	-3.0719209072307	71.7398524889818
322.508466444955	343.029781762048	-0.292779820993498	70.1650379287405
322.501171033944	452.977413416706	-3.08212662900364	71.7671854061855
322.972079177966	342.901115569849	-0.286827200089303	70.2701931106705
322.999811845113	453.003918400537	-3.08640931509723	71.7589109177404
323.559466212113	342.724312746099	-0.258641153744716	70.7183680510455
323.435704887636	342.767450436367	-0.266314214544261	70.524498522946
323.498631901632	453.029261983576	-3.08754580882921	71.7374506237432
324.026789205661	342.604473508195	-0.235840633383097	71.427526591758
323.997441252978	453.054604709142	-3.08721780035669	71.7238190569753
324.49990824286	342.499632669407	-0.223827435856466	71.8514543502741
324.496171483556	453.080417281841	-3.08651144035621	71.7542011247266
324.974720097499	342.397473302901	-0.224232844878329	71.8396523205024
324.994879563777	453.106731314295	-3.08670930246185	71.8384898973223
325.563365664294	342.249880525457	-0.242084266808347	71.2626445055258
325.447101575836	342.286231431498	-0.23700268521092	71.4604499686966
325.49373296947	453.132978795936	-3.08838701332685	71.9733538396355
326.031941186207	342.123858231115	-0.260637558238541	71.1432250266514
325.992837108064	453.158717357328	-3.09126644455654	72.1185629041708
326.500913387247	342.003504642882	-0.269768947789327	71.1358438933474
326.492105839282	453.183579353796	-3.09413990189004	72.2448187464287
326.969614198555	341.883109355366	-0.264787095616479	71.2948487542049
326.991306746396	453.207963506817	-3.09636837943722	72.3364822397943
327.553728995467	341.72130850162	-0.238428941858699	71.9009295116684
327.437988224358	341.757610714561	-0.245358114676316	71.6824840443975
327.490287171721	453.231974356524	-3.09817890366838	72.4244403244403
328.025766754728	341.609528011218	-0.214743047583924	72.8275862768063
328.009868925608	453.25651936044	-3.10001766436282	72.6432302228774
328.503053196389	341.513285197283	-0.199484597985173	73.5977529782571
328.509133095729	453.278321205908	-3.10131909660014	72.8717150829175
328.982512782422	341.422949507874	-0.194234833319059	74.0313796885955
329.008368593917	453.299408392738	-3.10199850172561	73.1444053423512
329.461524002352	341.330067962452	-0.198534568196588	74.0861826606432
329.507431864716	453.319800550242	-3.10268165799971	73.4209713426799
330.044995002721	341.195245352197	-0.214674465697976	73.8238606284177
330.006328152513	453.339446066859	-3.10412666993532	73.6578517431051
330.520331888585	341.087448904151	-0.227395039341168	73.8668599100618
330.50527356952	453.357879303813	-3.10611124073131	73.838208160209
330.996047807352	340.983010079576	-0.231350445044442	74.0017103335917
331.004463255823	453.375219965315	-3.10788041177074	73.9763955306859
331.472095828617	340.878964389383	-0.22525648220321	74.3262698590038
331.503914826514	453.391670309831	-3.10900033408697	74.1052820070704
332.052461918274	340.745723029327	-0.204865864981995	74.9574755002337
331.948559418521	340.772905527976	-0.209546333158695	74.8556029852669
332.003480708159	453.407683111669	-3.10957043482231	74.2481191736156
332.529999178831	340.644964882899	-0.185778733198775	75.918759882681
332.503004073956	453.423398382747	-3.10985667049417	74.3996133856322
333.011850852236	340.558984190318	-0.172070923161854	76.7269161531264
333.002423489109	453.438948961965	-3.11011793616681	74.5276855803171
333.496203875946	340.480583905102	-0.165094507859475	77.1877398229623
333.501784422438	453.454246552502	-3.11049242925734	74.6000504509995
333.981545990448	340.403765244895	-0.164904794790524	77.2338034377846
334.001157234836	453.469282297047	-3.11097239065697	74.6133733071788
334.466115965198	340.322732965313	-0.172369430837671	76.9297770108405
334.500583222664	453.484050639599	-3.11130873538558	74.6021130010671
335.041580049725	340.208019116533	-0.189903203766808	76.3270189726777
335.000044033237	453.498797964731	-3.11091986203737	74.6138010051782
335.522288274988	340.10984455653	-0.204170960640627	76.1813135096393
335.499464294024	453.514010510483	-3.10934286294713	74.6654031672094
336.002836236869	340.013915707671	-0.211316178995201	76.1809978542097
335.998786958459	453.530148113692	-3.10724779418287	74.7222596127057
336.483500880506	339.91829005311	-0.209279655317357	76.3554080113549
336.498090636607	453.547091418107	-3.10640590333309	74.7248855896045
336.964756782215	339.821506432803	-0.197365631978311	76.6914340998761
336.997526941237	453.564000248618	-3.1075973359351	74.6399140633943
337.536882703507	339.703607918965	-0.175271584174409	77.3813210115892
337.497055003486	453.580285566782	-3.10919466568532	74.4843479969831
338.021045695867	339.620317595069	-0.159320192917034	78.0425909133352
337.996430675912	453.596244284949	-3.10898069001441	74.3035532264025
338.507950039342	339.546675734981	-0.149866444472448	78.4664107148816
338.495515663154	453.613011172147	-3.10650873683373	74.1319604412794
338.99616361411	339.477123481927	-0.14711973975913	78.5674599472988
338.994459448895	453.631306559139	-3.10331926183951	73.970072300038
339.48449882621	339.407021314066	-0.150015419671901	78.3449060679683
339.493511713238	453.651171011829	-3.10127805469126	73.7976315343886
339.971961504534	339.332056758636	-0.158094657139124	77.8660946656874
339.992735345149	453.671822835877	-3.10080517355269	73.6021492212821
340.540192153571	339.229022223797	-0.17374942517572	77.136278701533
340.491908887927	453.692911798929	-3.1006962001019	73.395612532826
341.024266823376	339.137351129892	-0.187344596781542	76.8211051628487
340.99085451626	453.714416500053	-3.09989167392578	73.2005743558296
341.508375951117	339.047384624429	-0.195503591189282	76.6606488703114
341.489712499654	453.736934326446	-3.09850307275228	73.0305472057335
341.992674374777	338.95811569516	-0.194901954831097	76.6824749423734
342.010686128019	453.762016508621	-3.09721919299792	72.8087588174271
342.47763279128	338.869102545235	-0.184908063730485	76.8921397948354
342.509419418953	453.786669165105	-3.09624714894812	72.713444122579
342.963551123784	338.779939422054	-0.167701453892965	77.2513076430875
343.008292706203	453.810935677701	-3.09520869187479	72.6193520085181
343.527846300789	338.682054259662	-0.147607483431351	78.0057975946472
343.507252012866	453.83518877388	-3.09389771649494	72.5361238645607
344.016854059619	338.611792933888	-0.13624261334405	78.5566474459407
344.006190551141	453.859393955646	-3.09248467932265	72.4556675284803
344.507149462569	338.547927427434	-0.129960961960078	78.8997295059691
344.505107636837	453.883843304136	-3.0907538564713	72.3714427244621
344.998105546121	338.487086661579	-0.126930286864422	78.982544997011
345.004066538392	453.908681004383	-3.08849942465169	72.2628160886144
345.489468698726	338.426696311029	-0.126913409644505	78.7979346150949
345.503030524605	453.934359310404	-3.08581012308202	72.1334908213591
345.980715566956	338.363981953957	-0.131313366218443	78.3771146923027
346.001886128984	453.960890111476	-3.08382897712145	71.9928567802194
346.470864897855	338.295325460227	-0.140870962749211	77.7991153921395
346.500598030652	453.987826012799	-3.08383286408057	71.8774856662588
347.030955735918	338.203379177971	-0.155940873311002	77.1442404307881
346.999328214443	454.014097793361	-3.08663676280495	71.8118995881044
347.518878699821	338.122566519955	-0.167156107543956	76.8375653688537
347.498290510602	454.038621406301	-3.09133692398837	71.8215239187101
348.006594972868	338.042778735467	-0.172761257823826	76.6634897298756
347.997500168023	454.06103877246	-3.09573274748553	71.8946159616226
348.49444799722	337.963596592688	-0.17181559295156	76.6400179745548
348.496731585561	454.08212345381	-3.09720225197079	72.0095973915018
348.982797862103	337.884868806788	-0.164117176451018	76.7634238678019
348.995735107855	454.103602630075	-3.09538333730947	72.1241054899812
349.471920102417	337.806567954797	-0.151176340037624	77.0269315690249
349.494505271693	454.126608036026	-3.09262387841226	72.2214208481425
350.029072155401	337.71877808956	-0.133558492520947	77.5844685628423
349.993292072911	454.151121554185	-3.09191993213037	72.294902694923
350.519670441137	337.654188291431	-0.120095201116829	78.1094667797775
350.508028382888	429.524772252341	-0.30559169693856	16.0405030707756
350.492364453819	454.175852907022	-3.09394709746212	72.371573635111
351.011989420963	337.597607049404	-0.109859532693056	78.5243324880472
350.991709360373	454.199877944851	-3.09737841942971	72.4737142369496
351.505509711472	337.546249382301	-0.103341070599961	78.7758698671871
351.491034185716	454.222746757868	-3.10020384475515	72.6238498274558
351.999714000326	337.497555004297	-0.100651196169615	78.8402390688227
351.989963729661	454.24536613484	-3.10110759301402	72.8099460301309
352.494072752336	337.449190676644	-0.101676821555904	78.7172903520711
352.509371635154	454.268534634069	-3.09970748019659	73.1386107380518
352.988075230217	337.398974627664	-0.106013114075675	78.4289681754443
353.009165153635	454.291376662858	-3.09744107513466	73.3701965617468
353.48130113605	337.344847218891	-0.112907800950934	78.0157083259549
353.508582624795	454.314664289039	-3.09638219568505	73.5746061271652
353.973477459628	337.284952417543	-0.121579573742695	77.5316537004889
354.007562337178	454.337578208043	-3.09775866084845	73.75630620078
354.527172373319	337.207072179322	-0.132572714382623	77.0062435617296
354.506359874215	454.358958643465	-3.10086332515631	73.9338672393622
355.018084711734	337.137834814803	-0.140461322790572	76.7420305167766
355.005230716856	454.378591455442	-3.10400699791037	74.118372942014
355.508991257117	337.069798788849	-0.144434186081722	76.5636424677181
355.504269971531	454.396744133409	-3.10598555190766	74.3004429973933
356.000395744406	337.003174538343	-0.143300404727215	76.4775758197662
356.003435818374	454.414124250453	-3.10687710953241	74.4559223529974
356.49253806428	336.938042420599	-0.138221637808832	76.5028021815006
356.502680616274	454.431017636947	-3.10750835023605	74.5726651426512
356.985218931687	336.874159869924	-0.130728021655559	76.6349818896058
357.00199360078	454.447499002666	-3.10838140056498	74.6609626180704
357.478133407398	336.810910308604	-0.122541708803799	76.8675547883675
357.501376664283	454.463474645334	-3.10920332686351	74.7350568601382
358.025974796227	336.739938579581	-0.112812629907153	77.3073824305581
358.000795608722	454.479130687816	-3.10953090952139	74.7933736713993
358.519361315436	336.683351003044	-0.103989646999536	77.7996566225541
358.500205757475	454.494705273456	-3.10941755786245	74.8263310821137
359.013608323836	336.633108140984	-0.0950823614811423	78.2854946582253
358.999591141266	454.510367000722	-3.10920246715037	74.8339372890295
359.508695898865	336.588253603875	-0.0870675608736308	78.7187077629141
359.49896002916	454.526144802177	-3.10903349023992	74.8250086124368
360.004522042995	336.547409197385	-0.0812701385939373	79.049045639354
359.998322279689	454.542005055209	-3.10896779754287	74.8033233110618
360.50084124335	336.508979346985	-0.0785439803036043	79.2361532131482
360.497703655932	454.557892842479	-3.10923320920634	74.7620115722494
360.997315618883	336.471259030594	-0.078500145581983	79.2623663740756
360.997164110169	454.573573558875	-3.11003034137247	74.6916168956178
361.493743509496	336.432977958036	-0.0798709261724776	79.1332165760005
361.496733848135	454.588907286811	-3.11101846620375	74.5898092052067
361.99013793014	336.393457864354	-0.0817392524306474	78.8706418836421
361.996320180387	454.60395337085	-3.11119503313446	74.4606354604272
362.48647317267	336.352081687499	-0.0844288201731119	78.5069097588078
362.495709141229	454.619451958054	-3.10956540477338	74.3063819837431
362.982486864505	336.30802599031	-0.0888029640890105	78.0784689908937
362.99478030412	454.636248552843	-3.10633836611756	74.1239584631959
363.477817338061	336.259766865476	-0.0950009969185104	77.6249489653275
363.509746601939	426.565477590592	-0.131123796556118	16.078269438857
363.493692949852	454.654933728787	-3.10318062092975	73.9146161003533
364.019805179846	336.200734105739	-0.102106974693471	77.170429904273
364.000524167735	426.503522780444	-0.131217277012379	16.0683165967154
363.992787144231	454.674951722755	-3.1018310270834	73.6911885697007
364.514406332144	336.147510050305	-0.106309029778788	76.9030052677906
364.492200371766	454.695482161598	-3.10230357468432	73.4767067265274
365.009038926891	336.095765286158	-0.107263581166435	76.6931525124429
364.991707736707	454.715810065019	-3.10295703693646	73.2859668752411
365.50413220479	336.045642015026	-0.106145184941974	76.5628393874916
365.490926753785	454.736543559306	-3.10195214991746	73.1183971179333
365.999730338383	335.996936744966	-0.104263997131583	76.5155019177664
366.010040165469	454.759927487156	-3.09891352741922	72.8908017869082
366.495547547914	335.949023776208	-0.102420817845213	76.5572714473246
366.509473630099	454.78444864831	-3.09538107657516	72.7825412248539
366.991337375572	335.901294618386	-0.100099546453956	76.6719012355594
367.008686625157	454.809778268961	-3.09246842683654	72.6687034224744
367.487023002622	335.853414616267	-0.0970956491848117	76.8566796625314
367.507700524863	454.835784431171	-3.08985800070579	72.5469891678875
367.982675390871	335.805026969969	-0.0929802525314128	77.0932058536562
368.006592822238	454.862263068448	-3.0871500627268	72.4075775572352
368.478606705671	335.756306720558	-0.0875402391739492	77.3659599894157
368.505335014173	454.889352834809	-3.08501931460572	72.2700362124946
369.016683973825	335.707275544987	-0.0802511136125049	77.8367614842937
369.00394280787	454.916368091211	-3.08511043276442	72.1567172853778
369.512854419767	335.667939791686	-0.0729825129375732	78.1656006208758
369.502567827579	454.942348674508	-3.08787709208124	72.094263817893
370.009594143524	335.633006571914	-0.0659512981948213	78.4456080205686
370.001400676616	454.966407541474	-3.09191410820641	72.0720506867562
370.506922061013	335.60187438301	-0.0599629386709929	78.68578620553
370.50045436837	454.988801866391	-3.09440100418287	72.0816579747756
371.004744122347	335.573591557834	-0.055475050814977	78.885512487048
370.999551608347	455.01069848532	-3.09405395633911	72.1077070557242
371.5029326211	335.54732830141	-0.0525748564592572	79.0301460552429
371.49852262718	455.033263735947	-3.09204734384037	72.1508242327447
372.001343462932	335.522259562587	-0.0508490888898122	79.1055756524488
371.997373442608	455.05682102996	-3.09065646951863	72.1916793304782
372.499876846757	335.497920217201	-0.0496242823650819	79.1165477760148
372.49621539293	455.080944622195	-3.09051058588001	72.2293508225218
372.998489874691	335.474097050857	-0.0485582034153564	79.0861030052657
372.995082061194	455.105377425684	-3.09080116479526	72.2669466121984
373.497142763313	335.450611482079	-0.0479678855029664	79.0346130853109
373.493906472763	455.130162880209	-3.09043027010576	72.3278096742134
373.995756777956	335.427095231146	-0.0484179364620501	78.9630458120693
373.992592258243	455.15586684109	-3.08939167811977	72.4119298442387
374.494252709504	335.402871846316	-0.0501566518871813	78.8576596880197
374.491136037861	455.182684508294	-3.08840864887026	72.5196887470113
374.992625352496	335.377360106312	-0.0529130889544078	78.7014329026632
374.989691021208	455.210673517264	-3.08868574661898	72.6361575854293
375.490926532969	335.35001303824	-0.0560871798671309	78.478387776846
375.488558790152	455.238956717724	-3.09092342805335	72.7602282498618
375.989226195799	335.320769937196	-0.0588691749667468	78.1803157468787
376.010098696124	455.266875725109	-3.09509588835128	73.0003508484509
376.487547495491	335.289684758725	-0.0606035087468429	77.8270099205298
376.508610275754	455.290213084644	-3.09941602186564	73.175242435002
376.985908931954	335.257369313879	-0.0611409212582976	77.4665075042777
377.007572980374	455.311312510139	-3.10258845754319	73.3581728909735
377.51331980408	335.221468333962	-0.0613606767293372	77.1052319052484
377.506859579183	455.330932329066	-3.10402314574229	73.571701594447
378.011032677568	335.188696314116	-0.0620833653610941	76.9236595387999
378.006168873764	455.350023745088	-3.10447403090972	73.8291774230286
378.509001659796	335.156493907882	-0.0636585803867006	76.7911349066519
378.50534738349	455.368637620472	-3.10515601793696	74.1160762241227
379.007108982986	335.124646947251	-0.0651255746596537	76.6759907081177
379.004479177175	455.386618335616	-3.10645463234552	74.386337034177
379.505224706931	335.093141275407	-0.0653951088025704	76.5699689642797
379.503733094054	455.40377293596	-3.10747331593061	74.591597634101
380.003387674392	335.062573806451	-0.0639099101976061	76.4690810958092
380.003123363431	455.420581907156	-3.1074852772384	74.7115409470668
380.501718759886	335.033276854309	-0.0614907419524761	76.3912515260011
380.507620551975	424.612261198893	-0.0608121149944735	16.116848473804
380.502521940632	455.437391116012	-3.10715027815617	74.7631090705881
381.000261482794	335.005278034108	-0.0592473101385615	76.33278164133
381.00572840724	424.584135734104	-0.0545570193700407	16.1240510419905
381.001840522989	455.45412750318	-3.10776564540611	74.7822532681066
381.498942669339	334.978088144141	-0.0581315984778527	76.2926039050342
381.504036424648	424.55898710953	-0.0498693823819167	16.0887373366362
381.501142190734	455.470164325297	-3.10969379671147	74.7999511292826
381.997670946356	334.95109792966	-0.0578522935545927	76.2568253395517
382.00242775308	424.535515347143	-0.0477717712310992	16.0253774148092
382.000533530008	455.485111264995	-3.11188970917152	74.8264929437111
382.496401608495	334.924020505969	-0.0575588687411514	76.2421249694453
382.500027109616	455.499217154639	-3.11274786862731	74.85049702627
382.995136468787	334.896921993084	-0.0562439406999204	76.2633739778618
382.99952207433	455.513380827273	-3.11155256816704	74.8523601382763
383.493925744978	334.870290147261	-0.0538173693447793	76.3395840559362
383.498905046117	455.52848741489	-3.10911830905165	74.8204084888618
383.992834927249	334.844378369583	-0.0505808684648293	76.4538399396781
383.998160202335	455.544811926947	-3.10686697803547	74.7534911847263
384.491933590442	334.819534033527	-0.0471272928345823	76.5928772104741
384.497382436096	455.562101255184	-3.10560906089106	74.6514439620427
384.991247610602	334.795659703018	-0.0437077981833451	76.7401104081672
384.996685822867	455.579827142089	-3.10538041184409	74.5136265266758
385.490779774731	334.772955050915	-0.0404503912725857	76.9025073585879
385.496093705812	455.59762858416	-3.10587320878101	74.3506840898758
385.990491817968	334.751229120712	-0.0372074894280407	77.0770809486988
385.995549113593	455.615162303552	-3.10675525263897	74.1881574752928
386.507624356118	334.731409504547	-0.033918897165443	77.3992695124583
386.494981332956	455.632412462097	-3.1076144264927	74.050690985722
387.00653798034	334.714208034091	-0.0309205939200017	77.624774530616
386.994347073206	455.649419823714	-3.10790031983834	73.9415261373955
387.505615787989	334.698730372131	-0.0284509275188454	77.8311911778122
387.493598534699	455.666744383985	-3.10708157571642	73.8428750186504
388.004889304527	334.684426047809	-0.0267368139064236	78.0025478046318
387.992729081573	455.684870097606	-3.10515655580457	73.7286139000322
388.504381582633	334.67102762977	-0.0256498808626599	78.1391591946344
388.491805960294	455.704440036763	-3.10271756008491	73.5811754171094
389.004001147284	334.658187784704	-0.024542391295254	78.2562916432403
388.990941141309	455.725438246354	-3.10051457144448	73.394502727598
389.503603217987	334.646171381824	-0.0228202574969391	78.3709084652008
389.490128092679	455.747961718812	-3.09868592022538	73.1770794495784
390.003145241716	334.635158219801	-0.0206321981826687	78.4847202973452
390.009681851524	455.773326694487	-3.0967747120024	72.8997183150652
390.502717036946	334.625268827416	-0.0188349418816027	78.5893934281752
390.508793137496	455.798057508994	-3.09455309648948	72.7256295268122
391.002369509294	334.616050200675	-0.0178837718500865	78.6757921361452
391.007969997006	455.823138013703	-3.09215399320422	72.5713458975914
391.502051052784	334.607250772531	-0.0172569257672763	78.7400241670068
391.507030911217	455.848737103939	-3.09018925547945	72.441986483274
392.001721996115	334.598786240998	-0.0163423846673011	78.7829416316075
392.005903493068	455.874304033129	-3.08944651348055	72.3174155370451
392.50143510448	334.590837873419	-0.0153520732098421	78.8131044382249
392.504669010555	455.899475598453	-3.08985889849515	72.1962834717532
393.001242910816	334.583238915236	-0.0147820698913642	78.8444548302624
393.003475016577	455.923923455882	-3.09058872930386	72.0863902027361
393.501123511679	334.57583583478	-0.0146076852782935	78.8888290228547
393.502370917604	455.948071310578	-3.09022390475027	72.0224906750144
394.001019975748	334.568475075217	-0.0144840971084821	78.9480165964893
394.001282062375	455.972579203666	-3.08830942550596	72.0188386329878
394.500901827534	334.561232863417	-0.0142699841200294	79.0149242714592
394.500093025085	455.998074471842	-3.08561136277859	72.0819757464937
395.000758969542	334.554113859292	-0.0138903916859533	79.0772246453869
394.998797868105	456.024507347684	-3.08398861399058	72.1851605961457
395.500591115286	334.547290110885	-0.0130797102634512	79.1197482456008
395.497532570403	456.051190799596	-3.08458965125589	72.307374669881
396.000418335389	334.540981436515	-0.0116928981387762	79.1297819343149
395.996415892981	456.077333759156	-3.08711244143887	72.4176949367617
396.500276735792	334.535428903774	-0.0101063100575461	79.1069632198586
396.495381324618	456.102538652738	-3.08974493789338	72.5078599891186
397.000186600509	334.530552101981	-0.00895357358917899	79.0640411866045
396.9942593268	456.127256108301	-3.09135464819323	72.5712833981784
397.500137840996	334.526069936491	-0.00856092926461645	79.011825021595
397.493052553782	456.151896522384	-3.09222902304169	72.6346425922735
398.00010388551	334.521625041351	-0.00872105836440462	78.9437697799962
397.991927595958	456.176734654743	-3.09334397787059	72.723093637933
398.500066835165	334.517091288538	-0.00888919320108521	78.8393335618211
398.490952817922	456.201483567045	-3.09467732652311	72.8616997292345
399.000029717047	334.512571224461	-0.00860287110321317	78.6843950831675
398.989923820907	456.226442718661	-3.09568245733672	73.038352571684
399.500004733617	334.508329988835	-0.00777096818224525	78.4882111045149
399.510361726406	456.252836394785	-3.09620372079359	73.3343488401274
399.999995653138	334.504578063682	-0.00662333993289378	78.2793194638238
400.009504475694	456.276971415814	-3.09707914224964	73.5917726569342
400.49999715638	334.501382783609	-0.00557395135153072	78.0825254197551
400.508347786084	456.299733908248	-3.09954405595885	73.8328417575423
401.000004096329	334.498592319974	-0.00508267325756745	77.9009713802114
401.006919831233	456.320436860593	-3.10385297966052	74.0288726149331
401.500015297197	334.495903169621	-0.00529348105424834	77.7207678055444
401.505607731472	456.338416536849	-3.10854020087607	74.166925170751
402.000033681786	334.493111909614	-0.00563184753651362	77.5294629868178
402.00475417508	456.354304927329	-3.11144114074497	74.2626886747404
402.500065456237	334.490414795282	-0.00506551748306269	77.3269251018257
402.504384837347	456.369315464454	-3.1114261115455	74.3561704987983
403.000110428683	334.488391148579	-0.00316139863201669	77.120864983887
403.004195712129	456.384900171608	-3.10946931949961	74.4841384588699
403.500151413443	334.48749912142	-0.000735828005174939	76.9139785089656
403.503839378599	456.401366731158	-3.1078123846913	74.6574623265054
404.000168846285	334.487642107569	0.000835457139596528	76.6967912943146
404.003220978915	456.418191745319	-3.10790191831136	74.852750432135
404.500165807833	334.488213103761	0.00095214950044902	76.4527314520215
404.502512301315	456.434512219765	-3.10907596297117	75.0276278423892
405.000161636764	334.488692608404	0.00044286541856424	76.1697084542327
405.001879660643	456.450278901596	-3.10960631494695	75.1460173604838
405.500168632959	334.489158574406	0.000834106963905454	75.8476811386545
405.501321359048	456.46603168656	-3.10871568126341	75.2015849854718
406.00017596721	334.490261060004	0.00277939626519909	75.4974098425262
406.00072307973	456.482348648229	-3.10733327247001	75.2153968760944
406.500154790466	334.492548891496	0.0053894458915671	75.1316051976402
406.500037529275	456.499110005463	-3.10691302822501	75.2064820435914
407.000090188423	334.495978624839	0.0072984612902362	74.7577336762922
406.999344150812	456.515755343765	-3.10777457816972	75.1739441637801
407.499998890506	334.500048529637	0.00805425051030211	74.3777330043299
407.498712034678	456.531948225863	-3.10876931477707	75.1124600136342
407.999900223132	334.504339560947	0.00828765662808792	73.989367825529
407.998102724723	456.547905921109	-3.10883459659361	75.0306247354946
408.4997885889	334.50884280386	0.00892852062208042	73.5855278713743
408.497455986155	456.564090172467	-3.10818948920349	74.9440596408916
408.999637917888	334.513893011179	0.0104812294824163	73.1571959845459
408.996771544972	456.580649722901	-3.10743221519609	74.8572612468244
409.499420940579	334.519911930242	0.0127874022862228	72.7004779707796
409.496068911465	456.597709576126	-3.10654212945832	74.7594398890682
409.999130834296	334.527098103795	0.0152172165630284	72.2197890196004
409.995402862065	456.615294881258	-3.10562486276952	74.6340741083709
410.498791112402	334.535367715009	0.0171495570141277	71.7243345923352
410.494887616631	456.633358186088	-3.10547245256497	74.4708253104817
410.998445757796	334.544418532971	0.0184963114852953	71.2279455338719
410.994551086108	456.65133972999	-3.10632643266996	74.271618242528
411.498119244202	334.554122565773	0.0198278929807012	70.7541636053823
411.494120389715	456.669160015949	-3.10681035111891	74.052663506695
411.997790385299	334.564593399182	0.0217685865997873	70.3300057110524
411.993225122989	456.687305478913	-3.10534636607936	73.8343962425193
412.497392233571	334.576202493924	0.0243768289136285	69.9643234161499
412.491792478675	456.707052232786	-3.10182349805035	73.6309402477508
412.996855430031	334.589166605349	0.0273442991158744	69.6375293256501
412.990129000217	456.729070465441	-3.09758960801234	73.4386199116293
413.4961318392	334.603732202471	0.0305932979865714	69.3215074258101
413.511589956276	456.755172058676	-3.09396970341591	73.1659852913915
413.995197577043	334.620057700093	0.0343510954793808	69.0010941909256
414.010349017945	456.781944064342	-3.09218829533948	73.0208772379968
414.494017657021	334.63857556195	0.0387828114509665	68.671265687009
414.508906862586	456.808333866085	-3.0919724216018	72.8779468812767
414.992580020928	334.659529296166	0.0435508595061949	68.3219070150439
415.007533758603	456.833649763263	-3.09247454322289	72.737317007661
415.490937586958	334.683137158266	0.0478516847412051	67.9415377200121
415.506322007734	456.858195553234	-3.09247952459891	72.6036536435716
415.989253607737	334.708945160157	0.0508174744803002	67.5284629670175
416.005219530686	456.882311652894	-3.09172481978535	72.4602030324817
416.487701385727	334.736475109681	0.0522735492318389	67.0978497275445
416.504136487453	456.906517345047	-3.0906455965414	72.3059197873804
417.013355871277	334.767113942987	0.0530611676838948	66.6101782250864
417.003074351411	456.930865752197	-3.08953111408311	72.146772472399
417.511402869024	334.796120165588	0.0544509981215731	66.2682088947331
417.502027163821	456.955699787095	-3.0877739559048	72.0242065671625
418.009594441452	334.825056184421	0.0574067473164079	65.9708666320418
418.000896244007	456.98132058309	-3.08565354927924	71.968133970193
418.507959305442	334.855007061676	0.061917923064539	65.735282021979
418.49961889239	457.007691431327	-3.08441464776632	71.9942466831055
419.006424002077	334.886410517488	0.0670904333998869	65.5566562313905
418.998319079659	457.034165962489	-3.08506554104051	72.0727014877508
419.504805249682	334.919586547269	0.0720474582101924	65.4329302437938
419.497129984265	457.060168208871	-3.08648533210511	72.184836702108
420.002905865035	334.954224227529	0.0756123409778686	65.3496504652901
419.99596882643	457.085907468069	-3.08710410025344	72.3175412151942
420.500677080495	334.989774319578	0.0770663525877095	65.3094793669875
420.494670171182	457.111934810939	-3.08673212547297	72.4761769381949
420.998289558194	335.025456025841	0.0764795506828882	65.307172122174
420.993278871665	457.138628475286	-3.08704931725664	72.6350448625733
421.495924396273	335.060846679486	0.0751695170674607	65.3474905015324
421.492144673626	457.165311364918	-3.08960803170383	72.7681059628287
421.993633303667	335.096086342015	0.0737389183849617	65.4176315407456
421.991558370971	457.191013439926	-3.09444596510774	72.852310146389
422.491464315245	335.131307590483	0.0719204022365856	65.5192521045691
422.491361520268	457.214719607862	-3.09958030531564	72.9111098354714
422.989447049477	335.166571557946	0.0692075003553016	65.6500493215054
422.991036848972	457.236813595258	-3.1031119342765	72.9813561783462
423.487418914582	335.201656103675	0.066377685670626	65.8172178610515
423.508521026205	457.258277648698	-3.10457419786477	73.2134138982306
423.985108406712	335.237054613607	0.0640758830144165	66.0044304224419
424.007954172246	457.278075431827	-3.10453848740403	73.4465706948965
424.513695520288	335.27354862399	0.0619182726219542	66.3315120975099
424.507559999756	457.297771539708	-3.10370933308845	73.7164694331351
425.011806953991	335.30536056735	0.0592297231627011	66.5748084412572
425.007191947446	457.317823025667	-3.10251936273213	73.9739407218131
425.509833905174	335.334883144686	0.0558888345509903	66.8006256053349
425.506724666766	457.338095243603	-3.1015597567284	74.1900331287722
426.008013208292	335.362359040903	0.0528082459592451	67.0093619474622
426.006027635879	457.358393110059	-3.10179567647698	74.3681670882786
426.506463772825	335.38819680065	0.0509168880152635	67.2007516399819
426.505108163023	457.377878567083	-3.10372417672969	74.5275910575545
427.005087114012	335.413224621089	0.0503388983035171	67.370721044113
427.004150787855	457.396021170447	-3.10656635913324	74.6775201487201
427.503726753441	335.437943627057	0.0505291328099927	67.5160565779054
427.503362592793	457.412750839614	-3.10864007590742	74.8180821704191
428.002290750876	335.462654611431	0.0508107537912996	67.633084457471
428.002746681894	457.428801836145	-3.10925208984377	74.9495367187336
428.500788094787	335.48732559612	0.0509069118501168	67.7131431494739
428.502163703433	457.444630734222	-3.10945268690177	75.0741981754123
428.999248332197	335.511976478999	0.0509934275273888	67.7420528588258
429.001546489722	457.460186880566	-3.11033222514779	75.1897433910152
429.497664775842	335.536803701961	0.0515677515496304	67.7089723043015
429.500946086004	457.475160054674	-3.11145866654553	75.2879600450186
429.995981830125	335.562267697176	0.0532647958510908	67.6130026508068
430.000387369159	457.489709534686	-3.11185450936801	75.3548477801006
430.49410963514	335.589134551651	0.0564997963077609	67.4582155250778
430.499843814296	457.504188401593	-3.11168297534093	75.3700602825115
430.991975758361	335.618153360052	0.0610557224963736	67.2463402316469
430.999340432793	457.518577115555	-3.11240143254837	75.3142142387937
431.48954679003	335.650027001698	0.0661631877261317	66.9803017252115
431.499038424337	457.532009749735	-3.11610970958093	75.1865837696477
431.986828507413	335.684979596737	0.071135400213002	66.6716701861969
431.999225194516	457.542467595649	-3.12530311224286	75.0197353372555
432.483765672252	335.723380825143	0.0760311163043962	66.3449987643268
432.500098977885	457.546736326718	3.14110931665333	74.8739589305552
433.018068131114	335.7696239539	0.0816873610702589	65.9694356615813
433.001256614453	457.540598440038	3.11665160298915	74.8037518975608
433.51475268598	335.814694734366	0.0872922734594697	65.785989241631
433.501367398231	457.521087914016	3.08692071056008	74.8082609182578
434.011304962323	335.860083933243	0.0927577046430494	65.6571364923229
433.998722036212	457.487048698213	3.05574919363479	74.8040507416001
434.507731201146	335.906181958785	0.0978795615462385	65.5901710403924
434.492171075438	457.438941445319	3.02641519912118	74.6705917986643
435.00397842198	335.953119450119	0.102356547298023	65.5798149622514
434.981428564764	457.377288435001	2.99993554256083	74.3310926822231
435.499885077421	336.001303037251	0.106232527155131	65.640600018256
435.466606283337	457.301048131374	2.97552382314245	73.8069504926574
435.995322360372	336.050990891514	0.108690756092333	65.7794455776424
436.035128535486	457.187921021054	2.9494877508989	73.2132816375708
436.490349242828	336.102130424479	0.108728155922943	66.0031625891553
436.517480893309	457.091104370541	2.93516894377214	72.995402122246
436.985214968546	336.154415793472	0.105416169261618	66.2885232161573
436.999113186224	456.995415664512	2.93088861250188	72.9378381008573
437.480215021732	336.207209276446	0.0994232433790202	66.6255575074282
437.480700140935	456.899668261267	2.93607196635819	73.0562090282467
438.020452877542	336.26441012736	0.0910816872484533	67.1635592411236
437.962627819623	456.802346044554	2.94960594323317	73.3254174950404
438.516016234377	336.310098835741	0.0834329280086308	67.6965329074619
438.533039355299	456.68710229777	2.96966706389501	73.9825711448809
439.012234349199	336.350896368806	0.0763022445522668	68.2326632430412
439.01835346319	456.605705572283	2.98217946288761	74.5013496032136
439.50902967033	336.387583662179	0.0704740472268756	68.719356994747
439.505472535574	456.531766294659	2.98853706812309	74.7722900538878
440.006229834617	336.421314837525	0.066521439480999	69.1087962930426
439.993122151032	456.460069599209	2.98867128450829	74.7372363709217
440.503685277482	336.453224913396	0.0648379708778325	69.3756827024298
440.480179034614	456.385832485489	2.98238838316098	74.4205419687199
441.001219071805	336.484753143812	0.0661128313852084	69.5119899302165
440.965468126181	456.304095464305	2.97009900783799	73.8976956016706
441.498520462387	336.517685476257	0.0713600728783722	69.5151967112425
441.535434131802	456.18933855552	2.95103449688302	73.2719893218089
441.99513678017	336.554184959236	0.0807408223092322	69.3880736944931
442.017698224441	456.09372058137	2.93860651627955	72.9869097824811
442.490714510138	336.596260090956	0.0927671229040747	69.1510587062878
442.499825212306	455.999078068034	2.93303435984167	72.8664630417614
442.985223004132	336.645227247628	0.105374317203912	68.8474573566496
442.981705420785	455.903720142981	2.93563197291819	72.9569835335666
443.47874181821	336.702195985515	0.117519648289418	68.53501792965
443.4632977829	455.806266029271	2.946886961751	73.2587675216102
444.024658216492	336.776420227071	0.130170095007023	68.2828013013268
444.033552127881	455.689436656261	2.96784003265415	73.9809708839957
444.517420798232	336.84560240122	0.139636872001442	68.3221587497198
444.51854303139	455.60761691768	2.98307389187327	74.586641521373
445.00997707887	336.91396828972	0.145750931793308	68.524041555033
445.005825246786	455.534651751857	2.9921355825307	74.933406412238
445.502164058491	336.98175784238	0.147755760778745	68.9088407677672
445.494150241777	455.464927721134	2.99314277157421	74.9426447178103
445.994143165937	337.048846415991	0.144986526419728	69.4453372844968
445.981854467096	455.392809957313	2.98574094263286	74.6273975875158
446.486175390998	337.115251668471	0.137664876176826	70.080597197956
446.467306957816	455.312557337214	2.97123542422584	74.0768054096234
446.978339547917	337.181461390156	0.127519716861417	70.7423591567205
447.037340373791	455.197814441094	2.94920031661299	73.404630964272
447.470585909782	337.24831966002	0.117496306917533	71.3897961694792
447.526322226302	337.25658425883	0.116407173142036	71.6348509254955
447.519300314561	455.099968123305	2.93426535437975	73.1428715975682
448.020008711826	337.314973190306	0.109947867129128	72.3723904723908
448.000593033097	455.003031296782	2.92764556301995	73.0661651563755
448.514200101838	337.368776232967	0.106991051829282	73.0056624954941
448.481540278321	454.905595469942	2.93087200268112	73.1980877780174
449.008681830032	337.42046138722	0.107162811043893	73.502068962131
448.962851924164	454.80644504798	2.944894412081	73.5012437600657
449.503124934572	337.471981997012	0.110041269465439	73.8254207065123
449.533399802864	454.689197161653	2.96853319181366	74.2046029095064
449.997091813831	337.525244736047	0.11507097649416	73.9459508085476
450.018487801614	454.607890420544	2.98405329154258	74.7728223130746
450.490175855321	337.582154477816	0.122167144663083	73.8638249246047
450.505916842451	454.535011519573	2.99158532511062	75.0934784249561
450.981952045531	337.644921199471	0.131909092968818	73.623443506409
450.993992192444	454.464587781997	2.99088013802166	75.0939399499153
451.471704079346	337.716766707958	0.145019848763147	73.3121502260019
451.481250114456	454.391206834129	2.98291636554774	74.7838730206347
452.026740529865	337.809855581532	0.162023305297022	73.2190410655799
451.966518590465	454.3096048495	2.96914738156581	74.2563502543778
452.515915720787	337.891226471394	0.174066919460874	73.2940603381091
452.53618492562	454.194235000464	2.94942369642852	73.6619799504063
453.004047609006	337.973029179283	0.17968561343451	73.5064190795534
453.018339502085	454.097594428347	2.93783942747426	73.4700109755225
453.491548988006	338.055641738044	0.178388662010572	73.8577687973954
453.500563701262	454.002990160749	2.93424971027344	73.447583612206
453.978762451616	338.139557098001	0.170513676771536	74.3251202271748
453.98287303501	453.908912179855	2.93903175753639	73.5790096524542
454.465898199331	338.225546953012	0.158183375075493	74.8835787725416
454.465284718905	453.813665204235	2.95117352640396	73.845805045926
455.025600265641	338.317393383546	0.143774764414505	75.9063195222035
455.03500269535	453.699004820368	2.97020508205684	74.4600465746456
455.516074015934	338.385386491807	0.135319065038769	76.511959834248
455.52037746925	453.616930548121	2.98189598394701	74.9981565561902
456.007218005708	338.449001637066	0.131743909855983	76.8513955158783
456.007368029946	453.542142783656	2.98649834500437	75.2976998449496
456.498309541325	338.511748936679	0.132975628095627	76.8891357074173
456.494526357791	453.469114207108	2.98397523253303	75.2496089124305
456.98866731671	338.577007659029	0.138986272225984	76.6542257103681
456.980647950107	453.392591048704	2.97532765286579	74.8443885105659
457.477471597063	338.648426264398	0.150365610828335	76.2229884692513
457.464799778865	453.307240138854	2.96167838029882	74.1863348968328
457.963599134717	338.73043520522	0.166506144249215	75.7051952326444
458.03604674181	453.187034672876	2.9429633643935	73.456760520437
458.527620070878	338.83827455378	0.186066443492668	75.3979146252993
458.517054034383	453.088706664975	2.93330131674775	73.1742192115204
459.012443662915	338.928960957326	0.196653650594163	75.2811940715318
458.998643458232	452.992901330395	2.93212843569995	73.1038056732256
459.496466013907	339.019955270661	0.199410059248297	75.3121453762483
459.480689329017	452.897861276942	2.93874249686159	73.2454660585738
459.980127680496	339.112214719746	0.194341893827841	75.4952732821375
459.963195594811	452.801753501744	2.95261475285941	73.5342543125446
460.463507940603	339.206904596013	0.182898792983618	75.8255841748504
460.532712339337	452.688561268748	2.97258102298497	74.1736169402225
461.030875268069	339.316297160309	0.166538842146522	76.6042998734499
461.018443495024	452.608520752688	2.9856573245879	74.6718144939388
461.517618957663	339.395215180777	0.156158390852883	77.1494367720379
461.506059382773	452.536124937992	2.99280946520553	74.9599877665827
462.005358974535	339.468138406561	0.150766560450776	77.4642233949123
461.994355583813	452.466331899717	2.99297114934248	74.9828144073912
462.493351439088	339.539376005319	0.151534426506544	77.4821831951276
462.481953283511	452.394113273495	2.98545466418218	74.7327056907925
462.980472178577	339.613752775743	0.159917447784828	77.1980523310509
462.967284220965	452.313938438336	2.97064387716414	74.2590547107683
463.464928263763	339.697262002111	0.176597511837193	76.6829973219887
463.537662803734	452.198465991441	2.94781616952193	73.6576770135872
464.035568477532	339.817290039574	0.202523954096386	76.1281346907098
464.019349240952	452.100022436302	2.9331171005008	73.4515339270279
464.516437356603	339.918582097564	0.218742719404867	75.933798505882
464.500560296484	452.002882109435	2.92748726362797	73.4324806450111
464.996008865681	340.019476708496	0.223265986517871	75.8968187371485
464.981817148736	451.905845325139	2.93233099643947	73.5967862951397
465.475435901129	340.121027895329	0.215280575894889	76.0135789923247
465.46351746484	451.807641479056	2.94682736854299	73.8964699049741
465.955587515149	340.22467693914	0.197427085421382	76.2510392393492
466.033815562302	451.691184691221	2.96949219491195	74.5188674179773
466.529387296279	340.342271407375	0.176479052157456	76.9137644110291
466.51904822982	451.610038069787	2.98346090134132	74.9767183223167
467.013939197929	340.425351906239	0.168904115276864	77.2888326423957
467.00626325872	451.536500760557	2.98938312925243	75.1870053040905
467.499057106258	340.504921682506	0.171572892642222	77.3830794409229
467.493919028587	451.464759919318	2.98740352968258	75.1081520056265
467.982563364703	340.587559522508	0.182434436372053	77.1535029461595
467.980659806458	451.389614792401	2.97887655280569	74.7572476908948
468.462687775391	340.679807536915	0.199773189103221	76.6455653941879
468.46533241931	451.305921146638	2.96531292910789	74.2179474350821
469.040953478598	340.816871640059	0.224951607284733	76.012430385644
469.035605528929	451.18843291926	2.94680045075852	73.6430085288065
469.516579971042	340.927163959931	0.238642606302111	75.7927808953927
469.517400500385	451.091400600606	2.93645227593468	73.4550686065952
469.991874010781	341.035645148344	0.241105088073531	75.7217215512226
469.999353455109	450.996606791537	2.93402175757346	73.4275756433154
470.467191403106	341.145538673083	0.232500952593454	75.8279031872479
470.481448696406	450.902216295179	2.9390501579173	73.5702829341596
471.045394750733	341.288029211988	0.211473944662577	76.3014407555368
470.963609798722	450.806338236391	2.95124356847498	73.8521606215382
471.523716430332	341.388568936287	0.198413570979812	76.8399156349054
471.533967652682	450.691610705594	2.97002323218202	74.4979808220444
472.004287740465	341.480073988116	0.194914430787346	77.0868596213137
472.01922766246	450.609981019011	2.9823475873061	75.0247688537473
472.484311755012	341.571195936243	0.201025320579015	76.9365731497117
472.506232966063	450.535969571762	2.98872761156029	75.3125962169101
472.961299410755	341.670388042452	0.216049696523311	76.4485927397662
472.993837050622	450.464362100381	2.98855139627217	75.2885234467978
473.543775291034	341.819786229775	0.2422874489487	75.8314213824008
473.480898037235	450.390162508299	2.98173828537895	74.9627214622333
474.015541463309	341.937448052465	0.257295860072915	75.6650713685268
473.96617051617	450.308135803822	2.9685902005777	74.4204488561566
474.486477384273	342.053713807336	0.261175873538804	75.631426326123
474.536027548379	450.192090896287	2.94802305419757	73.7942404493478
474.956229992741	342.173591353959	0.252882486508812	75.7241579539056
475.018005621271	450.094750548196	2.93516493153692	73.5588584203534
475.540679600838	342.332602253599	0.2323810869732	76.2761571565961
475.499822919302	449.999070319226	2.93142971794454	73.4911240020079
476.014601901061	342.439612940784	0.221961761677194	76.7282479103464
475.98186551116	449.903899415183	2.93782422329956	73.586672082047
476.490130779849	342.540521655374	0.222350814002977	76.7938275065462
476.464339876251	449.808037071934	2.95210497143869	73.8248305784674
476.963659990034	342.64634761548	0.234475698612324	76.4240514534572
477.034107544062	449.694467553461	2.97240991368138	74.4079387346031
477.550284248264	342.809374562725	0.262332245765484	75.7554655591114
477.519653093728	449.613869001557	2.98505012654664	74.9150791097497
478.017121571292	342.936361602345	0.278677562103477	75.5863354233066
478.006956950349	449.540796114629	2.99135112958801	75.2468483730409
478.483410266398	343.061033141345	0.281972117692276	75.5374925558794
478.494913791606	449.470149918068	2.99029657551656	75.3226157271013
478.94818121449	343.190219568151	0.272306693248075	75.5960088345172
478.982174515992	449.39675809112	2.98199209876383	75.0988955893436
479.536499758604	343.363138470106	0.253064682882801	76.1441416638906
479.467463630434	449.31511563073	2.96801155689782	74.6104202088604
480.006021998539	343.477618506183	0.248090138410006	76.4345810212504
480.037123917175	449.199112428317	2.94835587033981	73.9662112103142
480.475137277662	343.590617266276	0.255283751788887	76.2873966925678
480.519118902543	449.101567092975	2.93621520155141	73.7021870184014
480.93904413099	343.716170677884	0.273421484709624	75.7881112206815
481.068405941948	343.764042265642	0.28019608979476	75.6165985106024
481.001132221262	449.005947003441	2.93162505600389	73.589394874661
481.528643196355	343.903292037625	0.298322644497123	75.5458210030987
481.482729311976	448.910318436064	2.934768879452	73.6536991306411
481.989201928054	344.036084981628	0.303737569758084	75.5453290358273
481.963929474406	448.812851423988	2.94623786941218	73.8796408885443
482.448333820573	344.172264344693	0.296501333601976	75.576265088033
482.535315549838	448.695193914543	2.96655647980519	74.5084176910189
483.040199379051	344.364539711275	0.280017639944101	76.0077236069024
483.019695646309	448.61239164246	2.98138535672996	75.0827424218677
483.50307373762	344.489802517629	0.27899189988935	76.1777383860505
483.506566219802	448.538494127625	2.99033032751999	75.4451429283205
483.964231832823	344.616015447784	0.290007818586401	75.860242861391
483.994610025154	448.468032801974	2.99188612681404	75.5018226395884
484.558551610462	344.819260639556	0.3168335842321	75.2433300307231
484.482260521694	448.395620773876	2.98557611151849	75.252747027316
485.011571518454	344.964679660263	0.32800466412201	75.2230183508175
484.967922834619	448.315697013113	2.97190787687832	74.7781488792169
485.464864347641	345.10696774431	0.325548211393801	75.2416482514753
485.537638764828	448.201468568202	2.94995942922326	74.1793169397547
486.058365912181	345.318961945617	0.307291653177242	75.5571713677604
486.019804548512	448.103720347674	2.9351032576506	73.9500241497086
486.513984790937	345.457062214157	0.302452837624281	75.99035794472
486.5013995786	448.007249527649	2.92901291105156	73.8524794965066
486.969778896409	345.590577010755	0.312252454670052	75.9369947123568
486.982743834651	447.910681057258	2.93287830631289	73.8954168005178
487.416978014386	345.740956742277	0.333036790178565	75.4690939144404
487.566919155659	345.810013604874	0.341197584279391	75.4514402237312
487.464065699338	447.812535918029	2.94520962867661	74.0806471853169
488.012462129406	345.965384238455	0.355267440323087	75.5561841351069
488.035240889837	447.694248103564	2.96577639096068	74.6201959326312
488.457384491918	346.11726267209	0.355482836129002	75.5753017823122
488.519656001991	447.611250218748	2.98066046038945	75.092435158274
489.052678559879	346.35373224993	0.34062325005625	75.8596497461245
489.00639099368	447.537232854121	2.99055123933809	75.3543340409748
489.499759527952	346.500662146308	0.338069297593248	76.0719709039854
489.494465062866	447.467108406087	2.99346920100361	75.3376834075194
489.945114581406	346.648853940509	0.347489086648795	75.6938591419926
489.982386784123	447.395534190559	2.98776748577681	75.0465184856641
490.540888103662	346.893686160813	0.371623754279965	75.3326770788668
490.468236279901	447.316518673944	2.97332287327029	74.5523757151548
490.979796805281	347.051725358113	0.378737661394722	75.3127504561759
491.038118372259	447.202708225594	2.94930222237328	73.9393243931145
491.413558939141	347.218730972257	0.376115189263233	75.1536820638321
491.576851331956	347.304678941541	0.373002565184058	75.2810583068734
491.520141759225	447.103808931731	2.93239050539858	73.7335832228762
492.013072816531	347.467331745133	0.372437108649834	75.656406034979
492.001176088902	447.005982938431	2.92553911445803	73.6752027333528
492.448645145102	347.625015024483	0.383068342106099	75.4477337197553
492.482122990145	446.908174406545	2.93047387587889	73.7824355130153
493.044622581496	347.896782751376	0.40877575036852	75.1671703717396
492.963981664824	446.809462747307	2.94680967070624	74.0482971463667
493.471287506661	348.065395691603	0.416286465921837	75.1528872932346
493.53361162035	446.694182876975	2.97206888126132	74.7190255542936
493.89069761017	348.248143480198	0.413273656880473	74.8590542358318
494.066584235528	348.34796461838	0.410372000948746	75.1319050458683
494.019267741071	446.61422442839	2.98777877562178	75.289911905402
494.492298785738	348.517498757723	0.410301974048758	75.3942419257703
494.507147361946	446.542535248595	2.99432800018152	75.6330727367236
494.914326421852	348.69159482825	0.420389262032128	75.0316917543978
495.091258390545	348.799188307588	0.427705270802179	74.9263778592669
494.995379012831	446.472912168368	2.9918697381892	75.6656282136383
495.508691308685	348.98131468977	0.439825125470902	75.1433812316236
495.482470142048	446.399868599089	2.98200604991942	75.3784910597252
495.923930041595	349.160365313808	0.444076957432909	74.9137788137432
496.106993832422	349.275699964564	0.444191506954583	74.781219406993
495.967240796725	446.318094493226	2.96658430379062	74.8401245441516
496.517598699272	349.463814255534	0.447456589468314	75.2198670966044
496.538518397267	446.2001802924	2.94488305409368	74.1633514114482
496.928579944179	349.643314787995	0.45821063364713	75.026780741288
497.118166964018	349.766583660654	0.465684135827077	74.7347994813212
497.01954772215	446.100679262052	2.93178221031882	73.926617419592
497.518974831898	349.96333134638	0.477916825682444	75.1163923705362
497.500587929424	446.003023238301	2.92687220469943	73.896330709096
497.921053703206	350.15038282278	0.482085598589485	74.9011809410586
498.114029994958	350.283912238844	0.481901353079129	74.7239188922737
497.98174350947	445.905597991256	2.93128829303163	74.0648391090721
498.511161669985	350.479152245888	0.483373128531743	75.1229095928432
498.463345265567	445.806852671556	2.94546760953442	74.3818314276814
498.908155340113	350.667791149516	0.490537048071632	74.7019049214093
499.106452655596	350.810356373083	0.49651196967496	74.5066757375114
499.033288930862	445.6900200699	2.96924057428294	75.0481147139882
499.497597361609	351.004165343706	0.504458243521398	74.5585635149868
499.518598982917	445.609153829455	2.9846615156322	75.5520184999297
499.882050448179	351.19992973815	0.506700129305909	73.6997367902862
500.090401885029	351.351710598738	0.508857960713145	73.6041886123625
500.006151239897	445.536440307523	2.99169022653128	75.8010943091344
500.475137841503	351.540034706936	0.513572410015652	73.1382235909042
500.494197683826	445.465911719036	2.99053457319562	75.752532191109
500.843550799514	351.746301639998	0.525484849078046	71.715143264849
501.064654999552	351.903067672085	0.537339408229145	71.6843232301755
500.981366745777	445.392399094351	2.98280793635466	75.4341799468368
501.43502069589	352.095539690406	0.552089225914023	70.6933215121875
501.662235925377	352.274752308663	0.568343538709887	69.6791723637455
501.46654928204	445.310932264565	2.96963248844687	74.9297098598007
502.011597009304	352.48407519354	0.587352798209613	69.2939194923501
502.036894933278	445.195800611291	2.94998969891189	74.3438888552084
502.35494934409	352.69613896132	0.607494176190479	67.8445303839771
502.58025509297	352.896393058689	0.628524643076333	67.6144066332642
502.51898052485	445.099064977661	2.93724663290658	74.1157319600494
502.917119664917	353.106346285611	0.642176826753459	66.82321534886
503.142700147746	353.322874974995	0.658493503073754	66.1630962924255
503.000791292487	445.004114993432	2.93291225203267	74.003941605187
503.465881096685	353.542140132712	0.66918585772848	66.0724579117503
503.70181416461	353.757357741243	0.681402015721514	65.1819908651981
503.482776666009	444.909386226618	2.93772668894997	74.0424749098102
504.00591364862	353.992977524259	0.693565434226201	65.57384182008
503.965346871454	444.81356831988	2.95119143222585	74.2339908704729
504.305352721193	354.22719042845	0.705215554961389	64.7923969834499
504.538838082618	354.455569356661	0.715595240184991	65.2907416612601
504.534765144853	444.699525943834	2.97123059975421	74.7993860782717
504.835628791469	354.684522131843	0.727195658577052	64.7998856945081
505.064834059126	354.928788864278	0.73898817091284	65.1555079597278
505.020322172833	444.617859507227	2.98274792791563	75.3151576708604
505.352848297158	355.157137996258	0.75402034061489	64.8644989082115
505.581870331855	355.415468229407	0.770894077893462	65.099802237546
505.50749689714	444.543256731836	2.98663582640928	75.6204382633172
505.852811895155	355.645938377154	0.791612012547223	64.8651355010132
506.082022155824	355.922459869839	0.815557173306459	65.0535447911544
505.994768410446	444.470230427116	2.98422826311929	75.6157343844919
506.332630723066	356.151421969508	0.837611129824843	64.7432154841839
506.558787591944	356.449261664765	0.86080029742478	65.058949741839
506.481106723444	444.39408634715	2.97705961269429	75.2919938168506
506.785815146846	356.678432047801	0.877483236477401	64.5636800152068
507.014929612998	356.988031575265	0.89580496455208	65.1181701597693
506.965729925262	444.310251804249	2.96570488338357	74.7438275638651
507.452947054433	357.535312395144	0.926599805306543	65.1517172240939
507.670770328128	357.876569233032	0.94307409241398	64.8668502754479
507.536589505948	444.193277496395	2.94867811229676	74.1339099901036
507.869823611438	358.091449433462	0.95564888086484	65.0027252639647
508.079437438799	358.446390049028	0.973381890043819	65.1464784188037
508.018325902902	444.096571342235	2.93779818994721	73.9354102135142
508.255244701399	358.660884003501	0.985925249344733	64.6830929736473
508.4737788423	359.016621059991	1.00327470435393	65.1855641611917
508.681477170427	359.388619669264	1.0167701129872	64.7986604231516
508.500324976294	444.001711112348	2.93328929918683	73.9209450251517
508.84738219534	359.592318157986	1.02325632060897	64.8563376193482
509.047600427578	359.971977030562	1.03531174379867	65.0416067747528
508.98242359093	443.906965828394	2.93722329904303	74.071963595925
509.406112055878	360.553103402787	1.05684487802343	64.9992834121629
509.597428616848	360.945984293754	1.06566945576553	64.9578811988496
509.464907930946	443.8108893497	2.95032586846324	74.3577697910338
509.941272912506	361.531776523419	1.07362996903062	64.8996512083502
510.130469986468	361.931093594439	1.08436846839723	64.7298312205018
510.033842736584	443.696895443746	2.97250769022682	74.9890259195586
510.26149804016	362.124134304497	1.09167172482728	64.4911561400167
510.456826277724	362.521830457352	1.10529208612644	64.855774363928
510.639226959311	362.931300555258	1.11315059818334	64.6356663869798
510.519597771434	443.616806793007	2.98706451106148	75.5272813386152
510.758779966439	363.118462410344	1.11412232918382	64.3696596900629
510.951131392855	363.523582553865	1.11768079310963	64.6602431562194
511.130476494852	363.938185957463	1.12678381400474	64.5669854928773
511.00747336181	443.54470954132	2.99346855530173	75.8519831718839
511.428337939199	364.532726542898	1.147230207698	64.8177039955968
511.598023158566	364.956058386201	1.15379778343172	64.817533573015
511.495724438603	443.474816767637	2.99159423047808	75.8831658296602
511.884401973947	365.550914344434	1.15329624949861	64.7211294805177
512.053993067232	365.976578426731	1.1572023192635	64.794436698101
512.233186390949	366.400640408094	1.16693104410357	64.5484849215317
511.982949919019	443.401935649669	2.98309917309334	75.6095041431526
512.329791111113	366.571857791934	1.17168166792487	64.6930153312599
512.496654862838	367.001395292348	1.1774098978346	64.857671174335
512.662853190344	367.432635913539	1.17549694924746	64.5249492427633
512.46815652443	443.321016628158	2.96924630864867	75.1009335769165
512.755453612671	367.601839320829	1.17269448292546	64.2879724497911
512.933059695249	368.027519683781	1.17136621821365	64.4327303867742
513.097014051419	368.460946769285	1.18008696878479	64.3895511335786
513.038808157257	443.205441950851	2.94842992105422	74.449602921805
513.355018547314	369.0561928212	1.20409107672524	64.4874485844791
513.509584087437	369.496320500824	1.21201866952102	64.6636690919184
513.665185505505	369.936494578952	1.2080200359675	64.395485204754
513.520452243926	443.106763911751	2.93407083844083	74.2046536416687
513.915572084972	370.532704533657	1.19672784339394	64.2985157604872
514.071971788309	370.972578979785	1.20089293312235	64.2722960770993
514.237924549455	371.411646103251	1.2150167514105	64.0999173729304
514.001885662877	443.009727736952	2.92782604964442	74.0921254909125
514.314008811424	371.568045132111	1.22136663027234	64.2357048275975
514.465992010257	372.012212507613	1.23197234069432	64.4605480137385
514.611502480709	372.460338134639	1.23155342287236	64.2707474370295
514.482951921664	442.912543466578	2.93093237935555	74.1314056796589
514.845071789978	373.055424434734	1.21937290736715	63.8831894600632
514.998131367129	373.500660381408	1.21830455798248	63.8983418436586
515.149628572303	373.948085325618	1.22920106283896	63.8278362623975
514.963965192984	442.813622150957	2.94369727053443	74.3230369436112
515.372077762472	374.542735404319	1.2538703239744	64.1146431793098
515.509022771197	374.997019905616	1.26241642912845	64.2708931611506
515.646324953014	375.451744342249	1.2585901753682	64.0241434701037
515.535146432362	442.695032783361	2.96593640277665	74.9225618144235
515.862683095587	376.046163027094	1.24198095466523	63.7286799458068
516.007490552532	376.497491872813	1.23853179777348	63.7539084749624
516.152336424619	376.949752241876	1.24751562790161	63.7401857221985
516.019564562467	442.6122638494	2.98174052660628	75.4741095250454
516.362493065773	377.543538977012	1.26951556268779	64.0586060108934
516.494868696864	378.001611229539	1.27584131610691	64.2455404866616
516.626721030586	378.459934410675	1.26918345557322	64.0306973971358
516.506615903141	442.538657025996	2.99073718064641	75.798259938524
516.836164224901	379.053570971251	1.2484800157598	63.6497330053841
516.981231183348	379.506145062021	1.24206746856627	63.6882523384139
517.123448327467	379.960233440072	1.25015875240352	63.6976060118179
516.994570595482	442.468549993925	2.99210407532636	75.7680757579518
517.329049339423	380.552196385488	1.27691611940172	63.9502961586041
517.459247590332	381.012130211532	1.29164769441368	64.2318636246163
517.582307241693	381.475826978873	1.29437227975165	64.1586487724495
517.714570623008	381.937011166149	1.28551680643465	63.7941758176685
517.481503470702	442.396848307888	2.98663091275966	75.3243487608486
517.766014151398	382.069835157175	1.28097464242925	63.6690704848273
517.907317228638	382.527793687837	1.26919113677892	63.6661793251496
518.040521526113	382.987862365627	1.26718828735254	63.6662552352613
518.176752977977	383.447614147403	1.27633138167227	63.6422004751328
517.965171634257	442.318818024586	2.9748661066493	74.4443561338185
518.36610480189	384.0384486956	1.29602923522113	63.9152511906772
518.488443355997	384.503288848158	1.3023930816747	64.0056295751937
518.609674812816	384.968758223643	1.29742700725615	63.7351268517453
518.745600185504	385.429409872623	1.28288680171177	63.23968107768
518.549364366113	442.198114882544	2.9434658197539	72.7771689210877
518.796036933026	385.559961995692	1.27790282438179	63.1824785968539
518.934323172499	386.019274832414	1.26952991002327	63.1474724456935
519.065575777723	386.481192670614	1.27665349416995	63.1986513789592
519.19795760445	386.946533734379	1.30334809538878	63.323440597044
519.028456933727	442.089951084743	2.88540940427368	70.8344866571164
519.355257785052	387.532586464009	1.35789201961553	63.9080293491494
519.44397193834	388.010295418128	1.40517114980409	64.2498880916133
519.511527334333	388.498403213831	1.44967642992136	64.3991002639952
519.56093498109	388.994072506022	1.48667208467494	64.4260629051231
519.595509532248	389.493732111665	1.51365399397553	64.3877642866941
519.619430875947	389.994648323489	1.5309446020016	64.3076794382041
519.636893312794	390.495531144081	1.54055716625563	64.1909632438263
519.650947184439	390.996047166205	1.54497851271901	64.0389140369244
519.663748719838	391.496151088815	1.54629322433579	63.8614562850492
519.676318640252	391.995878325577	1.54606179961368	63.6775541565731
519.689302340999	392.495401485155	1.54543070629051	63.506865300304
519.702527701547	392.99501394743	1.54530861868938	63.3562691005067
519.715804532878	393.494906848793	1.54606233671658	63.2235769342385
519.728559263314	393.994991336817	1.54726098965238	63.1026795598115
519.741008002585	394.494947284994	1.54787174252395	62.9927999737427
519.481524630096	441.957177366965	2.77088364394816	68.136699047428
519.7538444869	395.005596669869	1.54743438182032	62.8282401476308
519.76721218071	395.505478641409	1.54658403328273	62.7662765842706
519.780546418374	396.00517961063	1.5462857437673	62.7109584348677
519.793705704591	396.504664138747	1.54662790146498	62.6542095234726
519.806313427285	397.004147788304	1.54690755419289	62.579144909716
519.818904770846	397.503867476101	1.54615351333631	62.4901590739465
519.832017944045	398.00391799108	1.54383896830857	62.3940203807176
519.846635309033	398.504157085913	1.54005742090959	62.3071685705537
519.863004862047	399.004277319179	1.53602956685689	62.2263130159206
519.88086342154	399.504007688009	1.53358189421171	62.1561661933811
519.898922678376	400.00335083913	1.5339697674053	62.0970920506962
519.916042096273	400.502540005142	1.53661350131949	62.0616811551031
519.931468132664	401.001823952058	1.53989901632878	62.0419151113526
519.945451007179	401.501304734563	1.54207028254425	62.0327973755897
519.958733682116	402.000951916202	1.54224667661913	62.0198320436003
519.972323776962	402.50065869788	1.54064382595505	62.0060350369471
519.986681756993	403.000328731176	1.53893670726952	61.9842377525727
520.00144729031	403.499965009488	1.53896283478367	61.955758644686
520.015722486068	403.999647018528	1.5408929648078	61.9103739852072
520.029119139372	404.499370431731	1.54253222711889	61.8571530659141
520.042287652986	404.999013555404	1.54217979998253	61.8065986679886
520.056076180709	405.498497698196	1.54045505897177	61.7906737569437
520.070753601038	405.997880601664	1.5391720369214	61.8254073981676
520.085860154389	406.497285650856	1.5389867239314	61.9193399466341
520.101021020317	406.996803799189	1.53962133118224	62.0482419861661
520.115864322529	407.496501533993	1.54064351470031	62.1886258976475
520.130363915938	407.996381320108	1.54173131278528	62.3105576357771
520.144520146997	408.496320547561	1.54215049225008	62.4070666203497
520.158973727755	408.996103469604	1.54138749051317	62.4708213110442
520.174199547885	409.495611463498	1.53979350481913	62.5110276865038
520.190557660072	409.994940700023	1.5387657936552	62.5276643736907
520.207290698536	410.494373641794	1.53956818456807	62.5287038853173
520.223537577136	410.994131084542	1.54229469545328	62.5135788447452
520.238296994235	411.494170074565	1.54554273720609	62.5008214881573
520.078356888248	441.589554230012	2.42455922618429	63.535216327601
519.866991381575	441.780030860678	2.5892985149404	65.0877108942478
520.252035997675	412.005527773998	1.54780948542501	62.5735659437185
520.264135803226	412.504978358378	1.54845038625476	62.6486724757151
520.276210843583	413.004700237125	1.54810444364104	62.767171623704
520.288355563527	413.504571120927	1.54755223053013	62.9086081781465
520.300716824799	414.004457912548	1.54724160048846	63.0388894993316
520.312949542391	414.504293682495	1.54719561112234	63.1306991223454
520.32506680973	415.004041736916	1.5474976529874	63.1726546522346
520.336695011139	415.503699127	1.54835471496413	63.1770831445825
520.34773259457	416.003316884496	1.54971944455267	63.1707658380242
520.357964402589	416.50299653539	1.55102866247426	63.1830247394723
520.367729751642	417.002794492703	1.55173579137382	63.2310531451683
520.377270385304	417.50268209855	1.55172770878849	63.3174072430667
520.387005720723	418.002580940336	1.551159931242	63.4287832601812
520.397049844839	418.502434365362	1.55019612444764	63.5400186901126
520.407564753399	419.002218573694	1.54925853200532	63.6228698684698
520.418269950139	419.501941854234	1.54901942820684	63.6629445561472
520.428798675381	420.001633406245	1.54976397494014	63.6665817244338
520.438741505461	420.50134203631	1.55091978978343	63.6522793078472
520.448213127208	421.001108911394	1.55156878144672	63.6362075678832
520.457574569798	421.500936123692	1.55131984507744	63.6267634663593
520.467238403368	422.000770552021	1.55062956342955	63.6247642353082
520.477192247867	422.500559844517	1.55027303659654	63.6239635210138
520.487187975112	423.000312744448	1.55047599343524	63.6152644451672
520.497029297643	423.500070602622	1.55069017112976	63.5958518474584
520.506839748841	423.999837731819	1.55044431568301	63.5728394537847
520.516804058204	424.499589953718	1.55003838832525	63.5552966551953
520.526866347513	424.999331820475	1.55005901405458	63.5427453247485
520.53681191264	425.49910734687	1.55064696526613	63.5222756279124
520.546416257544	425.998949410976	1.55152773200799	63.4788823533233
520.555646779049	426.498837088671	1.5524162718112	63.4087654760293
520.564489539737	426.998731026696	1.55315771712263	63.32142740346
520.57310187439	427.498616343811	1.55351953303881	63.2282885388895
520.581694541638	427.998470840979	1.55308690871245	63.1307308917307
520.590800041143	428.498216689145	1.5515953258118	63.0218952419211
520.600794739864	428.997801232562	1.54953373593344	62.8991666264824
520.611785896191	429.4973053553	1.54805008857109	62.7745186282712
520.623192201431	429.996899360689	1.54784424571035	62.6671806579297
520.63456815578	430.496660139514	1.548364146271	62.5848103500909
520.645732628721	430.996516848669	1.54845398487438	62.5096113020889
520.657257803844	431.496339308592	1.54739161493949	62.410712281662
520.66961277755	431.996032526996	1.54534453646325	62.2682395891872
520.683285331813	432.4955591933	1.5431235192683	62.0911637550491
520.697948056213	432.995005394257	1.54187249881121	61.9080685581108
520.713069298744	433.494575359045	1.54235836231163	61.7478827128118
520.727574670077	433.994431072687	1.54432612140021	61.6204887725874
520.741215787107	434.494446958172	1.54630231153474	61.5214509757171
520.707405252644	440.544603980368	1.7916214508254	62.9527080009538
520.527431215829	441.013093676202	2.05109474231386	62.033938552214
520.332598717649	441.363858812039	2.25758537267696	62.1977759713475
520.754672077837	435.005821223401	1.54672015566252	61.3792053403032
520.768481119941	435.505828257368	1.54529477276303	61.327230171027
520.782768435744	436.006000374344	1.54380103152397	61.2766011023857
520.796980733853	436.505894637355	1.54495840020686	61.2335568635747
520.808880258	437.005454911371	1.55054517065074	61.2133615587736
520.816457681771	437.505107552301	1.5602316622737	61.281474873686
520.817944370276	438.005414773062	1.57244353091596	61.5401820560325
520.813305782674	438.506505592947	1.58406739297214	62.1123695118768
520.804869746025	439.007310972096	1.58776381926027	62.9926510684597
520.797437924973	439.504416534687	1.58385112783079	63.8602524603001
520.785851042528	439.992159227473	1.61647341940188	64.0590989777467
