275.667904439212	379.555557606705	-1.25239162722232	68.3389447776916
275.553052912548	380.010571387265	-1.3801630139055	68.9365656831275
275.48647552809	380.498672597743	-1.48022044991246	69.574448107725
275.458056384646	380.99856913618	-1.54080159190248	70.0161903975974
275.451121695219	381.499916897466	-1.56915198411116	70.2041998704889
275.45348807063	382.000520566317	-1.58017173595163	70.2583350538516
275.459210709198	382.500630391552	-1.58433961661951	70.2973451217589
275.466270927221	383.000563491829	-1.58598889634971	70.3650683501828
275.473678757327	383.500431317437	-1.58588218832386	70.4557447365059
275.480650686888	384.000291207177	-1.5842977400379	70.5487231124701
275.486750035932	384.500185596187	-1.58254700961518	70.6212310994036
275.492258493973	385.00010921035	-1.58190466665457	70.6538763462924
275.497739707345	385.500033271464	-1.58232507649802	70.6428678416957
275.5035432346	385.999946490291	-1.58316468226323	70.6059370353253
275.509805820671	386.49984583347	-1.58423476255464	70.5684002380397
275.516612224762	386.999715552429	-1.58535978302211	70.5426488686338
275.523861750731	387.499555507513	-1.58588414439147	70.5223015475959
275.531140976218	387.999397923601	-1.58549228263955	70.4933724551379
275.538177574532	388.499255005722	-1.5849538653228	70.4485575903248
275.545112689647	388.999099586994	-1.58521006895883	70.3923594956117
275.552386082256	389.49891648613	-1.58618915850095	70.3356167252195
275.560133020543	389.998732772281	-1.58711581823726	70.2853967236192
275.568244389046	390.49857744569	-1.58747183457735	70.2378372640776
275.576382498635	390.998457787853	-1.58720178432715	70.1791547421142
275.584338534518	391.498368785735	-1.5864263422465	70.0954063375409
275.591847515249	391.998314155161	-1.5853738981108	69.9811407212063
275.598922579826	392.498293157978	-1.58441699309057	69.8416631096512
275.605588886042	392.998296152336	-1.5838206129236	69.6897464515357
275.612108102447	393.498287817924	-1.58362355742814	69.5430464543642
275.618589083234	393.998201988053	-1.58393957376771	69.4154527044565
275.625470444145	394.497956673051	-1.58513704801107	69.3073013252357
275.633146593177	394.997540574282	-1.5872809529443	69.2028952424615
275.642064673007	395.497069192258	-1.58954228098194	69.0855204123855
275.651850919139	395.996749827956	-1.59052450634483	68.9494645053038
275.661763002085	396.496720473726	-1.58947348726383	68.8020766760846
275.670756774238	396.996908602304	-1.58723608925001	68.6544254439033
275.678860104637	397.497025945645	-1.58595112620296	68.5193849129825
275.686840642275	397.996809465144	-1.58713912259918	68.4060506785939
275.696092812855	398.496248021159	-1.59022396739323	68.3168615257575
275.706935348665	398.995618445561	-1.59302208184902	68.2431332972525
275.718914327862	399.495271233853	-1.59363094899515	68.1774199481374
275.730568895426	399.995344741879	-1.59186132736304	68.1151590867344
275.741186534843	400.495604507832	-1.58929162812612	68.0515278754194
276.139630683788	378.595346346651	-0.96924220080212	68.5507845691439
275.942647227128	378.968616188304	-1.06797888403304	68.3355826863098
275.750819641609	401.004571960339	-1.58772433684003	67.8919635753573
275.760394467049	401.504508089291	-1.58785278520161	67.8112106270547
275.770093673027	402.004552070071	-1.58891554010754	67.7159851387119
275.780386478144	402.504585222602	-1.58997737168511	67.6143573939145
275.790888942119	403.004574153039	-1.5907187971009	67.4900279513251
275.801704422663	403.504434163935	-1.59145639304414	67.3431214620192
275.812667128317	404.004083840508	-1.5922593059173	67.1924150025999
275.823959003441	404.503589015817	-1.59281641789249	67.0851738552791
275.835270952027	405.003205131358	-1.59321046553862	67.0408113926128
275.846933083795	405.503153213932	-1.5944484431945	67.0507399046724
275.859324702584	406.0033442125	-1.59686511840439	67.0654399283977
275.872786031084	406.503388327749	-1.59881278444984	67.0468654351886
275.886309523755	407.002998326132	-1.59790717140884	66.9739816987237
275.898549520354	407.502276838265	-1.59398719778834	66.876711274849
275.908547466662	408.001594361873	-1.58952449598336	66.7922608665804
275.916956923903	408.501250071438	-1.5876713255642	66.7514349592399
275.925313189633	409.001240915347	-1.58952680837388	66.7403377307653
275.935120349924	409.501296802261	-1.59339950208693	66.7445691465105
275.946584618266	410.001197731223	-1.59675271344861	66.7450658379507
275.959208075389	410.500950671499	-1.5986705436696	66.7442255949572
275.972282226986	411.000644604849	-1.59920336086877	66.7337429872486
275.985232147469	411.500329795299	-1.59829923446287	66.7204318142177
275.997386372234	412.000053468258	-1.59598106996549	66.7042759960372
276.008337823911	412.499845557895	-1.59332772421443	66.695743717094
276.018261025499	412.999679167278	-1.59165600719388	66.6850298951068
276.027790423149	413.499510943727	-1.59159914155717	66.6782299580301
276.037640636677	413.999322865376	-1.59281967045907	66.6817157671428
276.048232752294	414.499104343763	-1.5946824206815	66.7153080531305
276.059726566745	414.998837142712	-1.59627394918978	66.768601950605
276.071787675018	415.498529767954	-1.59678391421302	66.8251647687419
276.08389410167	415.998233555412	-1.59583079642745	66.8556737206387
276.095385096781	416.498006281067	-1.59393329635807	66.8600027554529
276.106056388196	416.997854339121	-1.5918011921156	66.8434875149735
276.115821116514	417.497722990748	-1.59000900257771	66.8263495149644
276.125065703362	417.997518507021	-1.58911182983085	66.8082669971386
276.134269029496	418.497174812108	-1.58983067695803	66.7965569768916
276.144343751994	418.996720216868	-1.59201979049092	66.79112131282
276.155577636856	419.49630236624	-1.59431372133126	66.8058104279591
276.167793242064	419.996083066446	-1.59509363088877	66.8388633601253
276.17996380901	420.496103594488	-1.59401047393365	66.8948675427101
276.1915182189	420.996227982267	-1.59198776502151	66.9640335322441
276.202172202331	421.496228055623	-1.59060360398805	67.0439223116747
276.212815091728	421.995878363029	-1.59108367241227	67.1209798726901
276.224368102433	422.495085537144	-1.59360166561344	67.1991485632246
276.237888276444	422.994014494092	-1.59669628544979	67.2791570353983
276.56384233398	378.053222279381	-0.870493215028592	69.2313781483361
276.340380329127	378.380249559465	-0.919778425274012	68.6512383187496
276.253204326308	423.506365237342	-1.59815464314282	67.4517247746023
276.267643788424	424.005950907397	-1.59665510874643	67.55663112519
276.280405474506	424.505144015966	-1.5931370645148	67.636281574321
276.291195180182	425.004256337376	-1.58946668096242	67.6887675420544
276.300187796847	425.503541654799	-1.5869675530402	67.7303987992113
276.308326840914	426.003129911311	-1.58598661056942	67.7761310900072
276.316203369966	426.503036423629	-1.58634886867966	67.8320954420289
276.324523610901	427.0031130173	-1.58739094437344	67.8940261346532
276.333208480037	427.503128436643	-1.5880640998256	67.9597370211852
276.341985036901	428.002952784084	-1.58756532277021	68.0281226838314
276.350139951937	428.502679166111	-1.58616543401609	68.0947722423327
276.357654105602	429.002496143299	-1.58517281735268	68.1486535303933
276.364971831056	429.502507803724	-1.58591304816827	68.1875804788963
276.373130367744	430.00263077233	-1.58830031065069	68.2231445597778
276.38248059474	430.502693444201	-1.59075239011201	68.2648508454303
276.392800242432	431.002686275109	-1.59218872336337	68.291932752087
276.403966676701	431.503006577456	-1.59526176716604	68.2345316781936
276.419055347026	432.00427626298	-1.60983360383522	67.9463728818367
276.448507401913	432.505515119237	-1.65672053068297	67.2146487098377
276.513798167148	432.997081354431	-1.76216539282265	65.9689992128554
276.635701789376	433.449303682567	-1.92543001022668	64.6246789226555
277.032672402259	377.529854570761	-0.828555448130851	69.4553097239229
276.797641190304	377.822807097127	-0.846743371016208	68.8519252853498
276.962057115446	434.028181105315	-2.20078265239067	64.0612303575288
277.178158214621	434.321160341637	-2.34961705917073	64.3350881796469
277.517175331	377.016376718848	-0.809624269355681	69.4753034318814
277.27631350073	377.290586309383	-0.818047793982287	68.8271719639187
277.462214777764	434.54602947412	-2.46634349956277	65.4933182496868
278.008921865111	376.508689025709	-0.798466290519304	69.4988388729207
277.763919098665	376.772112666588	-0.803418924970877	68.7761313653978
278.027608859653	434.956637553663	-2.58465075897195	66.7517227708931
278.504108215703	376.004024366453	-0.7950678855468	69.5993969759875
278.256798914528	376.262430896236	-0.796086704418654	68.803294442224
278.405553376743	435.157653982593	-2.60847309742441	66.9174233247112
278.607340454007	435.314948091035	-2.61929976775007	67.0121952008113
279.247524802477	375.241737476104	-0.797810868853617	69.091260652916
278.999563312221	375.49957349478	-0.796741429987631	69.769895607113
278.750650522459	375.756594209061	-0.795617420768458	68.9175384704147
278.992666751756	435.512868738721	-2.62723989235257	67.5045488890439
279.739991015827	374.733939575044	-0.796713814866704	69.1927648026609
279.494030696874	374.994186387729	-0.798166655725307	69.9043913930864
279.378800148331	435.714847672603	-2.62931682968242	67.1712960329636
279.577464535178	435.861869497524	-2.629724423755	67.3873998384398
280.234128887096	374.228509342665	-0.793864577340908	69.2241566057561
279.988860882399	374.489131879148	-0.794855659818047	69.9320371073604
279.969472765285	436.054994346772	-2.63264285206865	67.568270186297
280.729014885533	373.723014672148	-0.794991849207956	69.3643752352838
280.484758467744	373.985151517828	-0.793763658225972	69.9801821318575
280.554357538503	436.400463929926	-2.64171142989911	67.5179630149948
281.222431173096	373.215115611191	-0.79939973931916	69.6866712656685
280.980020636094	373.480682902112	-0.797307808976669	70.2023416237855
280.951054749986	436.589723625642	-2.64238997090388	67.4739670631769
281.713236805147	372.705204918617	-0.801610140258063	70.1043497810799
281.473300125522	372.974396704777	-0.801877914137407	70.5644429512886
281.53611476028	436.935005903644	-2.63359069507347	67.3646610019261
282.203871344832	372.196340947288	-0.799472542384064	70.5490751808205
281.965515771412	372.467006693068	-0.801705790631849	70.9644938240753
281.928431080245	437.127471441188	-2.63143074237171	67.232153479761
282.128186851524	437.272090782066	-2.63194312910768	66.9994308878109
282.696069140507	371.689711722359	-0.794741400125467	71.0432801563119
282.458461525291	371.960168021578	-0.798363618698829	71.4084267053745
282.513717405723	437.475717739129	-2.63211354230704	67.4859589499516
283.191334461859	371.185819644071	-0.789637743371794	71.5846591290901
282.953335818032	371.455053994023	-0.793045263720528	71.9168437838921
282.903107880305	437.671031195455	-2.62923554765858	67.248610854235
283.101620677718	437.820705087655	-2.62705631315079	67.2127167396169
283.689459339811	370.684094564423	-0.784483210918659	72.2249441899918
283.450442842162	370.952238621123	-0.788302175144722	72.5054759497182
283.48944492581	438.01867105595	-2.62553209989877	67.5244020688442
284.190653331268	370.185432411876	-0.779426536261715	72.9994706008364
283.949882727279	370.451762432693	-0.78294006799829	73.2322433887589
283.87518177442	438.222457299678	-2.62935535390517	67.1355731450649
284.073694903978	438.367843787799	-2.63252630137936	67.3871213234448
284.694206784404	369.689662353141	-0.775514723691341	73.8435484948155
284.45170676242	369.953444548112	-0.778469547720042	74.0916105862783
284.466858343295	438.559839819491	-2.63582982411503	67.5271835483198
285.199846092509	369.196177004456	-0.77423395561069	74.5809041374779
284.955573896292	369.456877418145	-0.774964532852579	74.9436810320203
285.051482431755	438.906925466587	-2.63389110631259	67.4198555902201
285.7056954588	368.702828106016	-0.775756972436392	75.0804799115404
285.460540990811	368.96139020761	-0.775001858455631	75.5993597446301
285.445459453906	439.098543520078	-2.63405824648569	67.4332232976015
286.210709997245	368.208511718846	-0.778925081150779	75.3527814001565
285.96538784969	368.465882230023	-0.776923041831725	75.9783445386457
286.030454193313	439.444989392304	-2.63770999808288	67.6071917820378
286.713501865267	367.711330707395	-0.783450849979741	75.5566537400943
286.469113264847	367.969473913867	-0.781213251507873	76.1885568718857
286.424024234144	439.636495876944	-2.63534355657538	67.4842125907677
286.622292499859	439.781067081044	-2.63276360568943	67.2611916403561
287.214171866072	367.211465875626	-0.786143166483167	75.8003410463289
286.970884510568	367.471284296521	-0.785590326263088	76.3897011938343
287.009220899717	439.983568048232	-2.62976218802128	67.6807886216512
287.714681958036	366.711329922939	-0.782788403197141	76.129634527309
287.471395220179	366.971896913944	-0.785799452634062	76.6528027266948
287.39842296499	440.180642986711	-2.63043895853682	67.4429623982122
287.596022996525	440.328594675584	-2.63242017992966	67.5153671916589
288.218599041426	366.213696237365	-0.777432724870353	76.6543390582117
287.973154937399	366.473788275762	-0.779871134523331	77.0511486935545
287.986527917856	440.524014458704	-2.63255969488377	67.8682693744666
288.723915112484	365.716492650309	-0.778795354348385	77.5197533141189
288.476888691818	365.97774556121	-0.777489023341399	77.7559724627839
288.372303619311	440.727251103049	-2.62974174377551	67.4693467163801
288.571357492437	440.872916685602	-2.62848286493021	67.739929714843
289.225791524002	365.21781621669	-0.785350542208968	78.5420719421371
288.979674255691	365.480633889145	-0.78283719794251	78.7669987920085
288.963053108187	441.066052210906	-2.62962111365862	67.8981672371074
289.723557068472	364.720016191219	-0.784240908022735	79.3370292604395
289.479539289553	364.980308629481	-0.787579398773392	79.7327444160166
289.547350484134	441.414469303741	-2.63776708828689	67.942484026487
290.222356291548	364.229291506617	-0.766877741481035	79.6950598397568
289.980199764735	364.48020595237	-0.77839489433555	80.3339789488357
289.942115303129	441.604415069319	-2.63671775072713	67.8701733802167
290.489358509381	363.988625428163	-0.750718675139999	80.5346367109437
290.526262884389	441.95327532162	-2.6274367522248	67.758285452747
291.013458614799	363.515936389905	-0.701672347373542	80.4414915340641
290.916910394257	442.147842980476	-2.62818738211739	67.4455487543129
291.114984294289	442.29560459173	-2.62943550299291	67.2598287755415
291.555229824675	363.074534653732	-0.639358966814621	80.2469232214918
291.329189995188	363.282541726853	-0.667315851249293	79.6908898511528
291.502686210344	442.495201555967	-2.63290782320085	67.5690749636153
292.115286475455	362.677869502124	-0.575069999408182	79.9745215113834
291.905199533692	362.86128518976	-0.600729867803014	80.0344710565896
291.891983209422	442.693399622965	-2.63239969606905	67.1601021601514
292.089248599609	442.84055081934	-2.63047034750151	67.2162134066735
292.484534255558	362.474383339785	-0.541488397742354	80.35976244281
292.480091070109	443.035676595161	-2.62999818793751	67.4185641656269
293.065757408711	362.120275461214	-0.501029363227874	80.1967633767053
292.865433370033	362.262249559645	-0.514561397394347	79.7960418367304
292.865377689474	443.242429646849	-2.63422548193619	66.9963979331731
293.064638180363	443.383036981248	-2.63733781234029	67.3520472586732
293.465650603801	361.933031464211	-0.475514045479204	80.3725336534116
293.459437612099	443.573488422364	-2.63912234204286	67.4668138024265
294.056793097755	361.622473168792	-0.430483843595121	80.5160193591982
294.044444847925	443.919860949516	-2.63416965544958	67.4623828820602
294.479144499721	361.452669238674	-0.410608523533	80.6592703468999
294.438104350107	444.11148306129	-2.63302191787691	67.4190231119267
294.637354121126	444.252185326486	-2.6342648819247	67.0911675085121
295.075107633712	361.177996656766	-0.401997154272692	80.2262121380996
294.904349038367	361.2747050602	-0.40289547054307	80.1725136213065
295.023122886803	444.458248545611	-2.63601911610142	67.537659415871
295.503909557684	361.00957709943	-0.394275104436786	80.4083952888424
295.416102201133	444.6514124606	-2.63531644133614	67.2708804965259
295.613026298763	444.796757066702	-2.63339825978623	67.106134708916
295.939652468934	360.845682853617	-0.375052580690082	80.3348285253178
296.00202826341	444.996349335182	-2.63291486090464	67.4387541543455
296.537153905594	360.603287215424	-0.336686283728988	80.8162625038001
296.391952824766	445.194806179623	-2.63535364135997	67.1670921772979
296.588453339656	445.339738859048	-2.63807285999627	67.3160851038106
296.987049902297	360.462322121671	-0.31978382297382	80.9764565770286
296.981647921885	445.53309613632	-2.63714075940074	67.6329837736983
297.43989721439	360.319124490272	-0.316940243927752	80.6026870796709
297.367270460605	445.737063811838	-2.63146119431927	67.2121558485376
297.566907759253	445.881172988268	-2.62817211884031	67.5131982632472
298.033911354959	360.103963898932	-0.324902344368614	80.3645002821901
297.958006318291	446.074208077552	-2.6266109828252	67.6118977570517
298.488344110941	359.963264417129	-0.32136622701457	80.3347999917515
298.541922499017	446.425464449129	-2.63272549629089	67.6496581834901
298.945089042712	359.820837911935	-0.30463601810274	80.2911653750056
298.934716288483	446.61659039853	-2.63402523618178	67.5296655096455
299.135102266669	446.759211846908	-2.63239707301509	67.1605822315573
299.536866760281	359.628610231682	-0.27258971038514	80.7914432095727
299.519579592034	446.964967622205	-2.63085778071259	67.5352545751899
300.002584218066	359.509329981591	-0.256929860072811	81.0306668296731
299.911117802591	447.15988119298	-2.63360201614821	67.2740177505553
300.107756012718	447.305401897085	-2.63609336210848	67.1992565381566
300.471394584316	359.394234353239	-0.253662368856531	80.8053633501391
300.498483842384	447.502743645562	-2.63837800635088	67.5687092607834
301.061545718806	359.225186712965	-0.267070655346473	80.1015103922234
300.938200786363	359.268978727188	-0.262763375710158	80.2377859146273
300.888663739653	447.700695426111	-2.63527401534281	67.2402507807667
301.085436131319	447.846310520899	-2.63299127449772	67.3635918247267
301.525672408928	359.094351048082	-0.27839782335462	79.9589335932548
301.477260949038	448.040781794273	-2.63067161644372	67.6294627465257
301.991953656705	358.970090583231	-0.278755949692132	79.915350235113
301.861985988733	448.247880599478	-2.63400620022161	67.2349924100081
302.061944002407	448.388299327062	-2.63649497107988	67.6193421172126
302.459386700303	358.845255926288	-0.265570670551613	80.0070435578154
302.456415239602	448.578608323634	-2.63773245391048	67.6956674721493
303.043962765128	358.681391834642	-0.234101658684145	80.5783005774898
303.04115090913	448.926008300777	-2.6328004010925	67.6530596195812
303.517467040091	358.575408282457	-0.213169445932827	81.1181622402536
303.434461884626	449.118188736757	-2.6325621984937	67.5804155388185
303.632679106859	449.259640825351	-2.63450929252125	67.2906719287428
303.995544900422	358.480104998381	-0.203007816814703	81.287625807014
304.01949814724	449.464624664825	-2.6363806832186	67.7640553192336
304.474738522239	358.385396098132	-0.204880686534345	81.0238937799722
304.412399051182	449.658320843418	-2.63425415589704	67.5060564648085
304.608802153968	449.804531394351	-2.63166204826275	67.381164469588
304.951782192376	358.281530798389	-0.217489007801801	80.4479653609396
304.997992246273	450.003589708014	-2.63002998621841	67.6987331027147
305.531116072026	358.135705581922	-0.237159171827412	79.9641824601406
305.386143292114	450.203640843138	-2.63280229421975	67.3507001390712
305.583808507751	450.349600428683	-2.6353704078007	67.5182787427977
306.005728201922	358.025149848816	-0.243122553613149	79.816987694651
305.976667452924	450.541977770501	-2.63681237849736	67.7040402675727
306.481387552667	357.916344527295	-0.236917249356158	79.8408859700003
306.361878067261	450.748564415542	-2.6332004434702	67.1488968949896
306.561672872483	450.889697964518	-2.63004057958581	67.4379041661559
306.958512551842	357.806448385595	-0.21873826228757	80.038504525754
306.953975869218	451.082319903951	-2.62943452113259	67.3988279629264
307.534510111423	357.675366335476	-0.190503989600828	80.7305980331059
307.537978070831	451.431874636061	-2.63440283736128	67.3936871485466
308.016637907995	357.587332239357	-0.173718130026854	81.2832136993338
307.931268071298	451.623420158367	-2.63485583356721	67.2627493076409
308.130429080384	451.766292849488	-2.6334085213428	66.9544741337617
308.501469396839	357.507853741309	-0.16614881061945	81.5533551862545
308.516337837727	451.970688960396	-2.63209188389356	67.3456323301244
308.987025987297	357.430114439957	-0.166987529409118	81.4550784118211
308.907967632763	452.165810056335	-2.63512961026961	67.0880042153114
309.104518699119	452.311014747365	-2.63777574866327	67.0426656723281
309.471867636734	357.347973292847	-0.174994060189024	81.0069338858145
309.496111391203	452.507046779474	-2.64006672372175	67.3682449087869
310.044856603171	357.233175009039	-0.191310432294564	80.2019544631299
309.954767619828	357.255248099327	-0.188212086504211	80.3472404431883
309.886268264032	452.705264270416	-2.63645984690936	66.9916912983391
310.083345791891	452.850330156199	-2.63302309022085	67.1139642245193
310.525605381877	357.133503985431	-0.20379980619789	79.8402622618588
310.474931929123	453.044711557487	-2.62878415737489	67.3227904840871
311.00711143774	357.037369535539	-0.208756158046087	79.6313704243393
311.058918157876	453.395233670515	-2.63033289410752	67.3066791471463
311.489259960513	356.942810969299	-0.205195980652666	79.6335907033951
311.450890710052	453.587115572658	-2.63019909447683	67.3672064864283
311.972104953132	356.848442922556	-0.193327824279861	79.8357608850858
312.034614818689	453.938608224797	-2.62775957076492	67.407850427388
312.540128929708	356.734323825734	-0.172612891971172	80.3695995970289
312.455703964208	356.752868482359	-0.176013399316723	80.193287270849
312.425930543851	454.132111310437	-2.63007808126344	67.3165886996601
312.624210071473	454.276858364905	-2.63334399086785	67.1174777667338
313.025076411326	356.650664527118	-0.156527393112255	80.9847531312025
313.011761947963	454.478780863681	-2.63656117025296	67.5781292575246
313.512607109303	356.577708773399	-0.145080356886225	81.4286571763455
313.403338517992	454.673776543788	-2.63405769001806	67.312614448389
313.600170306977	454.820802850396	-2.6310716937986	67.2871333696463
314.001693325301	356.510682840608	-0.138484381784498	81.6066619471011
313.989571515249	455.018495089513	-2.6272628703508	67.6144498046007
314.491559044271	356.445722924717	-0.136693508940874	81.5059294403429
314.374596738723	455.221612559828	-2.6280666151608	67.2746413862931
314.574145175583	455.368387119423	-2.63047279287097	67.5501431554628
314.981425074261	356.379185725957	-0.140146121700435	81.1684920423179
314.966037827504	455.560585091301	-2.63281421327064	67.7095163456778
315.470402295081	356.307156530719	-0.148814563855801	80.6682055476687
315.55042775881	455.909507580801	-2.63193165721953	67.5550406633172
316.03378441783	356.209955102473	-0.163415114022918	80.0464286219715
315.94381146285	456.101273916029	-2.63423076010198	67.4885590049932
316.520302011526	356.125114550853	-0.1749709871937	79.7582275567187
316.528953454371	456.447780806361	-2.63782734584835	67.5914560694663
317.006764611951	356.041589526327	-0.18131668718652	79.5685248004942
316.922188839051	456.639666454279	-2.63375342547448	67.435335611246
317.120100828642	456.785183435274	-2.63035952499468	67.1958809126848
317.493300516461	355.958437683766	-0.181017092130504	79.5108479956284
317.506749667912	456.987873561881	-2.62688569599045	67.5309732185926
317.98034637182	355.875207229163	-0.173094887267746	79.5908512292723
317.898393016941	457.186794989357	-2.63243332803981	67.0888006598933
318.091002832	457.33107108438	-2.63748036956484	67.0348063153746
318.468346946531	355.791857282951	-0.158501663732685	79.8188282143649
318.487977298792	457.523403741379	-2.65221441786723	66.9654076686023
319.027824347535	355.700118342267	-0.138467715723984	80.4312011017431
318.894229387095	457.723155830075	-2.67383603631093	66.0863343906429
319.073304977869	457.841970323236	-2.68628585379773	66.0055052252219
319.518017744076	355.634087573793	-0.124331671544074	81.0070346654501
319.493528800384	458.01626334472	-2.7352944468482	65.597824240943
320.009964558215	355.575729273052	-0.115267687163888	81.4877867777869
319.942963121501	458.183659507814	-2.81453261663856	64.9573421024376
320.502809852995	355.521706400466	-0.110658873795767	81.7816940146268
320.527891973967	458.358926320036	-2.93502666240408	64.9897459616217
320.996114337602	355.469411381793	-0.109177509954164	81.8243782075082
321.007639525139	458.437289707155	-3.01655723329128	65.1183628870539
321.489588079271	355.416632716382	-0.110802323369634	81.6016684528002
321.501137769825	458.483429759663	-3.07253337759956	65.2217828135248
321.98271939011	355.361038589809	-0.116266788996004	81.1572347013393
321.99966034917	458.508758766569	-3.10365672728531	65.266526561297
322.474811779786	355.299869266377	-0.125382154335444	80.5777542903086
322.49939525254	458.523388638748	-3.11746061218376	65.2698820643546
323.029691832749	355.219410290666	-0.137950178680014	79.8913118711675
322.999262820427	458.533811581184	-3.1218627531795	65.2524627210805
323.519940496803	355.14635797833	-0.14715526777816	79.5451769124501
323.499096863204	458.543199261981	-3.12244172577986	65.2134957754201
324.010112345042	355.074820809561	-0.151708077334313	79.315254506542
323.998911294695	458.552588949176	-3.12215721368098	65.1461121304267
324.500610248135	355.004598114345	-0.1514900945127	79.2242012453097
324.498721412721	458.562101364685	-3.12221393681234	65.0568125940964
324.991613559195	354.93552425439	-0.147250178899532	79.2623499809689
324.998539551048	458.571429992314	-3.122931401473	64.9649390859506
325.483011301359	354.86714444226	-0.140197664048062	79.419375405159
325.498386962594	458.580340405043	-3.12414086800523	64.8859852874501
325.974651152904	354.798668655755	-0.130874242150914	79.6675770060773
325.998287514134	458.588634810698	-3.12540837178349	64.8209083534248
326.526167809757	354.722547443592	-0.118953498141641	80.1872052597516
326.498238566442	458.596459455278	-3.12628809409378	64.7650414447993
327.018740390508	354.663987736761	-0.108812481302622	80.6981925713358
326.998202558593	458.603957338326	-3.12659739708739	64.7192285248574
327.512425998092	354.612079943694	-0.100148931090305	81.1559675366024
327.498111574322	458.61145677496	-3.12642795799677	64.6883498286617
328.007011428263	354.564924777109	-0.093750358628834	81.4918052371445
327.997899021855	458.619081928581	-3.12587676888024	64.6720492369739
328.50220356989	354.520774964356	-0.0901164260079537	81.6588248618012
328.497539813282	458.627168266111	-3.12485288518437	64.6637036725732
328.997669045702	354.477810491324	-0.089208840285391	81.6456192992872
328.997101763199	458.635889785332	-3.12332939841731	64.6498252154782
329.49314693803	354.434439185858	-0.0906120675702653	81.4718280562398
329.496732674965	458.64555050148	-3.12167449932883	64.6099657387011
329.988491630119	354.389429707093	-0.0935966980442421	81.1730213349006
329.996569586125	458.655927896384	-3.12064226620441	64.5228122486106
330.483624956701	354.341753479705	-0.0975063886572098	80.7897166876904
330.496607443508	458.66669072471	-3.12076189964313	64.3873004766454
330.978465909372	354.290572382151	-0.102251471070036	80.3590063408542
330.996691259918	458.677123608686	-3.12182234754588	64.2296084922564
331.524429303443	354.227124851149	-0.109266727697931	79.8360026302928
331.49665529481	458.687062926989	-3.12304633989529	64.0879379199262
332.018225445924	354.168047026373	-0.116716787854332	79.5360368988091
331.996524049815	458.696389677511	-3.12398656597098	63.9823316039122
332.512004328688	354.108911305876	-0.12386670132531	79.2761971957365
332.496466719905	458.705414658701	-3.12475328594629	63.9062997218052
333.005527347335	354.049450219727	-0.128439808200809	79.085369605585
332.996492347084	458.714053816927	-3.12525705327534	63.8359176466347
333.498864440356	353.989838462516	-0.129114509024444	79.0066986906259
333.49631912838	458.722830990437	-3.12472418115821	63.7557105683005
333.99238849997	353.930679657124	-0.125439210794893	79.0533735062653
333.995776960465	458.732194713302	-3.12296327237302	63.6663571122726
334.486358052102	353.872525047665	-0.118486443370173	79.2358763427247
334.49511511498	458.74277915084	-3.12102367672161	63.581218005384
334.980740133275	353.81546917248	-0.109541282301584	79.5306402472024
335.005396491748	458.754632036355	-3.11982978915071	63.4414888767138
335.475559200846	353.759527410371	-0.100045704597763	79.9077639247108
335.505221745954	458.767119990937	-3.11881297228224	63.3946946703128
336.01872332482	353.703278536036	-0.0903655985431613	80.5430564952995
336.005230596533	458.78005559347	-3.11683239473357	63.3403550745696
336.514133386908	353.658885564764	-0.0832745161448984	81.0208018653575
336.505309520349	458.794187535124	-3.11403013015119	63.2737516064374
337.010250108296	353.618527803619	-0.0779642325058777	81.424813688872
337.005172618206	458.809285778591	-3.11198292527141	63.1882151575351
337.506874569363	353.581096648272	-0.0741904107771566	81.7414000670964
337.504730716575	458.824760241533	-3.11194100239926	63.0947291202421
338.003809762778	353.545648130325	-0.0715163497478323	81.95985642735
338.004135679955	458.839393968452	-3.11377450798082	63.001741871414
338.500950616628	353.511554647691	-0.0697844093631189	82.0706861824333
338.503559079352	458.852808259176	-3.11608434184305	62.9342346312326
338.99822631648	353.478158709384	-0.06895684474684	82.0706937523968
339.003090952356	458.865009522973	-3.11770270454094	62.9037588424475
339.495568483185	353.444846179459	-0.0689320917820928	81.9670611575654
339.502718139634	458.876617013572	-3.11851420842142	62.9140112490895
339.992910572323	353.411109038498	-0.0695942816490424	81.7741760695864
340.002376667419	458.887710309888	-3.11942838127314	62.9365038126913
340.490183560966	353.376393725984	-0.0710030065389796	81.505714124681
340.502019683058	458.898177818652	-3.12103762406684	62.9524683714706
340.987338182388	353.340191667691	-0.0733581353131192	81.1708033970881
341.001695420633	458.907678247395	-3.12264859974798	62.9498515866125
341.484300273961	353.301620089586	-0.0769801958183358	80.7807796748002
341.501496200441	458.916720087853	-3.12246212247102	62.9412857448028
341.980908126739	353.259779740259	-0.0821075599626029	80.3540626054755
342.001436367437	458.926357440479	-3.11953909055842	62.9265401196474
342.517924903557	353.208796875209	-0.0892852028644287	79.8908273046943
342.501392577466	458.937787166979	-3.11495614737601	62.9125315425527
343.014107748804	353.161092254289	-0.0955162872617687	79.5861023559181
343.001218740161	458.95115827751	-3.11117235022526	62.8968254929623
343.50998468939	353.113143057085	-0.0993359435302555	79.3339812400939
343.500883614246	458.965709338116	-3.10991783340395	62.8918178944616
344.005735776595	353.065846645111	-0.099845057313752	79.1538659508249
344.000484408639	458.980155284899	-3.11131685259287	62.8939725297294
344.501665584918	353.019584316937	-0.0986466224349968	79.0711361119798
344.500138219692	458.993601908431	-3.11394251492768	62.9002279488758
344.99785489257	352.974239478949	-0.0970562359490523	79.0804363108309
344.999889339159	459.005865011126	-3.116095143519	62.8891886848617
345.49422040669	352.929440537472	-0.0949776327263754	79.1809091668366
345.499690946183	459.017460757262	-3.11668834894936	62.8597245460032
345.990744092841	352.885055736219	-0.0914420795371666	79.3550703846048
345.999460595313	459.029115027114	-3.11606072947363	62.8153169924264
346.487436903115	352.841241151375	-0.0869873029807006	79.5935888991802
346.499159465868	459.041157295527	-3.1153347279125	62.7783459035037
346.984274597791	352.79768334304	-0.0822458874989662	79.860144170759
346.998821611811	459.053433339961	-3.11552857857528	62.7545867369495
347.481383997143	352.754314052588	-0.0771564776532094	80.1280678643757
347.498511252038	459.065451261854	-3.11658636657259	62.7570019158617
348.01467410788	352.71153155156	-0.0709396863808174	80.5685104777852
347.998261758819	459.07700518444	-3.11776015320251	62.7842293418758
348.511771987067	352.676458117707	-0.0649849029443714	80.8771701010703
348.49806197488	459.08817014777	-3.1181351335175	62.8366171250766
349.009330827738	352.644816415462	-0.0597479964459072	81.1756792367798
348.997844282202	459.099524177389	-3.11734277289445	62.890948341244
349.507257820101	352.615976393571	-0.0557405698631519	81.4684516558225
349.497512511001	459.111558642214	-3.11556292649374	62.9377806863454
350.005437152858	352.589123178493	-0.0528432851377453	81.7319061786937
349.997026132848	459.124723132704	-3.11366549419962	62.9734069438942
350.503826732636	352.563725259571	-0.0509749727023878	81.93582895342
350.496502686576	459.138724901687	-3.11272937061132	63.0181123620697
351.002353209854	352.539102505756	-0.0502824246578011	82.0652229952212
350.996157163629	459.152990590302	-3.11361696708167	63.0785527586779
351.500896020718	352.514641755717	-0.0507457410166359	82.1206748892498
351.496136872796	459.16642793393	-3.11628490950721	63.1610837511528
351.999367709301	352.489835842078	-0.0517257591873146	82.1077588677869
351.996381090377	459.178478754009	-3.1198022727448	63.2513914486513
352.497793600448	352.464591110718	-0.0522836259143865	82.0347125197051
352.496663906594	459.188892069197	-3.12263963042045	63.3402389986527
352.996271592194	352.439164370994	-0.05207631016358	81.9116773379349
352.996709793531	459.198500998861	-3.12369026450162	63.4079287396177
353.494848747886	352.413709495877	-0.0517201338129124	81.7429939556418
353.496344534869	459.20812987829	-3.12279943016223	63.4501446144073
353.993468106288	352.388105155789	-0.0520123542310212	81.526381328718
353.995569914161	459.218857184518	-3.12073115167999	63.4635553303764
354.492030589477	352.361846079131	-0.0530302472995516	81.267730397304
354.494579440279	459.230871015312	-3.11847042497264	63.4682114476547
354.990536619702	352.334742085583	-0.0541001408359558	80.9884639101097
354.993639002108	459.244325402748	-3.11680818322814	63.4838206378259
355.489077174755	352.306696830711	-0.0547542658613896	80.7136254772539
355.506246866245	459.258462158113	-3.1160746490837	63.621857178018
355.987690544327	352.277925284879	-0.055338852319145	80.4528311431953
356.005702043332	459.272109594016	-3.11642494567492	63.7380295339276
356.514126981912	352.245902453283	-0.057000988185905	80.1064814643954
356.505030866163	459.28505430674	-3.11781793253698	63.8819571441364
357.012353614777	352.213796825234	-0.0598641124087016	79.9279490588099
357.004330620227	459.296982734517	-3.12021726926677	64.0316238418238
357.510625910624	352.181300919677	-0.0631734790667441	79.7468584891409
357.503651332305	459.307303768931	-3.12323191835924	64.1725161556779
358.008800633007	352.148637191738	-0.0657706329282804	79.5542172565616
358.003083642292	459.316148678277	-3.1258615728782	64.2975020059491
358.506888445972	352.115921603799	-0.0673618798404773	79.3753873176921
358.50277220101	459.323917451768	-3.12676474251646	64.4026993716408
359.004947921852	352.083519482714	-0.0679579580538517	79.2364218933843
359.00276439799	459.331832773867	-3.12543651513391	64.4781153304449
359.503005392758	352.051512395406	-0.0678171329416002	79.1590452635724
359.502922616776	459.340653827276	-3.12290198552218	64.5165309957106
360.001138811524	352.020143650445	-0.066908861138072	79.1173816221949
360.003015079057	459.350651546495	-3.12100977504973	64.5216276907323
360.499426256371	351.989447631716	-0.0656643734053663	79.0945445293604
360.502902733994	459.361030614388	-3.12096748659067	64.5123051129754
360.997855186131	351.959317539299	-0.0643140040984632	79.0833202981534
361.002603372423	459.370998684963	-3.12268502849494	64.5104704768578
361.496339394914	351.929594168495	-0.0629777802446619	79.1087906077285
361.502249242952	459.379845814281	-3.12503967464618	64.5296130804096
361.994814526366	351.900141294597	-0.0611970111219216	79.1734728726871
362.001985815075	459.387705653625	-3.1266771261464	64.5705309991375
362.49328991189	351.871125657519	-0.0588538549115347	79.2790203782746
362.501889633954	459.395055502711	-3.12680274690224	64.632276319416
362.991790811319	351.842561994319	-0.0561017898627826	79.4084743463951
363.001905354012	459.402705613882	-3.12569795286811	64.7167607819562
363.490356678951	351.814590661448	-0.0535091928136589	79.5630811147643
363.50188665868	459.41092387432	-3.12446896053878	64.8214295454732
363.989090056396	351.786921063931	-0.0509882652700318	79.7338654952543
364.001720668304	459.419561750731	-3.12419583163539	64.9314271947974
364.488216122326	351.759812206532	-0.0480019898017527	79.922451227474
364.501422984149	459.427965909754	-3.12518445657293	65.0296339583238
365.009980314321	351.733340900631	-0.0441757192380977	80.2490226577325
365.001096867207	459.435668423001	-3.12696808605732	65.1088465099807
365.508362426001	351.7109963735	-0.040724719481323	80.4849921121586
365.500845403739	459.442408096582	-3.12873258278019	65.1698495207888
366.007217812396	351.690430009785	-0.0382863757310971	80.6998559544234
366.000709454509	459.448450449037	-3.12960673608941	65.2088533096177
366.506443569712	351.671170117933	-0.0368332993603728	80.896655463342
366.500668082518	459.454357021041	-3.12892276480028	65.2151815318501
367.005798116289	351.652652347457	-0.0357879752502515	81.082453961485
367.000664330098	459.460948114545	-3.12675223052065	65.1880315458399
367.505143503789	351.634830220663	-0.0349884568203469	81.2635933344291
367.500630544337	459.468719573306	-3.12413502396546	65.156648398064
368.004475084795	351.61738941853	-0.0346233452932965	81.4395329192049
368.000511682455	459.477628601194	-3.12241715524693	65.1694169323141
368.503830659266	351.600186477563	-0.0346568854480364	81.608330042262
368.500308771404	459.487024125327	-3.12232559334043	65.2484485978815
369.003180170519	351.583068683242	-0.0344046306368384	81.7681024457098
369.000087471764	459.496109092773	-3.1237154799386	65.3598379056368
369.502486941891	351.566456138396	-0.0329998189261601	81.9167761910912
369.499913087025	459.504337532407	-3.12563941541553	65.4377766045245
370.001797944133	351.550901535182	-0.0303387630890772	82.0481223114001
369.99978350175	459.511780044357	-3.12673490439757	65.4365212296931
370.501212671276	351.536824086247	-0.0274757520298947	82.1510790702755
370.499643991911	459.519081874977	-3.12624487661081	65.3606772954778
371.000756714263	351.523939024401	-0.0257341284205571	82.2125151915637
370.999453525694	459.52691631251	-3.1247543371537	65.2531873297569
371.500366759698	351.511560337088	-0.0255324113482612	82.2252711748735
371.499238263045	459.535443892377	-3.12371592727512	65.1567522863422
371.999968945473	351.499042807864	-0.0261552994658845	82.1934506496444
371.999080365319	459.544119100936	-3.12419071695572	65.0876678006996
372.499550138818	351.486227014553	-0.0265583576318217	82.1292535641434
372.499027314707	459.55224041191	-3.12597017993861	65.0411766164782
372.999145045001	351.473346372513	-0.0263122137982085	82.0481938247026
372.999037448194	459.559391679409	-3.12792425885387	65.0086538884544
373.498769318678	351.460629389607	-0.0257798615758989	81.9660242054579
373.499027153006	459.565793839181	-3.12905289941705	64.985055422242
373.998404536761	351.44812563219	-0.0254058295324039	81.8927235107184
373.998945772296	459.571891750506	-3.12907697804086	64.9681075219557
374.498047285377	351.435713216576	-0.025147703772007	81.823903155496
374.498786354776	459.578233615671	-3.12825223339292	64.9576701989585
374.997730695174	351.423433016788	-0.0247635661795387	81.7423160038087
374.998556006389	459.585095474741	-3.12688129941663	64.952363533236
375.497466664441	351.411275444853	-0.0243423141896056	81.6348978018031
375.49825419832	459.592784850227	-3.12508039772391	64.9437257010383
375.997214980414	351.399261554294	-0.024188930780751	81.5075886278109
375.997901659188	459.601414267465	-3.12302545589479	64.9160017725373
376.496913014408	351.387164146269	-0.0243852070316535	81.3820085263407
376.497561404651	459.611104486102	-3.12117796334404	64.8578854608356
376.996549488369	351.374950938894	-0.0246621140821523	81.2758118201582
376.997309370565	459.621542150595	-3.12008869512558	64.7696063357229
377.496185846664	351.362543166743	-0.0246712504330893	81.1882103123586
377.49717590208	459.632373245807	-3.12007481642754	64.6577960212178
377.995924469883	351.350216025449	-0.0241902544631832	81.099657502483
377.997163533803	459.64293100191	-3.12124535257862	64.5269912637758
378.495811430523	351.338071322243	-0.0233132703957635	80.990317015219
378.49726013256	459.652768365858	-3.12342155314115	64.3860017934758
378.99578600326	351.326364782425	-0.0224496424891663	80.8548767317121
378.997383777393	459.661388363022	-3.12586413463185	64.2526022892681
379.495706493948	351.314831155905	-0.0221436952625768	80.7076289967672
379.497353689476	459.669064327998	-3.12736162652233	64.1480954216206
379.995492754833	351.30328914838	-0.0225795194772495	80.566609283205
379.997065214549	459.676328885764	-3.12724173243217	64.0821896863766
380.49519549928	351.291235321584	-0.0234598594779715	80.4411000236823
380.496650768184	459.684072852854	-3.1260285385971	64.0506458348431
380.994923375428	351.278734101509	-0.024227096589882	80.324137438356
380.996391251613	459.692405299792	-3.12487789445435	64.0342951943787
381.494693740949	351.265707485195	-0.0245884172856892	80.2087157359764
381.49642566329	459.701293729974	-3.12434127190768	64.0061536795755
381.994444604462	351.252560056804	-0.0245912338090867	80.0939005305005
381.996575133027	459.710346134747	-3.12395396140081	63.9393927496473
382.505642068242	351.238444590494	-0.024576707135138	79.9190545637289
382.496453928099	459.71991796108	-3.12285596950782	63.8278209547142
383.005369946489	351.22485933532	-0.0247559065833791	79.8546069232681
382.995852064931	459.730273232405	-3.12095593854857	63.6885519233078
383.505092085676	351.211268751509	-0.0250150119881597	79.8067773006395
383.494965463319	459.741882545095	-3.11906374653162	63.5507767672014
384.004707981293	351.198010919188	-0.0246473508159944	79.7687803045731
384.005968786201	459.754779782378	-3.11809009953241	63.3650054578818
384.504121100713	351.185391505329	-0.0229343136493874	79.746387118389
384.505687293632	459.767972527878	-3.11811516816426	63.2909948220049
385.003360930746	351.174301162209	-0.0199356567092014	79.7271597434541
385.00530451884	459.78070292385	-3.11824645890239	63.2259023244026
385.502596930397	351.164885765951	-0.0169399563872715	79.6990363428619
385.505067112427	459.793487654766	-3.117405231672	63.1584392563464
386.002061506088	351.156880902726	-0.015453239859656	79.6325075950803
386.004944383245	459.806681802106	-3.11559334836335	63.06828170782
386.501887514339	351.149123312756	-0.0160383265330721	79.5288497984631
386.504655196807	459.820674097676	-3.11409349025912	62.9599333149438
387.002000308559	351.140871145719	-0.0177678486938771	79.4027095933999
387.004022064518	459.834688300123	-3.11443077758818	62.8491522677226
387.502154190253	351.13174985855	-0.019185754572293	79.2884163718087
387.503179574704	459.847919792757	-3.11668728245541	62.7681229875607
388.00214997972	351.122325140269	-0.0193326067806592	79.1904464383273
388.002472081325	459.85959884779	-3.11943418599346	62.7208125403414
388.501968305634	351.113088596674	-0.0183911474976875	79.1156987852027
388.502154349834	459.870177964888	-3.12063142342601	62.6959724387708
389.001715597524	351.104494726304	-0.0171936231880565	79.0595886276371
389.002203642776	459.880571703078	-3.11944988257085	62.6624511302606
389.501487232487	351.096340460689	-0.0165793598206348	79.0310549966925
389.502350186905	459.891903015221	-3.11682529755428	62.6157883248206
390.00131542249	351.088398055528	-0.0166997173088443	79.0152334841805
390.002340504045	459.90435037411	-3.11442028925051	62.5642379982891
390.501175481177	351.080325648447	-0.0171093116192201	79.006132192039
390.502114911618	459.917727628708	-3.11292589830818	62.5363607219801
391.001033067772	351.072254199827	-0.0170459961371819	78.9897897915233
391.001758125522	459.931540038649	-3.11221444819442	62.5364070417169
391.50086986761	351.064434637358	-0.0160891308596733	78.976100877944
391.501359309584	459.945573886985	-3.11188560926851	62.558341045457
392.000693661735	351.057339005281	-0.0143150170328769	78.9624874414504
392.000972774379	459.959561687111	-3.11190350931318	62.5752399505675
392.500523356859	351.051147149262	-0.0122723459983488	78.9556541882045
392.500619326195	459.973371616425	-3.11225741494559	62.5825418099147
393.000380362868	351.045904830317	-0.0104257020320639	78.9429618859313
393.000299265413	459.986847909531	-3.11286226993559	62.579899489053
393.500277820001	351.041405163451	-0.00896285882667185	78.9286965409742
393.499999473472	460.000023384594	-3.11331873530786	62.5796716633906
394.000217584735	351.037528764752	-0.00781623408971027	78.9093934689575
393.999708245257	460.013009399514	-3.11360041233241	62.5711648416971
394.500189676147	351.034086417323	-0.0070621308258208	78.8998344184413
394.499421026208	460.025848515077	-3.11400346630904	62.5514553979741
395.00018032987	351.030882730928	-0.00695118734790309	78.8957852868075
394.999140435031	460.038464791905	-3.11478092749258	62.5156949071171
395.500175486099	351.027526387745	-0.00766561297316413	78.8996385571171
395.498871854287	460.050771541971	-3.11545982014605	62.482415159122
396.000162681834	351.023723489887	-0.00879237270432753	78.8945009706674
395.998604960218	460.062987898616	-3.11556090306491	62.4625838827546
396.500135031842	351.019453037893	-0.00940867418071724	78.8811641265739
396.498319071131	460.075329522963	-3.11517396300926	62.4761237153481
397.000098230777	351.01516929404	-0.0087604259722536	78.8515282427522
396.998023490628	460.08790434216	-3.11516091430766	62.5227996356082
397.500064541686	351.011439238675	-0.00702152460229729	78.8148239588841
397.497791951557	460.10028017915	-3.11618014130031	62.5993327327416
398.000041346316	351.008603503111	-0.00505678885525226	78.7652564130573
397.997677457751	460.112057747352	-3.11809608892421	62.6773696184091
398.500027361305	351.00655289026	-0.00371073060400314	78.714608916928
398.49761570452	460.122950035111	-3.1197995554609	62.7386943064156
399.000018002289	351.004965239371	-0.00307117149940905	78.6650839807604
398.997457874953	460.133448184969	-3.12031610999654	62.7696742788097
399.500010146771	351.00364317069	-0.0025016866361805	78.6353759020244
399.497111853852	460.144083928795	-3.11952937008263	62.7923136702523
400.000003788726	351.002739573358	-0.00130204542427986	78.6261722970378
399.996576653969	460.155497622143	-3.11812397275247	62.8340687436064
400.499998837773	351.002580634133	0.000540133777343163	78.6488049785011
400.495936189406	460.167669734893	-3.11682138368831	62.9269557560676
400.999992839611	351.003322463717	0.00232372742595296	78.6944746093417
400.995364627762	460.180559553658	-3.11631671726424	63.0645397905063
401.499985257942	351.004732920442	0.00330877555708103	78.7609546852544
401.49508586446	460.193513445084	-3.11699682350955	63.2198949873701
401.99997978528	351.006383710777	0.00347478110177914	78.8260618315975
401.995123647207	460.206197087991	-3.11847762892143	63.3454847388446
402.499977392366	351.008032177263	0.00357772118127409	78.8878119077622
402.495199907923	460.21830318159	-3.11943208588993	63.4220795012476
402.999972240136	351.00981673586	0.00420562486356523	78.9374863888159
402.995014734441	460.230556485137	-3.1191002902176	63.4504127410399
403.499956157452	351.011973592708	0.00520252373164579	78.9785077102418
403.49461745136	460.243290476906	-3.11822283227152	63.4565689416114
403.999924631153	351.014594471567	0.00614977208923134	78.99144866348
404.0053776242	460.256590464842	-3.11824599339825	63.5378044728335
404.499881108663	351.017629486529	0.00702061973457204	78.9768331110119
404.504907368871	460.268692323347	-3.11963958417246	63.5710400779999
404.99983644891	351.021080884207	0.0078740780993272	78.9382314446227
405.00434317287	460.279865368479	-3.12154725562456	63.6312341471799
405.499803231416	351.024874218435	0.00846774277246974	78.9040866442095
405.503863164224	460.290049158974	-3.12259059299189	63.7332297307084
405.999787353817	351.028828174956	0.00848790127680219	78.8806966053815
406.00362724414	460.300129444823	-3.12215029688711	63.872508245468
406.499781887063	351.03267567327	0.00813768005336674	78.876198557146
406.503686542605	460.310579127263	-3.12080362697133	64.0238277388395
406.999770569727	351.036400964379	0.00797565883111045	78.8782852458196
407.003814387679	460.321668776376	-3.11990210701285	64.151723995333
407.499741998034	351.04016527637	0.00840838133171942	78.8919214449465
407.503651988589	460.332661006	-3.12056744312815	64.2392398813384
407.99969789006	351.044272864845	0.00933071339328412	78.9121957797326
408.003112035117	460.342869853387	-3.12279162450899	64.2970103107134
408.499641278668	351.048843285609	0.0104720906895241	78.9500545547765
408.502503559041	460.351680394042	-3.12534559570567	64.3491499050366
408.999548803411	351.054011322096	0.0118030655163772	78.9942483755344
409.002158121204	460.359441184288	-3.12687262494959	64.4038567128443
409.49937068396	351.059908790056	0.0136458150321682	79.0345726992022
409.502112327809	460.366725246641	-3.12688682770857	64.4510490971893
409.999089356961	351.066870212591	0.0159201098988808	79.0412232437053
410.002167075748	460.374295791776	-3.12601829094481	64.4777102071431
410.498778001218	351.074892172545	0.0178640385352046	79.0150606786827
410.502145250185	460.382230121741	-3.125290368044	64.4847411762327
410.998554403321	351.083671472926	0.0186776061187588	78.9683898971006
411.002013964094	460.390404927861	-3.12522531925009	64.4859002713552
411.498458486477	351.092573114456	0.0185470764017398	78.9390939898309
411.501847627504	460.398439593816	-3.12553061225072	64.4973054211862
411.9983982184	351.101422790396	0.0183924052904836	78.9385689387716
412.001722112972	460.406393723545	-3.12556443841722	64.5254839075252
412.498252864238	351.110349171343	0.0190826271223219	78.9746132497597
412.50165147482	460.414417630684	-3.1249990047454	64.5677919303577
412.998002846943	351.119884223757	0.0203972734670816	79.0329126128532
413.001578081223	460.422817511775	-3.12418158259191	64.6180264860499
413.497747267947	351.130010564833	0.021305151531488	79.1119382194757
413.501437282038	460.431472815647	-3.12383699251979	64.6721016920877
413.997559210515	351.140481135056	0.0211170869125472	79.1940731137628
414.0012260199	460.4400981181	-3.12434651785725	64.7284817495047
414.49737298192	351.150750380454	0.0204249061152785	79.2740171191574
414.501006361977	460.448293634865	-3.12532766033989	64.786377792649
414.997078672714	351.160953070732	0.0200731144709079	79.3382022674921
415.000832412553	460.456050798601	-3.12605447888014	64.8425002759972
415.496712104315	351.17117001127	0.0201647721418518	79.399935334224
415.500704326422	460.46355107577	-3.126215387298	64.8918806098424
415.996425624644	351.181641433899	0.0201161601107214	79.4706951202547
416.00058106244	460.471028260238	-3.12623964665747	64.9340277419039
416.49629814199	351.192008725835	0.0196931662781331	79.5717499676853
416.500435071302	460.478369880452	-3.12681145000022	64.9783108934929
416.99620583834	351.202316954281	0.0192333707120342	79.6925392061412
417.000280571669	460.485302313218	-3.12799174225755	65.0372547618866
417.495920031771	351.212552116121	0.0194792470568075	79.8155978393285
417.500146723605	460.491684367555	-3.12897701091356	65.1087639785975
417.995308280129	351.223476655054	0.0208372955897039	79.9102061420402
418.000036373137	460.497834775362	-3.12885629223801	65.1691140060871
418.494461298731	351.235490674152	0.02305124616017	79.9791022970331
418.499926404577	460.504338685091	-3.1274812746231	65.1901717969228
418.9935829626	351.249139958461	0.025255595435475	80.0374072520782
418.999792237715	460.511655189523	-3.12554777466866	65.1614316310465
419.506106353168	351.263500463269	0.0266784094144803	80.239060501955
419.499626569691	460.519845448667	-3.12399648821297	65.0930424670194
420.005766030021	351.277854532381	0.0268667396273314	80.3737481711614
419.999442660202	460.528566961163	-3.1234265210556	65.0062873444144
420.505308424084	351.291816844625	0.0262053658210244	80.5288646750202
420.499260976535	460.537354603004	-3.1238084596413	64.9258578974
421.004826525972	351.305311389586	0.0252989474562111	80.6960580285428
420.999090504589	460.545837362807	-3.12454675755419	64.8721599993191
421.504423866588	351.31818572315	0.0246041468092315	80.8722374546466
421.498926303193	460.55403033084	-3.12498094643725	64.8490181232711
422.004140945286	351.330737749926	0.0241090663881312	81.0462684802952
421.998783878211	460.562079083304	-3.12508382519393	64.8389275580677
422.503941299717	351.342868887408	0.0235957740834653	81.1995053774125
422.498707248744	460.570067812031	-3.12548381041684	64.8174458275024
423.003750553957	351.354672631422	0.0229289053490616	81.3140659685126
422.998701543976	460.577702879762	-3.12649973298692	64.774944660521
423.503534744381	351.36600178228	0.0222844565881166	81.3928140279846
423.498667835742	460.584869580879	-3.12750028022544	64.7241354269357
424.003285233011	351.377087247948	0.0219301674522329	81.4586974843438
423.998495263555	460.591726726041	-3.12763575550266	64.685298590483
424.503010736305	351.388036521353	0.0220374078381062	81.5377246695686
424.498197677084	460.598838012688	-3.12678513066366	64.6651439200853
425.002719610875	351.399175979708	0.0226183292256974	81.6383705615197
424.9979011814	460.606466875386	-3.1256139692859	64.6492800866391
425.502429048197	351.410614104427	0.0235808566361275	81.7535082738345
425.497707252946	460.614667315988	-3.12486498581908	64.6178806355882
426.002142031971	351.422539151311	0.0246525176810769	81.8704020443165
425.997616990523	460.623076869429	-3.12468653127154	64.5610950219757
426.501852403342	351.434842982139	0.025474024247431	81.9765388909249
426.497541807019	460.63162348189	-3.12457167324838	64.4790832712965
427.001545188104	351.447411423374	0.0258799675515641	82.057759360221
426.997371570638	460.6403359549	-3.12390212884809	64.3735655584142
427.501210609915	351.460038620892	0.0260213557626349	82.101993252665
427.497038044052	460.649680680226	-3.12253377891274	64.2520811551568
428.000842633479	351.47269624721	0.0260321051308795	82.1091536898298
427.996580121293	460.659761279215	-3.12106653862839	64.1339009378042
428.500453794812	351.485307182086	0.025838517138595	82.098215575772
428.496138680335	460.6705286391	-3.12038303573222	64.0479135532926
429.000067369358	351.497798482829	0.0254929169729174	82.0979211702647
428.995870558126	460.681292803336	-3.12089125502763	64.0119332311925
429.499687846891	351.510171413275	0.0254300508982765	82.1231125687256
429.495812020679	460.691690326084	-3.12211769102282	64.0164125735953
429.999282225905	351.522661497368	0.0260877588384099	82.1588173954816
429.995862075581	460.701433148567	-3.12317232827847	64.0239506828605
430.498809145346	351.535645384246	0.0274096758206433	82.1688177127156
430.495855029256	460.711017728439	-3.12329831911312	63.997962225087
430.998259793524	351.549347646213	0.0289390989593665	82.1192957434915
430.995672724968	460.720862977451	-3.12213796077312	63.9217561472617
431.497652327449	351.563860434665	0.0303759748711337	81.9978624002515
431.495294593887	460.731837435845	-3.11982764211042	63.8019333427935
431.996999919095	351.579151290212	0.0318661440509971	81.8192938626293
431.994825088756	460.744124175019	-3.11742576515117	63.6554307286143
432.496287976532	351.595385227104	0.0336818464687604	81.6177326207909
432.505698702726	460.758252472159	-3.11640784381603	63.4487371444038
432.995525027434	351.612619615865	0.0356547691173467	81.4255507877275
433.005194103467	460.772009262282	-3.11728167603962	63.3603257576889
433.49475526768	351.63090009197	0.037296811860412	81.2516534834257
433.504740718369	460.784981017832	-3.11857731366245	63.3123404039203
433.993981517581	351.649977238166	0.0386093903871592	81.0762612642433
434.004520475404	460.797219169757	-3.11868451990688	63.2738054188433
434.493062715276	351.670054646562	0.0403731707350859	80.873822684884
434.504421093453	460.809638133721	-3.11758833085737	63.2109896737518
434.991877562594	351.691424347511	0.0429100595911556	80.6368483146895
435.004191886165	460.822269947109	-3.1168104945881	63.0986446520153
435.490518404193	351.714531880989	0.0453425385645225	80.3848490487733
435.503707203763	460.834798468078	-3.11751552688629	62.9524127794003
435.989225317122	351.738946521474	0.0466421310931364	80.1455314125708
436.003102164977	460.84634430919	-3.11951631205188	62.8003671594635
436.511075050944	351.766084867763	0.0472216292970703	79.8770741378816
436.502624862328	460.85682737717	-3.12142588714554	62.6856549790939
437.009891135145	351.791960126638	0.0482561805228657	79.7551848988399
437.002412360183	460.866556838616	-3.12194117215727	62.6252879579966
437.508866616763	351.817982891387	0.050618321037595	79.6447320962102
437.502376645985	460.876544739932	-3.1205801298595	62.6172916214655
438.007824402805	351.844568732231	0.0538067207468848	79.5183517916252
438.002334349997	460.887385112951	-3.11808424698744	62.6229699443214
438.506602784933	351.872054393434	0.0568532328152619	79.3739692515465
438.502185555351	460.899388615211	-3.11560142532313	62.6141701658986
439.005212140031	351.900111540001	0.0592122350509295	79.2172418410808
439.001972263741	460.912224223531	-3.11376135834772	62.5772423028996
439.503736937109	351.928749515126	0.0614269459867746	79.0880570849517
439.501750975481	460.925741413695	-3.11238783387969	62.5377904847273
440.002220917102	351.958041058102	0.0638045145605999	79.0153786923912
440.001489780887	460.939663002119	-3.11168481746422	62.5155031673328
440.500635853191	351.98819765099	0.0660515820052786	79.0202548745248
440.501131206908	460.953592562921	-3.11238282299428	62.5209334818359
440.998943257307	352.019103170742	0.0674349872614108	79.0781693249587
441.00073218824	460.966678336899	-3.1148336948842	62.5297115299932
441.497103286773	352.050580501447	0.0681298483753436	79.1707248768522
441.500408871499	460.978409894706	-3.11763168537465	62.5282300370715
441.995093938364	352.082647973883	0.0684035659554202	79.281491797147
442.000191224536	460.989101762652	-3.1187457483604	62.509173285321
442.492983762166	352.115324204205	0.0683723785683789	79.4248925516834
442.500003448837	460.999813454645	-3.11755143116751	62.4915907415195
442.990900707012	352.148693488971	0.0675103907969507	79.5985637440853
442.999773102672	461.011276815056	-3.11590782792387	62.4815646224282
443.488912041403	352.182447142317	0.0657228303810281	79.8006037507803
443.499529302868	461.023137620332	-3.11618576112705	62.4867136439995
443.986940786301	352.21653442864	0.0631515343158576	80.006278514012
443.999333734365	461.034439380216	-3.11833806613276	62.4981296626919
444.514182623059	352.252681567873	0.0601883045181613	80.3150913343871
444.499113506907	461.044967209794	-3.11926126745182	62.521964014192
445.012488259045	352.28403895822	0.0575198410503224	80.5702875389131
444.99871795726	461.055933365458	-3.1168907748996	62.5576427068593
445.510850712412	352.313278270101	0.0549885850856843	80.805460879564
445.498160582753	461.068532705332	-3.11301757950537	62.613820736892
446.009189289795	352.340779468384	0.0524449437210114	81.0225925764421
445.997684067614	461.082671344364	-3.11125082708481	62.6729506791511
446.507529532502	352.366595725118	0.0501009939390403	81.2368891310296
446.497525505328	461.096896359786	-3.11280861266642	62.7158653650629
447.005986844628	352.391205275256	0.0485207741239012	81.4694946336488
446.99759996579	461.110105404406	-3.11572840071108	62.717919578448
447.504661709285	352.41510792313	0.0482731612032738	81.7243692535045
447.497563975685	461.122231972609	-3.11717783553745	62.6938649337445
448.003454669384	352.439025831403	0.0491901169488521	81.967606532352
447.997193111177	461.134348848513	-3.11651031171514	62.6765556161063
448.502171138587	352.46324876543	0.0502741261890147	82.1455344370447
448.496622566411	461.147062035901	-3.11518611658898	62.7064433750912
449.000744587885	352.487694046342	0.0505501470476923	82.2211481566675
448.996138157315	461.160437077259	-3.11483874822724	62.7775218854737
449.499270880871	352.512040941838	0.0500778285603988	82.1947569744078
449.495836464873	461.173807942537	-3.1155295473592	62.8660479383539
449.997821006731	352.536222902859	0.0497078831709214	82.0933626720929
449.995564044209	461.187084867144	-3.11628722488068	62.9396506825996
450.496343431955	352.560547164922	0.0501605578174954	81.9437451535048
450.495194694226	461.20025465422	-3.11649738330898	62.9966705222427
450.994738382208	352.585479628635	0.0517080375920112	81.7521227074862
450.994792718363	461.21369712025	-3.11668440014033	63.0435584139085
451.492931613349	352.611699005495	0.0545173241586006	81.5036851887469
451.494541850614	461.226980926545	-3.11766271480267	63.1022732333932
451.990853324889	352.639927483236	0.0588849692873462	81.180451934933
451.994501799965	461.239789318879	-3.11960997200548	63.1788143589924
452.488337210207	352.671281301121	0.0650417512038329	80.7855614325453
452.504955058887	461.251665147333	-3.12176912174118	63.348011555045
452.985219262504	352.706713419124	0.0725239147045958	80.3489552183819
453.004616109759	461.261981719384	-3.12318400772942	63.4641321858404
453.481494565371	352.747212602089	0.0802071320727216	79.9167001703657
453.519872062254	352.750788524321	0.080779243368115	79.7982708526674
453.504464497653	461.271615989436	-3.12361766540997	63.5685625107776
454.016550197281	352.796692686696	0.0872177171399366	79.5151691097668
454.00436796941	461.281286130267	-3.1231345036137	63.6519015849839
454.512861020263	352.842807997756	0.0916216852739298	79.3008825063044
454.504278063928	461.29125809379	-3.12179150478871	63.7175393848605
455.0091146683	352.888388731534	0.0941043854510214	79.1440602455579
455.004155924783	461.302056889064	-3.12018528539647	63.7770072795306
455.505433582282	352.933422149325	0.0954492598588921	79.0461885467886
455.503898056937	461.313325459825	-3.11961253394484	63.8487342980781
456.001798029168	352.978012296587	0.0960092266563131	79.0038661575905
456.003346948471	461.324363578089	-3.12136737107869	63.9397663496878
456.498155998885	353.022504426433	0.0960414818799916	79.0385331681817
456.502286847362	461.333534549815	-3.12663394274106	64.0300199752833
456.99449769717	353.067092455873	0.0951466506707378	79.1550800719587
457.000277813811	461.338638301107	-3.1380974855418	64.0629781486522
457.490796107428	353.111829170588	0.093387666653694	79.3553015306593
457.496425031893	461.33511244011	3.12208965713116	63.9694329707942
457.986952895869	353.156978881296	0.0907585538804161	79.6067469634994
457.988830693575	461.315672571341	3.08143397176484	63.7053856505485
458.482889241913	353.202721319711	0.0876423683824719	79.8905331098323
458.473590524886	461.270291207877	3.02152486481919	63.2994186027448
458.978581740743	353.249585700344	0.084046258617736	80.1912489489602
459.020014257554	353.253678466955	0.0837232364855179	80.312918165803
459.033229889094	461.169951583622	2.93893714622703	62.8427509570555
459.516699335351	353.297051934288	0.0802435559454871	80.737160764732
459.514533808631	461.057451021283	2.87948689442577	62.7520870443013
460.013439263584	353.337537366357	0.0769368697428656	81.1573508205224
459.980913013299	460.934280900316	2.84822942867798	62.7560768678522
460.510255071004	353.375446634049	0.0738745579398338	81.5482696682404
460.57451047253	460.743482323236	2.84411260307546	62.7702269822975
460.437875198013	460.798186185245	2.84212702102599	62.7547873403071
461.007209455129	353.411276814405	0.0711399802365474	81.8789519745941
461.031724248277	460.602192689668	2.85070470662505	63.1502487805601
461.504376389171	353.44540579717	0.0690547018878803	82.1155536126413
461.491740130524	460.473766037889	2.84902263044404	63.2284106265022
462.001716684578	353.478466106147	0.0678518025201085	82.2228915288961
461.948527474208	460.339911050468	2.83582871069454	62.9082126113805
462.499111570126	353.511087374636	0.0676122224891409	82.1788302736085
462.542139238552	460.125369612696	2.81034434486832	62.6000204107576
462.996421371131	353.543998858805	0.0686639116216151	81.989408317946
462.993126663449	459.979714832342	2.80396637765883	62.62130522162
463.493479683462	353.578159265747	0.0717460127325056	81.6876265718841
463.44322182148	459.831745935707	2.81137742510001	62.6197926173591
463.990075243964	353.614778603953	0.0773595632407474	81.313133442366
464.038149412274	459.616410585984	2.83211109283484	63.0018688843854
464.485995958598	353.65534811704	0.0851522155382613	80.8921136845739
464.494224106372	459.482261240862	2.83788362652214	63.1336391289416
464.981147933128	353.701067786968	0.0939800098392889	80.4381426172974
464.949751144824	459.345749107155	2.83229685669042	62.864622540762
465.524528562516	353.759447282483	0.103679917091487	79.8732457795491
465.543673967073	459.131071011849	2.81408445908247	62.6031555753502
466.019015902854	353.816856358365	0.111542249934576	79.5852337453012
465.995551305901	458.986720570193	2.80870532760297	62.6278432342651
466.513270303158	353.874253034377	0.118218959281142	79.3713158809196
466.446670342276	458.84084237788	2.81405508639083	62.5948658004927
467.007337327274	353.931702448532	0.123207647475433	79.2294957400815
467.041291135142	458.625727837128	2.83077838380649	62.8896981130306
467.501150584041	353.989437014695	0.125559733245824	79.173197443919
467.496808373976	458.490238036226	2.83469058453477	63.0375682655167
467.994838268174	354.047253268458	0.124337343785012	79.2112959303524
467.951765499571	458.352800690271	2.82798668835619	62.8192546996974
468.488613112411	354.104875790978	0.12030360783449	79.3588970415592
468.545295079842	458.135495060061	2.8104028988987	62.6363666811832
468.982489620955	354.162480103669	0.114660832924293	79.5912342769422
468.996642125878	457.989993522984	2.80700890501063	62.7490493898522
469.476320468089	354.220563471376	0.108747888231574	79.8918114115176
469.447873754815	457.844189549051	2.81532618007094	62.8032144588671
470.021917136171	354.284061945802	0.102263967032412	80.4495510560228
470.04264592965	457.630855086374	2.83573588014777	63.1787703441593
470.516660057108	354.335421264007	0.0970386571416171	80.9713099280318
470.499129335314	457.497320406459	2.84051641106146	63.3334344324937
471.011904072091	354.382931902363	0.0926320924049167	81.4646396114638
470.955149531217	457.362700549782	2.8331310036075	63.0492397455361
471.507472561109	354.427593244357	0.089850273913325	81.8528921804447
471.549638536526	457.146711998662	2.81060220676691	62.6456213393985
472.003082408984	354.470769246106	0.0891452058580293	82.066970613339
472.000021203007	457.000062342153	2.80385089951569	62.6322899380743
472.498519421603	354.513762965234	0.0902609830230151	82.0730737792381
472.450631199747	456.853419736874	2.81121782079793	62.6024062857424
472.993700857502	354.557784706507	0.0928628001178377	81.8780409981049
473.044699709834	456.638716888748	2.83552092761158	62.928942002642
473.488532113521	354.604068577596	0.097409630446213	81.5166097592335
473.501578871746	456.504952453644	2.84296737051342	63.1444877297044
473.982667428177	354.654188989238	0.105039412909265	81.032540959593
473.958489391899	456.371328318317	2.83401927271332	62.9665908277464
474.475409994878	354.710698715061	0.116728994689028	80.4717801247829
474.552368250531	456.154700610837	2.80651429757308	62.680626790818
475.027684777515	354.786974407858	0.133609529602318	79.8187008795699
475.001793883353	456.005199817186	2.79643226497746	62.7762152260342
475.519081612158	354.858783396944	0.147370501263657	79.4694776707753
475.45032514534	455.856142568727	2.80235910791895	62.7933540149824
476.009478595982	354.931109546194	0.155554667855316	79.2259691965888
476.044971805301	455.634581266085	2.82611992623566	63.1073075538107
476.49952024939	355.00349215891	0.157497036168345	79.1410618095789
476.499367234801	455.49808273966	2.83492916325558	63.2758389348956
476.989723143967	355.0756803518	0.15427600440081	79.2450676353805
476.954454366781	455.361786192988	2.83010529775022	63.0353156952878
477.480166943004	355.147821360161	0.14715602362929	79.5444150499962
477.548875369541	455.144624241651	2.81001315286978	62.6953785979685
477.97063867637	355.220591288223	0.137011184454373	79.9805732136075
477.99944608411	454.998362217751	2.80495411885707	62.6706248152629
478.524980031445	355.300585289885	0.12504348380223	80.7393815499152
478.450724307037	454.852347586163	2.81431610342668	62.5655393874891
479.017408948908	355.361768977527	0.116848659067275	81.331891839353
479.044946196538	454.64009331946	2.83927353348862	62.7505226112521
479.510430036705	355.417572949845	0.111379875817509	81.7607855592253
479.502410281256	454.507607026248	2.84719917317687	62.8919313578114
480.003765039499	355.470318888005	0.108595906974329	81.9764689800505
479.96023122658	454.37574704861	2.83879237752774	62.7031379161449
480.497192323756	355.522037183804	0.108682970071579	81.9603261628041
480.554588834551	454.163012796486	2.81203513627321	62.4012174264384
480.990329615733	355.574942129571	0.112409266315219	81.7202246282961
481.004984210095	454.01463370196	2.80150942944075	62.5053849223347
481.482565482373	355.631733048478	0.120852136807972	81.2899399448449
481.455008100408	453.86784673093	2.80651719238716	62.5570608350281
481.973108288716	355.695706117572	0.134330008303288	80.7301953956839
482.049126165276	453.649593572777	2.83011541822539	62.8921813647466
482.532513261418	355.784773211824	0.154307734265686	80.0583433773592
482.504451795945	453.513713966994	2.83953330428425	63.1531209537757
483.020848148682	355.866994471749	0.170313818241885	79.7548216609716
482.961152168179	453.380256885472	2.83581733444163	63.0041720400758
483.50808164275	355.949788315398	0.180491676851662	79.5974769167567
483.555845287636	453.16767301939	2.81572591557376	62.6560643487996
483.994575154495	356.033228008424	0.18308379893198	79.607925822848
484.007052839212	453.021027404357	2.80744223261912	62.6844586814865
484.480703776453	356.117655543852	0.178627200389543	79.8006694353996
484.458656800421	452.876474800726	2.8118261721843	62.6607845967533
484.966689541012	356.203849889949	0.167860373330197	80.1384753218811
485.052469296053	452.661072977976	2.83213807622213	62.8855945407294
485.530239323849	356.3036792997	0.151821158512939	80.8416160725462
485.507964022709	452.524590168767	2.83959006826563	63.1336120248975
486.018795507872	356.376611256463	0.14057409343747	81.4081040895773
485.964604803744	452.391284043725	2.83404897202263	62.9839052683699
486.508731470378	356.442709039263	0.134685154797348	81.7598831894934
486.559597604226	452.177263708918	2.81224979302452	62.5723013858398
486.99899378376	356.506475348542	0.135531172724137	81.8194690349461
487.009672944311	452.028586178024	2.80415066139944	62.589073461797
487.488378431814	356.572248186237	0.142753559715878	81.5649081612706
487.460715257737	451.88339935877	2.80971150170856	62.5536456419092
487.975847871858	356.644275706748	0.155529637973658	81.0347988844829
488.054780560651	451.667057457645	2.83133790680319	62.7245166243675
488.460441504526	356.727362765328	0.172955431761195	80.3418180118386
488.50981809236	451.530169953681	2.83968668972766	62.9418640952701
489.029544482852	356.842846278831	0.195377563249364	79.7254264814707
488.966573443376	451.397353213099	2.8353960364032	62.7615398855282
489.511715934986	356.938695834787	0.208322932605348	79.5019044364502
489.56191199284	451.185031364745	2.81426349992215	62.2910419747163
489.993316172536	357.034691203776	0.212076312797091	79.4957336974107
490.012125405764	451.036053568553	2.80505463527128	62.3012284582543
490.47452387506	357.132046967343	0.206222154533201	79.7061058538531
490.463373780903	450.891007308239	2.80887753393659	62.2997030477882
490.955382098615	357.232509829412	0.192115227241238	80.0739972051959
491.045118126401	357.254561360544	0.188717890670885	80.2215877258212
491.057182961838	450.674120691117	2.829250494079	62.5352208194265
491.527879023445	357.347107099891	0.173964848251957	80.8977793332827
491.511638540927	450.535435119097	2.83670885691106	62.8535173278215
492.013001349393	357.428633562211	0.165294716847247	81.3693184313178
491.967374337634	450.401527578459	2.83092601806081	62.7651766973803
492.498943058828	357.50572571559	0.165040931776106	81.484121119579
492.563346256864	450.185564504886	2.80879155254119	62.35279284367
492.416444786859	450.251100455791	2.81498304376007	62.3541602131498
492.98383205526	357.584914258554	0.173979720857819	81.2058983886341
493.011928942059	450.03486833146	2.80035710025264	62.3940156391911
493.465512867985	357.673187541168	0.191816544133316	80.6170918610328
493.462279689091	449.888621991353	2.80620036821698	62.3823722117389
494.042516323241	357.805445748382	0.220080729872405	79.8676585964259
494.055884780848	449.670971111133	2.8296505434569	62.572865703566
494.519014394433	357.915744328284	0.237474136023463	79.633826017764
494.510827751638	449.533444539371	2.83979458575103	62.8250542574674
494.99430396091	358.024820365732	0.243411740631735	79.5990465942849
494.967877998268	449.40095684902	2.83707684944118	62.6870406176687
495.468767285165	358.135625359368	0.237857036292051	79.7614358730951
495.563641884255	449.190717788498	2.81802093103189	62.2475729064559
495.419141694023	449.253320236291	2.82357522477157	62.2622088054103
496.04830097151	358.282130609274	0.218769181209012	80.2756548703485
496.014332256312	449.042719121199	2.80948512157869	62.269818731272
496.525159628924	358.386651796694	0.206343708350034	80.8850387599029
496.466495591457	448.899702191823	2.81325074015602	62.2577923080668
497.004087334263	358.481842483154	0.20389901185619	81.1919882446535
497.060545802788	448.686452347602	2.83316299132959	62.3946592618105
497.482132853394	358.577234997457	0.212613934214664	81.0834128228864
497.515593263345	448.548259184306	2.8408969456214	62.6712590401031
497.956078710448	358.682707159378	0.232080707680945	80.6126529657636
497.972681702947	448.416120882791	2.83521713773047	62.5609996643987
498.540193986417	358.845109751636	0.263891302958152	80.1036514951607
498.569141447826	448.204396815467	2.81167718145102	62.0539118384954
498.423648393017	448.26947693665	2.81862250948523	62.123088890705
499.008059959307	358.969897083599	0.279496433291591	80.041331706925
499.017763077441	448.051997710854	2.80049328648747	62.0784569352914
499.474125938646	359.094914206246	0.281253668004829	80.1131380128859
499.467739486575	447.905502205095	2.80299430039637	62.0912492497886
499.937679807228	359.227100353136	0.269752234727239	80.2927296268353
500.061232013924	359.271368643559	0.264901218477802	80.4505943234104
500.061422044989	447.685636663386	2.82384491661635	62.3076540498488
500.527905815447	359.396657466208	0.252926239517736	81.0672494695048
500.514609913886	447.544728296339	2.83568308078696	62.6895148875522
500.997026657276	359.510775439332	0.253488534534426	81.316335791358
500.97135378836	447.411695971025	2.8363471738686	62.6868600067639
501.463286987774	359.628392233198	0.268266034689364	81.0721668220332
501.567271904055	447.203246179478	2.81994192000551	62.2924775890237
501.423852811714	447.266147866086	2.82542072881534	62.3369195509179
502.055836407684	359.818528923788	0.30238169900113	80.5222471369457
502.018185238116	447.05430467527	2.80916944824412	62.3072434524843
502.512502269556	359.960796486756	0.322017817041356	80.540971466121
502.470139102214	446.911103540729	2.81038840265127	62.2350412404939
502.966676132384	360.101902579535	0.327361782550047	80.5522032663814
503.064548814727	446.696059585538	2.82888262747267	62.2163987499971
502.919495743832	446.758067559197	2.82351699395821	62.0944410107957
503.560151434819	360.318390824072	0.318817919729996	80.7681426082239
503.518215093995	446.555836886389	2.83841768228012	62.4309434492881
504.013002979031	360.46193742128	0.319994374453031	81.1159389121149
503.974794608528	446.423029064604	2.83462753978944	62.3144954638621
504.463160040625	360.602960525806	0.336092829562268	80.9065574563897
504.571709971192	446.212449265902	2.81307099508801	61.8328774666182
504.426081505438	446.277271503433	2.81943593400356	61.9111301566535
505.060627768655	360.845612759199	0.376101969700245	80.3337407112825
505.020263270978	446.059842844096	2.80294612531377	61.9062101004106
505.49586736526	361.010033241545	0.396258514288342	80.3329281011684
505.471325558415	445.914608587994	2.80700457646549	61.9707777969789
505.923549902408	361.179220817207	0.404459780867415	80.0876428008102
506.095741337008	361.277193509956	0.405572908462566	80.0245047051141
506.064617604406	445.699657157073	2.83005181727632	62.1816003412998
505.921046615802	445.761324424951	2.82332109546622	62.0113608878257
506.519719640435	361.455618009511	0.413007170030838	80.5157701456581
506.519205643837	445.559761215108	2.84155203948451	62.5585425326947
506.9412313487	361.626170676431	0.432358929339637	80.4339022967457
506.976902646112	445.428534796042	2.83916879557395	62.5485428463891
507.532308815537	361.936623471909	0.474384403181074	80.461088389366
507.574539294006	445.221653529514	2.8171243994172	62.0657549007986
507.429468634552	445.285667519599	2.82411860660445	62.176008867651
507.933143119066	362.123508079262	0.498070402116972	80.3600580227493
508.131740621798	362.263892561179	0.510102568705086	80.016906716036
508.02352171709	445.068711142251	2.80313825123809	62.0897421377892
508.51514041222	362.47457849628	0.535794365864754	80.6327992345823
508.473677749165	444.923266257164	2.80347337318465	62.0695253754248
508.886517390691	362.676953298971	0.569957833752151	80.3001144105298
509.095861802529	362.85825666436	0.5958182759437	80.3754135358435
509.067976070246	444.705631777513	2.8254176338752	62.1135743946648
508.922287630512	444.769440931769	2.81847263109813	61.9935492569904
509.447627867625	363.071185021482	0.636163464762	80.6391353671005
509.673987746167	363.277261145514	0.664947543866178	80.047460062809
509.520742703584	444.564281197883	2.83981635603799	62.4108037070574
509.990184995811	363.511651563649	0.700536659415638	80.8028807614973
509.978544728994	444.432884826009	2.84026695455188	62.3487214397301
510.514507706206	363.984602231856	0.752021348761582	80.7645563431385
510.575423842484	444.228524193418	2.81952149629637	61.8140362669316
510.432464577891	444.290848675437	2.82635494369679	61.945507774225
510.78064254036	364.223873110225	0.769121594752828	79.8569597134938
511.022596100081	364.477791907135	0.781791840101082	80.3726693572629
511.025334056887	444.075475070358	2.80553842386433	61.8272515403016
511.277910969401	364.714786497753	0.787709834006999	79.2817755546638
511.521457878769	364.979808522962	0.79157220376435	79.530878978175
511.476565919896	443.930604311987	2.80565092230789	61.8326442324556
511.773129236743	365.214321483112	0.789185146851415	78.2194861534735
512.019461610641	365.481916381	0.787030210720966	78.2779693629125
512.070668046949	443.714972481812	2.82566102219486	61.925682733896
511.925768683395	443.778455693643	2.81924724211741	61.8106564085266
512.272679479067	365.715252335952	0.78238386824951	76.8775835882472
512.520647751117	365.980539921798	0.780729883726586	76.9465524746134
512.523431472326	443.572107836367	2.8380444640166	62.3041271717736
512.776834873772	366.215396203596	0.779140693631444	75.6880392702333
513.023469004649	366.477276436857	0.78037464750397	75.974232507145
512.980428029024	443.439760255026	2.83711942458974	62.344967085828
513.281399611349	366.715313267447	0.781485128834474	74.9754864566691
513.525245429869	366.975041854943	0.783074322871608	75.4785455057177
513.578251059902	443.233917474507	2.81753356662344	61.9011077092266
513.433434599029	443.297556106571	2.82381918496058	62.0289467837413
513.783759891267	367.215720519552	0.783038353189814	74.6565662274016
514.026246103515	367.473770570731	0.782978140727013	75.2634211884374
514.027098684237	443.079968201796	2.80500434786882	61.9560558290205
514.285680674387	367.714779591947	0.783099254335526	74.523728206567
514.527220490897	367.972759194378	0.784093965317438	75.1761110524504
514.478081747851	442.935335117014	2.80628292359007	61.9584308856286
514.785892210653	368.213763148466	0.785985003404239	74.4963223785406
515.027093557405	368.473015373597	0.788178290897099	75.2102202296068
515.072672884681	442.721063894592	2.82738345310362	61.9762327673287
514.927856152427	442.784294630713	2.8208192892019	61.8952519328323
515.283924569044	368.714277356167	0.79060040939455	74.5664655195949
515.525000313536	368.975222038726	0.791877374394757	75.315601594755
515.525407071411	442.578501371017	2.8404081621511	62.3002820122178
515.780239976836	369.217708665051	0.791489755259935	74.632151711905
516.022392280475	369.477771474224	0.790131558342096	75.3638738274106
515.982916472678	442.447084570534	2.83991386278629	62.2991972274108
516.277913901007	369.721037209537	0.788618239862635	74.6215475335555
516.520946534109	369.979131167136	0.787569406154866	75.3297171952685
516.581465225526	442.244450411318	2.81973260176915	61.8039907604952
516.436755544449	442.306645021227	2.82634030291734	61.9637637741052
516.776689857556	370.22269807338	0.787294817646478	74.5670339594785
517.020135448351	370.479961584261	0.787880767276506	75.2900961617994
517.030254522769	442.089220517073	2.8055737383117	61.8742710659343
517.274896415882	370.723363475576	0.789253428903701	74.5335383810948
517.51850982794	370.981701252871	0.790512979847922	75.27067656372
517.48094933861	441.94424031368	2.80474851546406	61.9256373152463
517.771539390371	371.225485813155	0.790587818707413	74.489027886552
518.016213532232	371.484017807949	0.790092668328519	75.2150646951957
518.076462438231	441.729197867351	2.82424480173944	61.9553048214481
517.930057283693	441.793877168225	2.8175846067149	61.8992821759848
518.268829281674	371.728221134502	0.789424548163343	74.4029578538366
518.514370912087	371.985810496004	0.789076776418203	75.1281621195448
518.527812730409	441.584669689162	2.83821106136367	62.2965792131198
518.766610284475	372.2306943831	0.789404067553492	74.3262816568145
519.01266514136	372.487488321136	0.790376677388225	75.1042213153895
518.984675882476	441.452948697424	2.83989293084516	62.2915219562939
519.263374527165	372.732980109907	0.792457278257681	74.3364694953697
519.509843830679	372.990339773184	0.794762408150595	75.1761084893752
519.438971488953	441.313604859416	2.82790784800447	61.9203149447065
519.757003468049	373.236835389327	0.797072470834999	74.3908490913574
520.005139179137	373.495020188949	0.799370679478268	75.2583940303717
520.032485946973	441.0959820155	2.80564423615101	61.7195420955219
520.498474515953	374.001457836029	0.803443714641279	75.236882124598
520.744149811897	374.268624215782	0.804405329170545	74.4211980216992
520.483239663116	440.9505841462	2.80387526563761	61.7271769879774
520.990534972263	374.508959795685	0.80514060739936	75.0656867287638
521.23351410317	374.780943136945	0.80644542171475	74.2627329597795
521.077614330804	440.73738596344	2.82461012032772	61.7385510868901
520.933301367356	440.800445842573	2.81743190392251	61.6997861049414
521.481652707461	375.017202129553	0.807707642890492	74.8118995233586
521.721680523349	375.294255290735	0.809090489630304	74.075435490411
521.529450309812	440.592043970972	2.8414390606653	62.1450133277439
521.971478855445	375.52645524888	0.810403189563307	74.5302203116653
522.208837503326	375.808511773221	0.812028745866454	73.8650990859045
521.987767130337	440.461496057054	2.84453742012841	62.226981934426
522.459732187821	376.036903189211	0.813913210854009	74.195975666022
522.694342000884	376.324280440346	0.815998022004585	73.5921303788486
522.443968852919	440.32522021615	2.83314917984902	61.895437441449
522.94573369833	376.549048048366	0.818273384601955	73.7593340252988
523.17783872442	376.84202688192	0.821906562773713	73.2183730966562
523.036809274769	440.110363891295	2.80977092636757	61.5953166633054
523.42829611155	377.063636930495	0.824793988623049	73.1864192201463
523.658042186779	377.362610677029	0.829350691099196	72.7098980076223
523.488398376603	439.965521991858	2.8053313195602	61.5445145986886
523.906442687414	377.581469717313	0.831287424465027	72.4201819908337
524.134742633446	377.885211976287	0.837026372950999	72.0265228056436
523.938165183484	439.816822451725	2.81323196416295	61.4625691018322
524.379671725477	378.10297512124	0.838739777418766	71.4675670305423
524.607524961978	378.409982760875	0.845290622793494	71.203748708435
524.534204741233	439.600575221823	2.82641208081989	61.7569095034435
524.847073900264	378.628923753812	0.846412623705267	70.3620093711243
525.07651235706	378.936939245233	0.853579626814523	70.2527610702305
524.986504365872	439.462473662909	2.81595521889289	61.6475980981755
525.3074454758	379.159901927415	0.855210701439759	69.1495143049411
525.541332280286	379.466446773327	0.86199822284932	69.2070484784198
525.599047605841	439.214396895964	2.7312705119188	60.2105577982216
525.424866799023	439.31392680979	2.77165931001715	60.8079369253859
525.759106339919	379.697338343647	0.864207829315871	67.8752360850085
526.001928826922	379.998453633115	0.869960850825746	68.0836923716595
526.239892356165	380.312761082859	0.878297607297749	66.8284022660484
526.010555993865	439.018071168757	2.6136501790298	59.1356396587328
526.456685128472	380.534162271015	0.882165951803526	66.9794828912833
526.682411387372	380.860528379002	0.895564764733125	66.0549741218817
526.576939332489	438.574521366414	2.3431355369347	57.0741418070308
526.356319344906	438.811250307018	2.47571704400822	57.6179571948858
526.900447915122	381.076004950057	0.902916025784564	65.8836257276576
527.117431611751	381.415180199881	0.928355583512772	65.3271029245317
527.164218367478	437.545069416153	1.83622624818965	59.1013588167092
526.994608876225	437.997447302831	2.04508854064725	57.6952110770222
526.797941490204	438.353993924088	2.22023987261088	56.8175781790648
527.317950576251	381.627579007714	0.948557311302919	64.7032819837927
527.52728050554	381.983071485132	1.00182914204039	64.4353373834983
527.749241187083	382.373811300848	1.08421208060306	63.2534450235319
527.745712949115	409.504604736788	1.59079849818924	62.1601336208761
527.735366756732	410.003969392579	1.58928793885776	62.2600654004665
527.725645214927	410.503921742875	1.58907829037269	62.3622161848298
527.71580250399	411.004155269898	1.5895114884146	62.4336549150975
527.705880778055	411.504365441798	1.59003298085139	62.4661793121547
527.695673302378	412.004397473781	1.59057340308732	62.4756150103403
527.685297407412	412.504239274238	1.59128333789305	62.4921488954528
527.674517619959	413.003943112698	1.59198989846813	62.5371522684707
527.663635783008	413.503590896876	1.59213654850154	62.6134732563757
527.652948549101	414.003229779809	1.59116410289373	62.7027788190448
527.643152130902	414.502887460349	1.58921899987643	62.7811910325156
527.634352698362	415.002593755757	1.58733122852178	62.8364248173006
527.626309161815	415.502379259325	1.58663532897374	62.8806750545807
527.61827121553	416.002203451782	1.58697636140835	62.9375710764811
527.610166489957	416.501989087908	1.58693393716512	63.0159340065559
527.602378499164	417.001728170963	1.5856635800604	63.0948384225673
527.595448002366	417.501506920937	1.58408701803379	63.1432728796989
527.589106728335	418.001377664393	1.5834144816562	63.1484861831885
527.582954655633	418.501302401422	1.58345827266512	63.1259376433569
527.576751499325	419.001221105977	1.58337371390348	63.1037443425576
527.570645016859	419.501132266482	1.58320173015311	63.1027964124978
527.564439830051	420.00106160961	1.58374157860726	63.1268786842182
527.557738994687	420.501014668265	1.58539540684895	63.1667186259111
527.550051051436	421.000966688523	1.58767720170589	63.2065900785379
527.541329796561	421.500885784961	1.58967259424726	63.2284752259008
527.531846149571	422.000744023805	1.59069838580592	63.2181083185883
527.522138864408	422.500539067605	1.59062688259207	63.1762386536859
527.512658072798	423.000302444644	1.58973675323137	63.1230094974822
527.503748680279	423.500083004501	1.58834066624714	63.085537983759
527.495620023458	423.999913792672	1.58660713504826	63.0789873903319
527.488406002082	424.499801585283	1.58468739314905	63.0990377678635
527.48214114567	424.999734612386	1.58282274368496	63.1295591933053
527.476708356258	425.499691970027	1.58130183207341	63.1550703367073
527.471885328475	425.999650599181	1.58040182541337	63.1679737863595
527.467279548913	426.499584892064	1.58039596224704	63.1668989826788
527.462415177758	426.999465854393	1.58149982353615	63.1505558587323
527.456725400511	427.499272298965	1.58355893850696	63.1151845479309
527.449957351895	427.999032504736	1.58569970726814	63.0608254809819
527.442328974521	428.498839132121	1.58677118960985	63.0004415287756
527.434534053134	428.998765884171	1.58654327870364	62.956371098702
527.426961088876	429.498746697439	1.58601858259537	62.9401729594046
527.419519870423	429.99864213186	1.58624632485392	62.9395988564255
527.411718421435	430.498413006423	1.58714422982362	62.934136894253
527.40349949365	430.99815902113	1.58778265086893	62.9134710736695
527.395075835916	431.497978920602	1.58762912578634	62.8746145874898
527.38686900935	431.997858951825	1.58701773699634	62.809045680816
527.378852241043	432.497704609987	1.58654704466568	62.7062184475133
527.371029726568	432.997510414336	1.58617901915711	62.5685957419364
527.363400088098	433.497413262731	1.58532068459369	62.4216579907036
527.356408290286	433.997523583948	1.58391252293569	62.3014526410792
527.350029516062	434.497728537831	1.58290563274781	62.2315749738226
527.343894517794	434.997777089412	1.58342160644953	62.2048366484599
527.336874585027	435.497343593783	1.58626969206992	62.1852966991192
527.327498805754	435.995635548383	1.5934657349093	62.0927071577319
527.311752040321	436.490448528339	1.61341445490664	61.756989248429
527.278657993154	436.976255938241	1.66884405074185	60.9288820162012
527.865600997429	382.56167167274	1.12817024310068	63.3465425599428
528.024504525449	382.992081444066	1.23935634507297	63.0472537944925
528.155511646373	383.469909353908	1.36323110090115	63.0485081476024
528.23940495464	383.977831093598	1.47321438711776	63.3807185842577
528.242472463597	387.505173535908	1.59167171617314	63.0234030571002
528.230371153359	388.005351477929	1.59374073923647	62.9397055578252
528.217415261965	388.505300261812	1.59516028142383	62.8459825450843
528.204342913342	389.004894737607	1.59547192605418	62.743147701767
528.191508741797	389.504294581475	1.59474873112774	62.6458555283596
528.17952920709	390.003743469064	1.59335111255466	62.5564767606559
528.168368977411	390.503353068604	1.59183361336076	62.4853830550329
528.158081601813	391.0031238546	1.59069198394049	62.4314236642736
528.148169623366	391.503010256873	1.59028670058821	62.3966709647205
528.138414162851	392.002938596804	1.59053341668767	62.361585265782
528.128424753721	392.502823512691	1.59118165337809	62.3134644711548
528.118186374253	393.002646788928	1.59220522178641	62.2381252852694
528.10736090597	393.502441240786	1.59380449002062	62.1482445896715
528.095909612996	394.002201290101	1.59535955559966	62.0576964316607
528.084054351876	394.501877623624	1.59556894385169	61.9934292794306
528.072668797182	395.00149602391	1.59398253272686	61.9617690687032
528.062189706196	395.501156405054	1.59214393820318	61.9640608150757
528.052340195827	396.000918184704	1.59191932350449	61.9768064800711
528.042182031043	396.500747901814	1.59358722436649	61.9868434872861
528.031180924495	397.000583953138	1.59567427825372	61.9784859678007
528.019392956768	397.50039257477	1.59686668812007	61.9561277567872
528.007245331202	398.000160923637	1.59716100565418	61.916561263052
527.994869645784	398.499875099342	1.59765224826576	61.8716948461124
527.982091693512	398.999536125264	1.5986599663879	61.8251625438426
527.968941682723	399.499189573266	1.59915534301933	61.7899364485151
527.955954092306	399.998911793509	1.59792210558599	61.7594630197095
527.943898838236	400.498745776398	1.5953366663808	61.7339067442442
527.933000052467	400.998662201125	1.59281567630508	61.7066349443475
527.922985552502	401.498599672951	1.59148675297083	61.6925357748241
527.913221422198	401.998503253251	1.59127874705162	61.6977647655494
527.903403350252	402.498327361795	1.59160202408081	61.7286082790098
527.893266485906	402.998021894109	1.59210921032589	61.7662818697556
527.882742904548	403.497565802762	1.59302224290781	61.8042218994073
527.871510442405	403.997032779865	1.59421253923779	61.8386758642162
527.859730188507	404.496620366106	1.59489166164607	61.8848255282796
527.847783039581	404.996522506279	1.59406491779372	61.9411500916948
527.836617661983	405.496741565703	1.591751451939	62.0064790080108
527.826564969673	405.997014019491	1.58922418404583	62.0634296840628
527.817434406166	406.496981104781	1.58834080244621	62.1054790833489
527.807911255084	406.996441830875	1.58990339833307	62.1201965141057
527.797053626707	407.495521840603	1.59293951556038	62.1105421954176
527.784381822347	407.994628718935	1.59528971426352	62.0777652537109
527.77090520412	408.494224654413	1.5953789852531	62.0463447375323
527.757663646644	408.99443675211	1.59335504164083	62.041523805537
528.275167144924	384.505863396793	1.54096947986072	63.7423706933644
528.282178120643	384.999615488897	1.56997345870603	63.7536890564845
528.278964847143	385.497032554004	1.58156217441944	63.6139764792786
528.271943876392	385.996087347896	1.58579888019311	63.4368850558735
528.263285010891	386.495739549149	1.58777546442669	63.287539497645
528.253744488429	386.995426449053	1.58954678798732	63.1736694459536
