272.249097527766	417.5021525544	-1.56368200152325	62.9024956508788
272.244702426814	418.002422347193	-1.56214743600806	62.9293012800073
272.239285646296	418.502622155099	-1.56045906486907	62.95837028336
272.233122266799	419.002799093827	-1.55891770292273	62.9705153127781
272.226086881364	419.502944692319	-1.55752540368271	62.9676928005143
272.21853494628	420.002991849175	-1.55640752507977	62.9477313534638
272.21053243207	420.502855455967	-1.55605781947733	62.9149261560551
272.202897486712	421.002501095074	-1.55711738740631	62.859759452331
272.196217865568	421.501966634387	-1.55963740389661	62.7820982643165
272.191246842231	422.001380578738	-1.56274199440134	62.6805358432094
272.187684026096	422.500910603894	-1.56497241879407	62.5771476006819
272.184966580699	423.000683523589	-1.56548638886357	62.4912077705777
272.182023480884	423.500715817317	-1.56455676541071	62.441382122423
272.178489031943	424.000938638996	-1.56295411973094	62.4148946019584
272.17396642272	424.501256304669	-1.56103739629476	62.3952382058897
272.168514842677	425.001577559105	-1.55886888263701	62.358308826083
272.161917021225	425.501809891122	-1.55672677245112	62.3018952035321
272.154544453032	426.001885511757	-1.55536784793556	62.2278288164409
272.14679071173	426.501797302438	-1.55544626774198	62.1618479129168
272.139502666215	427.001624989308	-1.55692430853619	62.1233688628535
272.133003885847	427.501475181605	-1.55888503747317	62.1274605509692
272.127461263105	428.001398228986	-1.56042036734488	62.1527981153404
272.122498579856	428.501350798082	-1.5613020864687	62.1740027938771
272.11800305085	429.001267578138	-1.56184843652516	62.1627428870661
272.113712804471	429.501129287603	-1.5622084485549	62.1226267105962
272.109604066575	430.000975294134	-1.56227632206481	62.0631746306552
272.105368761001	430.500861963579	-1.56182883456929	62.0062499012106
272.100835069855	431.00083231271	-1.56064515324509	61.9517208502818
272.095518654017	431.500887431391	-1.5585280137087	61.8992756394284
272.089135360907	432.00097835432	-1.55581248419925	61.8367695845263
272.081499733824	432.501022839386	-1.55347146155856	61.772744049158
272.073123616796	433.000964702011	-1.55268476008961	61.7137906509427
272.064775616227	433.500810229893	-1.55386576748188	61.6755503648406
272.057382181261	434.000619307402	-1.55647338796492	61.6508067086905
272.051300371542	434.500457572025	-1.55918138243199	61.6349766446324
272.046331088893	435.000366016284	-1.56067171893929	61.6143002984207
272.041629716578	435.500345223521	-1.56025200855031	61.5956640664634
272.036361782049	436.000356596539	-1.55838173389263	61.5811583455785
272.030053729827	436.500344457583	-1.5562887654774	61.582125389503
272.022935466954	437.000282738864	-1.55512311347379	61.5911200850091
272.015525036757	437.500188751929	-1.55510636355112	61.6074661311712
272.008321630786	438.000094404001	-1.55579714090337	61.6182082848801
272.001609219006	438.500016893238	-1.55684996270007	61.622864141736
271.995768037074	438.999956881006	-1.55880233569796	61.6167434409788
271.991682500487	439.499908864682	-1.56315000482955	61.6318602175761
271.9909731079	439.999879438959	-1.5714942244575	61.7284645547052
271.995622885472	440.499924334297	-1.58388186545691	62.0113687147716
272.006427501306	441.000127949139	-1.59607028777458	62.542915243757
272.020923837584	441.500240376102	-1.60100164866276	63.2128076492127
272.036826763382	441.999021946333	-1.61043288572364	63.5397663411412
272.069357002298	442.491896814628	-1.68283949770278	62.8736034464013
272.162688210724	442.955004232767	-1.88176945177206	61.1595823044958
272.71450504583	381.017491660065	-1.4882088529077	64.49101765596
272.673073710662	381.513729304809	-1.49327590248297	64.8134063546654
272.635252792067	382.01022816648	-1.49901449886563	65.1181333815643
272.601463463439	382.507002705361	-1.50676002296446	65.394353399968
272.572444653681	383.004287941531	-1.5169987442358	65.6271837589052
272.549071163318	383.502312992422	-1.52887443807763	65.7999962402523
272.531551375826	384.001096053157	-1.54063979075455	65.9011263745092
272.519370045317	384.500464020898	-1.55050712470147	65.932525777666
272.511287183503	385.000181748592	-1.5574293269533	65.9124454968525
272.505842773792	385.500066801601	-1.5613963150516	65.8689686686256
272.501763873519	386.000016224784	-1.5632143034858	65.82860182498
272.498273018883	386.499985934733	-1.56394839261134	65.806265359741
272.495049284411	386.999963858822	-1.56433076271924	65.8005356970305
272.491986011334	387.499948395957	-1.56452836585651	65.7957119040291
272.488974867564	387.999935193583	-1.5644430640559	65.7732803574541
272.485866286824	388.499917309548	-1.56415762836757	65.7273878122562
272.482628275138	388.999893414739	-1.56399825346839	65.6698668887215
272.479354712535	389.499869734094	-1.56416123731424	65.617578800192
272.476169665003	389.999846622254	-1.56438365240714	65.5774234812545
272.472964631345	390.499807214343	-1.56415494592182	65.5453121368801
272.469504144073	390.999736239935	-1.56340120648691	65.5162460685283
272.465652019972	391.499650685633	-1.56275669324573	65.4901856720701
272.461675635739	391.99959983705	-1.56289384313856	65.4663682527908
272.45796324505	392.499622291085	-1.56380019248865	65.4348811816041
272.454798897631	392.999702041619	-1.5648496554378	65.3809892161326
272.452051627656	393.499771274	-1.56534750221273	65.3024109226743
272.449392534185	393.999761296757	-1.56497887160916	65.21770014339
272.446350746285	394.499651081826	-1.56387021861279	65.151281042289
272.442673158793	394.999478922606	-1.56242789013542	65.1115840333516
272.438269379609	395.499315885159	-1.56117293854794	65.0869824302254
272.433394076367	395.999216397987	-1.56047656158513	65.0587122262935
272.428289664343	396.499178673402	-1.56034019512782	65.0155795855489
272.423229347746	396.999163646224	-1.56055070547703	64.9609642405478
272.418270436189	397.499145654711	-1.5609714926327	64.9121629029845
272.413584736848	397.999133571793	-1.56160339258483	64.8881905728916
272.409218361064	398.499141206966	-1.56243230539264	64.892417047906
272.405314927731	398.999158789661	-1.56332972529669	64.90666824939
272.401771879103	399.499162033691	-1.56412058743272	64.9080845434955
272.398593835273	399.999155575102	-1.56475877252875	64.8881775210346
272.395639322452	400.499174169969	-1.56525169157255	64.8560438102448
272.39290594264	400.999221345068	-1.56537310952156	64.8255981759983
272.390048979963	401.499243796218	-1.56477046185656	64.8044948617028
272.386813174482	401.999217293937	-1.56361074172451	64.787790050796
272.382995822722	402.49920611466	-1.56272490553742	64.7604837022745
272.378978158711	402.999273024939	-1.56270971090134	64.7056178649826
272.375014125912	403.499357165089	-1.56317020797525	64.6196776154348
272.371253640516	403.999313004806	-1.56331640270241	64.5200709176827
272.36736396523	404.499064735547	-1.56291015569544	64.4393392420372
272.36326547225	404.998697202605	-1.5622837355177	64.4018819331168
272.358834449595	405.498406326994	-1.56185769483132	64.4047672610069
272.354372506415	405.998361673048	-1.56202486454504	64.418484988931
272.350105671712	406.498584843391	-1.56297296729216	64.4145163162994
272.346501892022	406.998945230721	-1.5643500754898	64.3836977450945
272.34347232458	407.499252708114	-1.56534897009684	64.3324260108253
272.340791281682	407.999374159465	-1.56535123479019	64.2654855838594
272.337775116923	408.499272211503	-1.56432998240184	64.1855289087094
272.334104792924	408.998962297162	-1.56260598986181	64.0965832557279
272.32934746153	409.498490928717	-1.5605110968967	64.0068703537597
272.323585272979	409.997983821589	-1.55859932103365	63.9217063124467
272.316948837326	410.497631690026	-1.5576084246433	63.843904812809
272.310162534625	410.99753394557	-1.55776143975513	63.7728528555516
272.303495362864	411.497589129187	-1.55833333106086	63.7077338779796
272.297113736086	411.997659885436	-1.55854236045596	63.641316177023
272.290632025359	412.497758763895	-1.55849852080519	63.563541286356
272.284298565476	412.997967209091	-1.55899967726928	63.4680322206487
272.278350468028	413.498249123265	-1.56045423452207	63.3681341794101
272.273423368818	413.998495951484	-1.56241046789249	63.287223011961
272.269343324685	414.498680057691	-1.56392622935315	63.2376199836021
272.265930148718	414.998851205808	-1.56452629108576	63.2014908079488
272.262542883436	415.499000587903	-1.56457122356708	63.153655016011
272.259275229773	415.999012720939	-1.56465493851614	63.0860377428528
272.255963692503	416.498767744308	-1.5648162583993	63.0197151699901
272.252775415605	416.998291471601	-1.5646207396613	62.9801720975834
272.484469865878	443.511568655464	-2.23823470915265	59.2852664690229
272.686436365141	443.774992523774	-2.38535919380817	59.894167058688
273.195767250764	376.519712142794	-1.46477850279908	64.0864784616502
273.140605835461	377.014177373512	-1.45946035319179	63.9258326640686
273.085531290254	377.508726666282	-1.45396504414272	63.8041813339654
273.030014690321	378.003117529707	-1.45008280651254	63.7038579143239
272.974187391534	378.497302809141	-1.45025130305644	63.643791688503
272.919066664239	378.991719797906	-1.45569821055016	63.6446528689208
272.8657994123	379.486881246757	-1.46446200971258	63.7306066612941
272.814632516707	379.982813310026	-1.47376388627103	63.8906636873333
272.765121894316	380.479143409049	-1.48159944824023	64.1060315008529
273.006920544361	443.98704945721	-2.61638671854545	62.626950311615
273.708014491522	371.022554855875	-1.46221983991	64.6612867473072
273.65502194764	371.516309373919	-1.47201388021436	65.0744476254398
273.60758611461	372.011046898375	-1.47914355044771	65.4577681737719
273.563859791728	372.506464875366	-1.48345217491231	65.7816794566556
273.522237497362	373.002235021841	-1.48551987201309	65.9958453894493
273.481551194003	373.498163230789	-1.48626195174021	66.048890081627
273.440850938729	373.994211101779	-1.48608445002498	65.9212993262616
273.399185500454	374.490327351117	-1.4844897857454	65.6358876696938
273.355519855664	374.986301625421	-1.48106126768422	65.2456465407875
273.30859642478	375.481831789435	-1.47616797741752	64.8185004867371
273.257500743744	375.976776089406	-1.47078101617953	64.4186570619748
273.451318443152	444.152180588755	-2.89316142143765	66.4173712912854
274.243872201418	367.032004442471	-1.44335179915803	64.3757499552749
274.174261084946	367.522797880669	-1.43579796945421	64.0645803157263
274.106683340951	368.013776356453	-1.43083465657452	63.8386894898177
274.040343554554	368.505109346338	-1.4282355027789	63.7186955178457
273.974602711014	368.996847640661	-1.42821067035917	63.6978054063514
273.908914296814	369.48888656451	-1.43130709354262	63.7771675056379
273.843102652511	369.981164431815	-1.43861468260188	63.9448059639163
273.777510389786	370.473822513611	-1.44923442839723	64.1913889827586
273.957061500145	444.238265957935	-3.0562151026356	69.9865704317703
274.030631326036	444.254684851416	-3.07206835364169	70.496609026045
274.744347104256	363.038966545983	-1.4052340378237	64.5357384101887
274.664462668601	363.524710292775	-1.42524830158756	65.0478776068676
274.596996046742	364.01376147981	-1.44113551233022	65.4558863186107
274.537565186893	364.505071763813	-1.45213150676189	65.7003068796941
274.482707250638	364.997754371999	-1.45854597388526	65.7683507663936
274.429573832283	365.491099657174	-1.4605897926735	65.6614294140597
274.375459902161	365.984495276142	-1.45832855049061	65.3861244883398
274.31762503942	366.477381356075	-1.45243293933237	64.9732695530543
274.253700657684	366.969346904551	-1.44452088064641	64.4936283766606
274.516095569243	444.276029706028	-3.11579362345506	72.6448490142494
275.238196513391	360.547189522913	-1.37174437237332	64.5055485319375
275.136366510719	361.026110518818	-1.36573157182664	64.1723742850287
275.039967649565	361.507461236621	-1.36351084464834	63.9774971665638
274.946241056667	361.990203709987	-1.36858134221479	63.9595382524114
274.853684196716	362.474194904479	-1.38163035405	64.1221079601067
274.761205541793	362.959835997673	-1.40152449933843	64.4138433116407
275.009885733359	444.285505344605	-3.1262332164887	73.9351649632272
275.68049017586	358.548807385871	-1.28732760849824	65.774491335741
275.561246748962	359.014623700526	-1.33553485288863	65.831337809563
275.459574864906	359.491222459862	-1.36296644669218	65.6495915719144
275.363112352539	359.972361418628	-1.37413060218387	65.2099506792628
275.262094400232	360.454491029586	-1.373166644672	64.6196275051551
275.507235600453	444.293181302279	-3.12548417499359	74.6583994522112
276.069153649434	357.527373552126	-1.13798556211067	66.5055253324839
275.897422201203	357.966083747394	-1.20026270829313	65.902631096836
276.006036117963	444.302162258387	-3.12236408336259	75.0464111698071
276.594776573056	356.55768497463	-0.988317410967808	68.8663911601237
276.389843956182	356.945074684265	-1.05736746915482	67.6401953621194
276.505405476897	444.312668974284	-3.11946345147004	75.2602864370243
277.015176110753	356.012295673512	-0.860674955886735	70.6612050090554
276.77176027678	356.34967002892	-0.945168026966781	69.0017141593327
277.005055920373	444.324618457974	-3.1170404995346	75.4140294408947
277.508356007345	355.50897123702	-0.725386069561593	72.3198372186104
277.504894686946	444.337684248687	-3.1148701245935	75.5738301423067
278.049146515152	355.066528107762	-0.621428580818651	73.4371961259469
277.812463209664	355.274020780954	-0.666475824157087	72.3870998035506
278.004766039452	444.351795547271	-3.11307950848938	75.7463951251545
278.614361877452	354.685284936352	-0.545683413264681	73.7730064166807
278.405628978716	354.85810850934	-0.575237436743567	73.6666823374957
278.504486993083	444.366448782762	-3.11213412378798	75.8999835801092
278.993252148158	354.488081393629	-0.509196661923333	74.2951421975115
279.004016290473	444.381216358992	-3.11224066468705	76.0038826240228
279.579846475931	354.157901797437	-0.469523941417801	74.0639620064501
279.389109801043	354.288238802696	-0.481170250442521	73.8971773104387
279.503478898225	444.395598525654	-3.11291526540169	76.0614671957669
279.988776108884	353.976264881169	-0.445324216466089	74.2930845920075
280.002965615944	444.409611295832	-3.11357668013827	76.1042099338591
280.58210527987	353.6910706937	-0.403609568625184	74.2347272341253
280.408024468092	353.792778280977	-0.416991647581224	74.088430202078
280.502460176439	444.423246861479	-3.11418109049324	76.1624888489478
281.010010022816	353.52444157328	-0.381266237858652	74.6007558993308
281.001935748155	444.436519629436	-3.1150928188738	76.2439159137619
281.446868768724	353.365780069763	-0.3718252521794	74.4159413076854
281.501437647196	444.449158680616	-3.11650830645443	76.3395970790677
282.043122194548	353.112204918781	-0.371377252308915	74.3023939488105
282.001023716721	444.461013856364	-3.11817889225782	76.4356811636273
282.48396695812	352.956909250366	-0.363182783486334	74.4319691533577
282.500706728063	444.472065997484	-3.11950335032205	76.515492475899
283.078775317845	352.727935841961	-0.332675824013459	74.5403843206199
282.928066987379	352.798398341749	-0.342620882091419	74.4363054120001
283.000448148039	444.482683195239	-3.11980585335617	76.5649742022789
283.526498926817	352.580003571661	-0.310138585332549	75.048262068377
283.500182527008	444.493453502776	-3.11878797468585	76.588151399387
283.983098910948	352.44735247998	-0.300070164237599	75.1014840376643
283.999849575422	444.504949334835	-3.11695995759281	76.6068534367996
284.439925885179	352.309289981477	-0.303164452382889	74.675053041202
284.499446154557	444.517304762356	-3.11541859025658	76.6321110799518
285.03257103411	352.103589764509	-0.314080883106592	74.4121996904338
284.999036757948	444.530156191968	-3.11492951414458	76.6445089677613
285.489831266518	351.966816152715	-0.309957089363648	74.411309813529
285.498674099515	444.543063692365	-3.11521206928674	76.613351240144
285.949873213609	351.82980065201	-0.291424975023205	74.4704731303201
285.998331203795	444.555857661917	-3.11540532724934	76.5290931827712
286.539910197098	351.648069257078	-0.25549787113622	75.0508721383091
286.497940478326	444.568760810872	-3.11510779537002	76.4100119033766
287.009108615726	351.535349720678	-0.236169674217936	75.4302205943313
286.997495249547	444.581905083639	-3.11464072434905	76.2811811093141
287.482464563062	351.430002188835	-0.230070568187019	75.3767401226334
287.497071416362	444.59530655532	-3.11448400062962	76.1523612623954
287.955154850046	351.319425438215	-0.237502716902251	74.9332747359313
287.996736293216	444.608696628596	-3.11472912567583	76.0167300147194
288.540163747294	351.157052047639	-0.257423145089164	74.4373118079308
288.49643586872	444.622044437915	-3.11501411958869	75.8698119079409
289.009361388083	351.036767914051	-0.265099002617943	74.3393161195433
288.996062781942	444.635321792313	-3.11507783717641	75.7218787527961
289.479723522865	350.918935246218	-0.25992343298103	74.3970551612238
289.495597805064	444.648744026924	-3.11500384826054	75.5919188217177
289.951240937806	350.798863300163	-0.241257727537552	74.6196954162028
289.995129687368	444.662254489324	-3.1147882957145	75.486380642583
290.53392397345	350.652290862849	-0.210824173301255	75.3804348514911
290.494701608649	444.676178349295	-3.11394637989563	75.3898822886227
291.012215026414	350.556808421906	-0.19408840877788	75.8808476273176
290.99423385724	444.690843896237	-3.1120314493154	75.2718961414803
291.493457482975	350.468866728732	-0.187782382431119	76.0272423266907
291.493576226399	444.706994790505	-3.10919981806909	75.1126781657779
291.974960314355	350.379915586291	-0.192247496238707	75.7971357805794
291.992671607776	444.724796085241	-3.10627912639242	74.9157026445174
292.454131932883	350.281267371484	-0.206599552278802	75.300889556678
292.491599236043	444.744345994888	-3.10404777593934	74.7072257138303
293.031115556438	350.142673425389	-0.227440087543625	74.8721490757494
293.008901733687	444.766323973825	-3.10268341887646	74.4564743090347
293.507716841952	350.035645801132	-0.234234205759819	74.7359224064616
293.508298479492	444.787914461294	-3.10163491173305	74.3493940649326
293.985413838983	349.930830458365	-0.227788243162901	74.7324509381688
294.007751660818	444.809529578339	-3.09988164915692	74.2768444663566
294.464714253044	349.826249799331	-0.210436764489976	74.8874772533808
294.507171583185	444.831876463192	-3.0971286247409	74.2223712233721
295.037659521776	349.700658609888	-0.183655233387018	75.4260019246909
295.00631374259	444.854890193877	-3.0949669315084	74.1481269732065
295.52084981873	349.614453711967	-0.166378044774716	75.9389602778359
295.505072012609	444.877838742013	-3.09566658315467	74.0439546475444
296.006786997343	349.53807446218	-0.156206691455935	76.2411251222976
296.003712352698	444.899094127927	-3.09968038451237	73.9184202784803
296.49396331661	349.465651426633	-0.153309852323433	76.2521288521518
296.502603289111	444.917892392489	-3.10448769352105	73.8105675543946
296.981101263243	349.391876411327	-0.157756157197478	75.9645172439045
297.001867031131	444.934551383683	-3.1075566816977	73.7354269285806
297.466980113936	349.31133086225	-0.168861792456221	75.4453927103199
297.501368776752	444.95025546675	-3.10830346933305	73.6984596164064
298.036343896401	349.199117022249	-0.186323845586164	74.8004455235085
298.000957489308	444.965902782286	-3.10742971190436	73.6766435549746
298.51905763562	349.105048556014	-0.19690980235078	74.5388791048743
298.500536725726	444.982263163267	-3.10503917596802	73.6625363418292
299.002431622744	349.013570730642	-0.199174720660751	74.4367679330943
299.000001479219	444.99995616938	-3.10165618552827	73.6492536981107
299.486499653752	348.923492606171	-0.19339866015487	74.5275328890745
299.499293048142	445.019163142094	-3.09882224233258	73.6553858645598
299.971138344054	348.83373196541	-0.180567042430075	74.7981780573362
299.998499094812	445.039332378147	-3.09791435895443	73.6845648149956
300.536780523165	348.727225678901	-0.160999487280483	75.4124007474403
300.497740785978	445.059677927108	-3.09832506249819	73.7432970780726
301.023649366314	348.649032434904	-0.146596717870676	76.0610509457241
300.997020637943	445.079969416155	-3.09881230812522	73.8141218040438
301.512503664629	348.580239067283	-0.136753635750005	76.5573881936096
301.496297279813	445.100287852903	-3.09892760421832	73.8941616847826
302.002542476232	348.516598402347	-0.131548575806332	76.8019159902403
301.995571071268	445.120829149775	-3.09922507326672	73.9771031939053
302.493151019539	348.454623900242	-0.130666990931945	76.7695452856337
302.494868291857	445.141375493929	-3.10000244795587	74.074595625734
302.983752869364	348.391139539069	-0.133963243395592	76.4931729530997
302.994215894019	445.16183423293	-3.10149309512522	74.1801588716796
303.473847435954	348.323027106165	-0.140911581959152	76.0375665036521
303.493673215628	445.181730774763	-3.1037007571151	74.2947530687287
304.035552746163	348.233151759776	-0.151813313345519	75.3730360690551
303.993195723843	445.200976007703	-3.10602610485507	74.4094241406919
304.522978699433	348.152563132764	-0.160585078347364	75.0245499659112
304.492576752076	445.219621828828	-3.10710841266557	74.5326833417799
305.011095624798	348.074468685405	-0.165859860728056	74.7508922015636
304.99166834135	445.23871105645	-3.10657336152521	74.6609432730998
305.499627142429	347.997488933806	-0.167293090073468	74.6141649568731
305.508204349826	445.258935739951	-3.10575408094454	74.8939925915324
305.988219273546	347.920713943278	-0.164477891454597	74.6476983591969
306.007554709402	445.277989307499	-3.10647902951869	75.0563135077332
306.476932908712	347.843544238051	-0.156688078791123	74.8615374876336
306.506710243351	445.295823994975	-3.10878654406432	75.2071842682752
306.966322917549	347.76554842214	-0.143689481687098	75.2185806901656
307.005959145972	445.312269220086	-3.11109263473208	75.3586168507895
307.523814569941	347.683230020743	-0.12706845792976	75.9468025475848
307.505469380711	445.327697528359	-3.11174555011466	75.5261696305718
308.015411500129	347.622617875018	-0.115539240610662	76.5000805749439
308.005141809403	445.343221894192	-3.11069082671505	75.7073626379964
308.508446691278	347.568205813219	-0.108587132609154	76.9044633432507
308.504757704237	445.359199306882	-3.10947433430684	75.886115439537
309.002098029888	347.516933904246	-0.105761499870197	77.1149631209216
309.004193214916	445.375372291363	-3.10974587748521	76.0425076289863
309.495833630891	347.466516745582	-0.105673884095434	77.1294581263051
309.503512689191	445.390769742734	-3.11180910153983	76.1625416030298
309.989482332618	347.415272105622	-0.107376511749733	76.9711861379758
310.002844119772	445.404810855598	-3.11483191337725	76.238964785468
310.483050080608	347.361720900735	-0.110870203958536	76.668399379612
310.502284179657	445.417256485084	-3.11767630346536	76.2775271141751
310.976393035876	347.304225055368	-0.116746039972447	76.2497872836603
311.001872156407	445.428546115048	-3.11939335556974	76.2998252894938
311.528953244684	347.23047853838	-0.126909170243967	75.6697040158287
311.50159464582	445.439343229601	-3.11948406233866	76.3366665505133
312.020536638681	347.161790688588	-0.137085906360125	75.3491139982698
312.00137041237	445.450452198731	-3.11828848212295	76.408148778285
312.512025123489	347.093190659673	-0.145312751720438	75.1139605141246
312.501104996967	445.462183820692	-3.11687807444426	76.5063023447938
313.003210602507	347.024605426907	-0.149006422144291	75.002692382039
313.000770586347	445.474401541178	-3.11618780953921	76.5991186453628
313.49429589584	346.956204067944	-0.147604372197786	75.0370826027664
313.500404834932	445.486708441393	-3.1162317694055	76.6574282796466
313.985677125395	346.888248699819	-0.141214976878696	75.1951506905247
314.00003241777	445.498951442882	-3.1163908865463	76.6756944130376
314.477650751184	346.820899912987	-0.131375584249523	75.4533737443998
314.499644456655	445.511232130544	-3.11617286102169	76.6663955668458
315.028052609727	346.74548953785	-0.118135215881321	75.9021643842048
314.970323523172	346.753905274034	-0.119613892217493	75.7772307170687
314.999230205681	445.52376569707	-3.11546555234843	76.6421732291595
315.520475466497	346.686704140093	-0.106758891581665	76.3933137582553
315.498792879711	445.536746102071	-3.11447778534799	76.6068191026631
316.014258530825	346.635311040009	-0.0969218941911138	76.840404700146
315.998352208729	445.550157701247	-3.11375833460925	76.5571416404048
316.509123600978	346.589381314372	-0.0896875666985415	77.1995329576017
316.497951492337	445.56375480242	-3.11396788532157	76.4861869656033
317.00469516064	346.546841275964	-0.0856189855228449	77.4456508449442
316.997652852601	445.577003339893	-3.11525838562993	76.3859443074108
317.500587706455	346.505895451324	-0.0844156390474383	77.5639440649921
317.497477681559	445.589595453923	-3.11693272724378	76.2525564251404
317.996510546513	346.465058218492	-0.0852544462224312	77.5420032040144
317.997354429532	445.601524462481	-3.11796630471825	76.0911165933899
318.492298148638	346.423175562554	-0.0875589951452861	77.3751404172315
318.497133097039	445.613328165026	-3.11780997040043	75.9165918176714
318.987861153182	346.379320194126	-0.0911039935066576	77.0742165144642
318.996706236316	445.625458295541	-3.11672088724984	75.7476655805345
319.483112499338	346.33248033177	-0.095951793953483	76.6642058503626
319.49608533483	445.638337968175	-3.11529185714216	75.5998990371634
319.977927180535	346.281609418231	-0.102282650339849	76.1809207733622
319.995347791918	445.651957715837	-3.11380202336501	75.47778558965
320.523407842351	346.217386630829	-0.111013363604252	75.5802043159919
320.494527659782	445.66654094008	-3.11207361831636	75.3749406916038
321.016971278595	346.157482855511	-0.11848647678436	75.2514490628242
320.993676986946	445.682118575137	-3.11018149237069	75.2762107402884
321.510481116804	346.097742568351	-0.123680769140669	75.0181323113287
321.492945330881	445.698827116704	-3.10874838568014	75.1684465677218
322.004087946913	346.038537724123	-0.125624713408747	74.8884295345854
321.992488472976	445.716149226748	-3.10827775451368	75.0443645370962
322.497909730241	345.980021944243	-0.125048438902123	74.8609402549502
322.492226275117	445.733880945106	-3.10822665421075	74.9058836465236
322.991971028374	345.922089961874	-0.122616072208262	74.9152707901509
323.008459184325	445.752691324121	-3.10741546774308	74.663326896643
323.486293762502	345.864465378357	-0.118696381952035	75.0437073989835
323.507964611284	445.772388728796	-3.10514298718852	74.5389103396824
323.980972391904	345.806770715754	-0.11305910943055	75.2233454079474
324.007645607742	445.792937078209	-3.10190891871812	74.4069329151567
324.522161488569	345.742942637812	-0.105384169203822	75.4501809661032
324.507193172411	445.814696331587	-3.09898330390184	74.2895597244906
325.016681068416	345.688422478062	-0.0981768977124046	75.7643186880078
325.006438941295	445.83694031403	-3.09768866318472	74.2001167452782
325.512042660322	345.639364085497	-0.0917395082164715	76.0171104228067
325.505424285184	445.858942062708	-3.098350249137	74.1471388276947
326.008007451986	345.594506585342	-0.0862037460905554	76.1822126532387
326.004340754699	445.87971918499	-3.10050862141923	74.1016611663081
326.504405471764	345.553019401367	-0.0815940072442446	76.253982267482
326.503377720965	445.899023085054	-3.10289279690959	74.0376514894654
327.001142662855	345.514086223445	-0.0780419165866521	76.2309546018657
327.002646019073	445.917086333155	-3.10394372965144	73.9307641302676
327.498184522037	345.476926593701	-0.075819797971584	76.1090729549585
327.502104956715	445.935059066628	-3.10243267897495	73.7951312319189
327.995486260699	345.440653631838	-0.0750748013775911	75.8846961565868
328.001586050393	445.954022928284	-3.09922471052451	73.6493064217472
328.492943956768	345.404342201582	-0.0756930966476942	75.5590785946196
328.500936056279	445.97432355316	-3.09676103111354	73.526773825703
328.990417482769	345.367220712783	-0.0773604439629536	75.1380920722432
329.000179311151	445.995148976259	-3.09678818560914	73.4373695264556
329.487788006575	345.328482211095	-0.0799079078059797	74.6299133044133
329.499432810648	446.015597320585	-3.09819654968977	73.3949698021603
329.985013741896	345.28745028583	-0.083324071095464	74.0439517915482
329.998722224147	446.035551306836	-3.0989393339694	73.3936338051298
330.518675308662	345.238065140465	-0.0880332389542198	73.1565228126778
330.497976701996	446.055559233479	-3.09823845138984	73.4348998812312
331.014712944312	345.187999613495	-0.092581157817959	72.5905382440466
330.997148117546	446.076146942313	-3.09731094318148	73.500320495789
331.510790401155	345.139020884616	-0.096072403164222	72.0162271721603
331.496291373293	446.097112028935	-3.09759385617438	73.5836996621254
332.00700133122	345.091310061157	-0.098230723174193	71.4340363335704
331.99553308436	446.117889999821	-3.09969001602453	73.670628219428
332.503374918334	345.044518862315	-0.0998831880396562	70.8573143163772
332.494990841664	446.137679930402	-3.10280933523569	73.7667914690894
332.99985485677	344.9980696885	-0.101346781611984	70.294634714359
332.994649950987	446.156324264252	-3.10578408667607	73.8679764996714
333.496362457582	344.951251767094	-0.102626609526001	69.7725454155689
333.49434990981	446.173921345157	-3.10769282438	73.9810545194853
333.992899722743	344.903620167558	-0.102717942368848	69.3065824030128
333.993874737185	446.191232754321	-3.10836155219125	74.0980566846864
334.489559186513	344.855186182899	-0.10080148099222	68.9222150402058
334.493155047296	446.208705657987	-3.10810508378382	74.2238766151192
334.986455742256	344.806169379867	-0.0961220756540928	68.6302190493772
334.992343824689	446.226931748001	-3.10774467861972	74.3513461818643
335.483694549302	344.757334500778	-0.0890538660608072	68.4440958531993
335.491724748401	446.245607035278	-3.10813266655702	74.4797574132179
336.013467377772	344.708204821335	-0.0805120289616152	68.4393709464042
336.00726737643	446.264030512104	-3.10965644553008	74.7285493505035
336.510460111896	344.668235704255	-0.0736727767269743	68.5054549411899
336.506571459029	446.280271918046	-3.11163511641607	74.867877853221
337.008030494498	344.632381356537	-0.0685275811958869	68.5767954318049
337.006084254763	446.295451555128	-3.11324400303365	74.9948531475037
337.505929413173	344.599669460143	-0.0640553577306078	68.6274872095192
337.505716539081	446.309755560036	-3.1139615044891	75.1175178970352
338.004025130297	344.569697743106	-0.0590507404294467	68.644802730067
338.005326692281	446.323866100647	-3.11382528386518	75.2352228498458
338.502346415681	344.542579165319	-0.0534899410470185	68.6271450741148
338.50491209632	446.337993767596	-3.11315119858971	75.3537008731476
339.0009473463	344.518154841138	-0.0482388119750517	68.5801570872155
339.00451797101	446.352479719117	-3.11249052687628	75.4880271908241
339.499798026867	344.4959638763	-0.0441494188027785	68.511554653685
339.504141526469	446.367031860965	-3.11242497501027	75.6509344459886
339.998784048987	344.47528528056	-0.0415673532794003	68.4225296190533
340.003739452639	446.381380226804	-3.11324412764723	75.8317970431031
340.497804920425	344.455369618791	-0.0404216286199954	68.302201403659
340.503315340713	446.394995441994	-3.11465820203631	76.0023914084907
340.996827437581	344.435599019474	-0.0404680086327859	68.1336320260335
341.002906379146	446.407849326047	-3.1160331048643	76.1368366976995
341.495837459015	344.415418289302	-0.0414331749104903	67.9077333685122
341.502536629436	446.420043001471	-3.11687130059085	76.2313379518574
341.99481670733	344.394516784049	-0.0428832160327461	67.6287363586722
342.002170413303	446.431962550479	-3.11728472930194	76.3047290401711
342.493784449922	344.372697147032	-0.0441998735476918	67.3055870967009
342.501765040204	446.443642121403	-3.11783207540641	76.3853662860197
342.992849639637	344.350184419646	-0.0448679399175748	66.942687541557
343.001333894037	446.454975618496	-3.11883760350782	76.4917672908536
343.492112596838	344.327138689837	-0.0449851715088478	66.5454333957355
343.500942894846	446.465732390938	-3.11996854094708	76.6203069473624
343.991505437437	344.30378050276	-0.0452703553055855	66.1267471822288
344.000629251735	446.476022419215	-3.12057872485667	76.7461169434365
344.490714867644	344.279617912996	-0.0466418012931244	65.7081584535784
344.500368521558	446.4861683787	-3.12023184650224	76.8381946699052
344.989443669885	344.254128282183	-0.0491431905340765	65.3112109175333
345.000095504598	446.496675893699	-3.11882807297512	76.8759274887594
345.511202501068	344.224604562242	-0.0521318476652129	64.9095728860688
345.499743725186	446.50804477838	-3.11652978454117	76.8548389100724
346.01005378272	344.196098101947	-0.0544059219738732	64.6691057194702
345.999277167574	446.520651678119	-3.11390960054342	76.7842775977107
346.508781129446	344.167396983476	-0.0565817767209821	64.4853094873742
346.498724136233	446.534485621941	-3.11204461468733	76.6821755045542
347.007457289945	344.138409029128	-0.05937355840299	64.3377388860428
346.998196430794	446.548887702018	-3.11207957126225	76.5665640756192
347.506042218287	344.108514669142	-0.0629034101548315	64.221288261068
347.497828117514	446.56282486661	-3.1143658171958	76.447053930018
348.004458904696	344.077610534591	-0.0662934062364781	64.1343659564325
347.997647482141	446.575316977041	-3.11786079654072	76.3278651373078
348.502682031124	344.045786424489	-0.0688206236684134	64.0903776314673
348.497523958824	446.58627436651	-3.12066950507278	76.2204080001641
349.000793710265	344.013570814477	-0.0697480360976636	64.0769171200591
348.997338131203	446.596264963518	-3.12173944900051	76.1418668128982
349.49894547215	343.981514448263	-0.0688681678591611	64.0778825556315
349.497127282273	446.60616499201	-3.12160574092786	76.093507831393
349.997258205701	343.950141346803	-0.0663182729281602	64.0674319701486
349.996980671221	446.616245946518	-3.12114485113646	76.0466505306632
350.495693202241	343.919748769914	-0.0632090443730487	64.0525240770287
350.496817176748	446.626830789069	-3.12005295976665	75.9636089006177
350.994097846343	343.890161139967	-0.0604453623816096	64.04952894783
350.99643208591	446.638366416952	-3.11738916986075	75.8242248895255
351.492409707566	343.861092537001	-0.0586122042504766	64.0904848212537
351.495722780674	446.65185511887	-3.11324557818823	75.6342487656992
351.990636361475	343.831908035707	-0.0576860282613852	64.1860257759476
351.994811734504	446.667580674179	-3.10926970281675	75.4144896037219
352.488717209319	343.802188028382	-0.0576050391563505	64.3485005175816
352.493909081851	446.685243299391	-3.1072032627634	75.1962912012407
352.986577507527	343.77123984861	-0.0577062585312995	64.5718237579461
352.993098333092	446.703627958993	-3.10706441271163	75.0099336356626
353.513046350541	343.737822054036	-0.0571049959615198	64.9503632840938
353.492207612883	446.722462262071	-3.10675176724614	74.8703142304826
354.011368582471	343.70784482072	-0.0555852437691729	65.2965423170472
353.991045430083	446.742236630601	-3.10425516750813	74.7594518963608
354.509691683768	343.679483053138	-0.0536479440159477	65.6258755365783
354.509543844807	446.764976067157	-3.09953613466569	74.7117682246446
355.008122212732	343.652536390505	-0.0516519522395551	65.920696654124
355.00887894561	446.788298046215	-3.09545473400957	74.6043231282064
355.506656809652	343.627139224281	-0.0492178099560351	66.175242882262
355.507682912478	446.812408280126	-3.09429497006606	74.4703507035975
356.0052743214	343.603432006779	-0.0459035121006283	66.3857033006392
356.006222507989	446.835421964394	-3.09668064980295	74.3312509601821
356.504030280194	343.581716327172	-0.0422681365853692	66.5571002552535
356.504881391807	446.856398621291	-3.10071022794736	74.2219013540183
357.002963757749	343.561671435436	-0.0395469449676319	66.7068015419744
357.003930509036	446.875186331355	-3.1036250230844	74.140844619683
357.502040046808	343.542614650362	-0.0385954792843617	66.8555899785333
357.50338184357	446.893129412406	-3.10342403833345	74.0821373757812
358.001156869074	343.523670339885	-0.0391230867360259	67.0169069593692
358.003026924497	446.911595577602	-3.10053729765067	74.021424305326
358.500223087508	343.504425927912	-0.0399361299465079	67.1981730896842
358.502572433152	446.931537702017	-3.0970753909694	73.9554106220734
358.999231742485	343.485019709706	-0.0399115810417076	67.4005412834827
359.001877629866	446.952598859041	-3.09539354844409	73.8741575734538
359.49827482661	343.465918224611	-0.0388072928973023	67.6097501764419
359.501026160514	446.973912748383	-3.09609475274705	73.7982266126048
359.99743502919	343.447457437407	-0.0373730544196876	67.7984039212596
360.000203895363	446.994519527489	-3.09850494639912	73.7464058330828
360.496644277733	343.429424402831	-0.0368241780444657	67.9483266605774
360.499516669041	447.013972677755	-3.10121128062162	73.7504320972775
360.995719365194	343.411219887753	-0.037800932033796	68.0680728784619
360.998940831083	447.032353343221	-3.10322430972336	73.8021307781754
361.494553323195	343.392138439268	-0.0397303011556687	68.1831122172788
361.498389917128	447.050148918262	-3.10386774544206	73.8844625545854
361.993268662293	343.372079650229	-0.0413150419238647	68.3098300309697
361.997785473755	447.068069747277	-3.10344387598525	73.9622373939784
362.492129977157	343.351355768587	-0.0414956470812448	68.4448049769541
362.497084432299	447.08647118164	-3.10262959917105	74.0392123986827
362.991314109569	343.330780679829	-0.0400897642679973	68.5758192138061
362.996268950697	447.105543823917	-3.1020174084127	74.1247592958143
363.490717220433	343.310838014718	-0.037906889421625	68.7007290852576
363.495377373666	447.12514817119	-3.10153888768826	74.2364239783104
363.99009372859	343.291790529898	-0.0360831170141294	68.8267382642965
363.994521163784	447.145390829192	-3.10155495897777	74.3510971215291
364.48926897243	343.273097532062	-0.0354419440475089	68.9602125922791
364.49388071346	447.165777721212	-3.10274025008169	74.4525647132559
364.988193322323	343.254206876912	-0.0362052300945411	69.0970836771225
364.993533749223	447.185841810129	-3.105224313912	74.5271765288264
365.510929371881	343.232042313514	-0.0381078666957148	69.1302185437715
365.493336756885	447.204928038354	-3.1076546400432	74.5928368452826
366.010121849162	343.210112761915	-0.0399414910110214	69.3183918226469
365.992987914655	447.223666994169	-3.10861198978205	74.6530523283773
366.509009028559	343.187917069955	-0.0406356637786498	69.5222719185275
366.492316633918	447.242764294971	-3.10783397760808	74.7159089280877
367.007686219273	343.166386588785	-0.0397621126499124	69.7298952381759
367.007537887467	447.26228951883	-3.10648431431828	74.9932192174199
367.506426583214	343.145963912905	-0.0379975234662158	69.9427849728534
367.507104475878	447.280594588698	-3.10626230425059	75.1020189822427
368.005408735789	343.126929362215	-0.0360366407035421	70.1674438116208
368.006405963868	447.298379136521	-3.10822013700477	75.2358489608003
368.50457376717	343.109132567701	-0.0338790806201307	70.4307723362506
368.505572388788	447.314400113683	-3.11199711061288	75.4090676693869
369.003803796085	343.092786779952	-0.031230883623759	70.7362637830924
369.004863293146	447.328404779325	-3.11583781635732	75.6226890729353
369.503078939765	343.077947430505	-0.0285085082791083	71.073511187693
369.504478455608	447.340791861085	-3.11755708177372	75.8694083491724
370.002473801295	343.064462585782	-0.0267829510843907	71.4059914252652
370.004345185615	447.353043056989	-3.11653198190519	76.1268368556702
370.502007143364	343.051520473817	-0.0269537882090907	71.7208347447345
370.504198668266	447.366019688728	-3.11427582126489	76.3535405134259
371.001570094175	343.038291434948	-0.028486719657196	72.0171000235789
371.003869760874	447.379925817551	-3.11270929684789	76.5002057537876
371.501036414962	343.024488952697	-0.0295146360400285	72.3144906303398
371.503428593003	447.39416240174	-3.112199812474	76.5513149706428
372.000443109347	343.010801130205	-0.0284094543859075	72.6109646353741
372.002981586157	447.408529613651	-3.11212326304209	76.5414213105654
372.499932531997	342.99820980487	-0.0254677051932189	72.909139469956
372.502536772023	447.422842311607	-3.11224882908206	76.5244665363001
372.999554855214	342.987145376382	-0.0225814110946559	73.2003212053676
373.002058770174	447.437022400051	-3.1128560704432	76.5283549647264
373.499230807913	342.977097921075	-0.0215045803848686	73.4913157649846
373.501566850337	447.450709767747	-3.11407321588509	76.5465612029978
373.998870278918	342.967080695572	-0.0222886959087795	73.7790385673599
374.001108478953	447.463705607693	-3.11565336052133	76.5584481041545
374.498473635171	342.956537939032	-0.0234785328399885	74.071848938364
374.500712087273	447.475892997132	-3.11718266744166	76.5491552946909
374.998125252382	342.945628253947	-0.0236622375899026	74.3605981652468
375.000366782818	447.487417444578	-3.11833419319943	76.5168861319929
375.497891694792	342.934944721356	-0.0228049198188409	74.6408880612249
375.500043867556	447.498501486849	-3.11897865598627	76.472323470866
375.997723879402	342.924718026243	-0.0218788276448149	74.893556775479
375.999723054772	447.509411774838	-3.11918745572133	76.4316240499356
376.497508375323	342.914802680797	-0.0216703478112507	75.1206277169027
376.499404421562	447.520356530641	-3.11903116283816	76.4045428869864
376.997205762624	342.904788217534	-0.0219103740334227	75.3265485767075
376.999080942036	447.53152535929	-3.11835555879785	76.3873586748546
377.496919227424	342.8947104936	-0.021771058794102	75.5324533833543
377.498717949661	447.543208005383	-3.11714429606107	76.3667170401546
377.99675124746	342.884768565783	-0.0209889597704339	75.7414340395422
377.998337319642	447.555418327805	-3.1164365182802	76.3302816778058
378.496650031947	342.87520102704	-0.0203953758788719	75.9627004142727
378.498116566712	447.567516919305	-3.11809377266052	76.2746563772206
378.996478895723	342.865591882009	-0.0208158025508712	76.1904363674321
378.99826779148	447.578044708695	-3.12279916334961	76.2060524251466
379.496240604051	342.855550578114	-0.0219611030676975	76.4221210966194
379.498758826925	447.585852588746	-3.1290375172937	76.1327518413283
379.996097492682	342.844832965808	-0.0226264918632489	76.6298191559683
379.999362305487	447.590548658241	-3.13497380158583	76.0581318990754
380.49620392197	342.833992262466	-0.0219320009628647	76.7884324777648
380.499933979257	447.592483562024	-3.14036133811034	75.9916700527881
380.996513206862	342.82355351475	-0.0200305140266708	76.871368538112
381.000439994657	447.591678362374	3.13748466006076	75.9560725103431
381.496768301538	342.814035871626	-0.0180565414656732	76.8915896671269
381.500811903752	447.588336403587	3.13267660977143	75.9731955954306
381.996662760703	342.805043266828	-0.017239478751605	76.8836747326966
382.000979298429	447.582943956293	3.12958669235951	76.0433571939194
382.49609599431	342.795992251081	-0.0181114026230222	76.906036337794
382.500984758567	447.57660962486	3.12857950124393	76.1470509867856
382.995294087373	342.785943806706	-0.0200061901654152	76.9867714426303
383.000938872175	447.57007327145	3.12860807607109	76.2607127200897
383.49473212112	342.774875291975	-0.0213588303766584	77.1214807926409
383.500911362817	447.563538652477	3.12817529949123	76.3710641220539
383.994818500412	342.763259988842	-0.0206296327875593	77.2615270927455
384.000885281928	447.556546522758	3.12685972587844	76.4749894820859
384.495607971789	342.752577348548	-0.017550299575522	77.3688007443693
384.50080559237	447.54895755103	3.12577922110581	76.5702065910791
385.002949735245	342.743969689893	-0.0132159386251619	77.5207260836364
385.000649803064	447.541217827612	3.12644703731488	76.6493151817126
385.502050469984	342.738004619559	-0.00959263102283293	77.5589991526656
385.500463091454	447.534345754134	3.12914077360232	76.7070179776224
386.001767949074	342.733351289876	-0.00821703091139336	77.5866332914032
386.000313787728	447.52897693641	3.13237755435121	76.7486336878347
386.502165441564	342.728765272164	-0.00967101551110157	77.6325276542911
386.500241111493	447.524878272502	3.13396655226482	76.7864740265205
387.002922736738	342.722769738653	-0.0128361476298828	77.7122249935284
387.000230751925	447.520889302301	3.13275497851542	76.8272632191171
387.503485269024	342.71524844296	-0.0154613192035862	77.8236485599051
387.500222568432	447.515794440515	3.12945495589858	76.8644035802649
388.003498910983	342.706836821557	-0.0159642138908381	77.9442051508805
388.000153660587	447.508998436913	3.12590952653127	76.8848195794725
388.503056505387	342.698827960536	-0.0146523416970732	78.0514677378252
388.500015018635	447.500807068501	3.12382039290781	76.886490401365
389.002474414524	342.691654213031	-0.0128391655821681	78.1316882228813
388.999857935171	447.492127539385	3.12407066512999	76.8853881104191
389.501998537679	342.685466110404	-0.0113457963796253	78.1830013849147
389.49975226522	447.484065123737	3.12648739704518	76.9003062653586
390.001710552072	342.679906485852	-0.010177919225967	78.2103072251161
389.999720300909	447.477389179187	3.12965621781298	76.9356506859178
390.501588039204	342.675007554578	-0.00911783382850035	78.2316797673153
390.499704249098	447.471951581738	3.13142793430683	76.9818881803472
391.00155308577	342.670566880034	-0.00812078302597934	78.2690538135385
390.999623879331	447.466754278408	3.13051963090484	77.0284139947439
391.501506981809	342.666671475268	-0.00724946763696688	78.3315826107724
391.499446109548	447.460592569543	3.12762818288226	77.0706085397444
392.001368843041	342.66312577213	-0.00642900585341107	78.4030599702171
391.999199470385	447.453013606876	3.12466980527922	77.1054195200073
392.501126378591	342.660099903011	-0.00550393030997339	78.4630060019846
392.498952040371	447.444371103993	3.12330517099967	77.1261897675468
393.000848509793	342.657491290018	-0.00459365353602225	78.5079593537849
392.998788177406	447.435674339862	3.12424311723421	77.124193602149
393.50064479346	342.655320421139	-0.00413778003195966	78.5548219903023
393.498758412563	447.42789635146	3.12707578483283	77.0957085734304
394.000577653195	342.653128641489	-0.00439479234905019	78.6167665163167
393.998816102139	447.421669544016	3.13020662606162	77.0479697127392
394.500608800983	342.650763291514	-0.0050015933212969	78.6875216749357
394.498811738167	447.416548208692	3.1315287277624	76.9977045936941
395.000639415046	342.648124418435	-0.00514946255793129	78.7436034195039
394.998634843069	447.411437235028	3.1301114444748	76.958199977552
395.500613373959	342.645730650093	-0.00435111112251086	78.7711630832986
395.498342221127	447.405142478593	3.12723742371582	76.9270993547406
396.000578272182	342.643835329678	-0.00307045452862951	78.7796787905443
395.99814851495	447.397655112622	3.12551106625798	76.8893557012263
396.500624039095	342.642518505742	-0.00239139855056932	78.7931389576822
396.498250683529	447.389904487507	3.12665133305089	76.8406057218393
397.000739491648	342.641174726884	-0.0028112327238799	78.8235757291738
396.998607014925	447.383323260417	3.12988840317255	76.79600332298
397.500782693723	342.639534545671	-0.00361315302581225	78.8622639396545
397.498903507227	447.378250771514	3.1326123893569	76.7693768981084
398.000650500617	342.63759277913	-0.00374208972750276	78.888092816287
397.998879620079	447.374020981985	3.13285271041046	76.7524730256396
398.500415029905	342.635912768067	-0.00301700400558101	78.8887377751381
398.498584160614	447.369274412787	3.13098101418311	76.7303131701855
399.0002289044	342.634651902933	-0.00206087217137639	78.8662062669521
398.998250266435	447.363531581486	3.1288127538314	76.6996548969875
399.500158741221	342.633873085821	-0.00140826053435899	78.8316233067375
399.498013842888	447.356851054896	3.12756938793407	76.6693884422758
400.000148484504	342.633273829175	-0.00102946431333347	78.7950311583014
399.997840419862	447.349893251956	3.12731024528155	76.6413787327038
400.50010695374	342.632915392648	-0.000550425752130234	78.7677643439835
400.497637201441	447.342871685075	3.12753899720581	76.6038059157908
401.000005252787	342.632795636074	0.000257539896292862	78.7615537846934
400.997401386468	447.336061655853	3.12784517244712	76.5390509294629
401.499882004062	342.633179858297	0.00126942471621112	78.782195283075
401.497226202966	447.32925704817	3.12805076086719	76.4450297184325
401.999768876365	342.633996797503	0.00222867942699528	78.8173383284754
401.99721047346	447.32256943431	3.12812593280917	76.3373856319684
402.499654851323	342.635312414998	0.00295495246107533	78.8413478347313
402.497338386424	447.315749199821	3.12804635593792	76.2388634344987
402.999554573461	342.636860996305	0.00323638226922259	78.8320966779407
402.997490352025	447.308916241379	3.12778408158153	76.1595556971126
403.499538571651	342.638482615032	0.00287426174094329	78.7935597366656
403.49751613248	447.301759800019	3.12725956315506	76.1002032786285
403.999630965667	342.639752421939	0.00216370726458592	78.7554136168165
403.997340585402	447.294367066394	3.12651623092308	76.0554930795055
404.499714088279	342.640795788637	0.00196767972165002	78.7505421690934
404.496993582058	447.286461334877	3.12580030917255	76.0206975256319
404.999622738623	342.641933227005	0.00294522708248668	78.7819608041361
404.996602102719	447.278387978341	3.12552686059271	75.985510352168
405.499303313829	342.643895363434	0.00493047076299787	78.8177283635
405.49630055239	447.270185807786	3.1258876380305	75.9440536412204
405.998862345166	342.646894877684	0.0070885340724569	78.8138581744703
405.996151835192	447.26236402208	3.12656030756898	75.8952720606529
406.498496825471	342.650921275235	0.00847108719165199	78.7536874103163
406.496080092585	447.254612123187	3.12668930057038	75.8475716988827
406.998395851366	342.655271177586	0.00844394016940729	78.6607806667429
407.004051740366	447.246069532251	3.12559431751568	75.5736161029752
407.498623591096	342.659296450453	0.00692655401507146	78.5803599910809
407.504002377935	447.235942231614	3.12359688488927	75.5468554179888
407.999056543391	342.662206378859	0.00455847441826584	78.54355536928
408.003900823882	447.225076045146	3.12218184929595	75.5081824293158
408.49944170648	342.664010337748	0.00260503927655508	78.5561945713933
408.503519036321	447.214023387657	3.12292305425618	75.4649791346026
408.999591382032	342.665086419448	0.00216452952425858	78.6035249484955
409.002864833663	447.204357585813	3.12578510336303	75.4255521117498
409.499484142274	342.666453292402	0.00341379176481399	78.6636103425796
409.502248822765	447.196334626541	3.12848390117128	75.4113101467756
409.99917748854	342.668703335204	0.0057614775085349	78.707394724846
410.002047391569	447.189335093138	3.12852221921972	75.4138760873134
410.498704887364	342.672369044359	0.00846615947225794	78.7051919897122
410.502348401608	447.181418669552	3.12551518961993	75.42234204929
410.998132406516	342.677318918063	0.0108518012807635	78.6372257914612
411.002821548551	447.171778008115	3.12176441581724	75.4102686628376
411.497623117789	342.683400291153	0.0123336916839802	78.5143945089687
411.502994580624	447.160685095283	3.12015192492558	75.3745938106692
411.997359584009	342.689902410952	0.0126781345433229	78.3750759806411
412.002727487943	447.149836025271	3.12138610035536	75.3121634945767
412.497383050027	342.696458402561	0.0122373224460216	78.2630259516603
412.502273613566	447.139949996056	3.12320113754254	75.2469276382386
412.997581701157	342.702646790586	0.0116999468685707	78.1935744137612
413.001936399388	447.130769225682	3.12317680023135	75.1931509694975
413.497778167756	342.70878286025	0.0117070083329687	78.1521372824775
413.501787252721	447.121018786232	3.12122942059724	75.1745176190445
413.997823014131	342.715039297749	0.0124151615029031	78.1093318966047
414.001724320486	447.110386498639	3.11942820903312	75.1839598215376
414.49761947505	342.721921399729	0.0135150000535651	78.0489150831938
414.501647210693	447.099346454831	3.11964153199129	75.2065005313667
414.997172594602	342.729341823681	0.0146722108103082	77.9717047233698
415.001536531507	447.089188966651	3.12212011837054	75.1983535748565
415.496610655647	342.737528233883	0.0158151907761243	77.8930711306611
415.501413496775	447.080514687789	3.12522271196691	75.1436022381139
415.99615555794	342.746205558145	0.0166484056228528	77.8221960242445
416.001302989662	447.073152935559	3.12685317254995	75.0419517118477
416.504043247445	342.755694263258	0.0166042506146681	77.6786845211455
416.50120361489	447.065938139045	3.12594233454851	74.930964436942
417.003835291766	342.764703692294	0.015747040570241	77.6254367839941
417.001084219732	447.057909963626	3.12334042239217	74.8315389757602
417.503802366379	342.773304229005	0.015354301778767	77.5563887720699
417.500912683029	447.048664166739	3.12085660902281	74.7658933487367
418.004066091501	342.781900170524	0.016618639256424	77.4660152366169
418.000707141858	447.038649988992	3.11957646635468	74.7286629960411
418.504467231268	342.791649326555	0.0194706946392199	77.3686255881818
418.500508316991	447.028239123289	3.1189044526459	74.7261300616372
419.004745432232	342.802891604172	0.0229701226644815	77.2664047830337
419.000320988407	447.017494869751	3.11801099500867	74.7468683945781
419.504748072997	342.815891595584	0.026398922695838	77.1721738176729
419.500118588336	447.006245749196	3.11691854517099	74.7900041419815
420.004473393707	342.830193564828	0.0291597800105674	77.0896670077037
419.999895865623	446.994609530361	3.11631599227945	74.8315616787341
420.503978871501	342.845405257337	0.0304929197957539	77.0364467618107
420.499669387482	446.982886664185	3.11626457600761	74.8615952957376
421.003358869247	342.860459388468	0.0297239755347438	77.0101843448623
420.999446018013	446.971266592087	3.11650768643479	74.859341362197
421.50273864084	342.874564971863	0.0272723690938537	77.0075581700998
421.49922649969	446.959837831524	3.11692431197807	74.8290382957133
422.002263474243	342.887154923949	0.024672246849197	77.0001985056252
421.999017872127	446.948677167251	3.11794691328425	74.7713052559513
422.502015973083	342.898797504389	0.0238743002499233	76.9724848178967
422.49883289899	446.938169359269	3.11988565563981	74.7166208061328
423.001941888028	342.910508158199	0.0256119072068957	76.9077802431637
422.998693463796	446.928685893804	3.12264257456756	74.6845934629273
423.501862878897	342.923408362463	0.0288746189306856	76.8222631471627
423.498623989818	446.920523441039	3.12513839150831	74.6955161522214
424.00162964642	342.937639289581	0.0316050128723423	76.7318946249974
423.998579152923	446.913131075922	3.12574967036076	74.7267673951354
424.501243343999	342.952641888653	0.0323835250264402	76.6669911091429
424.498440304417	446.905410954288	3.12341070195031	74.7544279089901
425.00082105324	342.967391335904	0.0310529560616505	76.6299792023469
424.998157873002	446.896011793938	3.11945260968972	74.7470734927773
425.500455112416	342.981277764442	0.0289439429479903	76.6180487181463
425.497877202043	446.884965233135	3.11714149163374	74.7140212320049
426.000138481641	342.994406965267	0.0279345283568289	76.6046771807114
425.997792721459	446.873515036961	3.11872092559156	74.67122802092
426.499796021818	343.007685138515	0.0293764563938543	76.5887434665726
426.497878695204	446.863522003505	3.12287798712696	74.6526702291157
426.999364717912	343.022161213725	0.0327014390030529	76.5747683516932
426.997895107342	446.855382380274	3.12639691705843	74.663049635069
427.498850541016	343.038223806898	0.0359321436975234	76.5896092062413
427.497687251127	446.848396083081	3.12702390867837	74.7057997033193
427.998313475769	343.055410096331	0.0372882751572542	76.6374094665987
427.997300355538	446.840942099141	3.12496622876855	74.7597359116628
428.497798122527	343.07280975596	0.0368292706392419	76.7252885844642
428.496904813821	446.832294225344	3.12218862523246	74.8116688677672
428.997305735015	343.089907397225	0.0354885431476092	76.8395168784277
428.996724897392	446.822465198807	3.12136258662949	74.8335717853718
429.496834957525	343.106469027473	0.0341660757427015	76.97500235949
429.496939555502	446.813044234021	3.12404926608313	74.8231987686536
429.996350212976	343.122766911694	0.0334783765565086	77.109224459168
429.997410731909	446.805427290049	3.12908427130757	74.7835269296673
430.495755116973	343.139214091042	0.0341612568157045	77.2388009577029
430.497641071813	446.800234119295	3.13275935975729	74.7427574172069
430.994996604445	343.156631425483	0.0358239250942604	77.3578452034566
430.997228541255	446.795709352555	3.13211985578494	74.7131351348509
431.494200792999	343.175090582991	0.0369489650128829	77.4772834506226
431.496306656505	446.789836474463	3.12751707005721	74.7112961702067
431.993513758725	343.194223055201	0.0364089688159999	77.5896409294442
431.995388986734	446.780979448816	3.12189009082176	74.7326506922475
432.492864815918	343.21317273793	0.035062523266655	77.6974139088997
432.494950475601	446.769585149932	3.11807977030454	74.7841340910229
432.992040881693	343.232107670915	0.0343003524238705	77.7955415267402
432.995107896467	446.756652045281	3.11734269172797	74.8605621512915
433.508476679383	343.251902157439	0.0344342296775703	77.9917494436043
433.50381459429	446.743533630924	3.11929515775077	74.8912665505161
434.00804347106	343.270488384858	0.034650706308975	78.133435909247
434.003223245821	446.731816509645	3.12254300639193	75.0060007099652
434.507381791456	343.288692329194	0.0343680915257205	78.2808197981568
434.503156458218	446.722170261934	3.1255327926928	75.081083360677
435.006615961806	343.306463839208	0.0336344837907799	78.4352862912752
435.003413784902	446.713800712938	3.127339124637	75.0966211970505
435.505903385359	343.323537084841	0.0328227995465929	78.6025321895856
435.503662530922	446.706269216151	3.12801613567942	75.0670144880443
436.00528349084	343.340130140073	0.0320765141903652	78.785069856699
436.003631014984	446.698885565822	3.1283696823304	75.0276559518612
436.504738981726	343.356189554047	0.0314411904452053	78.9825765550654
436.503273712428	446.691925870765	3.12907262407049	75.0149635086559
437.004270324759	343.371962476909	0.0311119154102134	79.1860696031052
437.002755341773	446.685327660195	3.12993428334562	75.0445368637363
437.50389516972	343.387578208938	0.0314216677907367	79.3797977317892
437.502340286876	446.679156202436	3.13001062320067	75.1194717704833
438.003534463879	343.40340909338	0.0321426864093264	79.545664744152
438.002197610512	446.672617749939	3.12890488233046	75.2285684595352
438.503068773796	343.41936331493	0.0324055979313737	79.6757903784468
438.502318146221	446.665474421708	3.12731833215781	75.3395334900474
439.002479450033	343.435139549682	0.0316653683265259	79.7737166533347
439.002543841484	446.657575040176	3.12615574342463	75.399293823194
439.501865495343	343.450311495897	0.0304288820935393	79.8440934223888
439.502690589047	446.649437425504	3.12561014849422	75.3766942368558
440.001294536626	343.464924531163	0.0295694085948191	79.8852216452075
440.002618990654	446.641154951742	3.125607171837	75.2962092149173
440.50076066891	343.479262814533	0.029492830409453	79.9001055263262
440.502311730724	446.63315009743	3.12630300913771	75.2285986722208
441.000231100566	343.493746637088	0.0302318696791591	79.9041714218297
441.001889564998	446.625604294698	3.1277325183357	75.2363795616284
441.499668066396	343.508746769763	0.0316963539627251	79.9100120537579
441.501551126005	446.618914841607	3.12933110593229	75.3318399127787
441.999035119606	343.524512692993	0.0333248802941673	79.9095553554721
442.001412655077	446.612851559951	3.13039446029887	75.4743318879187
442.498353283458	343.54094568783	0.0341879453244211	79.8809530718444
442.50144651851	446.607216545507	3.1307417798243	75.6112282977868
442.997683324719	343.557619800175	0.034198034262222	79.8105978799068
443.001541956675	446.601562100967	3.13051979322941	75.7152175664432
443.49698760713	343.574453704375	0.034601450352893	79.7021814107491
443.501615390797	446.595696615815	3.12957635103288	75.7919476722412
443.996144284912	343.591872387139	0.0363457797370609	79.5674109098468
444.001627773609	446.589123532212	3.12780996730312	75.8592559699954
444.495137363063	343.610489436104	0.0386701218388083	79.4156495081652
444.501556629163	446.581703906242	3.1259251072589	75.9289475228305
444.99413503485	343.630176285889	0.0401176338386611	79.2498607601731
445.001369624132	446.57365952236	3.12539977315998	76.0017236479149
445.493268109328	343.650534199482	0.0405181426921721	79.0691344065318
445.501077175202	446.566050859876	3.12737842638725	76.0751088654105
445.992435811254	343.671268437883	0.0412432969214086	78.8661038022337
446.000766132925	446.559960887537	3.1314241445864	76.1457550363276
446.491343342332	343.693141409994	0.0438489482766758	78.627709791541
446.500557391091	446.555981416512	3.13541140806898	76.2027071281425
446.98980015956	343.717163907614	0.0484862475207134	78.3420987829666
447.000513260373	446.553447374743	3.13703401825348	76.2267318448578
447.48787957589	343.744420878073	0.0537535946598877	78.0193890080153
447.5005989938	446.551031316364	3.13557295187686	76.2087165192005
448.012347304801	343.777033782914	0.0579821415348387	77.6418003354944
448.00070713269	446.547408067839	3.13222102532022	76.1640848679476
448.510692335532	343.808548955735	0.0598420340255439	77.4114562667197
448.500743407343	446.542149204094	3.12888566126498	76.1243492185691
449.008932647384	343.839281858166	0.0600883218237794	77.2134175622792
449.000683207132	446.535534546533	3.12683597581073	76.115305646069
449.507189028902	343.86916108573	0.0600684697540089	77.0456763526186
449.500557675766	446.528297274308	3.12627604848761	76.1429352985824
450.005515972961	343.89839847642	0.0608391693434976	76.9000563517131
450.000404438581	446.5210720011	3.12694080010259	76.1949343024489
450.503923200208	343.927814684957	0.0629576342702748	76.7966031859246
450.500256507061	446.51443155223	3.12856421028758	76.2531791889537
451.002335723105	343.957988551316	0.0658784839505985	76.7453948981175
451.000139380572	446.508706214383	3.13052382649211	76.3051530648825
451.50061700122	343.989285246135	0.0686955654202631	76.7608256783537
451.500057085052	446.503826584032	3.13180133163958	76.3449583989888
451.998723933315	344.021541712987	0.0703616274640931	76.8302497970021
451.99998988881	446.499321156961	3.13206074558983	76.3654223324432
452.496741440905	344.054360896184	0.0707233541482357	76.9501343425353
452.499922817782	446.494895954602	3.13225371612541	76.3507712577746
452.994749420589	344.08745205065	0.0700716284322483	77.1025325258136
452.999866264817	446.490831319864	3.13347457046512	76.281105876574
453.492698960841	344.120736201245	0.0692854604882755	77.2815623690659
453.49983560479	446.48764721177	3.13557239093785	76.1490707571712
453.990452569505	344.154645932755	0.0686216676769664	77.4656730475214
453.999824323718	446.485502740954	3.13738933557259	75.9734025804492
454.488009740393	344.189388286981	0.0677628220427764	77.654725759966
454.499811807427	446.483945249347	3.13791387020693	75.7942189538459
454.985594877084	344.225077076526	0.0656958172031381	77.8492471128247
454.999781154673	446.482217844684	3.13682657122551	75.6526969354592
455.514171950387	344.262471307399	0.0619679794832046	78.198389391975
455.499721454575	446.479569536103	3.13451243208953	75.5696619850177
456.011947482378	344.294184424882	0.0580284414580189	78.5031105235119
455.99963363841	446.475674735526	3.13204275501901	75.5394567981166
456.510165503291	344.323379293679	0.0551770010635967	78.8007703904616
456.499538866634	446.470781858834	3.13071875574324	75.5415028524734
457.008726280911	344.351124113401	0.0538921495055933	79.07451575723
456.999469716983	446.46564623952	3.13100409742471	75.555443701476
457.507305742266	344.37800977432	0.0532971114369674	79.3259305184891
457.499435080713	446.460851415576	3.13203999256059	75.5669697546764
458.005751381733	344.404278667164	0.0523144375009357	79.5658773317805
457.999414603502	446.456488220435	3.132585724824	75.5677825614641
458.504188727141	344.4296764108	0.0509464769354648	79.7911589298299
458.499378623441	446.452121799183	3.13212811412712	75.5556464796849
459.002718713186	344.454281442392	0.0499165888443453	79.9700196968145
458.999298600078	446.447342857455	3.13087153770992	75.5293984176003
459.501298697367	344.478417053339	0.0497598413522121	80.0651494747113
459.499151720159	446.441813900415	3.12929246455341	75.4805182660539
459.999839994228	344.502610409993	0.0504194071330115	80.0625224515688
459.998970442498	446.435604139305	3.12820445830357	75.3977987793643
460.498296262243	344.527253141672	0.0515704379958642	79.9700605958857
460.498865222481	446.429149265309	3.12864064493513	75.288127996587
460.99664876864	344.552597171121	0.0530137702501564	79.7995894840424
460.998930491171	446.423390465092	3.13084194154981	75.1822184972329
461.494886896298	344.578917040137	0.0548633497789559	79.5628217926541
461.499088818913	446.418897288004	3.13357502496084	75.1076889214354
461.992988276095	344.60651949674	0.0573961229259197	79.2743616016484
461.999124898966	446.415518839305	3.13482568163135	75.0599744064398
462.49088355801	344.635909831575	0.0605691180320588	78.944177441554
462.498892206031	446.412061197039	3.13337574710636	75.0138633021668
462.988569526021	344.667316857321	0.063697327369778	78.5716317126576
462.998465194345	446.407416133736	3.13015091953447	74.9538086213066
463.486182266547	344.700878902703	0.0661284446886406	78.1619800627292
463.498093545079	446.401217764347	3.12759877328089	74.8838596970837
463.983817265012	344.736397812251	0.0682529920135185	77.7364766209535
463.998006538501	446.394352375797	3.12730561248833	74.815048270358
464.516389252277	344.7775512922	0.0719337877577284	77.2945088510196
464.498182027176	446.387728486978	3.12858381856018	74.7523984530546
465.013926187232	344.816572722444	0.0773259778320359	76.9774080284296
464.998376817562	446.381760133482	3.12963134837413	74.6842004232624
465.511388051723	344.85687610918	0.0836708292596362	76.6759649854515
465.498375953085	446.375896535924	3.12945436381718	74.5880061288972
466.008407310691	344.898464470993	0.0889481186313268	76.4011950918613
465.998169833421	446.369668098117	3.12841057024363	74.4489653846223
466.504985432212	344.941013471643	0.0921132200919706	76.1904962082896
466.497898713641	446.362748784931	3.12741301391554	74.2787777492905
467.001366959768	344.983825482317	0.0927921636309779	76.0599032688596
466.997707237073	446.355473491067	3.12704035557227	74.1108965531277
467.49780608974	345.026370596256	0.0913859011111579	76.0210631371683
467.497624076615	446.348083332763	3.12729190075815	73.9784604787156
467.994403863147	345.068359792706	0.0887397365005533	76.0604300838556
467.997589818712	446.340975125103	3.127839791674	73.8910223518787
468.49092082545	345.110075831628	0.0867307249226166	76.1718785547126
468.497536719585	446.334066572035	3.12833245875654	73.8395755048096
468.986931530657	345.152598834255	0.0860180917440254	76.3257043280685
468.997440474877	446.327428895625	3.12867140772497	73.8102358385566
469.482392461468	345.196813885456	0.0854872195055142	76.4931975096762
469.497294153256	446.320838738917	3.12890353473001	73.7942913349306
469.977803213905	345.243106318103	0.0830879610326835	76.6333116886679
469.997106391001	446.314365165316	3.1288296064566	73.7809198087872
470.518538889764	345.290315094657	0.0781515677873475	76.9621179092021
470.496892960987	446.307557742523	3.12795987542214	73.7562184415398
471.014725651759	345.329019799942	0.0727753187399169	77.1122690027473
470.996686248286	446.300116481306	3.12624540014873	73.7023968494346
471.511397307289	345.364447311203	0.0683727174562657	77.2344012089274
471.49651339766	446.291574985398	3.12446539334176	73.6087084318433
472.008515163867	345.397688897416	0.065776860515252	77.3237291869875
471.996404380243	446.282334209769	3.12360512556288	73.4737027076733
472.505854341526	345.429621157074	0.0647415627827421	77.3450703818268
472.496376974428	446.272787031293	3.12394688643929	73.3121786275762
473.003244875955	345.461029205059	0.0647571736130099	77.2559393970564
472.996448868752	446.26370665646	3.12511184081275	73.1486668274448
473.500621318942	345.492558077556	0.0659317295618301	77.0443938120605
473.496595582759	446.255172691244	3.12649549404414	73.0142997026289
473.997886933869	345.525058773992	0.0686569926397034	76.7364210270849
474.003403299376	446.247173181919	3.12756402967006	72.8416475722099
474.494888092849	345.559438601278	0.072952086202967	76.365091563247
474.50317407074	446.239316192296	3.12777095071244	72.8076685650148
474.991468976483	345.596486974828	0.0784297305367663	75.9428998227067
475.003268544991	446.231492982593	3.12691933653144	72.7802581129512
475.487481476354	345.637041666651	0.0848535963638815	75.4710974665318
475.503498449023	446.22294585962	3.12531350156556	72.7451532256554
475.982817205745	345.681870636819	0.0920877504272822	74.9622134025984
476.003645231406	446.21371000455	3.12366566324008	72.6989926699542
476.477375208087	345.732084673967	0.100014757601287	74.4451574033701
476.503640759303	446.203718439801	3.12249695980928	72.6562497204304
477.021867041988	345.795042055867	0.109503420764507	73.9289425080887
477.003538873392	446.193505221791	3.12191897495481	72.6111183536492
477.516136696531	345.853172612867	0.118319094588986	73.612198747321
477.503388842737	446.18311605072	3.12167621893276	72.5657428008617
478.009968150584	345.912237157408	0.126465599588836	73.3566624630251
478.003217276573	446.172867209402	3.12166418188316	72.5158552308661
478.503184486148	345.972701815073	0.132314288986617	73.1930950006932
478.503026663546	446.162726672661	3.12207348655829	72.4644236866763
478.995964129986	346.034266194003	0.133833598074641	73.1386918941053
479.002785570861	446.15316964381	3.12323845895897	72.391725530011
479.488792542638	346.096214916257	0.130360144239722	73.2067795925513
479.502452771506	446.14438568701	3.12500678831311	72.2978391338587
479.982141159544	346.157765886823	0.122077625399711	73.3696473821938
480.002077770423	446.136617782338	3.12658948434888	72.1969514101791
480.476237354595	346.218179742109	0.111152920567799	73.5950377835778
480.501800276518	446.129336718108	3.12697151502925	72.1287866454959
481.021901521718	346.281558389622	0.0993947316663509	74.0146107167657
481.001721505093	446.121969950283	3.12586765284824	72.1017299973676
481.516590733399	346.330701844204	0.0917995036160617	74.3679859120117
481.501797636363	446.113776482797	3.12376167808506	72.1035259604072
482.012135492637	346.375666571874	0.0874834626735815	74.6977606602129
482.001900622156	446.104587586841	3.12127678100571	72.0923556972392
482.508064943124	346.418312678818	0.0858750210061134	74.9969893611121
482.501918409123	446.094197919525	3.11860246638107	72.0531331205053
483.004021462745	346.460049576679	0.0861241920822349	75.232630034707
483.001791318253	446.082721021163	3.11620571005137	71.98696836482
483.499813740255	346.501810212421	0.0877235922550072	75.3497540911984
483.501512229853	446.070434416126	3.11516186755479	71.9237430727643
483.995310976063	346.544551587043	0.0905437441560162	75.3000414700137
484.00114694525	446.058299092341	3.11645459743529	71.8732582932066
484.490366323972	346.589402039046	0.0949480948803849	75.0733287219184
484.500801448062	446.047254462551	3.1195481979573	71.844076619689
484.984776248546	346.637696433285	0.101523640048134	74.7033545618958
485.000554287117	446.037773392083	3.1225919151133	71.8241334948686
485.478244380914	346.691267455897	0.110633390594994	74.2450511680934
485.500411391002	446.029297100971	3.12368131692725	71.8162518877403
486.029429471383	346.761228781008	0.123001756689158	73.6396720031099
486.000316962971	446.020801534714	3.1225546175369	71.8148634564038
486.521428949059	346.828948552109	0.133308667613345	73.3205388944975
486.500198332769	446.011491147406	3.12057157432111	71.8306000639609
487.013067342233	346.895884265854	0.139813839014389	73.0644235472295
487.00002620531	446.001393895593	3.11943229231454	71.8563130758072
487.504730539951	346.962015099795	0.142217212529117	72.9103457944256
487.499828843702	445.991073869302	3.11971916907267	71.8886716113052
487.996597420903	347.027491595926	0.14163118369815	72.8814449174984
487.999654270072	445.981156082507	3.12117659147808	71.9052010335764
488.488451195829	347.092997939616	0.139386120944108	72.9912659803982
488.499533193112	445.972054857501	3.12310097283385	71.9044471327002
488.980036583572	347.159467198809	0.134757811935463	73.2114548756122
488.999453246127	445.963770655274	3.12452939790267	71.8872190570219
489.471541781602	347.227370845874	0.127013001960346	73.5157273863308
489.499353703281	445.95583349553	3.12429817702455	71.8768794512857
490.023255452569	347.300885097773	0.115603698513392	74.0979454374732
489.999167354353	445.947317453505	3.12219462156109	71.8795907728767
490.516305494437	347.357139166061	0.106482646761809	74.5888101440156
490.498883715932	445.937601933554	3.1194009650889	71.9052815915162
491.010382678974	347.408178139083	0.10075946214262	75.0163603161067
490.998559741118	445.926698293193	3.11769013322668	71.9425167592629
491.504991609817	347.456481574024	0.0993753127383356	75.3193935036258
491.498269023764	445.915362370784	3.11772222124035	71.9889732554299
491.999464084639	347.504513996081	0.101901253386397	75.4279261455382
491.998036691977	445.904195894242	3.11879126856675	72.0273918959006
492.493249723671	347.5544842678	0.107563414160677	75.2982117626331
492.497852280119	445.893490567911	3.11968896657962	72.0537582353321
492.986064605922	347.608438369623	0.115651974162633	74.9480339614481
492.997731813511	445.882999578773	3.12029983619286	72.0548302991366
493.477900074515	347.668338479345	0.125365160449094	74.4584988788841
493.497729369641	445.872884596315	3.12144749058995	72.0394619498644
493.968700435459	347.736104486138	0.136350052366613	73.9426603112723
493.997816586834	445.863403290558	3.12343679689994	72.0151538340356
494.524548889276	347.823526260811	0.150242825487079	73.5533659693925
494.497836361957	445.854873533831	3.12512278488147	72.0080794877907
495.014200693656	347.89973139573	0.161166009016709	73.4365404599385
494.997678229947	445.846725808926	3.12542912381779	72.0265495685468
495.503414685238	347.976407629435	0.167980454797837	73.4669939983292
495.497436310796	445.838453528782	3.1246313433012	72.0762395877262
495.99215456087	348.053601219566	0.167733332075923	73.6451275989772
495.997231565553	445.829607155826	3.12383904664521	72.1367526712449
496.480863369453	348.131001161994	0.160216843038954	73.9754478944641
496.49698707394	445.820460420372	3.1233960822946	72.1996293656857
496.969768452232	348.208682038316	0.147685212204636	74.423844835891
496.996530265861	445.810868991515	3.12276215089132	72.2574136419504
497.527654362761	348.2954396639	0.133263873223813	75.2054395100086
497.49588618871	445.800732736753	3.12138325915702	72.3277831124794
498.018877906686	348.360850467523	0.125450140050047	75.8482619462387
497.99531375288	445.789498493193	3.11969958227206	72.4196335066121
498.510826809526	348.421413878081	0.123309730613342	76.3312751800315
498.495118270491	445.777484120788	3.11899542737877	72.5438693379422
499.002718046987	348.480810505809	0.126687643850773	76.5735519057207
498.995438970998	445.765325863239	3.12052560767463	72.6841877746049
499.493757722763	348.542443916269	0.134851186808297	76.5372686554431
499.496151005834	445.754548945393	3.12417087589266	72.8203602975612
499.983133061999	348.609820419445	0.147377041937504	76.2478454786712
500.002755769728	445.745872113576	3.12821699886639	73.0119188653691
500.469965324755	348.686879491103	0.163577179384575	75.7964794397615
500.502586577508	445.739380317144	3.13004774646811	73.077145780016
501.035443495925	348.795744437125	0.184054347418103	75.3381618685353
501.00309391242	445.732833790131	3.12821788898216	73.1099577971459
501.519701517634	348.889482939409	0.196815355140189	75.2513513546927
501.504223454069	445.724452606284	3.12273816793664	73.1521317523044
502.003330788562	348.981566050821	0.202029558138569	75.3165201091867
502.00592682073	445.712238673812	3.11405259394299	73.2416755341702
502.486669762636	349.073644893237	0.199841335126276	75.5482383566364
502.508153713839	445.694692297719	3.10183109235726	73.3995083590021
502.969837392101	349.167487809104	0.190354221794397	75.9307526094836
503.01043872263	445.66980569082	3.08563746125382	73.6204388370108
503.536886067393	349.282463820818	0.174243438826966	76.7148225658281
503.511631311628	445.636223614162	3.06631597233964	73.8807831701452
504.022620585344	349.366756430997	0.16374985898029	77.4382902835378
504.010281451503	445.593585560996	3.04655811533635	74.1327097900846
504.509663453594	349.443481589886	0.158879877331225	77.9296176405405
504.505636007138	445.54320008301	3.02946096723111	74.3029766436044
504.996879663552	349.518007148729	0.160345973646351	78.0700765610283
504.99806654333	445.486642304365	3.0163313657991	74.3124705838596
505.482984577631	349.595760192354	0.169138881219058	77.8438121884879
505.488397590577	445.424455287965	3.00518003654124	74.1165238244636
505.966215953264	349.682886068794	0.185587102629998	77.3461824325569
505.976870238534	445.355267785612	2.9922304919733	73.727269195065
506.538322467098	349.808857005504	0.210313658762728	76.8221324041499
506.462765317037	445.275478205675	2.97536472103348	73.2161660906779
507.01785470207	349.913417172102	0.224913823668687	76.7004280635996
507.029511564096	445.164783802341	2.95391527929691	72.7568107182001
507.496388636708	350.01722681307	0.230177133121902	76.7880072706389
507.51321855616	445.072074863165	2.94199189866522	72.5837570556352
507.974030412409	350.122650066816	0.225691482201367	77.0632280880809
507.996351322233	444.980237547835	2.93997412020555	72.5325756760671
508.450379230081	350.232821221443	0.21318798651465	77.4700977290608
508.549075645573	350.260340454219	0.209677729917666	77.6780773348856
508.479709634774	444.8886340478	2.94766366287573	72.6182913675011
509.028564107381	350.362145632329	0.197640136713282	78.3657736733739
508.964010717724	444.796405821091	2.96328800690021	72.8329779382676
509.50969696894	350.454085531551	0.193261303079277	78.7697490707916
509.531036384546	444.691031324744	2.98427636634467	73.4145407376543
509.990381599742	350.544301437547	0.198275399660241	78.7478941420924
510.018287609046	444.616330460933	2.99759888122795	73.9034867812492
510.468265315091	350.641115685638	0.213198690430449	78.3186508532483
510.50759596968	444.549161611648	3.00488213215835	74.2147164840627
511.051323793109	350.788523899395	0.242127650435092	77.598474566395
510.997686452637	444.485000348297	3.00621064641924	74.2706263727623
511.522497874667	350.909739235921	0.261135105877936	77.4257206693155
511.487492712957	444.419773101465	3.00170253662686	74.0548486779135
511.992729896987	351.028726959095	0.267748897179746	77.4403524817318
511.976033127715	444.349324257839	2.99122085589977	73.6131600384162
512.461756963342	351.150264017925	0.261493531211055	77.6260723886436
512.462230148308	444.268881166642	2.97576400490213	73.0486660840649
513.045724865824	351.315144472116	0.241668060496096	78.2329212989901
513.028013718497	444.159663690726	2.95650022103453	72.5599600610227
513.518193147106	351.427331658104	0.233069162513814	78.7248735209228
513.512289627153	444.068858217859	2.9461898708872	72.3578350134734
513.991339893067	351.533645278117	0.237434597315344	78.7515860029316
513.996226487321	443.978942412429	2.94454598967641	72.2854186241584
514.460444539366	351.64698602668	0.255867930886843	78.2979409574081
514.480336223963	443.889073941575	2.95132058810289	72.3556940899424
515.050382657967	351.82905015058	0.292049160310001	77.6436405533996
514.965031459296	443.798310742697	2.96523748217197	72.5561811726464
515.510309059422	351.966215752968	0.309782226245588	77.5687307942317
515.531371965284	443.69362106247	2.98393757885105	73.1091685708825
515.968187241911	352.102644216118	0.311339092737756	77.5773945841609
516.018777066855	443.618144678285	2.99559751270111	73.5934380740625
516.422350570508	352.249369160647	0.300619364149193	77.6343559340303
516.559976409965	352.304472638117	0.296392270372485	77.8577071598184
516.507829049614	443.549722954518	3.00191690061236	73.9169022079562
517.018697937279	352.44019679477	0.292577696107752	78.2873338460652
516.99751326823	443.484199760082	3.0032520108545	73.9955395520617
517.477096710127	352.57053062455	0.304578746092523	78.2333120515141
517.486931126555	443.41775042718	2.99933882938384	73.8080115148111
517.926299466027	352.715679913724	0.329848381025475	77.7260885280252
518.07597294427	352.784867705072	0.340573849845372	77.5837772936861
517.975120773973	443.34629634151	2.98959636722736	73.4021487981805
518.520346033237	352.94509966238	0.363678958804035	77.6510208206482
518.542737901051	443.248032569556	2.97215841553048	72.7329748109095
518.461127778017	443.265078625891	2.97505259645674	72.882641575085
518.961178904069	353.100753866686	0.373639791467008	77.6354473509467
519.027273856163	443.155938878558	2.95683841268446	72.461175858159
519.557398526837	353.356196808004	0.375163513145032	77.8559438577602
519.511570835433	443.065463308537	2.94643859668022	72.3173158867838
519.993037739005	353.516744417324	0.385966517171342	78.1439908725462
519.995617895343	442.97538958769	2.94349375242182	72.323446944151
520.419312099356	353.684136504782	0.409690592771055	77.8106722488337
520.595606731042	353.788773602743	0.423622371202768	77.6426855080617
520.479451101557	442.884665149496	2.94870223414533	72.4927171968074
521.012221000024	353.974609057024	0.45198898381104	77.9043293204873
520.963425538482	442.792250085655	2.96222677216198	72.7939215863772
521.419456284015	354.157762881979	0.474047141990174	77.689785911914
521.61041406629	354.289512834053	0.483690004101094	77.5396628297833
521.530470915303	442.686102418382	2.98282481472585	73.4582787459135
522.006186978733	354.488910957085	0.506350539999977	78.0037194404634
522.017739908089	442.611248383098	2.99711140704738	73.9554471085948
522.388749162889	354.686262030557	0.536790022778026	77.5601958051309
522.593219848015	354.851724289631	0.559821270096967	77.5588369450405
522.506939343398	442.544273663773	3.00523535650956	74.2230836397638
522.959855085542	355.059078379152	0.596006399659915	77.6732470889572
522.996921146639	442.480302488109	3.00622301388038	74.200666821867
523.516908236817	355.47806684162	0.655268005557387	77.5844424625768
523.486515499591	442.414704401461	3.00030753016579	73.8982426998495
523.834438035799	355.70218735788	0.68455334292659	76.9878896352092
524.060685221644	355.929014843862	0.705999688790355	77.469127287327
523.97461031693	442.342953994008	2.9882199000182	73.3870178902895
524.363156664227	356.1534881985	0.726666865357886	77.1985215762929
524.590003165729	356.401649994561	0.740552534169531	77.4503831760568
524.542369218574	442.242385295569	2.96842512168734	72.6442487823126
524.460022212867	442.26014070694	2.97165730288251	72.7851405806425
524.880055820633	356.628177329667	0.751544957842632	77.4034845790624
525.108002468338	356.885853273855	0.757840608300937	77.501006956293
525.026748186646	442.149071303435	2.95242092305228	72.323708049547
525.391400171057	357.113713467641	0.762131642689171	77.570854005675
525.620096196359	357.374649969449	0.763647672910163	77.5395197879822
525.510471872618	442.057444402705	2.94312380460564	72.137178298171
525.901147287975	357.60293095346	0.764441872474112	77.659475381331
526.130554260077	357.864155575601	0.764747550004926	77.5070631578742
525.993915736282	441.96658881115	2.9427858406537	72.0984852976883
526.410733953908	358.092917336585	0.764913487034178	77.6897150318116
526.640552933849	358.353559115225	0.764773203816456	77.4567748627436
526.477756573443	441.875654078682	2.95110434890646	72.226879040368
526.92042016994	358.583032249018	0.764727330992093	77.7185885791363
527.150725356444	358.842496325771	0.764562233094347	77.4146157278641
526.96241750951	441.783793471327	2.96680807555965	72.5032259882167
527.43021315729	359.073017492498	0.764336772529739	77.7575149844345
527.66127253414	359.331002436767	0.763405162921504	77.3837144979058
527.529073010585	441.680993719702	2.98715227055135	73.1751950768862
527.94045994077	359.562427354451	0.762819151162456	77.7934921556453
528.173111465022	359.818568727922	0.762311519597588	77.3378214168502
528.016966390729	441.607915697426	2.99953069197358	73.6830078731847
528.450975753423	360.051313843512	0.762419311276428	77.8129752873787
528.685738355185	360.30603172719	0.762365258514204	77.2714737054343
528.50648323625	441.541609372631	3.00565700764841	73.9929743592974
528.961316494542	360.540341769926	0.762609570818207	77.7958509069113
529.198616179848	360.793447227963	0.763215553013492	77.1637080515832
528.996517145501	441.477685378718	3.0060206702192	74.0294434019381
529.47126429921	361.029886859648	0.763534995700675	77.7510278514309
529.710679848378	361.280907043826	0.763157154816867	77.0667638625927
529.486166099296	441.412217214115	3.0011996887875	73.775269620481
529.981286604653	361.519501201814	0.762479759799277	77.7421866332447
530.223076883829	361.767062654895	0.761353768123896	77.0195304665681
529.974573805405	441.341234503929	2.99105013682655	73.2825538037105
530.492032811472	362.008332836218	0.760523369237697	77.7827272005876
530.736981864975	362.25197509661	0.75973167124377	76.9966877422193
530.541820106156	441.24290499728	2.97303092497768	72.5263757647052
530.460695228072	441.26002276776	2.97604179610038	72.6668780614709
531.003380014023	362.496465192754	0.759827898582664	77.8036279952523
531.026714284055	441.152007885889	2.95740568792353	72.159420537195
531.267079946256	362.743084571476	0.76101748979114	76.8949119321771
531.51423779829	362.985193195191	0.762409659614041	77.7376181066908
531.511123881142	441.062492994917	2.94793129744657	71.9150796109719
531.780016570453	363.22867697315	0.76296478855911	76.8399940084291
532.024260194038	363.474818780472	0.763010912134152	77.6033133530747
531.995328131896	440.973753800119	2.94757790982434	71.8073146285636
532.293262272647	363.715289377358	0.76206930287243	76.7466938887682
532.534536959677	363.96401109834	0.761049644105445	77.4369631596244
532.479809826903	440.885217968542	2.95541887558702	71.8443643481731
532.807607059337	364.201474441138	0.759423517645811	76.6361720653972
533.045855531613	364.451980146075	0.758589463021811	77.2455922856244
532.964693321046	440.795826661343	2.96883188536943	72.0051373557994
533.322520190712	364.686426040316	0.758180541399674	76.5206796800666
533.557828356282	364.939427832228	0.758892817995469	77.0367885761358
533.531643794455	440.692457034139	2.98484129534552	72.5183786923389
533.836167322466	365.171632956221	0.759230195735825	76.4078664366667
534.069642285578	365.42744770371	0.760694391918777	76.8439005977005
534.019065278018	440.616926015146	2.99405770699278	72.9671916653246
534.34779335711	365.657819648703	0.762913602323922	76.3294008012974
534.580421097163	365.917396485568	0.766465027792833	76.6982152735253
534.507704522567	440.547518426871	2.99898773463897	73.2843643643107
534.855437404437	366.147086540914	0.771402259470792	76.29034608563
535.088065326632	366.411449731678	0.776882702975034	76.6254628269281
534.996898239602	440.48069877676	3.00037889485242	73.3847727800165
535.357699361368	366.641305696667	0.784039486074766	76.2741040076509
535.589536026245	366.912406238506	0.791307646700793	76.5757633942965
535.486203961506	440.413224182998	2.99802836640893	73.2284372396012
535.853167551193	367.14164442376	0.798992706540563	76.178639291769
536.083698436827	367.420762372379	0.807489977936745	76.4695726376563
535.974883994279	440.341387972902	2.99046133298883	72.8388389603212
536.33979084639	367.649511775108	0.815620173694231	75.9552400983181
536.569736188626	367.936254592225	0.82530300157507	76.2876064023077
536.540799662875	440.243603941596	2.97411100612941	72.1768609779906
536.461599455913	440.260304116998	2.97695322215466	72.3085569133038
536.81601277992	368.16606138781	0.833019387373944	75.6122767499357
537.047324411834	368.45815777004	0.842690097120974	76.0830610704098
537.026283041011	440.152868774684	2.95799556477342	71.8634943815855
537.280575761073	368.691505876338	0.850451606640472	75.2370349337466
537.516444975086	368.985939208033	0.859575587114938	75.8782100606634
537.511122647225	440.062966661131	2.94655845352931	71.6528560820747
537.97785892502	369.518398193382	0.871620329264529	75.5846731364902
538.20834489377	369.830065798931	0.878098181198237	74.8165370399762
537.995102441594	439.972938728345	2.94333644008149	71.5475452091757
538.43261645567	370.054676488204	0.881580911559377	75.1660602999581
538.654953085762	370.376538119747	0.888527332110751	74.6830118654982
538.477822015233	439.881884094971	2.94704037820477	71.4906165319774
538.879601685893	370.595411035828	0.892622632361333	74.6100180991251
539.098579045118	370.92381217708	0.903978434642006	74.4714409872714
538.95648451415	439.787828405897	2.9503511528359	71.2749277590791
539.31236108937	371.142765814437	0.914434768626684	73.9349514517158
539.53209520056	371.476811988537	0.938104680900966	74.1284089792293
539.542674610051	439.651361548799	2.91559500288458	70.4734487221088
539.93321374405	372.041196611671	1.01502147371308	73.4695614538977
540.128264703935	372.434738200651	1.09943238752967	72.8994111254875
540.009596426936	439.523885410427	2.80624413864758	68.8118034332868
540.397330333898	373.033890604216	1.26192613898971	72.8390184441924
540.511543368395	373.497556346404	1.37329533776554	73.0988700392895
540.58502596484	373.989820876596	1.46218179990556	73.4642994977076
540.624554823532	374.492457287967	1.51793961834462	73.7348925932952
540.643464197049	374.995925199611	1.54639442230349	73.8202531996165
540.652365871056	375.497965486412	1.5590230340128	73.7738217299914
540.657023875146	375.998826928121	1.56363900155225	73.6719984177121
540.660447874261	376.499052725832	1.56450423233307	73.5675224896175
540.663740073434	376.999022692928	1.56399684527418	73.4822146564422
540.667395139731	377.498938815215	1.5633751411937	73.4174187681098
540.671215270001	377.998857754798	1.56304787126161	73.3651993216347
540.675269422514	378.498737004187	1.56276313403854	73.3210666741784
540.679504359412	378.998519844351	1.56204676603048	73.2806876337476
540.684386828558	379.498208156849	1.56062965302187	73.2366014786603
540.690079138599	379.997875909066	1.5587340357342	73.1744462380425
540.696859258495	380.49762550396	1.55699740478753	73.0857167515734
540.704285642163	380.997536240276	1.55613809921751	72.9714769761529
540.711996990137	381.497603581653	1.55641938243876	72.8425084904183
540.719275726813	381.997718995718	1.55745518464412	72.708702322956
540.726125126371	382.497726629985	1.55845162791247	72.5841456502562
540.732494965878	382.997566239355	1.55893961692867	72.4832876927729
540.738870712814	383.497323858893	1.55897770295391	72.41823973731
540.745204521311	383.997117368438	1.55877694170194	72.3829330210727
540.641309555513	439.164529070643	2.43322316503524	65.0045436021985
540.415069484011	439.356388800745	2.61408932483373	66.5498099907888
540.752054168952	384.503061714584	1.55825750932863	72.2832422944963
540.759274572959	385.003075660163	1.55742170033206	72.2566359957494
540.766994452168	385.503021931587	1.55669635738623	72.2072987042445
540.774692629823	386.0028240836	1.55681239794416	72.1369781545916
540.782035466785	386.502502307741	1.55813550258915	72.0727435570005
540.788215909287	387.002144594207	1.56041296156795	72.0294901033075
540.793178223308	387.501822821903	1.56279501376174	72.0133937924988
540.796922729141	388.001603891278	1.56428904949829	71.996491713342
540.800330358214	388.501533720391	1.56424401657513	71.9557774939354
540.804002533989	389.001579985149	1.56285765767079	71.8749148194231
540.808655423182	389.501640050555	1.56095506813144	71.777088238454
540.814174847706	390.001695648077	1.55916290043168	71.6902555232181
540.820702328882	390.501851031774	1.55734987228242	71.6455463204527
540.828112736066	391.002156909904	1.55529619568341	71.6393297170584
540.836618753559	391.502467353946	1.5533439462716	71.662040256882
540.845752658192	392.002580467587	1.55231540526332	71.6889128110871
540.855051527637	392.502427887607	1.55264766218892	71.7118268710164
540.86372078297	393.002107997095	1.554108382876	71.7158700886043
540.871557602341	393.5017598478	1.55593395913857	71.7036500911549
540.878462943054	394.00146908452	1.55746216857453	71.6724558902993
540.884805705092	394.5012411755	1.55844726943035	71.6384450252388
540.890648189826	395.00105798916	1.55919341811927	71.6040006290647
540.896099244938	395.500918832767	1.56001788938917	71.5735299834167
540.901024132855	396.000843645431	1.56075512729374	71.5295805942115
540.905767013022	396.500834289089	1.56069660085979	71.4722383937324
540.910755115214	397.000854860336	1.55955653141529	71.4014145045708
540.916494485977	397.500849560858	1.55792144500148	71.3329088687932
540.922875316302	398.000799751347	1.55670202032278	71.2619024697181
540.929668490203	398.500735603826	1.5560902833809	71.193410814733
540.93659272415	399.000693212545	1.55566268342774	71.1253688384558
540.943770854897	399.500668701325	1.55495114428383	71.0726106302522
540.951285057896	400.000629447315	1.55410200648964	71.0321754574606
540.959150011804	400.50054939381	1.5536265827458	71.0077813631672
540.967037351348	401.00043678665	1.55392478263136	70.9881858895239
540.974661686024	401.500319159485	1.55475262431515	70.9773975866425
540.981852002908	402.000216719263	1.5556706795168	70.9685933577058
540.988664605578	402.500130878701	1.55644978954168	70.9709950450618
540.995122552822	403.000055552977	1.55730831787782	70.9840608999896
541.001163078546	403.499986858699	1.55844657718233	71.0215025111143
541.006675594655	403.999926025189	1.55974185403244	71.0751202803007
541.011708916006	404.499874642105	1.56057106721737	71.1327662856179
541.01662756977	404.999826020661	1.56026664591951	71.1602053673252
541.021986868856	405.499764616687	1.55864716344731	71.1527213237207
541.028240140605	405.999682335938	1.55649391169164	71.1207573022151
541.035293085148	406.499597932836	1.55504640974038	71.099367503855
541.042625675552	406.999534701318	1.55506641661417	71.0997069543548
541.049597079805	407.499477593577	1.55619952674453	71.1337903983167
541.055976468693	407.999393217444	1.55769818907366	71.1932843580099
541.061720957026	408.499299811939	1.55910795795154	71.2714638515326
541.066955057245	408.999253627055	1.56036124617877	71.3356641125227
541.071699433177	409.499273619764	1.56117831709905	71.3696558510141
541.076296194576	409.999310821656	1.56102585283208	71.3627212423552
541.081191268326	410.499296493259	1.5596004161459	71.3320099905691
541.086981080072	410.999189231187	1.55744791913883	71.2870745855644
541.093713260253	411.499002741177	1.55567451025487	71.254495387426
541.101120198878	411.998804514566	1.55506524279755	71.2457656181157
541.10858653057	412.498677829857	1.55537290666814	71.265877975546
541.115921313934	412.998632178423	1.55598667936504	71.2850047770237
541.122953591242	413.498587315241	1.55662192383536	71.2897739097412
541.129748799541	413.998479101029	1.55753291134788	71.2813822967119
541.135977390778	414.498369004498	1.558919675463	71.2911408652895
541.14154340564	414.99836373183	1.56057013945379	71.32826302922
541.146298157492	415.498470531428	1.56183639730402	71.3915437702674
541.150731713406	415.998572690363	1.56209255067781	71.4524159919209
541.155285488239	416.498555030474	1.56113418634448	71.4951599199014
541.160643590655	416.998400875261	1.55945400515635	71.5053698360727
541.166811143856	417.498202786778	1.55790262125987	71.4967977541014
541.173709063297	417.998072140963	1.55710840572929	71.4790014140051
541.180755011782	418.498053673299	1.5570765323328	71.4676047248417
541.187811786955	418.998091210366	1.55752859900658	71.4548297226708
541.194540355266	419.498077554322	1.55814479164235	71.4407662979289
541.201131040442	419.997910873744	1.55863543970208	71.4233346051819
541.207528661102	420.497576409135	1.55870527524883	71.4235357803008
541.214155983666	420.99718992694	1.55843088481466	71.4500575066178
541.220866509224	421.496963418693	1.55826602342431	71.5042364402205
541.227714591652	421.997027670147	1.55857625855245	71.5569913561926
541.234245173179	422.497324596415	1.55917534934222	71.590021276131
541.240614292212	422.997671967018	1.55978768832207	71.5937599737389
541.246552950709	423.497936626748	1.56049960101428	71.5867828084153
541.11485524386	438.553361875546	2.03430485803605	65.8780093596585
540.903442853825	438.924354284603	2.25416129432587	64.8464500903994
541.252108347457	424.001886629737	1.56152129168385	71.6645003711059
541.256739877833	424.501789031188	1.56261481150288	71.6760544525302
541.260970373019	425.001795382356	1.5633142792082	71.6890807065081
541.264888376404	425.501838008908	1.56326665777577	71.703084182218
541.269153753727	426.001901985155	1.56239248483916	71.7222914266047
541.273960065297	426.502047538778	1.56082775288223	71.7587301216928
541.279780979977	427.002285506214	1.55903187162685	71.8170453521456
541.286334879276	427.502494011866	1.55770242970908	71.8915324201022
541.293384443771	428.00250606583	1.55744474382657	71.9625041261966
541.300116178796	428.50227905636	1.55833315184961	72.0135577630525
541.306228446058	429.001938804527	1.55991167601282	72.0396568876683
541.311384097767	429.501681889782	1.56147670249107	72.0531381814922
541.315937591906	430.001602503742	1.56249632756803	72.0715043919217
541.320074308947	430.501630782469	1.56280695169792	72.1104080939811
541.324280698436	431.001637113984	1.56263679317653	72.1732054424543
541.3285454094	431.501584210611	1.56230943787367	72.254576653143
541.333066964165	432.001543337546	1.56188427007351	72.3429829777013
541.337773036097	432.501581208686	1.5612359979257	72.429990678514
541.342869544236	433.001637281853	1.56066792839902	72.509490638854
541.34798249152	433.501573917102	1.56091410657546	72.5777499434877
541.352739057915	434.001361604655	1.56217372049416	72.6288653294902
541.356697842808	434.501147726588	1.56351692037574	72.6596228603136
541.360250276508	435.001078669762	1.56386549044912	72.6705592743893
541.363818388383	435.501106599674	1.56334487789743	72.6669600960228
541.367614621592	436.000940397808	1.56347839352998	72.6428188250236
541.3705786851	436.500031348217	1.56671262432362	72.5419477547476
541.370126534136	436.997307696184	1.57826547645723	72.1805182154114
541.358518270796	437.490098565479	1.61543630544015	71.2023966131392
541.314676164961	437.96913134849	1.71980753899537	69.2952595777643
