287.247292987589	417.004610519946	-1.55321655715886	64.0492074354565
287.237722661672	417.504374099326	-1.55475631335502	64.0245731064512
287.229362618797	418.003834213674	-1.55655920457921	64.0291555322082
287.22169147026	418.503216659459	-1.55720459379028	64.0367829629319
287.214111747551	419.002760777882	-1.55621907379728	64.0167939332907
287.205772952563	419.502508462716	-1.55459326462739	63.9638487025502
287.196948928989	420.00239084368	-1.55358307711287	63.8756896124026
287.187857741354	420.502348635425	-1.55331078451462	63.7675217175436
287.178939809422	421.002326129792	-1.55333406095555	63.6488878785919
287.170054811953	421.502250839046	-1.55344535376525	63.5388562246555
287.161388843564	422.002140700047	-1.55360031468058	63.4410366912108
287.152668933031	422.502104792214	-1.55332406327677	63.3627985673697
287.143749420874	423.002184242224	-1.55235681045694	63.2926660267127
287.134263113304	423.502248778175	-1.55121430412819	63.2200808195975
287.12456971276	424.002147873158	-1.55097228846366	63.1219048435853
287.115131413287	424.501875385165	-1.55206412747956	63.0024834799458
287.106593105404	425.001567593648	-1.55398692754917	62.8796434828189
287.099013323391	425.501341071866	-1.55599692836649	62.7916585064361
287.092615467083	426.001156976996	-1.55882948784983	62.7549765612195
287.08842120468	426.500711166035	-1.56587810515876	62.7722618969762
287.090135575519	426.999269861436	-1.58389304154218	62.7805348755476
287.10634634881	427.494598080463	-1.6268725540025	62.6222207756463
287.155700588391	427.978296553516	-1.7222683613309	62.1113821059773
287.746643677015	377.015999075679	-1.49457449886767	65.443119844918
287.718101959523	377.506735087594	-1.53340270889218	65.6413373676139
287.703686157538	378.003349237451	-1.55050115693564	65.7340955658566
287.695104924935	378.502406019344	-1.5568009079392	65.7884957769907
287.688476294423	379.002256614714	-1.55899378510145	65.835510756573
287.682717912591	379.502216601674	-1.55995430687586	65.8740837029248
287.677232582575	380.002148265635	-1.56022217228594	65.8993026525382
287.671714400554	380.502142012536	-1.55942690595371	65.9231279754185
287.665473470738	381.002225731892	-1.55785259993037	65.9642382851907
287.658549530944	381.502285218174	-1.55666669251306	66.0303163132763
287.65127374823	382.002213944286	-1.55668279718074	66.1061043640535
287.644337606138	382.502037512659	-1.55746392821956	66.1702459473086
287.637767361449	383.001826998116	-1.55819778495227	66.2129758111487
287.631576797645	383.501616432068	-1.55875013956967	66.2415610137317
287.6256160689	384.001434708845	-1.55936868384086	66.2677405293685
287.62002420717	384.501340992959	-1.55991813973402	66.298429936716
287.614596627283	385.001349533301	-1.56008950692347	66.3296412533937
287.609271874327	385.501377189814	-1.56000451375536	66.3492000328304
287.603962519794	386.001308180272	-1.56020419981573	66.343260497069
287.598983259259	386.501114757913	-1.56098952690564	66.3102683572035
287.594438981968	387.000889090448	-1.56199625787958	66.2684209538063
287.590318398115	387.500760640196	-1.56257452855061	66.2496593371021
287.586237111449	388.000765883348	-1.56255710614303	66.2776344536672
287.582073707684	388.500828465804	-1.56232594034522	66.3474560767062
287.577769408918	389.000875147993	-1.56208482020806	66.4259264407372
287.573337826973	389.500912759217	-1.56140959962796	66.4795034459668
287.568392392765	390.000957949683	-1.55994324522288	66.4995608468466
287.562661566213	390.500973128401	-1.55812864592685	66.5010764635957
287.556097910275	391.000910995302	-1.55673285657571	66.5017410672445
287.549055807736	391.500778995773	-1.55608405181979	66.5073561676364
287.541862891564	392.000619722721	-1.55616808622854	66.512756910815
287.534919764311	392.500469194729	-1.55701229243216	66.512819054366
287.528552923323	393.000344566153	-1.55853619765089	66.5107991868735
287.522998946396	393.500254033401	-1.5601797158003	66.516964997466
287.518080952501	394.000197064527	-1.56106918612578	66.5403502155748
287.513308856448	394.500157846228	-1.56075511227429	66.580737259199
287.508193587416	395.00010788091	-1.55985633256665	66.6254704667643
287.502777582981	395.500037061695	-1.55968443334847	66.6531880892866
287.497596785879	395.999971671275	-1.56080849230478	66.6460727918331
287.493092846261	396.499933660779	-1.56228745886266	66.6024984854116
287.489112147978	396.999908922545	-1.56284161686213	66.5372460924687
287.485110317631	397.499872704441	-1.56227491596224	66.4688748410377
287.480723685714	397.9998133471	-1.56130230777936	66.4087435640983
287.475906854904	398.499729059595	-1.56051182292372	66.3612561931899
287.470771538965	398.999624231756	-1.55988675948376	66.328541142102
287.465293302818	399.499513692142	-1.5591587742953	66.3086936617466
287.459439784656	399.999419104874	-1.55838437490358	66.2923090885418
287.453256428953	400.499349778807	-1.55797655890486	66.2666262501016
287.447024962556	400.999292398083	-1.55812332740845	66.2258841911101
287.440900440761	401.499220720717	-1.55845416920135	66.1776134558267
287.434895946062	401.999123859479	-1.55848739823198	66.1357160221012
287.428800088597	402.499020481843	-1.55824048978607	66.1052815779523
287.422652504747	402.998945464319	-1.55826150855423	66.0774586762866
287.416635106068	403.498910333867	-1.55898949919332	66.0436312931633
287.411105445893	403.998881231321	-1.56011088819117	66.0083254313332
287.4059806151	404.498806563926	-1.56076529834873	65.9837750179387
287.400991050157	404.998693514394	-1.56057570050955	65.9729968644056
287.395761221144	405.498624831868	-1.5601068172174	65.9625533489773
287.390411128079	405.998665511627	-1.55999111746648	65.9275939063309
287.384997808314	406.498760365261	-1.56004983042615	65.8472093885051
287.379575850113	406.998786244182	-1.55986184700415	65.7208079012657
287.37395739032	407.498696992764	-1.55967004397378	65.5785378744611
287.368419378268	407.998592018583	-1.56006302533983	65.4639428871807
287.363195789643	408.498616232052	-1.5610374349326	65.3979803250215
287.358544917336	408.998778543457	-1.56192366790123	65.3576114600394
287.354067551309	409.498888543934	-1.56189579437484	65.300055742249
287.349301449667	409.998731943943	-1.5606463857241	65.202355149726
287.34359605402	410.498277704577	-1.55868003702671	65.0815850831651
287.336952838228	410.997703306458	-1.55685866607252	64.9740338758452
287.329476696852	411.49725922925	-1.55577140663931	64.9025852379043
287.321751970978	411.997120841515	-1.55567957162214	64.8569518044564
287.314105716299	412.497291081851	-1.55652459705859	64.8095051347291
287.30708512705	412.997610225832	-1.55790459444969	64.7400004905414
287.300646045039	413.497844857333	-1.55914552538209	64.6543471724839
287.294758773724	413.997839063156	-1.55966353257649	64.5735182879451
287.288782763514	414.497601514156	-1.55916100146452	64.5136480545195
287.282379294957	414.997265039833	-1.55773824994617	64.4653392760623
287.274940225522	415.496933837112	-1.5558039011124	64.404469255759
287.266528739955	415.996574128384	-1.55398139098144	64.3137462862571
287.257140826995	416.496078759129	-1.55292539344648	64.2080113540108
287.323887777167	428.563425976786	-1.9354801484053	61.2869737285919
287.524487541605	428.984950288584	-2.12171252065689	61.9113363825842
287.728273271018	429.295696996837	-2.29265109876463	62.6340838747284
288.230615894752	375.110588854123	-1.11589261272043	65.5221087446869
288.061901816697	375.522376656388	-1.20578313315719	65.2542291372048
287.92258054662	375.981188975448	-1.30883433378175	65.0130172188686
287.816068049397	376.473851699806	-1.41283612051912	65.1007775615037
287.750213208942	376.982014806298	-1.49070873761288	65.3374407997417
287.978036209018	429.523983136259	-2.42795550990303	64.6387000167535
288.555040027037	374.534006900877	-1.00862525297819	66.9452968291994
288.35539344158	374.92506729041	-1.08043750289756	65.9494422170808
288.541667030261	429.934592115469	-2.61806088412044	67.6299072261431
289.176704478	373.635205428112	-0.906845257953009	68.2420631469516
288.95771873871	373.96973391546	-0.936952276080451	68.1045511870199
288.9314800218	430.11883475623	-2.66887781537671	69.1483369418379
289.615085782144	373.094046562952	-0.870751263857676	69.3618433784491
289.394410876234	373.417847196577	-0.893589064888433	68.9669570123412
289.534810326694	430.430348415399	-2.72271111211126	71.1708067542688
290.076530993554	372.566415095291	-0.838185366840486	70.3250874372738
289.850336223853	372.87587477342	-0.858462405288788	69.6873424240931
289.95388685243	430.594441012765	-2.73066774450477	72.1465945275391
290.555028957441	372.050440356624	-0.810303538838091	71.2007335345818
290.323364776695	372.344622922331	-0.827032433046427	70.4121989608084
290.556142250688	430.881164176775	-2.72380142316083	72.8727750078363
291.046692944895	371.544977775939	-0.786509230144513	71.9825812267568
290.811420009755	371.824997726513	-0.800305000263466	71.1739033294088
290.976127571174	431.050540821997	-2.71763583705258	73.4497493549409
291.548728596168	371.048989511134	-0.768243809143982	72.5994499273721
291.312448696505	371.317108533442	-0.77817210355582	71.9113270839931
291.391991341597	431.228815540272	-2.71766948749933	73.4718408771158
291.574982139216	431.338795631442	-2.71929211693299	73.7063807248056
292.058212196891	370.560327532844	-0.755215902218321	73.0331417020803
291.823844655829	370.821115314633	-0.761714048468227	72.5168206396849
291.994368773138	431.512070921989	-2.71825573880711	74.1801578453336
292.572734288785	370.076358287532	-0.749162029651454	73.3718354468981
292.341077368168	370.334888657828	-0.751970610888817	73.0193212758871
292.412227718757	431.687124200269	-2.71206032262848	73.9547571256201
292.594389449445	431.7994631498	-2.70736938326637	73.8624621360698
293.089525991162	369.594330737065	-0.747046397209974	73.7050112266834
292.85879920218	369.85232956836	-0.748590825824774	73.5071897572836
293.008839040977	431.981191722782	-2.70296844747315	74.1632793048135
293.607364225444	369.113659898808	-0.745387517422557	74.0074703254471
293.376741322328	369.370587845779	-0.747006635622694	74.0040760249784
293.426283046737	432.158458079245	-2.70688172251211	73.976181681079
293.60685522229	432.268347634955	-2.71067367748793	73.8322478619362
294.126761974805	368.634975545139	-0.742640022346439	74.2542248721548
293.895203736363	368.889191749754	-0.744286638676688	74.4468330710774
294.022157503567	432.451529429061	-2.71661918579052	74.2196963751404
294.648158371311	368.157443420539	-0.74336247581499	74.5043158210327
294.414031225415	368.408862447973	-0.74276903022933	74.8677766339189
294.443397364068	432.62367068158	-2.71404121253094	74.0292917460044
295.169650304209	367.679105973204	-0.746733543049614	74.7973146126901
294.93176324276	367.928094843649	-0.745656329866494	75.3006646478087
295.03672950282	432.921084465663	-2.70190556936498	73.9511402681846
295.690267444342	367.200739395098	-0.747475600530486	75.0803643425196
295.448310118794	367.445742182281	-0.748080203643752	75.7315533750114
295.45484764486	433.096923326329	-2.70182993100261	73.9224530942143
296.211748935561	366.724631738725	-0.745125365010894	75.3126512665191
295.965009414905	366.963112638336	-0.746479238574422	76.0914429915626
296.048200548089	433.39526142943	-2.71272802258387	74.0113214525745
296.482714691713	366.481674379916	-0.744368685585338	76.3933839812195
296.46897128242	433.567406984252	-2.71306360613855	74.0305278695033
297.000544328935	366.000576692669	-0.745883431662204	76.6426362901933
297.063009080246	433.86576079019	-2.69988689642435	73.7376500873638
297.517387615498	365.518315858599	-0.749649398436865	76.8725672092572
297.276862143247	365.765287095788	-0.747715551542138	76.1388076584256
297.479202017078	434.044047030145	-2.69600684079234	73.8563299671292
298.032841473306	365.034398460003	-0.753230081871961	77.0819310815738
297.795274336554	365.285946832964	-0.751683006016641	76.4663639162865
297.890402468289	434.232731010997	-2.70129235900501	73.5602361982542
298.072417656994	434.344965511491	-2.70557513941692	73.8110671474945
298.54738641274	364.549676767684	-0.753555832364534	77.2782717357926
298.311989207982	364.803935256822	-0.753959434057943	76.7730422707136
298.490177672788	434.521115058936	-2.70956210807381	74.0890852559231
299.062561875549	364.066165765683	-0.74977012782194	77.4386905211814
298.829249673654	364.320909886747	-0.752054018136849	77.0547025963154
298.905755101124	434.702207001841	-2.70575438133742	73.751944334359
299.086279668194	434.815665899471	-2.70234500208337	73.7641374699386
299.579775830708	363.585731618956	-0.742459763376421	77.5839343099691
299.348576609942	363.839187105221	-0.746665980893854	77.3312155525978
299.501249329869	434.997337339118	-2.69872475748633	74.0514776784644
300.100451568785	363.11109367517	-0.730128691014903	77.6516557983947
299.871518572476	363.360477621763	-0.737208302400779	77.6046330605524
299.916752765998	435.178090657139	-2.70307894458114	73.8770712015494
300.096895961221	435.290799483273	-2.70776590574507	73.869159501944
300.627144544357	362.648091978324	-0.706726456211396	77.568845962273
300.400442254642	362.887266098101	-0.719427899554985	77.8109762811496
300.512928023074	435.47191994693	-2.71375728546437	74.2936535808283
301.165240271475	362.207403935523	-0.671754444984504	77.3297987218157
300.938368696693	362.425354910227	-0.688459251958142	77.9235783290035
300.932926339639	435.645867324091	-2.71186828076868	74.076611921759
301.113806135627	435.754042213122	-2.70827603247383	73.7740323005296
301.486170699295	361.981770563985	-0.648667680179768	77.9883934323998
301.526396280399	435.943128312421	-2.70222619024855	74.0699802598819
302.043655829477	361.563088600305	-0.60502155961707	77.9192811323695
301.820737603503	361.750781546023	-0.622940452660598	77.3230078711198
301.944738166254	436.119183496446	-2.70336262213683	73.9460221884823
302.61265198359	361.178059381132	-0.566440878497911	77.493832085955
302.404548934191	361.354115873951	-0.580786546940539	77.6836994841527
302.538187635342	436.417039283708	-2.71172710871156	74.0719991613508
302.984067586078	360.973310772042	-0.542110521894449	77.8094187037938
302.958843261329	436.589327071695	-2.7109058482733	74.0085493791201
303.565248483207	360.619065659642	-0.50286967210244	77.5235653781173
303.3662865482	360.762414468062	-0.51606921233556	77.2375082894541
303.552049887153	436.888184273098	-2.70189930884723	73.7809134580812
303.963519356467	360.430243851077	-0.483904641928337	77.5300680876037
303.970274852428	437.064039173378	-2.7034136559771	73.827205084699
304.552270979778	360.105380440384	-0.465541598408007	77.2567618806243
304.564027741327	437.360300693227	-2.71498883812231	73.8714404663598
304.963898241298	359.92434768739	-0.44955206333589	77.3330541175363
304.984718333774	437.533227443879	-2.71520673269704	74.1137647884081
305.557189292044	359.627855403555	-0.416663393322759	77.4134602368043
305.40036782928	437.714742044382	-2.70691516404866	73.7200707891731
305.580633630962	437.827663802077	-2.70190529611233	73.7699936099071
305.982632423888	359.459792430783	-0.401728780085061	77.649355996045
305.996311334755	438.007868324557	-2.69810996019115	73.938765510576
306.580211165646	359.192407260902	-0.396826893578453	77.2356843207003
306.410910242288	359.287672712901	-0.396766454693953	77.3064890715827
306.41149215981	438.190244439736	-2.70400758218324	73.6233985317176
306.591211933402	438.302817270741	-2.70862505990445	73.6355838982323
307.008890941583	359.021958132428	-0.392762559738744	77.479386681783
307.008392432572	438.481740547102	-2.71497886698127	73.9202799983592
307.444941200821	358.859130263865	-0.37942103917129	77.452244298356
307.427817298449	438.656569014582	-2.71164993657234	73.5936932639345
307.608737158084	438.766706245336	-2.70661834423732	73.3376772892282
308.040740280958	358.610789892701	-0.349424202494873	77.7238555813288
308.021416903474	438.95441628711	-2.69869578761398	73.5932104979059
308.486819107437	358.463129075139	-0.337881005820563	77.8797866091862
308.4377591202	439.132276826118	-2.69868078808559	73.4577159329836
309.086500656761	358.244062331225	-0.342843477275548	77.1495046192906
308.93464157525	358.313687813515	-0.339308618864554	77.4875788859368
309.031429302613	439.432248625771	-2.70996776913516	73.6991508697283
309.528350086665	358.081159688846	-0.350072140466954	77.1518609954081
309.451551308169	439.604966296231	-2.71141045559123	73.6398596754565
309.976669698631	357.931422167798	-0.345649763357148	77.0390862517464
310.044804282937	439.903536239966	-2.70242061818475	73.5107155690548
310.568866267448	357.715111605419	-0.318642237797034	76.8067142528915
310.427421220325	357.777828181506	-0.327251623774909	76.840005511384
310.463135867204	440.079348187051	-2.70096415636014	73.4933709888857
311.021665632122	357.570831260089	-0.295454696770839	77.1422349546141
311.055935052276	440.378147558678	-2.71127226240018	73.4350075240953
311.483119583734	357.442776002412	-0.283433082931972	77.0983832093374
311.477552888752	440.549897541824	-2.7196148182995	73.4620744034266
311.946132919423	357.313171821277	-0.285579036936317	76.6033619900996
311.900065035252	440.732398935437	-2.73104311993046	72.9111006372466
312.07173695769	440.82962667352	-2.73840002240531	72.9925544016684
312.534327114775	357.117536848064	-0.301670243354295	75.9565499046503
312.503091127045	440.991748342452	-2.77239190609607	73.0397348177233
312.994672745453	356.981503226225	-0.305759823007318	75.7520792159126
312.956124106705	441.14258395331	-2.83292328719494	72.9464060075176
313.456904488365	356.846763508644	-0.297005903488573	75.5669684180135
313.538945888388	441.311638061621	-2.93485667965456	73.4733319662611
314.042608566218	356.659978284525	-0.269746718890554	75.6198842515921
314.015022653879	441.393258513004	-3.00760713446153	74.0575399946427
314.509735400538	356.538077224183	-0.251384659990547	75.8891190051478
314.505043302634	441.44476415161	-3.05923197490739	74.4974242334659
314.982024697018	356.426924565582	-0.242826878521284	75.7227885686788
315.0013963834	441.476809374486	-3.08921647767546	74.7423209073398
315.455421531237	356.313414956791	-0.245798175198938	75.0732525474658
315.50007854019	441.498210152694	-3.10402264990859	74.8357786280202
316.036338077902	356.146562275094	-0.263218591764959	74.0775486055108
315.999460329597	441.514637023581	-3.1104429217849	74.8534106549503
316.505541806267	356.022319259834	-0.273199546699963	73.6195038151839
316.49898817957	441.529083987616	-3.11265452921254	74.8473198523501
316.975476071655	355.900513165616	-0.272575993716972	73.2312796908859
316.998503431358	441.543025042673	-3.1128594777754	74.8330242869146
317.556145161462	355.73662564236	-0.254661306990831	72.8420217793118
317.445760166847	355.773777203065	-0.25972907797714	72.9447032643686
317.498005450214	441.557100363612	-3.11255167725741	74.8033344048533
318.025833770049	355.614596098914	-0.231919217218217	73.0722606908684
317.997547179455	441.571314640696	-3.11252238967978	74.746390005878
318.502521460756	355.51181038588	-0.212044141320975	73.0976608918495
318.497116692298	441.585635772052	-3.11247141194956	74.6555049989869
318.983138607667	355.417607829652	-0.200035587433357	72.7640008034928
318.996609910301	441.600215759954	-3.11160284847226	74.5294221916345
319.464465421289	355.322815820794	-0.199516739420955	72.0905795415796
319.495911582805	441.615649836854	-3.10957511856782	74.3705667738789
320.040307837433	355.189357905282	-0.215630700666719	71.0406130799469
319.994996367324	441.632365785489	-3.10677521999709	74.1836927302391
320.517329200688	355.080976815777	-0.232199345766327	70.4345885433216
320.493928076884	441.650718095237	-3.10390348887017	73.9779326792905
320.994522606524	354.974169204942	-0.240599655153875	69.8539266943812
320.992822077423	441.670510857994	-3.10161931674811	73.7656968497637
321.471996555835	354.864630193474	-0.23670862926933	69.3998060987608
321.491784071371	441.691551500563	-3.10022887607539	73.5608695689209
322.044008897791	354.724008519272	-0.213662873576151	69.2352617609359
321.990923417872	441.713285583845	-3.09966209553565	73.3678051738589
322.523016116882	354.623053103855	-0.188566663602214	69.5674022750593
322.49028082547	441.735646118767	-3.09934920963762	73.1789073092896
323.006919478143	354.538655851705	-0.168307579113371	69.8288221809544
323.01016887283	441.759971969633	-3.09845744851527	72.9057033319598
323.493658822774	354.463189988208	-0.156346846094017	69.8242711974588
323.509138113447	441.784168341592	-3.09656448761442	72.7384843556468
323.981635783307	354.390004662142	-0.153636327996539	69.4697573975667
324.008327929368	441.808577540261	-3.09441852372203	72.5690693450936
324.469331037347	354.312607360299	-0.160999272828935	68.7933938064017
324.507426206053	441.833207607203	-3.09352966734963	72.4267422470865
325.036014508263	354.205004116045	-0.180401275945129	67.7867887255827
325.00626076062	441.857030253131	-3.09486805556975	72.3162144650531
325.519728887709	354.1118875384	-0.196267954570701	67.1337917061451
325.504955439391	441.879413249446	-3.09739592402705	72.2326983780036
326.00348142787	354.019865607749	-0.202807082911012	66.5920828852492
326.003784697676	441.900246143278	-3.09900093099926	72.1484860905213
326.4876098085	353.928088258162	-0.19833893668033	66.2507682964315
326.502889708794	441.920621810261	-3.09796081716398	72.0579238859372
326.972411132874	353.836271438774	-0.184551247598592	66.1436794094648
327.00218047544	441.941761343708	-3.09466302670898	71.9646350410677
327.536500058884	353.728714527394	-0.162989406537133	66.3946001724836
327.501428449935	441.96447575471	-3.09091099176294	71.9012854660185
328.023386434105	353.64977279679	-0.147087042078838	66.8253807670011
328.000492581842	441.988545912097	-3.08851213424188	71.8804931968956
328.512422187023	353.580804633547	-0.136464064057213	67.2128657719775
328.499402883622	442.013347686252	-3.08771331790996	71.9058726206455
329.002620277238	353.517300806128	-0.130638598243236	67.4612632855556
328.998257706219	442.038338041721	-3.08805982790811	71.9522436188178
329.49343393575	353.455925312865	-0.128840078919611	67.5150360238056
329.497115029437	442.063222406572	-3.0889386792716	72.0127750038344
329.984451164364	353.393728140709	-0.130794587762296	67.3499210682211
329.996024185788	442.087876261237	-3.09042258759648	72.0773394783475
330.475229145953	353.327645881257	-0.136662037405069	66.9756965118785
330.495092485226	442.111971308381	-3.09254606958746	72.1456721108022
331.036095692068	353.240729776697	-0.148655550872756	66.3238503230437
330.965032381845	353.254206675347	-0.1466503438926	66.453558955962
330.994340378628	442.135396257834	-3.09500011650661	72.1975420086391
331.524217592865	353.1599017898	-0.161556443478671	65.9463671637091
331.493564241345	442.158147218188	-3.09678792843197	72.2390129288251
332.012298960962	353.079743493851	-0.171902923009276	65.6650751392631
331.992524237292	442.18085650925	-3.09760071147242	72.2900877443807
332.499885464488	352.999268484716	-0.176492038975188	65.5545285138841
332.491296142055	442.203778477586	-3.09799724960014	72.3911142025609
332.98719336575	352.91836911067	-0.173884383350681	65.6207453736111
332.990108226909	442.227196405516	-3.09870140302626	72.5515141960275
333.474665363568	352.836868729195	-0.164996507559875	65.83487385699
333.510003325731	442.251757661957	-3.09967245181507	72.8657370339797
334.034988618853	352.740199368052	-0.149974030552581	66.2652418806183
333.962389154379	352.753877842055	-0.152141074927541	66.1403403175193
334.009130529673	442.274000286252	-3.10062822421402	73.1545840520997
334.523757370221	352.666024902449	-0.137558924384904	66.7597729643342
334.508202820724	442.295203500502	-3.10205588702055	73.4416865669037
335.014148963869	352.60069961477	-0.127541322909398	67.1652971290699
335.007055956259	442.315189824897	-3.10451281718488	73.7012361910963
335.505686203341	352.54118414583	-0.120787621870396	67.4104195785145
335.505835162404	442.333401672876	-3.1075682134201	73.9233883979337
335.997889164156	352.484541397034	-0.11804309819919	67.4590924726748
336.004838597475	442.350043314223	-3.11008051886349	74.109232421548
336.490152152663	352.427852740534	-0.119708927794826	67.3141030181752
336.504259263516	442.365588101314	-3.11101779837288	74.2623041492357
336.981871310808	352.368252554461	-0.125502275903324	67.0141632458936
337.004025119067	442.381064938551	-3.11014062143207	74.3830776199955
337.472623436534	352.302901294701	-0.134315468297897	66.6212795084226
337.503854461831	442.397121519022	-3.10825476869603	74.4812634976543
338.031383907235	352.216423471157	-0.146320005100519	66.1523901980183
338.003448786792	442.413947770184	-3.10706608445973	74.5763365334059
338.520230906047	352.139376490113	-0.155934242909365	65.9528363496652
338.502753836571	442.430741700545	-3.10802694802211	74.6831557654199
339.009247923564	352.063623291584	-0.16257225995357	65.8229621615771
339.001983329454	442.446529851457	-3.11086167816208	74.7994312382025
339.498268996868	351.988100657575	-0.165088815780515	65.7898787341672
339.501362833108	442.460859266468	-3.11344027851338	74.910782912553
339.987253331867	351.912223818819	-0.162244263732545	65.8839098268227
340.000894081345	442.474412985616	-3.11390837599646	75.0007274443997
340.476237266565	351.835797336237	-0.153896857731795	66.1517752402606
340.500433076902	442.488224835539	-3.11240309682345	75.0544499435586
341.03299687625	351.747040431368	-0.138922250245382	66.7444894645861
340.965274772378	351.758579817145	-0.141019364246885	66.6045019946143
340.999885296503	442.502971609333	-3.11010169903446	75.056395639401
341.523188884123	351.677880018454	-0.125262690408459	67.5101411385185
341.499248350763	442.518851157739	-3.10767573064799	74.9954288409945
342.015008626302	351.617818328217	-0.113646517375364	68.3032164843146
341.998534552288	442.535837718997	-3.10560980576858	74.8779899009886
342.508055159187	351.564274268276	-0.104965998936631	69.0461474953374
342.497786950367	442.553588608737	-3.10493104794396	74.7330482939957
343.001862093428	351.514981980275	-0.0993569285587268	69.6988592696255
342.997132771782	442.57122851328	-3.10634468191968	74.5954142734757
343.496077992061	351.468179573094	-0.0962130273326788	70.2289028872536
343.496684681147	442.587923935475	-3.10915332847325	74.4762107414128
343.99060043823	351.422449478507	-0.0945198591759898	70.5976807360102
343.996401912921	442.603315635793	-3.11174637862701	74.354852636302
344.485388508455	351.376595494761	-0.0940341341621345	70.78652467601
344.496099934873	442.617923636754	-3.11289620780595	74.2086102159253
344.980208665745	351.329607074166	-0.0949628670206874	70.8226028135013
344.995641183645	442.632404986927	-3.1125957110774	74.0416835937933
345.474589810931	351.280262444414	-0.0975202150283726	70.7709428731889
345.495047131473	442.64738873415	-3.1115731478233	73.8791134583106
346.025671781136	351.218992567315	-0.10221977778258	70.6135854811141
345.99441452295	442.662973176369	-3.11024888775204	73.7360163696852
346.519425132517	351.16288663011	-0.107385659004394	70.7222810661046
346.493740665795	442.679500563985	-3.10844697797651	73.606210078504
347.013038679189	351.107642918116	-0.112295443110685	70.8961290051115
346.992975490089	442.697118086515	-3.10633185081423	73.4722305390693
347.506426438017	351.052723645503	-0.116014309844224	71.1390882875135
347.492141251541	442.716052948123	-3.10466722652168	73.3282773832046
347.999768095747	350.99808796013	-0.117646604943505	71.4409441474913
347.991295519045	442.735834819185	-3.10374851689014	73.1813883667295
348.493257700117	350.943773340492	-0.117026612089785	71.8141510474505
348.509532412408	442.757734253474	-3.10238253315851	72.9685428285051
348.986972634708	350.889903005903	-0.113743756502731	72.2680022050262
349.009028550325	442.780061290322	-3.09953564165037	72.8678553382322
349.481001930044	350.836795585975	-0.107765362497107	72.8170333651532
349.508537017991	442.803690475326	-3.09549257639735	72.7507610131643
349.975560692747	350.784701094087	-0.0992932070553569	73.4426970706051
350.007797049139	442.828509266877	-3.09197245532905	72.6010853052282
350.522465846857	350.728334098418	-0.0883347263181612	74.1906482380192
350.506708902531	442.854045758811	-3.09020030743841	72.4383114258367
351.017180206266	350.683647407006	-0.0789603344513553	74.9780515503091
351.005443922852	442.879339985141	-3.08998263329201	72.2910264256709
351.512947542661	350.644856597998	-0.0714495171362293	75.7179057949236
351.504223520225	442.904243060678	-3.08980488631296	72.1973623428546
352.009557388032	350.610108903621	-0.0665344692127178	76.3843026701591
352.003119558293	442.928944930724	-3.08885858068777	72.156201941132
352.506689863874	350.577823063218	-0.0643246986213198	76.9544046535801
352.502042914452	442.953871031501	-3.08771754237017	72.1516449132311
353.004007510781	350.546650364331	-0.0638108968730845	77.4038463152148
353.000937998212	442.978796443096	-3.08795033204885	72.1452564498602
353.501365802641	350.516047544128	-0.0633276448776634	77.7213258246019
353.499864354099	443.003138903579	-3.08997027207313	72.1248811047962
353.99884369138	350.486052148471	-0.0619893736738097	77.9182408919756
353.998893163457	443.026420745344	-3.09267755903382	72.088556547275
354.496540183625	350.456789333625	-0.0604784399061725	78.0153078291385
354.497964255159	443.048865418197	-3.09402971928785	72.0657638739572
354.994389523537	350.427927271392	-0.0600833008946618	78.0209378448609
354.996919175338	443.071417494573	-3.09322632167411	72.0746001369092
355.492224987784	350.398590012405	-0.0614416211299776	77.9288753881567
355.495690637549	443.094925738208	-3.09113187386676	72.1352477304976
355.989923239819	350.367857982173	-0.064368889100945	77.7329619662284
355.994396327733	443.11972302145	-3.08969373685343	72.2397656651252
356.487407138195	350.334817227015	-0.0683852655322078	77.4393279812938
356.493249959424	443.145197142631	-3.09005264132042	72.3855433776946
356.984663985061	350.298937706832	-0.0728279148411497	77.0679459976468
356.992358135071	443.170678376379	-3.09219574700734	72.5556318958158
357.481738443474	350.259701656781	-0.0770837527522163	76.6535111105011
357.491686091991	443.195399634606	-3.09519356437732	72.7426857141896
358.017048446505	350.212743306423	-0.0813198378469534	76.1811805944678
357.991142120689	443.219339525879	-3.09835019358726	72.9202491269464
358.513419401017	350.169319883651	-0.0851828748137244	75.9011795026747
358.490677816641	443.242317244048	-3.10122586663295	73.071411104497
359.009935293299	350.126029547957	-0.0891734996351932	75.67341791853
359.008409161746	443.264633684617	-3.10347513367582	73.2991178281861
359.506484777301	350.082417277057	-0.0925388142096367	75.5161310620601
359.507820418104	443.284449809709	-3.10444616064187	73.4240677646835
360.003031245355	350.038755078566	-0.0939331877192103	75.4248289454314
360.00739973823	443.303858835814	-3.10455614096896	73.5538324634453
360.499646893127	349.995432774484	-0.0932624551681954	75.3927277679536
360.50686759484	443.322888458887	-3.10491655979735	73.7122978934717
360.99638778383	349.952727150996	-0.0910672983774899	75.3952669591625
361.006068929387	443.341325501902	-3.10647178454413	73.8865568379113
361.493212868542	349.910618275791	-0.0881436627304757	75.4341117015756
361.505148702473	443.358460416383	-3.10887319447771	74.0411555266109
361.990093300005	349.86893872048	-0.0844668842892664	75.5144709445034
362.004346819055	443.374354377143	-3.11083077441184	74.1466425549384
362.487172918348	349.82785872215	-0.0799319568656246	75.6496830526402
362.503779787936	443.389418782332	-3.11139447912003	74.206402070991
362.984665681735	349.787450185114	-0.0744485677858629	75.8230697070372
363.003364847849	443.404476773816	-3.1108868477093	74.2520070519795
363.516029779891	349.74555260567	-0.0681979130954651	76.126714381126
363.502951930706	443.419742068891	-3.11031119242512	74.3180285834332
364.013058675263	349.710799901237	-0.0627856800253645	76.4243742802537
364.00245927121	443.435188873695	-3.11013986357331	74.4153929699542
364.510629724247	349.679501056883	-0.0582107996203882	76.7300729851797
364.501900814615	443.450596342636	-3.11002979676202	74.5314706027289
365.008594010001	349.650802944118	-0.054394078506254	77.0273904255812
365.001300926601	443.466041289262	-3.10986429074375	74.6462705142504
365.506814885728	349.624350578741	-0.051081619567	77.2938559750052
365.500693046033	443.481381147371	-3.1102319533694	74.7481582648393
366.005251972527	349.599696779572	-0.0482014079401545	77.5105883020693
366.000130396391	443.496329849824	-3.11136224341818	74.8362626891301
366.503929842299	349.576535321302	-0.0461332077621408	77.6704917534952
366.499632131783	443.510705814038	-3.11238050332653	74.9098709499813
367.002788798032	349.55424544204	-0.04513410124205	77.7766574030433
366.999142133207	443.524834093643	-3.11238680999535	74.9546852071774
367.501697054946	349.532368687737	-0.0448017394699589	77.8429011776642
367.498602658901	443.539206744937	-3.11161074384684	74.9420876295589
368.000569335411	349.510709830886	-0.0442624670154286	77.8889570467354
367.998015291226	443.554010870607	-3.11089800942947	74.8506869657961
368.499447298693	349.489500801022	-0.0430016650424213	77.9272776659303
368.497403991467	443.569176658295	-3.11058410604349	74.6941653678955
368.998417416843	349.468992403595	-0.0414509309711813	77.9505685516038
368.9967895819	443.5845182714	-3.11045992163719	74.5190747077446
369.497484285797	349.449030670131	-0.040675186412767	77.9317100150484
369.496204875772	443.600044867955	-3.11023531348324	74.3652401871881
369.996573334844	349.429079050046	-0.041173489861884	77.838689967472
369.995662339491	443.615795633634	-3.1095678249754	74.2352384780867
370.495636760113	349.408549950195	-0.0422691384398735	77.6565560612689
370.495080512074	443.632195359172	-3.10809662330245	74.1086519217177
370.994695511437	349.387394653665	-0.0430266167665145	77.4018536377074
370.994379558337	443.649545583416	-3.10609233052739	73.9697028161417
371.49375123187	349.365720202716	-0.0433338109308674	77.1183826175363
371.493603470523	443.668072542506	-3.10443449656676	73.813253651115
371.992787866375	349.343750589512	-0.043602692772875	76.8509868037201
371.992853586376	443.687391715795	-3.1034408310753	73.6319280987327
372.491813639579	349.321281198181	-0.0442177458489842	76.61808691221
372.492060904856	443.707580864603	-3.10222628494872	73.4196582493485
372.99082108595	349.298150962525	-0.0454774407933804	76.4030665814343
372.991049259665	443.728831054322	-3.10017002149033	73.1824618591428
373.489677991923	349.273678582078	-0.0476894680188525	76.1797668518638
373.510707551535	443.752858694366	-3.09794116743281	72.8695242863354
374.012119414882	349.245928958847	-0.0504296168493139	75.8415094386778
374.009714075493	443.777265516286	-3.09705205494765	72.723085697806
374.510760341986	349.217519228641	-0.0519384058437372	75.6498406775333
374.508479874657	443.801113003434	-3.09741821954483	72.6308281734264
375.009092167128	349.190184389325	-0.0509180807805326	75.4633712845418
375.007254401884	443.823933452377	-3.0977411674849	72.5698743222295
375.507336043017	349.164768253432	-0.0478085074690245	75.2964500593291
375.506241050402	443.846464580993	-3.09653283970302	72.5153777094482
376.005811210041	349.141801897485	-0.04435875500773	75.144992491079
376.005414424746	443.869357940597	-3.09388093667866	72.435371513493
376.504653137152	349.120532924117	-0.0426118769200028	75.0119669580714
376.504559051969	443.893147833852	-3.09132171183007	72.3309029656735
377.003800597514	349.099908465719	-0.0432872979728112	74.8853058739231
377.003562239845	443.91726018871	-3.09060793089033	72.2085162358614
377.503071717077	349.07872631642	-0.0457370853588732	74.7685311027678
377.502498013025	443.941017612853	-3.09169815223988	72.1021207215055
378.002298495775	349.056584600464	-0.0483713390944613	74.6589851097663
378.001493214363	443.963893830957	-3.09339048874701	72.030037254766
378.501403819424	349.033543145218	-0.0501757319231134	74.5764467646509
378.500568892219	443.986120653996	-3.0941653484185	72.0099084882986
379.000423373079	349.010050006253	-0.0508773596844408	74.5292556057901
378.999656611612	444.008274562649	-3.09354491140891	72.0225530214639
379.499438550304	348.986436457991	-0.0508947160798767	74.5288402900075
379.498680963247	444.031013666947	-3.09175603961742	72.053997551954
379.998527922582	348.9629770976	-0.0500892007037269	74.5552319642295
379.997605904898	444.05475694526	-3.08979690120867	72.0814444505221
380.497758925922	348.940081173849	-0.0481297487703261	74.5944827055469
380.49642648046	444.079461845917	-3.08851137304085	72.111956364854
380.997143147985	348.91818604918	-0.0450146785791648	74.6267265738755
380.995184444246	444.104848353971	-3.08868904694177	72.1457884812147
381.496596051055	348.897627932424	-0.041721653273593	74.6600197790065
381.494028766165	444.130220231262	-3.09032730493668	72.198364651011
381.996024543977	348.878202020247	-0.0388176645228838	74.6968832745996
381.993097243206	444.155170483674	-3.09288824900195	72.2684471935939
382.495479498554	348.859840283971	-0.0361258094717391	74.7511157079983
382.492331237903	444.179379518353	-3.09508450991024	72.3704292816472
382.995057877758	348.842419042942	-0.0333710133326024	74.8169261351436
382.991441365547	444.203492911807	-3.09600870137718	72.5027747628426
383.494729280458	348.826031778972	-0.0312106802505408	74.8987530381881
383.490209251962	444.228095872824	-3.0956559460716	72.669678835375
383.994389177941	348.810101703926	-0.0301536310840316	74.9898015596688
384.010144868623	444.254880621559	-3.09546082599731	72.9629580539003
384.494087956212	348.794332345455	-0.0297323871493122	75.0951598681109
384.509197621886	444.279034425364	-3.09712995336591	73.210871997023
384.993955767413	348.778439098634	-0.0289185695128385	75.2038885945435
385.007877717121	444.301296944471	-3.1014599870626	73.4464813102981
385.494005296637	348.762959870377	-0.0273587799584292	75.3122690533606
385.506487085282	444.320479347168	-3.10716228439003	73.6461280795245
386.005458371786	348.747817610981	-0.0251981759261378	75.499373472337
386.005426273088	444.336841337033	-3.11165040425369	73.7859562889784
386.504892356723	348.734958335782	-0.0229625118332418	75.6010007452788
386.504905926975	444.351536360042	-3.11269261214776	73.8709534144071
387.004484638361	348.723209890413	-0.0211688253633032	75.6820049086904
387.004765094279	444.366618485196	-3.11030874392479	73.9424151606488
387.504253783203	348.712315305393	-0.0205733376336975	75.7515867692488
387.504602534572	444.38317353658	-3.10674249940221	74.0513176296083
388.004152446766	348.701394687002	-0.0211436362176595	75.8180319874226
388.004113103975	444.401180112045	-3.1046685602592	74.2108133918413
388.504037495122	348.690284736417	-0.0217588235189268	75.8884333668931
388.503337740069	444.419373582264	-3.10523017558647	74.3877543686622
389.0037932958	348.679113922509	-0.021259484152897	75.9605174825301
389.002508961616	444.43670968865	-3.10751265814194	74.5331320943327
389.503442306131	348.668652575275	-0.0196365505581363	76.0272852692054
389.501791305208	444.452771082809	-3.1097029531039	74.6253985946102
390.003049346977	348.659117590657	-0.0176422452402038	76.0784587424503
390.001178781358	444.467961013535	-3.11107147832713	74.684613934558
390.502636198778	348.650666282019	-0.0158186697451591	76.1114309515046
390.500620927585	444.482525565159	-3.11228303653014	74.7476844346272
391.002197395222	348.643059991046	-0.0141283442255713	76.1348673647962
391.000120743829	444.496439942657	-3.11369883590043	74.8316106810791
391.501768603354	348.636387429878	-0.0124319511261091	76.1682421560396
391.49967562287	444.509784803009	-3.11430729117657	74.9200897216311
392.001413999989	348.630482066309	-0.0109346802082313	76.2220294093922
391.999199136397	444.523272792178	-3.11303017924668	74.9770165176687
392.501178335561	348.625256613491	-0.0100507792336535	76.2813141101054
392.498601997363	444.537774317426	-3.11046855951617	74.9699737996127
393.001045419323	348.620302024814	-0.0096912419167641	76.3133520761674
392.99792084426	444.553482961081	-3.10852216188321	74.8867258635267
393.500955619998	348.615640635288	-0.00910965548591162	76.3065969548254
393.497309184687	444.569801527405	-3.10848454960369	74.7393611110125
394.000856763538	348.611413873043	-0.00779510431475271	76.2874264567918
393.996868625036	444.585812140881	-3.1099296566698	74.5578863994352
394.50074167277	348.607976440188	-0.00617789285353234	76.2919670769793
394.496503984634	444.601199031353	-3.11125219954912	74.3738697694353
395.000633850823	348.605176774061	-0.00501513668480978	76.3263554072483
394.996028193302	444.616268536613	-3.11118613890356	74.2021493220265
395.500558520634	348.602810141841	-0.0045733370267622	76.3679252043448
395.495364935895	444.631852431866	-3.10973144817434	74.0349406686982
396.000522279786	348.600482240609	-0.00472067472535099	76.3925332024074
395.994611182264	444.648363433424	-3.1078369513134	73.8511772643225
396.500507552028	348.598041532571	-0.00528352583413867	76.3951287149368
396.493897346479	444.665976581785	-3.10636415428464	73.6392776807083
397.0004763912	348.595276109559	-0.00583991270365704	76.3856528877319
396.993274139998	444.684298427295	-3.10555554446925	73.4090450528768
397.500392582781	348.592444827981	-0.00560853902884286	76.3760148907761
397.492661149378	444.703263954863	-3.10492987219202	73.1856778086034
398.000250933322	348.590002993362	-0.00408558920815944	76.3694511899176
397.991908266286	444.722812765289	-3.10368204250876	72.9854944451516
398.500086327279	348.588604667088	-0.00169260890371823	76.3620477959408
398.490847646611	444.743732794669	-3.10112648359774	72.8075356045699
398.999954227995	348.588351100689	0.000480271715706731	76.3486778128201
399.009703413701	444.768051005938	-3.09745548292441	72.5893614626476
399.499903791212	348.588949208662	0.0014575881076724	76.3288725538961
399.509098760855	444.792970770278	-3.09436475909551	72.4766709942285
399.999952965302	348.589617330761	0.000950827053686308	76.3056894813418
400.008107437449	444.818103255285	-3.09326109721869	72.3758574903193
400.500063150847	348.589790969322	-0.00048855314717626	76.2826138157056
400.506762994076	444.842584192996	-3.09424285320006	72.292987931923
401.000144209283	348.589193304768	-0.00172088955799576	76.2606489370376
401.005387044025	444.865591038581	-3.09599352319011	72.2091550679021
401.500113205582	348.588285370155	-0.00171508643849469	76.2409904168411
401.5043033768	444.887616723606	-3.09633354708516	72.119810180922
401.999970156608	348.587683833097	-0.000359595668419872	76.2260901409164
402.003566547811	444.909670566838	-3.09424378345247	72.021511870063
402.499792516226	348.587959695886	0.00151324633348648	76.2178312308728
402.502898551313	444.932977713701	-3.090539631023	71.9344261439579
402.999645425394	348.589075820405	0.00309582985523137	76.2130828617336
403.00198683363	444.957691090912	-3.08757304253038	71.8585709299903
403.499524603844	348.590913874479	0.00427443563507963	76.2054776524716
403.500809311986	444.983108141175	-3.08705151271912	71.7998721294893
403.999411088768	348.593227658037	0.00514952263289825	76.1888684772128
403.999630115994	445.008081650457	-3.08890648893877	71.7546623380034
404.499324568878	348.595903287457	0.00553416033784573	76.1609160908469
404.498622358105	445.03207714467	-3.09086775860276	71.743098169393
404.999274790293	348.598606542519	0.00546615090247131	76.1215415853369
404.997660165619	445.055608379833	-3.09105079223191	71.7675301545582
405.499199499435	348.601359390818	0.00565074985774957	76.07096505766
405.496535376128	445.079647044064	-3.08945002173273	71.8328374383442
405.999034661105	348.604402249614	0.00672646865518627	76.0081083222992
405.995231509825	445.104806469394	-3.08820834960611	71.9209717150528
406.498807679215	348.608227058745	0.0083975059015784	75.9339895024024
406.493960331397	445.130501743245	-3.0892585512232	72.0279940276969
406.998617359298	348.612811863913	0.00975595671965085	75.8515009045766
406.992944310042	445.155711099709	-3.09290712756926	72.1385400609725
407.498529387289	348.617898726617	0.0102194924021015	75.763497171549
407.492233548229	445.17937131262	-3.09740654685374	72.2478743627598
407.998526700269	348.62296050717	0.00995868634165076	75.67060862499
407.991674472743	445.20164747591	-3.1008702282227	72.3386996607636
408.49852138952	348.627893576721	0.00968823550486615	75.5745955736364
408.491101733489	445.223055677886	-3.10252187855755	72.4231821343994
408.998412068349	348.632806445563	0.0101875469845801	75.4754512004082
408.990438311418	445.244623217529	-3.10309581766059	72.5221291965702
409.498140341082	348.63830511215	0.0117996683367898	75.3661074592944
409.50841541322	445.26614355817	-3.10366700790588	72.7825995706431
409.997747446258	348.644783849381	0.0140834334278132	75.2342987474972
410.007538553941	445.28603898165	-3.10478757611536	72.9969251045731
410.497347081642	348.652471663928	0.0160655977789252	75.081280535352
410.506855098652	445.304894779441	-3.1061165967373	73.2096993988482
410.997019289226	348.660921907216	0.017103037483177	74.9276261367607
411.006359680555	445.323030277381	-3.10688774058545	73.3934107709452
411.496719506351	348.669795885261	0.0174235839631238	74.7960372097868
411.505986973606	445.340762075451	-3.10660996227787	73.5531898112932
411.996373668149	348.678750554912	0.0176685323217277	74.685693489691
412.005571412752	445.358716220257	-3.10582312358751	73.7135356359266
412.495989594456	348.688017748381	0.0182879379507412	74.5776193298326
412.504943222248	445.376694274463	-3.10586519171234	73.8881147206898
412.995626858303	348.697700240479	0.0193893463433802	74.4565572785633
413.004038416168	445.39402799617	-3.10811546993086	74.0562359921189
413.495276412063	348.708209498825	0.0208939285490398	74.3306871443845
413.50293167231	445.409314497173	-3.1134548355692	74.1790751289966
413.994906305525	348.719524896611	0.022392677985565	74.2177155165946
414.001719112537	445.421040038526	-3.12254698104266	74.2304996134364
414.49452457956	348.731692832731	0.0233040955699261	74.122222360207
414.500439084192	445.42727923771	-3.13570111692307	74.2174883491792
414.994141926384	348.744188687484	0.0234663029807826	74.0218252191725
414.99901213542	445.42622416364	3.13124541462134	74.1700525345418
415.506433739919	348.757462693927	0.0234886344822196	73.8643907692389
415.49728161186	445.416912587607	3.11450744423666	74.1080956729687
416.006494701936	348.770290442029	0.0239319448568869	73.7307314226869
415.995226029011	445.399986390259	3.10027440313426	74.021193323092
416.506567792168	348.783286167317	0.0246656888902069	73.5747369448294
416.493038839753	445.376913008433	3.0901052396931	73.8877364319405
417.006573193922	348.796276264319	0.0251425389457004	73.3977552244417
416.990858909429	445.349425909916	3.08319268704492	73.6961615942928
417.506478636702	348.809256219806	0.0251924629888667	73.1982251090494
417.488410050653	445.318235485732	3.07716121219008	73.4410828742866
418.006289663734	348.821915643676	0.0251189608773577	72.9603497031904
417.985154792608	445.283105614939	3.06992496419051	73.1143383851646
418.506029618505	348.83452510275	0.0255864834864184	72.6867600966641
418.519139364452	445.238484291567	3.06039355692753	72.6361040735981
419.005774394722	348.847397902497	0.0273403169558663	72.3807316469827
419.016415830583	445.192551331841	3.05216542861478	72.3221581276963
419.50556225165	348.861382858259	0.0306306759797971	72.0610986479818
419.512559881819	445.145788082124	3.0472900222297	72.0579633023534
420.005281130393	348.876838207266	0.0342640585870024	71.733369940656
420.008343103982	445.099757448814	3.04641567896856	71.8744960121533
420.504746784563	348.89354726482	0.0362373963825185	71.4116704709023
420.504443378897	445.055039974545	3.04725590125674	71.7871185162967
421.00397320972	348.910444045457	0.0359047011094752	71.1000648519883
421.000902148718	445.011288454414	3.04741542368972	71.7739887291546
421.503166254407	348.926983523026	0.0351390081873928	70.8156764383633
421.497364772499	444.96748089021	3.04657930785504	71.8206821012802
422.002467884802	348.943483889046	0.0361674039944377	70.5575016628957
421.993703243548	444.923140282056	3.0471620700299	71.9076852047018
422.501800913695	348.960979261546	0.0392981769595972	70.3231355151781
422.49019480109	444.878813307577	3.05079299170688	72.0435470259379
423.000991009109	348.980055803043	0.0428701698613892	70.0859909123602
422.98709454691	444.835297110039	3.05693075388982	72.2320961568794
423.499969807833	349.000576124505	0.0452082113278284	69.8282909154415
423.484228159963	444.793054578818	3.06288834863306	72.4832201211425
423.998829080547	349.021887999309	0.0457487330543748	69.5298754095695
424.017566200883	444.747915453052	3.06726189064477	72.8839302929734
423.981134999204	444.751133790157	3.06700656436487	72.7783612534641
424.497668737002	349.043403554878	0.0452041011222674	69.2012339723398
424.514982474122	444.709077103465	3.06960434422395	73.2846016069597
424.996502932535	349.064947256998	0.0445580904013261	68.8603287691905
425.012461600942	444.672340297357	3.07198990092661	73.6717029067013
425.49534454706	349.086655511719	0.0447152978763066	68.5540383617666
425.509924992033	444.637860612969	3.07515075707538	74.016908333837
425.994203705693	349.109074571934	0.046119722848604	68.3213905176168
426.007485626089	444.605638720841	3.07880413037936	74.2971152514684
426.492981450411	349.132720483967	0.0485110832029622	68.1893397196891
426.5052511703	444.575622748379	3.08218151894611	74.5003631424957
426.991520978125	349.158064129155	0.0506415242990341	68.1287502506706
427.003233329506	444.54726455478	3.08450722792946	74.6247945326619
427.489854945415	349.18478614111	0.0512887920163217	68.0913099202742
427.501355651287	444.519808898281	3.08517351540217	74.6720911388145
427.98816796937	349.212376537463	0.0501914059232713	68.0252149772433
427.99946590136	444.492319001375	3.08417528876846	74.6397737244108
428.486518383883	349.24011205747	0.0486600214920394	67.9233719338859
428.49745333066	444.464045893676	3.0822040803133	74.5239698958534
429.013549724219	349.268188835134	0.0481550569582556	67.9632014632883
428.995334171337	444.43464208053	3.08006821125056	74.3303440759146
429.512286848837	349.293555790097	0.0489167239747628	67.8983113365013
429.493161876166	444.403935544521	3.07800170699339	74.0801776009984
430.010898441643	349.319042861792	0.0497094928257855	67.8562240385065
429.990901753793	444.371836556688	3.07563570427221	73.8012312563161
430.509329008839	349.344241531165	0.0494282670192726	67.8321971053528
430.488406413391	444.337845144072	3.0725073005005	73.5127716019748
431.007716827642	349.368752466564	0.0481482856246737	67.808794135477
430.985591238553	444.301512656011	3.06876310579331	73.2185663269025
431.506267632962	349.392331992677	0.0470988302168024	67.7708846162566
431.482517975731	444.262196222883	3.06509662289508	72.9195468262245
432.00498568433	349.415506526031	0.0472212782418826	67.711803422721
432.016703550601	444.215984380526	3.06185729741998	72.5861131411416
432.503716726122	349.438822728845	0.0483370392203365	67.6360965909861
432.513393596087	444.173432731974	3.05911994811522	72.3922911715994
433.002336535949	349.462710606719	0.0498629661725358	67.5497735005528
433.010236294254	444.131374175641	3.05549491098527	72.2196750860347
433.500819345706	349.4873033699	0.0515795667224317	67.4454178249989
433.507088711211	444.088650177465	3.05050475801756	72.0903864046212
433.999160919083	349.512683152844	0.0531126687872763	67.2981066967468
434.00368684531	444.044737333309	3.0459618717909	72.0144529582687
434.497420258443	349.538661363269	0.053655704249575	67.0835648659135
434.499992789026	443.999913612437	3.04432304149559	72.0046547606589
434.995731819235	349.564774537041	0.053117817529213	66.7998284145037
434.996319721765	443.955288767031	3.04670836236002	72.0441837199618
435.49410726331	349.590916463348	0.0530701508801881	66.46654425014
435.492934822241	443.911740786222	3.05110497152178	72.125316067773
435.992321735125	349.617790392707	0.0555313317563105	66.1047896651271
435.989742299188	443.869102882349	3.05513663276904	72.2338905881275
436.490087370563	349.646987079446	0.0610519940303339	65.7244137568947
436.486503036715	443.826664665757	3.05792660724724	72.3811795988064
436.987354840584	349.679825432753	0.0681453063081144	65.3284151660377
436.983105708959	443.783474472539	3.06047747377298	72.574618285062
437.484337991082	349.717030942405	0.0745925006421472	64.9289437472235
437.517376208221	443.736607380892	3.06376059459266	72.9551857419846
438.018440064432	349.761952970677	0.0794861545687878	64.4769156784898
438.014261018956	443.696444985733	3.06742384551024	73.3642432098601
438.514869052707	349.805637338899	0.0825949039175773	64.2409245999431
438.511421653984	443.659414629763	3.07163551890913	73.7898643372018
439.011511172269	349.84841149119	0.0852359697349558	64.0705286171163
439.008841610499	443.625323327696	3.07617947834174	74.1676907747632
439.508267207033	349.890802720077	0.0878394898282007	63.9655570831708
439.506510034577	443.594013283131	3.08032764084172	74.4486091679157
440.005051417973	349.93298373226	0.0899783648520702	63.9057134432665
440.004410684113	443.564769834325	3.08323608074799	74.6255512121712
440.501860045924	349.975315746428	0.0918635096313698	63.886266086575
440.502491888159	443.536750677733	3.08443075628403	74.7206606988338
440.99861307465	350.018149386744	0.0935572655118579	63.9037575066983
441.00061960496	443.50904496283	3.08415107490098	74.7493609546584
441.495138543109	350.061846494844	0.0946874629129691	63.9762383002768
441.498683348083	443.481029055695	3.08305459643287	74.7068294216702
441.991389148945	350.106425088756	0.0937854601073783	64.1066635922565
441.996673523128	443.452336213759	3.08159409635658	74.582914491067
442.487564498018	350.151325243093	0.0902472113690603	64.2954290104081
442.494585422852	443.422629748905	3.07971054636054	74.3802374147268
442.983920112216	350.196095660425	0.0846665512395163	64.5177008967869
442.992322635606	443.391578909104	3.07718827295369	74.1161444080913
443.480521575849	350.24036578331	0.0789648647020326	64.7581313435611
443.489754543573	443.358661218959	3.0740505136246	73.8147857471429
444.016317747746	350.285032905749	0.0741080913390075	65.1654940872392
443.986887992292	443.323576934279	3.07062163552721	73.5001915240401
444.513495449831	350.322542948273	0.0707729295148957	65.4714986895709
444.483868083798	443.285883021577	3.06723762144814	73.196779463272
445.010912820634	350.357806669078	0.0678824210808159	65.7536924833878
445.018854861382	443.241822400187	3.06397890622512	72.8397479248948
445.50843548529	350.391106147418	0.0655017403370089	65.9900034573966
445.515210182223	443.198975879773	3.06139433009494	72.6899063385138
446.005975493094	350.422989407713	0.0639125661065136	66.1605573270166
446.011823827924	443.157221251202	3.05914107677859	72.5525025311997
446.503535408343	350.453923750433	0.0630303963222987	66.271764119775
446.50868923788	443.115994387114	3.05654757211346	72.4141616649025
447.001172965776	350.484345864849	0.062380213372562	66.3538592732982
447.005658748989	443.074775001102	3.05343903936564	72.2775265450847
447.498951933166	350.514377814366	0.0617129380168498	66.4265666258835
447.502537038492	443.032810687696	3.05007190245542	72.1873100949285
447.996827242689	350.544181821346	0.0615575053952585	66.4693178195467
447.999194358112	442.98984985458	3.04758688849801	72.1772262403826
448.494590773014	350.574421177542	0.0631721474512678	66.4323288630745
448.495619396635	442.94603501473	3.0468508801876	72.2653065200959
448.991976932357	350.606317348915	0.0674669348897267	66.2734792826483
448.991934956227	442.901748842934	3.04853468131844	72.4188755298787
449.488817846937	350.641459772225	0.0742449021839349	65.985262281124
449.48833124498	442.857451503344	3.05204688087498	72.6055962817797
449.985062790608	350.681146655431	0.0827284540049101	65.5992141694573
449.984928510475	442.813218843215	3.05668245199339	72.7973715583511
450.480543423511	350.726769874241	0.0924224635555977	65.1784335201561
450.481750450855	442.769236908815	3.06164070725369	73.0054481225655
451.020359964289	350.785085191772	0.103720108798368	64.7649316561328
451.016365104417	442.723799301296	3.06705502411518	73.3931173728825
451.515529373218	350.84122732313	0.11321168689201	64.6028032870786
451.5132470754	442.686163132609	3.07172745812239	73.7481092381749
452.010222062831	350.898070504283	0.120232997346121	64.5631532562025
452.010587318434	442.651472553862	3.07568475633832	74.1167292419251
452.504540382547	350.955205301994	0.123802228320021	64.6541474054672
452.508333093284	442.619072686061	3.07823828299393	74.4698009406596
452.998785731408	351.012030676044	0.123589712582128	64.8754920963717
453.006267563375	442.587990946553	3.07938377282027	74.7720204005542
453.493185784462	351.068278630604	0.1204719229253	65.2494121330044
453.504168951574	442.557747766	3.0801736442302	74.9946689857773
453.987758352185	351.123977312922	0.114833411809749	65.7791457027748
454.002016985776	442.52835187667	3.08203254687266	75.1212137775732
454.482441692612	351.179169195571	0.107320121138816	66.4412685465765
454.50002204814	442.500325509476	3.08531427108677	75.1485192673154
454.977128740013	351.234308528291	0.0988749151867822	67.1550665504158
454.99833599229	442.473915225038	3.08861206039858	75.0822738612389
455.518319037768	351.290991034667	0.091768557209235	68.1088645894594
455.496797592378	442.448475872047	3.08957498356839	74.9325701538765
456.014707477198	351.337151297988	0.0887179780301918	68.7802472329881
455.995027538649	442.422497024964	3.0869501901654	74.7161222699526
456.511011743649	351.381077460892	0.0881378316744486	69.3119926199344
456.492765966909	442.394286186777	3.08163076291124	74.4587903082159
457.007147388378	351.424160353278	0.0891091471971663	69.7075743294562
456.990068253537	442.36294695959	3.07552006863339	74.1851499065237
457.503138132896	351.467398180518	0.0917079927667156	69.9685597615474
457.487132491178	442.328133546195	3.06995269451894	73.9043573194059
457.998794458473	351.512104309061	0.0964819876356272	70.0873407599464
457.984113793051	442.290063505718	3.06554200923214	73.6071521201063
458.493771776792	351.559886626393	0.103648756225846	70.0643710141478
458.519473142904	442.244909802113	3.06205640438935	73.1876908375716
458.987801654372	351.612490941475	0.112814446228404	69.9282434457408
459.015972305576	442.200998298993	3.05952145651898	72.9391791081497
459.480707715056	351.671799328438	0.123220666095554	69.7378428354208
459.512618981301	442.157993005733	3.05664342452172	72.6921303462447
459.972245823927	351.739790249674	0.133925678750537	69.5651144631386
460.00930337682	442.115327666801	3.05310537109156	72.4546528398427
460.521329418792	351.822097466116	0.144939978427631	69.6657424602034
460.505855460184	442.072285306878	3.04968716639563	72.2544536166262
461.013109658916	351.893956919085	0.152787622516725	69.8451858213632
461.002321850352	442.028808777297	3.04735345899277	72.1189116557923
461.504337601041	351.966026388692	0.158159014389062	70.1205977375424
461.49877111809	441.984758867095	3.04550624999761	72.0925484747797
461.994865987609	352.03918912996	0.159526612972692	70.5008203395565
461.995056752345	441.939803639978	3.04389758588979	72.1876500860698
462.484918616766	352.113852726674	0.155375442058553	70.992262912188
462.491041977821	441.893660520502	3.04342906550109	72.3966788855966
462.974989680935	352.190118491008	0.145500520699422	71.5594872733443
462.986949417792	441.846451625862	3.04606771982532	72.6714145888477
463.526689904812	352.275777127148	0.131666895761259	72.4860597995751
463.483254658806	441.799150792122	3.05213869885554	72.9726083850638
464.018987725169	352.339499506702	0.122344917421307	73.199643449805
464.018739217875	441.748680194152	3.06072762952519	73.3698431114051
463.980147236111	441.752554360404	3.06011261422762	73.2654753420579
464.512242249075	352.397877693568	0.117697468124234	73.7772473268443
464.515163395921	441.707788875796	3.06761360769847	73.7325026256853
465.005674629324	352.454217741327	0.117768389327453	74.1611444866786
465.01222252155	441.670951261012	3.07263885611241	74.0619979709098
465.498553612675	352.511194748424	0.121530452432177	74.3045562589225
465.509641317691	441.637180012742	3.07665856606259	74.3518796366356
465.990422835913	352.571278935953	0.128490018532198	74.1949721877058
466.007276724728	441.605848814874	3.0804977801489	74.5894908922544
466.480853515088	352.637259341663	0.139461697986929	73.8738068408058
466.505157901013	441.576642725124	3.08357019365441	74.7726787917732
466.969092544168	352.712733160271	0.154794692121645	73.434664394846
467.003240923084	441.548774284061	3.08516918243806	74.9155011463388
467.52915669097	352.814058711237	0.174559463738381	73.1162433324008
467.50142217065	441.521563808235	3.08569563231347	75.031794735915
468.015827046032	352.901441767485	0.186528296527934	73.0323938449665
467.999644807479	441.494583508863	3.08581198536539	75.113468608892
468.501848280458	352.988566711779	0.190020395401838	73.1106268873975
468.497858949778	441.46751222108	3.08523626052132	75.131320349084
468.987877795728	353.075416707076	0.184779927250981	73.3463867830354
468.995935409133	441.439760271131	3.08339458288895	75.0548881659212
469.474076200991	353.162376431052	0.173482082434928	73.7241601858232
469.49376745435	441.410607356248	3.08064116570424	74.8731359886817
470.035355380585	353.265540353704	0.157685113210635	74.4349807680304
469.991400625691	441.379733888168	3.07776617355082	74.6029671884538
470.523838017466	353.342854929009	0.146866802535654	75.1062236302321
470.488902217752	441.346872930927	3.07463750457095	74.284025314231
471.01333879315	353.412736942456	0.139638694462101	75.630361182397
470.986162101464	441.311635832877	3.0703287003012	73.9589146828624
471.503314677501	353.478568362579	0.136878558691058	75.8978773526846
471.482869872272	441.272881820563	3.06439930746326	73.6522048289451
471.993038679051	353.544041481762	0.139869898319445	75.851195225708
472.018408733254	441.225249633494	3.05745840760822	73.305983140032
472.481463137503	353.613465310006	0.149749612092669	75.4998693041028
472.515008728491	441.179336778949	3.0526017389176	73.1026797268774
472.967411611082	353.69185580957	0.16616330986165	74.928560880286
473.011242032951	441.134186684428	3.05027971185742	72.8751161000347
473.536074762853	353.804273533049	0.189808067713263	74.2739861230186
473.507426091689	441.089994216911	3.04935119424369	72.6485562290629
474.018623177829	353.900677609552	0.204712280873043	74.0187249523878
474.003766334541	441.046595477395	3.04894585933203	72.469100704375
474.500702666234	353.996271409864	0.210353003400696	73.9478161963246
474.500283492448	441.003595163383	3.04913784092684	72.3988288393887
474.982734831064	354.091971134282	0.2059890782839	74.0506811528129
474.997004818268	440.960999748629	3.0504508499885	72.4560970118977
475.46489835068	354.188992182543	0.192972208336231	74.2995858626444
475.493839765826	440.918813315401	3.05225282515777	72.6267506643853
476.034289086642	354.304704172552	0.172534432104099	74.9059268416577
475.990525137408	440.876601170713	3.05415563755558	72.8476723666967
476.519687423529	354.386825076116	0.159993152892893	75.4194462424978
476.486978038363	440.833949089083	3.05642014787152	73.0692441831852
477.006689893695	354.461795228239	0.155712279134093	75.7160394425651
476.983426007496	440.790530530212	3.05985188195029	73.2633860303072
477.493552243308	354.535794635484	0.161056139985198	75.7017296174068
477.518303020176	440.743424474768	3.06432975879215	73.5629549229166
477.978262980775	354.615222618596	0.175705189404474	75.3534887540604
478.015069748918	440.703619687616	3.06833778910327	73.8579860600014
478.458853820416	354.707118234912	0.197380471007068	74.7615242125836
478.512207018409	440.666868257686	3.07202802138202	74.1676554896567
479.034077478584	354.841881122434	0.224351272867441	74.2116766978182
479.009626968993	440.632650614363	3.0757562884476	74.4598463518724
479.510952306375	354.949973609137	0.236279805868083	74.0906887231412
479.507232549517	440.600880027436	3.07953409485539	74.6997694795564
479.987489912562	355.056949975929	0.236340350737836	74.1667058960388
480.005007532832	440.571157264172	3.0827722572143	74.875526201499
480.463676283217	355.165612554134	0.226122766157912	74.4022543523826
480.502968784075	440.542932216719	3.08458550358956	74.9977750111509
481.041324492342	355.305099940016	0.206681842476816	74.9833237258524
481.00105035203	440.515343091513	3.08479678810478	75.0741829504515
481.520733103385	355.403052658156	0.196991271695858	75.4811110911665
481.499165297504	440.487744926862	3.08416476009493	75.0935478940081
482.001247951485	355.494262144587	0.196739912125273	75.6769050707276
481.997269321904	440.459794335489	3.08336501643199	75.0345957790145
482.480560908037	355.58711209756	0.206110346077183	75.5119297792499
482.495306175483	440.431201800375	3.08213255680769	74.8881770084594
482.956053815494	355.690418446507	0.224497462162733	75.0538528736838
482.993172302052	440.401531790433	3.07990422683051	74.6674298872817
483.538069675876	355.845609715136	0.25241447332397	74.6179971522255
483.490780114383	440.370102703225	3.0766174879491	74.3970097919351
484.008760571824	355.965215373276	0.265409818733249	74.5843347698335
483.988086167732	440.336394341057	3.07245520434881	74.0966084281558
484.478529881833	356.084441722405	0.266163578384747	74.7159347127206
484.484976971307	440.299625910764	3.06740972796927	73.7791921995469
484.946777216196	356.208789606203	0.254934933147548	74.976307952184
484.981401677917	440.259226979272	3.06204721285406	73.4551861420028
485.532664086243	356.369038332808	0.237616006123657	75.7354245776985
485.517325577142	440.210463707082	3.05743845896285	73.111745685122
486.005696279286	356.477649048033	0.235424798081705	76.0691769052297
486.013511440379	440.166201952686	3.0556597137733	72.9085039859937
486.477414952667	356.586017981816	0.244917641185321	75.9124731519949
486.509727099297	440.123412228339	3.0552028058633	72.7307345724532
486.94379878182	356.707036199113	0.264842100254202	75.3620361794136
487.069743438286	356.751600185073	0.2720128731813	75.1416256049972
487.00628045736	440.081802980613	3.05402834709757	72.5798974688926
487.531762560296	356.889645782567	0.292369792482261	74.9875548260421
487.503077990654	440.04011161838	3.05096412295557	72.4768889915308
487.993855708458	357.021089512268	0.299229748469971	74.9593986547381
487.999792905806	439.997360473926	3.0474563843421	72.433815796492
488.454813339788	357.154714664736	0.292440190834693	75.0440034058025
488.496261579886	439.953376324506	3.04585016791801	72.4752323393104
489.044871901551	357.343127471918	0.27357540542362	75.5879035021596
488.992676025928	439.908872722782	3.04782815317389	72.6003155020763
489.509507513038	357.467437256181	0.271586357621157	75.9986085781769
489.489300034742	439.864837033341	3.05243888502598	72.8001581225673
489.972491154536	357.59051753412	0.285358463856572	75.9333247301702
489.986125101569	439.821491910479	3.05781079721325	73.032888629462
490.426406447885	357.730298233415	0.310951735554175	75.4651767917361
490.568598934476	357.791661835864	0.320464701724129	75.3762318776528
490.482948046743	439.778584978284	3.06231896212651	73.2701166492533
491.019375960064	357.943346403827	0.340772332034886	75.4303315566556
491.01716993165	439.732743889255	3.06599435900425	73.6249800350296
491.46825301901	358.090842873821	0.34636264677978	75.4674501610896
491.514518603627	439.693813704063	3.06858759594974	73.9153208138041
492.06277465051	358.320497971614	0.33608634905393	75.7085075009155
492.011865609258	439.657123264535	3.07138058546539	74.1849197853109
492.510923672364	358.469386389837	0.335180217767605	76.1131057463325
492.509146987993	439.622784000906	3.07495922386185	74.4315131017603
492.957485535456	358.615350639201	0.347976245791893	75.9619322276423
493.006528139303	439.590774141731	3.07895244733785	74.6533274912727
493.553606221907	358.864008547025	0.381066821926488	75.6043364791939
493.504226936868	439.560882677472	3.08198833042553	74.8471800225307
493.988680462176	359.027728455293	0.39600955528337	75.6625039559189
494.002211552864	439.532244581384	3.08318723982529	74.9976268925032
494.416770700082	359.198549601469	0.400201449888306	75.4936854033962
494.586179561797	359.294639766714	0.399255534760016	75.5558830984594
494.500278312158	439.504020069777	3.08310840863453	75.0795713818964
495.013953388462	359.467573485101	0.402288147466114	76.0066907470664
494.998302678195	439.475744582431	3.08291636001463	75.0743345796986
495.439958732823	359.635059492466	0.415452176042031	75.8739286246728
495.496321346857	439.44732129829	3.08291240223225	74.985295514554
496.033172841113	359.92982323995	0.445857663384667	75.8985621234271
495.994393521391	439.418632437573	3.08249111512823	74.8353435032895
496.446229198965	360.109232937685	0.461816122938276	75.8933084027017
496.492463721671	439.389197590002	3.08106576354221	74.6459121697663
497.035421453254	360.432095437053	0.480841410727417	76.1597183623293
496.990379129689	439.358450929319	3.07849591155881	74.421359052094
497.43454574661	360.619372503472	0.500731125246218	76.1025987634421
497.634558925561	360.762283720071	0.514943883686004	75.717082139584
497.487944689291	439.325555744535	3.07476214203978	74.1587617301789
498.015863518748	360.973521872135	0.540983447068158	76.1881369241889
497.985005148277	439.28980983147	3.06984186023838	73.8626773659849
498.387891071796	361.177118615974	0.564917157534547	75.7978119626485
498.595932045487	361.353799936195	0.580192316571053	75.8776710015846
498.519332955213	439.24643956361	3.06314933867975	73.453418619733
498.481413160504	439.250083647852	3.06368310675496	73.549165374033
498.95627234923	361.562819726211	0.606503356893105	76.0785799066224
499.181873294185	361.751756411409	0.628670851019535	75.3603316867415
499.016541772604	439.201805133621	3.0560980800356	73.2266599626472
499.511200727307	361.985792415104	0.663080987162112	75.8911514119485
499.513281846618	439.156012163557	3.04940667362225	73.0166172130078
499.819385439415	362.212148484331	0.69992838263045	74.95108141817
500.050171672739	362.446392313383	0.739194040129791	75.1595889581992
500.00952455482	439.109587726033	3.04468884714669	72.8281561590304
500.321389099348	362.674234727627	0.785470853600239	74.1511143628052
500.551773810846	362.95620371417	0.847080349123451	73.8841818620141
500.505458461493	439.063122414688	3.04294853884921	72.688950429907
500.770741991613	363.175905455459	0.897914600400808	72.6931202466979
500.988419092153	363.507361496175	0.977171773226594	72.3278728333288
501.208167694272	363.89527921241	1.06791289770976	70.7877405105631
501.001468260841	439.017484081196	3.04423857321157	72.6168374482957
501.336915796637	364.076875888706	1.10322747842571	70.551146907551
501.509406034412	364.49648544112	1.17595799598313	69.468823449379
501.679713181423	364.946633682345	1.22327968556859	67.9357699213613
501.497817656778	438.973120283982	3.04725475399625	72.6238977549229
501.894609451445	365.526852968996	1.25576471169157	66.6604335960629
502.02907500594	365.993516976518	1.28562711329259	65.9022107789552
502.156627215106	366.468450851248	1.32252231831074	65.4369592759811
501.994314549941	438.930139044009	3.05119589875925	72.6548538037936
502.299966887451	367.036763516418	1.36878773705468	65.5009069558282
502.391182115727	367.51883796727	1.39751960073226	65.6697073442356
502.468686882216	368.005136417466	1.41668765414321	65.7267351001919
502.538909343959	368.493964636526	1.42822181950281	65.6010739675417
502.60658637204	368.98437581407	1.43332067138797	65.2948944629269
502.675680653038	369.475449866131	1.43258138816452	64.8616159580133
502.749735932675	369.96610841004	1.42735546251165	64.384202952704
502.489906065192	438.888315331794	3.05425303850582	72.5602624134305
502.762000704257	370.033770300395	1.42628420070021	64.2929494423952
502.839283310845	370.522564762655	1.41922943451436	64.0099747198825
502.913877148566	371.012060846652	1.41440673845333	63.8064985023458
502.986864308074	371.501831678133	1.41358430508982	63.7071530255547
503.058576588431	371.991948713911	1.41773726137024	63.7222993929271
503.129072205952	372.482738763988	1.42639708256855	63.8603335255552
503.198537922792	372.974410543138	1.43838096053841	64.0947454580806
502.98171379943	438.845279373498	3.04764083791689	72.0127548576289
503.274859810341	373.52646583873	1.45238652219852	64.5321751177478
503.333317953303	374.019002226807	1.46258538448606	64.9578486833664
503.385312662912	374.51275458158	1.4705613796781	65.3390168222635
503.432717916986	375.007285156697	1.47714652929591	65.6543629658934
503.476593667344	375.502452897113	1.48261978160466	65.8849075242677
503.517994356686	375.998178600956	1.48647609313095	66.0021150347716
503.558246511713	376.494264504618	1.48779060768211	65.9756715553318
503.598996508506	376.990378903806	1.48602309647097	65.794893931892
503.641993868928	377.486184887177	1.48166490672082	65.4874120782915
503.688532322709	377.981475112124	1.47590508239401	65.1164456254167
503.739722110297	378.476147994748	1.46985366817612	64.756000728238
503.462452300022	438.790574108875	3.00405093901346	70.6076417124226
503.802330305671	379.020558632449	1.46389104264567	64.4428895540225
503.858136093714	379.514706536047	1.45965348366581	64.3334150746245
503.912917410633	380.009007034963	1.45628542587518	64.2807190311899
503.967343880488	380.503384097066	1.45365203887606	64.2801074475913
504.021757577517	380.997745823294	1.45278831253219	64.321342913891
504.076193757293	381.492232626702	1.45466373888938	64.4030207598955
504.130387396968	381.987196311538	1.45989860896785	64.5103302662241
504.183847404824	382.4827330935	1.46735381785574	64.6452200701219
504.236576114191	382.97848187645	1.47569129985556	64.805883141103
504.054540467414	438.637426956081	2.81001912058897	67.4185185782564
504.289995011214	383.517965174678	1.48434310205401	65.1476623334547
504.332946053588	384.014139615141	1.49104926296063	65.4554419017159
504.371929052856	384.510770516691	1.4957247570739	65.7584975913025
504.408500845565	385.007669834311	1.49824761294536	66.0257147304524
504.443598766278	385.504690288777	1.49976503274272	66.229148221913
504.477556909621	386.001825261207	1.50181004062914	66.3569769582995
504.510119042247	386.499208497534	1.5049091619166	66.4138503085381
504.541061461821	386.9969535955	1.50857661622711	66.4085248439492
504.570395665907	387.495124930901	1.512323173966	66.3450928531145
504.598038969163	387.993846266676	1.51665730966715	66.2269821002938
504.623497271782	388.493330452482	1.52281935061613	66.0671183128459
504.645549572798	388.993721974837	1.53138312745669	65.8900285774271
504.663206747973	389.494816961419	1.54108141196623	65.7223799731645
504.676235529801	389.996064110634	1.54935671104317	65.5783556113343
504.685985857552	390.496916925954	1.55411342776893	65.4583161216637
504.694141572629	390.997258477382	1.5554855380152	65.3521553246422
504.702105618147	391.49738509958	1.55560355073474	65.2485477488078
504.709806107461	391.997565603725	1.55642897844597	65.1397118281013
504.716979939328	392.497706657852	1.55796698740214	65.0329310677201
504.723345900892	392.997600745477	1.55908630398941	64.9424431251614
504.729535371905	393.497312971186	1.55909095450169	64.8755622700711
504.735902923829	393.997099752237	1.55822044589773	64.817414374105
504.742980021813	394.497053271448	1.55704601241848	64.7478268621757
504.746340022484	438.239282020967	2.37982926206834	63.313392426516
504.46912476437	438.452478331148	2.57402641200622	64.9311950779393
504.750743218507	395.003304495476	1.556000211256	64.5690209883529
504.759386141071	395.503258215337	1.55530375602236	64.4889129594629
504.768071447008	396.00328196374	1.55506192480053	64.42292631056
504.776791654301	396.503274291044	1.55525653093238	64.3893504202511
504.785096940966	397.003135914951	1.55586267266011	64.3805999134653
504.793025620434	397.502853080432	1.55668007855218	64.3850134615167
504.800376541184	398.002537203094	1.55722232055663	64.3779592933076
504.807655463673	398.502322159299	1.55693042334706	64.3492489217181
504.815096612577	399.002230116063	1.5560045290229	64.2893169899329
504.82298079436	399.502154658954	1.55534556169522	64.2096791612586
504.83082426319	400.00204160972	1.55541313876176	64.1165590330318
504.838597056086	400.501977477007	1.55538943727127	64.0208218473873
504.846458527914	401.002069348792	1.55435783204626	63.9161861055672
504.855088171292	401.502273193883	1.55252354434627	63.8109368598768
504.864470652774	402.002410814044	1.55109976238213	63.7164445885368
504.874307737381	402.502317568415	1.55095373144722	63.6614114845215
504.883788119583	403.001988577389	1.55219039831848	63.6531120653046
504.892453775581	403.501563088998	1.55425816298999	63.6851126609092
504.899965622701	404.001212778156	1.55632033133413	63.7173069532161
504.906663442085	404.501032089269	1.55738852720249	63.7176183672581
504.913092958632	405.00101934946	1.55694571183723	63.6655805026333
504.920058824069	405.501094364169	1.55525494260246	63.5856936786957
504.927890583708	406.001146911891	1.55330419434056	63.5116033420748
504.936560426418	406.501094372407	1.55206867212787	63.4792576923977
504.945500065162	407.000933468905	1.55205229987949	63.4841542008757
504.954196073457	407.500724005999	1.55294882109441	63.509244821716
504.96228729809	408.000534049861	1.5541080142173	63.524900160671
504.969836357202	408.500391335549	1.55500433491661	63.5301727525656
504.976997237973	409.000284400401	1.55560906763365	63.5288521086669
504.983954298005	409.500191192038	1.55598235490432	63.5348202793641
504.990816132124	410.000105380434	1.55599455402949	63.536433464501
504.997837163719	410.500024978964	1.55520230562816	63.5254172799959
505.005419049164	410.999931469318	1.55346854269625	63.4873820470706
505.013914139678	411.499799341113	1.55130443124924	63.4305258379052
505.023310268367	411.999632764375	1.54983071358677	63.3611890062928
505.03306581056	412.499484196763	1.54994794887395	63.3045977161948
505.042383928548	412.999414589919	1.55186133907266	63.2756415111671
505.050546923838	413.499426828909	1.55466997686349	63.2880683049494
505.057519110748	413.999446107367	1.55678262843907	63.3217543945506
505.063944957564	414.499381841322	1.55671528674226	63.3524549094507
505.070968469476	414.999196981744	1.55450808952868	63.3482339351461
505.07921498157	415.498931139147	1.55183013263164	63.3078104489332
505.088560636313	415.998661712786	1.55059207840281	63.2419490984971
505.098108733522	416.498449024674	1.55125951241026	63.1872683482219
505.107162154919	416.998306929254	1.5530786045083	63.1667999367187
505.115276824908	417.498231438886	1.55498256512292	63.1944021779625
505.122657689674	417.998206460376	1.55633268849377	63.2476204442872
505.129573127553	418.498188671207	1.55674550211499	63.3022215298113
505.136678332421	418.998097117015	1.55604617058743	63.3327435197395
505.144363818853	419.497893698284	1.55449233065413	63.346566107401
505.152925277913	419.997681304175	1.55320428023304	63.3536910832609
505.161742569661	420.497665086356	1.55345759107712	63.3658529752568
505.170114792894	420.997868660849	1.55532558969681	63.3695639724606
505.177427272146	421.498014602731	1.55727315549225	63.3652851052322
505.184165156371	421.997865527259	1.55810059740734	63.3634219092608
505.190687034739	422.497560442566	1.55811886345088	63.3932160982726
505.19738297846	422.99735082686	1.557977619261	63.4578514070081
505.204189984939	423.497221576436	1.55738784110975	63.5462373113459
505.211686029622	423.99700385848	1.55602267291837	63.6278318392762
505.219958409979	424.496733124533	1.55465715822681	63.6910376796275
505.228910425283	424.996606783838	1.55446284595042	63.730053544858
505.237597024157	425.496705845116	1.55554583680354	63.7549175283827
505.245735902213	425.996893118767	1.55707680273699	63.7653669310328
505.165588161001	437.55436729489	1.89200782065466	66.2699564437754
504.959150786808	437.97449495216	2.19511467716873	64.2450974449688
505.252998072063	426.502874261356	1.55826952620385	63.8350212368707
505.259637344513	427.002692773626	1.55881193784359	63.8594357740711
505.265982351113	427.502566932991	1.55877594244564	63.9014108900694
505.272534740577	428.002496408968	1.55834751216514	63.9598181921765
505.27919986903	428.502545072069	1.55774392570081	64.0308132113283
505.28624712444	429.002767071702	1.5571699657107	64.1086916260155
505.29336186341	429.503124408284	1.55685571696759	64.1891178960264
505.300471200804	430.003450836337	1.55730758391787	64.2629968327662
505.306772015632	430.50357222344	1.55915788912688	64.3323545180078
505.311695815102	431.003471085673	1.5625782099918	64.4195466690492
505.314429026053	431.503320124624	1.56703163366763	64.5696523705391
505.314867843611	432.003287564418	1.57192360629024	64.8281203752241
505.312714332337	432.503400743175	1.57699117772179	65.2226584798851
505.308206554207	433.003596596358	1.58172901627825	65.7495104919748
505.301622209571	433.503886542968	1.584966640735	66.386302341491
505.294308842309	434.0043879191	1.58534767993472	67.1116999208419
505.287712593077	434.505201088627	1.58230575975174	67.9256968896219
505.283769247283	435.006122827315	1.57599100060925	68.8255877930144
505.283804992656	435.506390299549	1.56705887836025	69.7440071573182
505.288547477284	436.00444020453	1.55864942406823	70.4563495049529
505.294255122155	436.497728121796	1.56578689864066	70.5230772854715
505.285534904252	436.981418000955	1.62998532400734	69.4240682491986
