288.243131022949	422.005910458935	-1.55122834377275	62.5133504512962
288.232469910885	422.506465428694	-1.55280694018067	62.6220604986101
288.224259905096	423.006759563399	-1.55992503947239	62.9004220612464
288.22254717413	423.505685782242	-1.57804215601771	63.4574301378581
288.234272480745	424.000754843669	-1.61062001603104	64.3425472622972
288.743176228785	391.003651948093	-1.55500845557996	63.9048878335167
288.734888925095	391.50357518588	-1.55486219243041	63.9520711209728
288.725635476171	392.003910086652	-1.55187412187332	63.950245730639
288.714847651755	392.504215996456	-1.54877556446753	63.9309087501092
288.702933752287	393.00420478557	-1.54769380141751	63.9171095189498
288.691177939554	393.503955540038	-1.54853052085986	63.9247985595898
288.680039791953	394.003666999029	-1.55003574865034	63.9644346572993
288.669744714734	394.503419902782	-1.55135914396306	64.0439912468072
288.659986152471	395.003180549994	-1.55233980951407	64.1567688196119
288.650752090608	395.502919845053	-1.55296439610532	64.277966993051
288.641776724931	396.002627317432	-1.55335825471172	64.3746585083783
288.63314413433	396.502310284679	-1.55384957448313	64.4350934615866
288.624818480206	397.002008177619	-1.554666652813	64.4798837544072
288.61699313814	397.501795054057	-1.55557084500691	64.5438015313678
288.609482637799	398.001710598498	-1.55607016742882	64.6420438519866
288.602118576042	398.501720593977	-1.55587163317954	64.7588488022877
288.59451811747	399.001740149756	-1.55514070213307	64.8607345232223
288.586612852922	399.501695011149	-1.55433031698021	64.9221685647269
288.578395374815	400.001548347713	-1.55390856899848	64.9383810955417
288.570200249539	400.50130799421	-1.5542257319899	64.9199098509469
288.562382112002	401.001015567394	-1.5554931778831	64.8773644442496
288.555433339383	401.500739998978	-1.55752839664901	64.8144107683489
288.549475755697	402.000553482274	-1.55941777530477	64.732455176742
288.54413850822	402.500497469065	-1.55982354225597	64.641504100134
288.538447122057	403.000540489152	-1.55813643994824	64.5642122134191
288.531574327662	403.500577059316	-1.55522682761341	64.5257734676596
288.523335628911	404.000505629594	-1.55284896105411	64.5363891591777
288.514398760333	404.500325089599	-1.55231047652595	64.5833551384361
288.505688520899	405.000119787074	-1.55352982587029	64.6390630711454
288.497792412183	405.499959208054	-1.55534423038788	64.6759989734378
288.490737083751	405.999851319969	-1.55692822321508	64.6789191578618
288.484394380137	406.499781200443	-1.55846392179223	64.6498081123779
288.478788739531	406.999735846937	-1.56007501335216	64.6057344250818
288.473788319244	407.499688271462	-1.56099898959021	64.5694752389745
288.468910832123	407.999608794396	-1.56054347501822	64.5543810242438
288.463557137355	408.499497925193	-1.55912969520339	64.5517776189561
288.457537541887	408.999377303259	-1.55772020973457	64.5377695149883
288.45092626875	409.499245934763	-1.55673006180649	64.5000436826958
288.443923531317	409.999082564906	-1.55610791897202	64.4547477770947
288.436651204609	410.498893835669	-1.55586741302099	64.4302808158411
288.429336447709	410.998725124723	-1.55589874402405	64.4350306625768
288.421962460096	411.498603227144	-1.55575392469479	64.4448545875824
288.414408162101	411.998503617485	-1.55512726419418	64.4234823880153
288.406423160094	412.498381000498	-1.55435611371269	64.3573195005112
288.3981888917	412.998235786329	-1.55414405853062	64.2655608996807
288.390006090151	413.498123417308	-1.55476205651893	64.175388584036
288.382286592034	413.99808437793	-1.55574498355497	64.0939026489558
288.374912331058	414.498064565595	-1.55630041936986	64.0119104904699
288.367648788572	414.997961924344	-1.55607743622315	63.9231121832304
288.360071496453	415.497742980199	-1.55551279765532	63.8340020539321
288.352311732236	415.997508301159	-1.55536750425561	63.7536252823771
288.344538912368	416.497403562417	-1.55584953042709	63.6825550949171
288.337064454393	416.997445489425	-1.55627125356738	63.6073379981292
288.329448437806	417.497452692028	-1.55556530773364	63.5103519410898
288.321160652699	417.997248693604	-1.55357653662305	63.382930477643
288.311651930083	418.496892494685	-1.55157212797337	63.2386398018397
288.30148363626	418.996659971362	-1.55107894477024	63.1014292373269
288.291371656695	419.496745197584	-1.55224353839575	62.9846020764392
288.282072351669	419.996982677861	-1.55375825960751	62.8774655468538
288.273144403525	420.496911781207	-1.55407413529768	62.7677054315075
288.264034860759	420.996231998397	-1.55301379435282	62.6614788854534
288.254051575042	421.495060691954	-1.55169834729742	62.5872240556811
288.270990695753	424.506650885728	-1.66227636032673	65.6390966692246
288.34215752907	425.018333151513	-1.73879749472076	67.2096615760964
288.451600841628	425.511012306784	-1.83730621671014	68.9590749014297
288.590916176736	425.968978760103	-1.93996910566442	70.5483091499602
289.238385876598	370.010986776068	-1.51966504447948	64.8145116413809
289.215054485905	370.506534997193	-1.53548454529831	64.5255389640785
289.198897020598	371.004396823662	-1.54444212758314	64.3180243965926
289.186585068242	371.503259376678	-1.54962041830411	64.1561446407187
289.176471199018	372.00274662042	-1.55195635196989	64.0062932851572
289.16698663858	372.502670388007	-1.55212142701926	63.8570481195009
289.157517285187	373.002771973547	-1.55152341839952	63.706480119031
289.147722134785	373.502839249234	-1.55089571565391	63.5788829972129
289.137650408134	374.002818032454	-1.54980025291323	63.485453211932
289.126732974595	374.502739206922	-1.54751188608688	63.4296320031712
289.114672019703	375.002601749341	-1.54475031332116	63.389361153679
289.101587623077	375.502354282211	-1.54330994770702	63.3595446244535
289.08850420177	376.002007103408	-1.54396251172462	63.336951454834
289.076015024002	376.501640646792	-1.54516526956863	63.3258448575455
289.064020144858	377.001322919739	-1.54521778698367	63.3042109367936
289.051814970013	377.501055930323	-1.54406817812281	63.2640511924001
289.039104135898	378.000813404045	-1.54279517965593	63.208029691829
289.025848741744	378.500564622915	-1.54173985397633	63.1657564423094
289.012136202509	379.000280748285	-1.54081811222964	63.1474557320588
288.998053570811	379.499953501854	-1.54027734681589	63.1557548073917
288.98398533536	379.999625554352	-1.54087571337006	63.1671293027747
288.970513797666	380.499357536205	-1.54262709844164	63.1689178731062
288.957920254652	380.99913639647	-1.54449327953347	63.1493102647692
288.945885992152	381.498854552597	-1.5450003430023	63.1275360916603
288.933592076611	381.998439825209	-1.5440460301414	63.1204998567831
288.920703079293	382.498016209632	-1.54314461812567	63.1412661035874
288.907665618503	382.997842114146	-1.54427369709732	63.1616958257097
288.895682917366	383.498028882583	-1.54767903303564	63.15304959284
288.885388636005	383.998343640815	-1.55147064417361	63.094375895966
288.876506536272	384.498405071481	-1.55325292062953	63.0137390505257
288.867758804281	384.998045298867	-1.55257341122021	62.9555187589668
288.858398181196	385.497457820568	-1.55096465189901	62.9656237340461
288.84831466585	385.996984920486	-1.55038026261058	63.0402046740688
288.838355264805	386.496829298829	-1.55150607532878	63.1541507774005
288.829059007575	386.996947153297	-1.55363568117728	63.2624381338903
288.820739760818	387.497140120794	-1.55524352706888	63.3364119354624
288.812562833036	387.997117998042	-1.5547493151278	63.3567922597515
288.803406807509	388.496637790332	-1.55151455897295	63.3510088202397
288.791960809626	388.995753413416	-1.54724058731553	63.3663501404751
288.778634114495	389.494949139035	-1.5451317837625	63.4479823584975
288.764893764102	389.994768322399	-1.54708138382284	63.5823652829631
288.752907590633	390.495254571799	-1.55156122719849	63.7251440894076
288.878081409968	426.554863448161	-2.04346361020878	72.3524872599174
289.069808917879	426.964263211184	-2.07869931494663	73.4937065029186
289.636600700677	367.541336734518	-1.24741190897335	69.216347797291
289.508799007152	368.0021005026	-1.31895091719196	68.3257189900465
289.407377970722	368.483961409584	-1.38879972741785	67.2237877733669
289.329984536746	368.98063897025	-1.44698694565877	66.1887067544632
289.275701874802	369.484563484651	-1.49014584912782	65.4081038456717
289.418835756782	427.543919310542	-2.08308602292366	74.4363166940273
289.612089424061	427.938059636715	-2.08223126593106	74.6086977865153
290.248518387616	366.114666687107	-1.10428229301076	72.3123661369329
290.053783243481	366.522327379922	-1.12931049035925	71.7380866379299
289.879120817172	366.956108795995	-1.16935766796501	70.567828994067
289.754685851899	428.136104550836	-2.08333891397186	74.2865257026764
289.962734346377	428.520881597048	-2.08527047795199	74.8135515995047
290.158428290286	428.911161053168	-2.08304098488631	74.5782718414818
290.556703926923	365.529692905004	-1.0614729102567	73.9703797421881
290.365300125595	365.937169061417	-1.09502188410053	73.1378016550081
290.305833257443	429.108476999958	-2.08014817816883	74.5000099553492
290.503482917454	429.498064646989	-2.07632977303196	74.8892218688967
290.702130235411	429.888093880265	-2.07615912287429	74.4772713448673
291.136603876807	364.594455591999	-0.948587982232536	74.5241760797219
290.925401301645	364.953820742646	-0.992652389940159	74.595874773372
290.846804966678	430.084815057922	-2.07701330053947	74.6053779155875
291.040354793132	430.4776794837	-2.07716817360341	74.852945952421
291.246239009924	430.863672528348	-2.074576552975	74.4211328319614
291.563565417309	364.051799773287	-0.876877651091271	75.0313060287216
291.340642068307	364.382188081626	-0.917848217934031	74.6800796454863
291.385684414008	431.063215824215	-2.07325534323426	74.8348094538904
291.576062468986	431.457594462979	-2.07617316098998	74.9529757405769
292.033649471687	363.531569572284	-0.811038817220692	75.3240175882025
291.798068725324	363.824175252201	-0.844617938574943	74.7347724427807
291.926453116429	432.041639154976	-2.08656839137623	74.9166489379805
292.119919647997	432.432085980011	-2.08712774242285	74.8135838581682
292.53220737365	363.03318018031	-0.766970667416388	75.5010254005989
292.291313496103	363.294069150714	-0.786177831675098	74.8915550515782
292.265676856731	432.632241358701	-2.08449076031768	74.4840608624477
292.470128067112	433.01674029397	-2.07945576400482	74.9452258494517
292.664589222114	433.408082239185	-2.07812877521234	74.5711456672016
293.045104093262	362.548538766075	-0.746279358655077	75.6220380842598
292.809476491931	362.798657143721	-0.75419696799829	75.0709283478046
292.81167085273	433.605739264295	-2.08012113678998	74.4342865569307
293.00942347558	433.994705386825	-2.08134019931487	74.7057208569615
293.210078655079	434.382174707942	-2.07947277121719	74.2838548441123
293.563705131665	362.06944118422	-0.740035159307474	75.718628188807
293.332491481121	362.318500908396	-0.742387357237557	75.293627397077
293.355752032845	434.580567233678	-2.07709810927938	74.4886181579639
293.547925986517	434.973355954601	-2.07556337926278	74.7057931418096
294.084282934354	361.592188479832	-0.737669051910236	75.8097659941938
293.855284454626	361.842289997917	-0.739156135799149	75.544971202464
293.895115163334	435.558435124881	-2.08033847416457	74.541947940614
294.087220418102	435.951274383065	-2.08165318888597	74.5703179321079
294.606060832735	361.116422142489	-0.736403583144891	75.8283662248951
294.378171884891	361.366740533023	-0.737210057640288	75.7886607998185
294.436830720934	436.535350316483	-2.08030905112815	74.6672995920263
294.62933157153	436.927432360201	-2.08268823264674	74.5441077743931
295.129065640395	360.64246669123	-0.734682877403594	75.7353110693334
294.901158971186	360.891185870263	-0.735202501290176	75.9320948851006
294.775094010872	437.126362022914	-2.08443667304415	74.258071368049
294.979306985049	437.511618838213	-2.08532487540813	74.7328561748711
295.176398738512	437.901523053823	-2.08034238831561	74.4343518411357
295.653630428028	360.169735522722	-0.73517187137692	75.5779038123693
295.424089391944	360.416043300582	-0.734273912354398	75.9874583397907
295.323178239273	438.098247778245	-2.07644025172303	74.4578412304604
295.517632672151	438.490239907629	-2.07261819411654	74.7465186166989
295.717856151521	438.879165824138	-2.07560765909202	74.2125740762496
296.178926394902	359.697387339349	-0.735670083965438	75.427932962274
295.945950605295	359.940331952249	-0.735735416950529	76.0022133222917
295.862062691887	439.077061930309	-2.07912796540674	74.3774618456871
296.055265598136	439.468975561934	-2.08251749686062	74.500948034679
296.705046103213	359.228074524132	-0.731191984413101	75.2704105888084
296.46748611421	359.464025824672	-0.734195601769693	76.0150992454495
296.405685652038	440.053151927042	-2.08140253925512	74.4700421889929
296.597324848229	440.444872944091	-2.08336312002347	74.4785622586092
296.990830401408	358.989673480104	-0.725740508387149	75.9739866428088
296.950769121905	441.028141890202	-2.08996260664673	74.5450889428953
297.146178534194	441.416270711168	-2.09037758393582	74.3733620510308
297.51839334632	358.521424105892	-0.709973228372602	75.9018761557749
297.297440832789	441.615987975401	-2.08922617291684	74.2228380183683
297.498959959862	442.000602163746	-2.09166605084568	74.6101261949527
297.699752339028	442.380865891591	-2.1058278725782	73.9634477562044
298.05218297517	358.063687033284	-0.687455248729609	75.8220728514655
297.823120851368	358.288982535591	-0.698590943152604	75.2797424119639
297.864114499866	442.585457102017	-2.12539332413637	73.8659350026152
298.068587229533	442.952748566419	-2.16599486090274	73.3871518109091
298.594706134947	357.622474337796	-0.658364299091997	75.7191100619714
298.374193215414	357.841728702329	-0.67232994711026	75.5476512292781
298.264665279544	443.185952864754	-2.2219749523065	72.1629510462391
298.505459527389	443.494867020828	-2.31673504336376	71.8917373410771
299.149677737089	357.206035561528	-0.628073647288873	75.498133669327
298.93070123351	357.407269660228	-0.641414097369455	75.87519855335
299.034622256147	443.946200221796	-2.55992253784706	71.062976181042
299.491255861255	356.987498336337	-0.60952236477515	76.104727985293
299.436328598321	444.146694828621	-2.72370303107303	71.5189162098989
300.057609626423	356.58824398871	-0.575490148845668	76.0575426855126
299.84162784695	356.764134388905	-0.588814004721536	75.5351864314668
300.032016096355	444.355408398642	-2.93437441777706	73.587462176186
300.635826673617	356.220519853644	-0.55054028523405	75.5721483936327
300.428231349161	356.385730812767	-0.558541748661133	75.9569243998119
300.509774593275	444.43207916216	-3.01807443481175	74.7637359314218
301.007344679827	356.012364697764	-0.53662835928762	76.0050645991701
301.001915671512	444.481314981855	-3.05642558412376	75.3729420864642
301.58940069779	355.659085707314	-0.512225189353089	75.672556540552
301.390899549868	355.809488107737	-0.521149676950254	75.585697637174
301.498474322556	444.518267917223	-3.07193895209462	75.5644052472584
301.981338479922	355.465774748903	-0.499816522642639	75.8926092179393
301.996127250454	444.550639047382	-3.07680353236617	75.527028699122
302.567829838752	355.128456151692	-0.489736416928642	75.5868191795636
302.373791237913	355.262846407711	-0.492636495676293	75.3354188391126
302.493769784932	444.582356404197	-3.0759101781276	75.3730647281711
302.969595037326	354.940972256452	-0.479722678294647	75.6954672173167
302.991000981339	444.615659156467	-3.071669438798	75.1494142875305
303.559329346683	354.620904094613	-0.454358783859981	75.6500860650955
303.487790132323	444.651949903887	-3.06618574060284	74.8677837335722
303.973036329778	354.443408130956	-0.441841642663854	75.735624690173
303.984369992366	444.691620260243	-3.0613366853325	74.5315754131249
304.566555242453	354.143225214382	-0.43761782834313	75.3524988504477
304.38525948344	354.253485888935	-0.437574119313777	75.1917138736629
304.480854322335	444.734763051369	-3.05760817120994	74.1596897786725
304.984964667866	353.966980571891	-0.43220278324319	75.4200948551587
305.01851034705	444.785917747239	-3.05356708644263	73.7487086200172
305.579568688951	353.681944825367	-0.411662304881792	75.1839203312865
305.404706056653	353.785273668619	-0.419241453593009	75.0886621606512
305.514712043037	444.833126216184	-3.04865326138768	73.5109842173252
306.004904601402	353.511544394863	-0.398031570029316	75.4374652895084
306.0107778138	444.880514803647	-3.04317768907053	73.3185693670783
306.435995336295	353.345709155569	-0.393049355053266	75.1218818955668
306.506454332833	444.928374630343	-3.03949432089947	73.1766573930124
307.031470530011	353.077137952257	-0.394761415527568	75.0138318771019
307.002096430658	444.975924063526	-3.03948126400429	73.0744134974633
307.465793231863	352.914442183881	-0.387583967935145	75.0348551667406
307.498113469362	445.022589417787	-3.04160907306195	73.0255561890492
308.061044967395	352.65976791711	-0.362889347862419	75.1872958208997
307.994351383799	445.06860118967	-3.04365988086002	73.0410076244078
308.502110274634	352.505642182943	-0.351189417494041	75.5166347014154
308.490379107311	445.114763961488	-3.0450216181679	73.1478387870398
308.946344099693	352.354553564834	-0.351155927816129	75.3022892389193
308.986087222029	445.161794024469	-3.04718556837302	73.3470837266561
309.541390802119	352.112356066543	-0.361751031002225	75.0554194730496
309.481782660793	445.209572156362	-3.05113219449033	73.6246909745266
309.984960157364	351.958538217461	-0.359260313291262	75.0567485864835
310.019271282941	445.261637184587	-3.05751393697802	74.0613117699542
310.580183046487	351.731027718928	-0.336630773295834	74.9087358545996
310.429778480477	351.801390933024	-0.344376634566873	74.9164551573309
310.515400707979	445.304032005283	-3.06403940334762	74.4413544232048
311.026716739977	351.579368283159	-0.318149410919607	75.2852475586092
311.011979239061	445.342124861732	-3.07013443246315	74.7729687590668
311.481184241948	351.442765235178	-0.310747607980193	75.2534142223941
311.509131980402	445.376816640155	-3.07451366051234	75.0684571055837
312.078524451578	351.238284834375	-0.320530530628763	74.5293214391857
311.935151343538	351.300057612203	-0.316168467229834	74.7765551487585
312.006699808731	445.409461052398	-3.07672666067593	75.3390443996247
312.527751446621	351.084835397963	-0.329441269166805	74.4730467638136
312.504403703208	445.440978981144	-3.07751273347732	75.5694904016547
312.981284270029	350.941942682322	-0.326473232267499	74.408196292741
313.002103228549	445.471932009866	-3.07796294093682	75.724176739762
313.57374745618	350.739340682052	-0.304150143647329	74.3541370298826
313.43574507978	350.796056248463	-0.311237028515707	74.3633487928104
313.499809659917	445.502536087558	-3.07828861594468	75.7786295286298
314.029266683154	350.597520866832	-0.285449216971518	74.8374889555444
313.99749354486	445.533164109175	-3.07796610104835	75.7337800060584
314.491730763718	350.471944683353	-0.27789239628894	75.0077831889285
314.495076598076	445.564394108961	-3.07654246113501	75.5985998707704
314.954976860795	350.345664773404	-0.282429718316937	74.7140573733784
314.992524964073	445.596860050428	-3.07394798461349	75.3722372569644
315.544909193147	350.151705751191	-0.2998986387546	74.1334519929724
315.489823374793	445.631315055043	-3.07037035065222	75.0526927326662
316.004283860023	350.0146531727	-0.304988020897329	73.9859121258601
315.986947883857	445.668258724757	-3.06640203073807	74.657550661426
316.466090593913	349.881086542884	-0.296524434364105	73.8446936451952
316.483843148256	445.708128747176	-3.06266370244352	74.2307630682464
317.052993515337	349.697195068499	-0.268178229541465	73.8674374166719
317.020309542097	445.755010248603	-3.05862676675171	73.7229817957711
317.519075291372	349.573909996779	-0.247263451405408	74.2267605213783
317.516699364079	445.801379176771	-3.05365184061165	73.4640099069871
317.990927297352	349.463778959608	-0.23803867364277	74.2626141144184
318.0131655652	445.847976124413	-3.04716436462433	73.2506395950188
318.463759939894	349.353575454065	-0.243316965778797	73.862229953838
318.509320528259	445.89578918579	-3.04040706119719	73.0764251216007
319.048746927959	349.187453698707	-0.267488515205918	72.9770568353925
319.005047463844	445.944663311608	-3.03596913346165	72.9399236068106
319.514960474308	349.056471915828	-0.28355006713885	72.7046561549296
319.500551290278	445.993970222133	-3.03503245264259	72.8743525723025
319.981276248881	348.929760729233	-0.285207519515065	72.5565481040513
319.996132982222	446.042832912553	-3.03742171212163	72.8994237466126
320.447689744627	348.800722219488	-0.27181131302025	72.5492851177943
320.492000119893	446.090710052014	-3.04174008889715	73.0215730695775
321.032270270955	348.631703941793	-0.242086111092729	72.9645152875203
320.988175996856	446.137668489769	-3.04690411158223	73.2069061934618
321.50539367925	348.523067814827	-0.22454868624105	73.2547632756176
321.484459555261	446.184032699861	-3.05185267661814	73.43498204515
321.982679534336	348.422670420389	-0.216795817583913	73.0821190183586
321.980560450344	446.230595112042	-3.05640313953786	73.688567347683
322.461054280276	348.320088116468	-0.219441018997751	72.4438387993979
322.517719127131	446.279538948714	-3.06080166134365	74.1279191610586
323.038637468958	348.172765740864	-0.235329869403169	71.3864020889111
323.014455383409	446.320600022598	-3.06441725183927	74.4736068289117
323.512793665141	348.057605044019	-0.2475806002497	70.8413117427276
323.511295921987	446.358807321251	-3.06772091367341	74.766756279952
323.987831829262	347.945072208034	-0.25195200502932	70.3903113992243
324.008290749024	446.39475266127	-3.0708312103257	74.9991755589905
324.462371524492	347.829809303472	-0.246336947382384	70.0940287268866
324.505515129448	446.428691070104	-3.07376878952369	75.1824389588586
325.038462782018	347.678273880758	-0.225333686591027	70.1325556238399
325.002976607681	446.461019289315	-3.07626953672109	75.3269513780765
325.515471042017	347.573798060334	-0.206333399636948	70.4541413878668
325.500595378018	446.492199090611	-3.07774949010284	75.4313495081506
325.996328579992	347.481842167137	-0.192333968143634	70.5561505890789
325.998235122373	446.522943833002	-3.07797140466427	75.4812350815342
326.479350670069	347.39430908042	-0.186093110554113	70.3125515606278
326.495847031662	446.553902097136	-3.07738958910986	75.4526845200408
326.962386223828	347.303299491825	-0.190434194645007	69.7283244769684
326.99351626215	446.585439236163	-3.07655986717933	75.3237021234489
327.5353908484	347.174776237848	-0.209464396890228	68.8380965618962
327.491287347046	446.617897219649	-3.07528026648913	75.0903902634678
328.01448451513	347.07072418318	-0.225095453758312	68.2918141227646
327.989007268292	446.651738571443	-3.07270299580016	74.7708593947368
328.493312666353	346.967381624282	-0.231296684013194	67.8230675508877
328.486348344141	446.688040423033	-3.06817722607148	74.3945785018516
328.972289473897	346.862037128413	-0.22465918664827	67.5187207369432
328.983024067035	446.727900159523	-3.06207809088096	73.9896699855684
329.542863590122	346.730128195504	-0.200159529872392	67.517353725302
329.452623692851	346.752959059883	-0.205004039682523	67.4496793270895
329.5184318714	446.777108531414	-3.05475170593167	73.5315870281572
330.023483603163	346.635169334224	-0.174979981020666	67.908655122797
330.015094049157	446.824516386758	-3.04833555420988	73.2628069832191
330.509256691943	346.556140339664	-0.155849642817558	68.2222006052987
330.511386550057	446.87261895227	-3.04229800666856	73.060895013369
330.997650934502	346.485458739779	-0.146554193040631	68.3011429075658
331.007247545865	446.921402294083	-3.03733820817169	72.9371379542152
331.486465986437	346.416590720152	-0.146512984954327	68.0800146013018
331.502731059694	446.970752031155	-3.03480210798826	72.8976901759891
331.974359432051	346.343824808079	-0.154289765472024	67.5738444456116
331.998156538843	447.019955634936	-3.03582917447948	72.9186709459854
332.542966170048	346.243155696964	-0.172147687778389	66.6704519837472
332.46045264895	346.261447817951	-0.168745834735874	66.8694830065667
332.493827927871	447.068426044692	-3.03927416549711	72.9931341128123
333.026728727034	346.149386069138	-0.190224851715575	66.1305138175282
332.989732168943	447.116165071439	-3.04351593136348	73.1188340345339
333.510216534756	346.056449505697	-0.203656824925703	65.6696644680567
333.485665691251	447.163526605825	-3.04754973115657	73.3176093147032
333.993238925567	345.962803232389	-0.207376413100665	65.348657368646
333.981519965352	447.211178120208	-3.05186264430037	73.587575377374
334.476308910621	345.867731493687	-0.199717767119953	65.2130252981359
334.51932682737	447.262903296463	-3.05731540067947	74.0469127079747
334.960485665836	345.771009317927	-0.18100760187584	65.2661829715433
335.015567954725	447.305808309942	-3.06280428191261	74.4788644289829
335.526347282541	345.667194463295	-0.154755002317977	65.7529179610002
335.512137619567	447.344596738723	-3.068398385499	74.8663624262931
336.014391604066	345.595812360317	-0.13679232767728	66.1483099350929
336.009074963093	447.379932612991	-3.07359794786046	75.180169865931
336.504816576262	345.533469336947	-0.124702449203518	66.4073531815048
336.506415094474	447.412379754602	-3.07775606235798	75.4071465581168
336.996691597541	345.476040282894	-0.117979384107884	66.457431601894
337.00409284083	447.442845152355	-3.08041929934538	75.5391366542953
337.489239561046	345.419841354888	-0.117518704224783	66.2766286966257
337.50197527397	447.472210664561	-3.08138035590247	75.5765668033806
337.981303036281	345.360834969269	-0.124656165398375	65.8922616208034
337.999896111344	447.501448980416	-3.08067447155929	75.5309602160375
338.471595981895	345.294450876419	-0.138396650707252	65.3715954664061
338.49769929016	447.531389667616	-3.07857603443327	75.4156663193466
339.030841070774	345.202697227498	-0.157820650488742	64.7609782234805
338.995283050662	447.562642953684	-3.07574746596396	75.2371756074408
339.51879267542	345.120305361462	-0.171652871127499	64.4404047477923
339.492656820682	447.595555228041	-3.07297208166568	75.0005642807631
340.006046034431	345.038260744355	-0.178448819528776	64.2287658422796
339.989909531304	447.630178446871	-3.07036177700501	74.7167486238548
340.493173833026	344.956554876116	-0.177219969219	64.1541935859908
340.487036408797	447.666890077851	-3.06711181407983	74.3975315157465
340.980895095277	344.87535488267	-0.167928721786053	64.2163964015319
340.983911649394	447.706327005937	-3.06259952947233	74.0478521823374
341.469774358747	344.794853153465	-0.152994825615486	64.4056678019011
341.480363784199	447.749697877747	-3.05703021059383	73.6764467951871
341.520501170121	447.753892839252	-3.056526548292	73.5770897762131
342.027815358918	344.706069542481	-0.135078536421473	64.8674784804572
342.016771379123	447.80153163384	-3.05065487711093	73.3037828661728
342.518625215604	344.64052018878	-0.12439991996762	65.2976066099852
342.512989085016	447.849403095215	-3.0449972024305	73.0636741785987
343.010781781494	344.580999343531	-0.118970885648216	65.6576625627665
343.009077676298	447.897618076587	-3.03998791149178	72.8747355044632
343.503295051338	344.524595298439	-0.116624061820331	65.8936634532234
343.504878163715	447.946466392773	-3.03637587100289	72.7671142276663
343.995936173447	344.469489406926	-0.115355328232659	65.96173255107
344.000404529322	447.995626427649	-3.03541115726452	72.7495361104769
344.488703342886	344.414168915636	-0.115669770076882	65.8500086279786
344.495890977541	448.044579990813	-3.03709803778589	72.8264365664781
344.981226725082	344.356670316072	-0.11931161008955	65.5842803841355
344.991577517855	448.092938152229	-3.04072478623826	72.969357646255
345.472988082804	344.294302897294	-0.126724463727855	65.2094882225231
345.487488331395	448.140745336552	-3.04478428179235	73.1554381211631
346.029253474819	344.212681086304	-0.138414945647864	64.7207770800869
345.983537438706	448.188612114895	-3.04920492032809	73.355813322312
346.51914985158	344.139717803241	-0.148620484786315	64.4287231495811
346.47988664326	448.236571131188	-3.05492039802855	73.5680658950386
347.009175748184	344.067300797113	-0.155802253689768	64.1775458883225
347.016673586494	448.28515367261	-3.06285891829384	73.9574117099061
347.49929386663	343.994809853136	-0.158078465745253	64.0348811600922
347.513012020816	448.323900354848	-3.07005524443546	74.2614041116827
347.98948432172	343.922428725802	-0.154326323166695	64.0444626431247
348.010101518848	448.358747880917	-3.07525083449476	74.5495643010221
348.480055233546	343.850587950784	-0.145127650740255	64.2105485903841
348.507765245017	448.39111612454	-3.07779998827777	74.8187746103749
348.971406942846	343.779273001367	-0.132228657955035	64.4817899371227
349.005649988933	448.422374256929	-3.07848960962415	75.0586201480157
349.524066039575	343.703337583922	-0.117689575091002	65.0108544091292
349.503497923625	448.453156351783	-3.07838931857449	75.2511960155164
350.016877786977	343.646059356296	-0.107629067310195	65.4747798202389
350.001229822205	448.483840789753	-3.07797964250859	75.3753913440647
350.510801303838	343.594639941055	-0.100469500323912	65.9063498917515
350.498863322617	448.514743329743	-3.076995380532	75.4128381444487
351.005332065328	343.546956878015	-0.0959650567669549	66.2710888949886
350.996376262176	448.546405927967	-3.07505324063195	75.3525947228194
351.500145919025	343.501282773246	-0.0942859042338781	66.5359448142141
351.493706873315	448.579467275896	-3.0722531493532	75.1955200779832
351.994933121401	343.455859022534	-0.0953586096825425	66.6846169527216
351.990848579773	448.614327777986	-3.06915102147736	74.9528027814183
352.489443071316	343.409118048028	-0.0984620587665458	66.7139854913914
352.487857129496	448.651317910011	-3.0660538868189	74.6372693962313
352.983582852812	343.359834359068	-0.102742551652519	66.6236064103689
352.984764528225	448.690685899751	-3.06261698476476	74.2589013237567
353.477296261307	343.306708198183	-0.108082782733723	66.4224125838536
353.481437069312	448.733294550186	-3.05818413646012	73.8367024411186
354.029100544166	343.239642710837	-0.115752222977604	66.0350196917843
354.018323325316	448.784442436376	-3.05265216037823	73.3675810702177
354.521415376292	343.175677151006	-0.123248079494984	65.8711833139323
354.514304942598	448.831920532342	-3.04835333842732	73.0815953935297
355.013751489257	343.112915774925	-0.128790623730524	65.7485720310992
355.01033915743	448.878763152574	-3.04537118266926	72.8626845526819
355.50616792733	343.05118313153	-0.130831313056508	65.7074664036231
355.506413609376	448.925340062563	-3.04268535943073	72.7342016174912
355.998908904983	342.990771687461	-0.129304095890332	65.7666869406694
356.002425516071	448.972089226739	-3.04018066638586	72.695808405277
356.492051854517	342.931586833532	-0.125973758980131	65.9470298885156
356.49830335504	449.019368236341	-3.03885999327288	72.7495010425007
356.985384059257	342.873056668761	-0.121479448784517	66.2433481999475
356.994132416555	449.066940173011	-3.04009039276242	72.8716632603824
357.478762915061	342.814620491665	-0.11549130892865	66.6439044544462
357.489993241607	449.114371039311	-3.0434019498584	73.0436598203522
358.026006623576	342.748852238186	-0.106178196836828	67.1948743947866
357.972293035709	342.755830772249	-0.107246717836916	67.1172004899867
357.985934859663	449.161606345661	-3.04820511648211	73.232381740962
358.519889487634	342.694686360131	-0.0966956888569035	67.8461110762931
358.482237711064	449.208383755262	-3.05442144546286	73.4264032762356
359.014632561301	342.647164436454	-0.0874156750544235	68.530546991011
359.018953316853	449.257944888481	-3.06236071245475	73.7312148552558
359.510134228969	342.605246582853	-0.0788432512372279	69.2424201673235
359.515239050614	449.297944884508	-3.06847403829668	74.01258679978
360.00630320685	342.567981365316	-0.0711015629950973	69.9650996576053
360.012371633561	449.334635775265	-3.07166693450144	74.2880496696974
360.503090137601	342.534658179994	-0.0646152596170155	70.6666226581761
360.509927894037	449.369631434969	-3.07232286003439	74.547599729545
361.00037050629	342.504280298832	-0.0601716826470199	71.311077747636
361.007442659611	449.403912709666	-3.07259930705503	74.7658092102769
361.497909464928	342.475591521009	-0.0583572645391123	71.869334932785
361.504849959479	449.437278414543	-3.07407558888796	74.9152951936862
361.995461704397	342.447264517462	-0.0588177708691634	72.3210549156995
362.002325453919	449.469428954059	-3.07638727243073	74.9806045283804
362.492944309758	342.41835144693	-0.0602656129788907	72.6536261492046
362.499961674631	449.500510691884	-3.07783753816231	74.9624071444697
362.990456082858	342.388617296163	-0.0614262948875476	72.8649405444953
362.997637697255	449.531394304483	-3.07730946850249	74.8729648079372
363.488062996453	342.358112431587	-0.0620991576524612	72.9663647380586
363.495178824817	449.563080528111	-3.07527015886605	74.7311592854458
363.985682871936	342.326913451203	-0.0629414952268415	72.9773478984608
363.992540043015	449.596088160899	-3.07294338286699	74.5562516858488
364.483143981321	342.294554446507	-0.0646604596907894	72.919336346977
364.489773892832	449.630630310123	-3.07079343272066	74.3600576519571
364.980313144434	342.260497522422	-0.0674445711974276	72.8129119089727
364.986861503493	449.666873248985	-3.06812415044985	74.1417510813857
365.518374930611	342.218396227814	-0.071483924962951	72.5505676142379
365.483580409788	449.705752957372	-3.06372757723106	73.8917242959469
366.015091887313	342.178942441491	-0.0750735136103007	72.5116612877755
365.979695865916	449.748550807591	-3.05727030096996	73.5996281670688
366.021154097497	449.752905552613	-3.05664762193325	73.4986348818511
366.51161613936	342.139783689134	-0.0777265000441055	72.4936444036336
366.517506754371	449.80118447132	-3.04919468285931	73.2670613989623
367.008121829999	342.101308442021	-0.0791274638283666	72.4937704591381
367.013399611164	449.849865738513	-3.04332995662317	73.0170565004503
367.504862569242	342.063543893357	-0.0797419441527328	72.5178119873658
367.509032283697	449.898510127145	-3.04013626941667	72.782130987501
368.001945726852	342.026497589308	-0.0797103676788552	72.5615756344278
368.004706143271	449.946454686811	-3.03958761751489	72.5940433398506
368.499289297753	341.990050064858	-0.0789692242184221	72.634684054517
368.500553905335	449.993610710487	-3.04046722020913	72.4921353552693
368.996778181227	341.954188935165	-0.0774697048236387	72.7317298179928
368.996546636605	450.040175303841	-3.04187679606583	72.4816463719172
369.494319074611	341.918765394886	-0.0759933318190931	72.8520043967974
369.492561343614	450.086619417563	-3.04323921922906	72.5558707741976
369.991810482142	341.883267959249	-0.0748827490995697	72.9821379670049
369.988536138529	450.133473354407	-3.04543100094188	72.6809458726557
370.489206602931	341.847338354774	-0.0736799410847039	73.1339366056162
370.484632196011	450.180680211202	-3.04949818641562	72.8452111700741
370.9866187293	341.810847754993	-0.0712700848748814	73.3204927224914
370.981018692271	450.227962065726	-3.05559609181915	73.0438193967919
371.484347289363	341.774400340709	-0.0672995593013388	73.5580392059587
371.517284020001	450.276628874205	-3.06222574631102	73.4414674981973
372.014625069633	341.736635308265	-0.0618747155657666	73.9360425217237
372.014089110132	450.316793732027	-3.06662634542355	73.79363070884
372.511961899368	341.705342667493	-0.0567903202287565	74.2869673300345
372.511272128126	450.354107655934	-3.06954223104524	74.1297913180804
373.009738481629	341.677154396022	-0.0521535783453366	74.6095443094132
373.008563140876	450.389459712253	-3.07204031325935	74.4261371931462
373.507899313199	341.651726228447	-0.0480016960976872	74.8884458551485
373.505947694576	450.42310762946	-3.07434873607781	74.6796009008661
374.006400041898	341.628491833784	-0.0445834728797788	75.1171727884378
374.003435399102	450.455457176213	-3.07616660742786	74.8966031073067
374.505225147402	341.606896375801	-0.0425891474776613	75.3006550752667
374.501008445261	450.486832845541	-3.0774281419765	75.0706189394325
375.004241188286	341.586035277802	-0.0420481385405065	75.4513788889535
374.998664652696	450.517631182366	-3.07810517898213	75.1743584431233
375.503265085766	341.565464467114	-0.0418843866317575	75.5817218222178
375.496355829411	450.548400698228	-3.07768239385139	75.1771826989653
376.002240270151	341.545210345828	-0.0410467272004471	75.6970345882647
375.993946640768	450.579927400842	-3.07574372386857	75.064227697961
376.50124360654	341.525616235909	-0.0396232185178882	75.7982962687525
376.491352203621	450.613059461317	-3.07275765573313	74.8394070304969
377.000321838094	341.506758554498	-0.038244790109705	75.8838696619399
376.98860777116	450.648235527714	-3.06947565153043	74.5203528059228
377.499463669493	341.488534668163	-0.0370347581266571	75.9474714799207
377.485656751291	450.685922327542	-3.06582946313701	74.1362320427293
377.998676759075	341.47089899099	-0.0356997304231491	75.9815937572369
377.9822766007	450.726618678284	-3.0612033803356	73.7195683984721
378.497992494923	341.453863075929	-0.0342612109630738	75.9870594488125
378.519124522629	450.776264273493	-3.05467929966859	73.2379771892365
378.997409651462	341.437405383181	-0.0331634183423942	75.9747091535604
379.015373578982	450.823628973184	-3.04855626623716	72.9310141895575
379.496864478806	341.421209431663	-0.0328673911694533	75.951818474937
379.511282187715	450.871260547971	-3.04379454606221	72.6558977152792
379.996268196477	341.404888846215	-0.033557522200879	75.9090776832357
380.007061145122	450.918748640749	-3.04122939787442	72.4306332980915
380.495556237238	341.387891783261	-0.0350292492022104	75.826629040519
380.502922343547	450.966017281706	-3.04021854026774	72.2956493692644
380.994763443153	341.370031810266	-0.0365563572974119	75.6921154558706
380.998885989521	451.013002636206	-3.04041510991403	72.2675748604204
381.494024841546	341.35136839915	-0.0372211948918324	75.5149087457298
381.494877592886	451.05972091695	-3.04184782865569	72.3486378278525
381.993481246437	341.33255551987	-0.0366488406215962	75.3196019828991
381.990884898526	451.106164708551	-3.04490107724334	72.5015851514401
382.493117444625	341.313970456739	-0.0354652187188786	75.1288265611286
382.486888053007	451.152375427541	-3.04866650478843	72.6968422550692
382.992796610012	341.295840141881	-0.034595719696469	74.9469597551016
382.982816077078	451.198914102475	-3.05250765177006	72.9048614369254
383.492405897301	341.277678652927	-0.0344523335475701	74.7689664931131
383.478772293443	451.246072003086	-3.05650167571866	73.1250615955549
383.520564367765	451.250404375253	-3.05689464439922	73.2160940793766
383.991975417607	341.259344519521	-0.0346036028699292	74.5906569606331
384.016693367203	451.294166085283	-3.06145367978544	73.5365846781112
384.508231605006	341.2395679257	-0.0344000347187162	74.3444815346263
384.513104297	451.334123425004	-3.06629198664025	73.8556393389817
385.007261408552	341.220894290564	-0.0334320123116056	74.2173015655714
385.009925926826	451.370906319945	-3.07081160423762	74.1643815277304
385.50636520391	341.20324557362	-0.0320185420048641	74.0977230307983
385.507145965639	451.405033103801	-3.07441241738791	74.4468248415831
386.005663017863	341.186784476775	-0.0309114043563668	73.9782038610957
386.004650479915	451.437306058734	-3.07680594730489	74.6715298900359
386.505164150034	341.170858916679	-0.0308246074271679	73.8741568824097
386.502327492403	451.468382417775	-3.0780429472157	74.8003452040549
387.00473953806	341.155100003982	-0.0314904328439073	73.8005610893776
387.0000836649	451.498857488996	-3.0788012366812	74.8121656098647
387.50422131057	341.139170169821	-0.0319857383193681	73.7789769538917
387.4979026033	451.528926132263	-3.07992142686585	74.726274527779
388.003608775993	341.123501228007	-0.0316668860864044	73.7966262599164
387.995813549737	451.558562234606	-3.08115272261879	74.5919483779923
388.503031592401	341.108245292851	-0.0310797330274613	73.8327062976808
388.49372239214	451.588165877193	-3.08078792786505	74.4411643720922
389.002556403892	341.093421544557	-0.0309391093253953	73.8475438198544
388.991313962096	451.618984010827	-3.07691400779099	74.2553630691256
389.502105078329	341.078673004225	-0.031111339708608	73.8246087396938
389.488169489327	451.653166661879	-3.06907149852685	73.9903157751806
390.001612287241	341.064169275585	-0.0305327560533502	73.752888983727
389.984081116274	451.69258526235	-3.05908113341728	73.6298501962356
390.501125753627	341.050333650897	-0.0287043874478781	73.6535775863727
390.479281862881	451.738373417076	-3.04998356813723	73.2134789190156
391.000741601964	341.037665821752	-0.0262622318784168	73.5458931473522
391.019027085021	451.794921495767	-3.04380068194475	72.7931835270938
391.500481050363	341.026021052491	-0.0245923105295626	73.463885402195
391.513921857467	451.84568581767	-3.04175785057153	72.5546178279517
392.000280006971	341.014883643153	-0.0240141365493679	73.4188636280182
392.009215344124	451.89456816981	-3.04096464987686	72.3597173879635
392.500075185331	341.003904516553	-0.0234576564250447	73.418717114039
392.505000671451	451.942542051052	-3.03917985469117	72.211915618959
392.9998772923	340.993399531333	-0.0216753115654546	73.4411404450278
393.000829898967	451.990728369094	-3.0367246841982	72.1268906396472
393.499726065339	340.983931894317	-0.0189229580586827	73.4735091808025
393.496314555415	452.039752966537	-3.03525969717494	72.1347102320023
393.999622522243	340.975691140546	-0.0163009229092107	73.4973631565243
393.991606243366	452.089387741492	-3.03676596754394	72.2213256759251
394.49955018958	340.968465731395	-0.0144422773841161	73.5181457371804
394.487205353869	452.138946594806	-3.04127475365477	72.3642720245263
394.999511284484	340.961965719122	-0.012981885929283	73.5332037525171
394.983393707325	452.188090526069	-3.04761061260013	72.5336579976285
395.499515357735	340.956207915099	-0.0114015852895084	73.5543456922398
395.480044427709	452.236640031847	-3.05422714945824	72.7265945038391
395.999552688412	340.951261809041	-0.00967894623265104	73.5772209904395
396.016592394295	452.285787226967	-3.06124465066456	73.1061199211273
396.499597565693	340.947114273833	-0.00839780216010305	73.6077058440273
396.513097786101	452.325557671588	-3.06774471355125	73.4078660553454
396.999622750131	340.943363963031	-0.00803005235100959	73.6375757062987
397.010084704124	452.361215789608	-3.0742959706413	73.6971875912551
397.499614808719	340.939624230304	-0.00844118897390441	73.6758595887632
397.507415420483	452.393116679126	-3.08045567398055	73.9702092947628
397.999580830436	340.935610417408	-0.00890786477387181	73.7184815629191
398.004957587667	452.421593906458	-3.08724400231846	74.2189871887897
398.4995557224	340.931542818291	-0.00855578666669992	73.7665403970393
398.502767238548	452.445730785586	-3.09766350107126	74.42595615074
398.999591969388	340.927913015945	-0.00658832113912838	73.8001134178494
399.001126706402	452.463278436754	-3.11437440134757	74.5718541147638
399.499727734837	340.925629069717	-0.00279252707869733	73.8209500421699
399.500118726527	452.471292788915	-3.13670402225402	74.6491998384063
399.999937736079	340.925335533374	0.00190746100853312	73.8336315472202
399.99924863576	452.467722407457	3.12271188651108	74.6567865029905
400.500135180584	340.927143204737	0.00564884461368408	73.8581899025383
400.49787585932	452.453388471847	3.10261020445722	74.5873383610118
401.00024288863	340.930140843828	0.00695630807647	73.8861888734806
400.995890464956	452.430924217429	3.08907631070216	74.4348519068607
401.500253678644	340.933213138659	0.00592356809898132	73.9126438922765
401.493612815389	452.403197703501	3.08147452478621	74.2049129171463
402.00021191488	340.935496983896	0.00392473306619477	73.9264070104834
401.991232555411	452.372279282421	3.07694971351827	73.9107328082928
402.500166477481	340.936989990428	0.00246674222668937	73.9430175256083
402.488558409504	452.338686742918	3.07266712354526	73.5698647086176
403.000145754764	340.938085824665	0.00227781624534827	73.9654485197642
402.985318502654	452.302096463868	3.06746625835281	73.2032136669256
403.500158918671	340.939431769118	0.00333224496767461	73.9962849283178
403.481500124959	452.261648948078	3.06188822731358	72.8299050733624
404.000210914633	340.94144822715	0.00535687930549303	74.0107910194385
404.017933011768	452.212765298139	3.05681141467374	72.4237255334349
404.500309620242	340.944610344649	0.00828691603363322	74.0007941276918
404.514052134447	452.167705669029	3.05365081346539	72.1715909798524
405.00044494025	340.949301834371	0.0120862981053365	73.9598487225211
405.010119919585	452.123484284171	3.05114843746571	71.9685868089389
405.500560631703	340.955918258746	0.0162712336670141	73.9049312143931
405.506428869001	452.079376663009	3.04791160479349	71.8536071450546
406.000573290898	340.96430543328	0.0195137618648125	73.8382757748391
406.002850657995	452.034616404184	3.04392006337175	71.8320140196057
406.500454126426	340.973696965942	0.0203991943258435	73.7760933078254
406.499022631657	451.988548694689	3.04032896027998	71.8991169507119
407.000274893212	340.982863083563	0.0187993565748216	73.7286266187631
406.994841792926	451.941272632501	3.03931471014322	72.027744882984
407.500125011884	340.991044231598	0.0165174571536912	73.723496714169
407.490625119892	451.893548750255	3.04189993408514	72.2054408400885
408.000020540595	340.998434708069	0.0157174619587629	73.7612326078219
407.986803356588	451.846233065675	3.04783075841898	72.4102309539835
408.499913151681	341.006020439172	0.0173785230550395	73.8334923016691
408.483543770153	451.800110900136	3.05519282826451	72.6386482231148
408.999746260168	341.014831520046	0.0207772448221266	73.9063036438228
408.980595124183	451.7550345434	3.06218483160079	72.8813776165786
409.49950287118	341.025314924908	0.024354332271666	73.9705812190588
409.515445895784	451.710784051616	3.06776014626755	73.3197890865471
409.999225748397	341.037194014684	0.0265556524890701	74.0249629846535
410.012679780004	451.673453728319	3.07125668058374	73.6557063011627
410.49897819897	341.049651945922	0.0269348007824215	74.0903189750975
410.510206678183	451.638481075524	3.07375526979242	73.9596011905774
410.998756013387	341.062071060943	0.0264369071178783	74.1648333312297
411.007849982414	451.605159261578	3.07558608741158	74.2032142357687
411.498456149607	341.074460519819	0.0269386435356934	74.2522771877297
411.505542933739	451.57302517355	3.07651331912162	74.3759536839025
411.997959052031	341.08763832185	0.0291371140819589	74.344614713114
412.003195545202	451.541382953171	3.07648445761714	74.4896377426972
412.497250540537	341.102174877888	0.0319664601684314	74.449025859277
412.500762846125	451.509809083177	3.07605027081451	74.5594649828701
412.996436509256	341.118135806954	0.0339176020642497	74.5542431752183
412.99832320651	451.478177630044	3.07604021450788	74.5797619171898
413.495662911047	341.13496624343	0.0348403536214566	74.6595023304341
413.496020387349	451.446642953138	3.07685870384821	74.5237319118828
413.99502201929	341.152446409805	0.0351402260851896	74.755481214108
413.993920809676	451.415387578011	3.078147521338	74.3680509612062
414.494537707806	341.170204567351	0.0349151073496658	74.8503847560495
414.491945615539	451.384238986559	3.0789170810622	74.1205937531836
414.994129806411	341.188117189798	0.0340746990176369	74.9399767659814
414.989886594546	451.352681573476	3.07797208374451	73.8189141705523
415.493632973577	341.205845814018	0.0333053843635999	75.0331002948013
415.48740952291	451.319465932165	3.07443132110058	73.4979290446084
415.992895314498	341.223842905944	0.0332857811288944	75.1309235905197
415.984224616858	451.283182142712	3.06842239439515	73.166350685406
416.491927264541	341.242375466087	0.033975028982526	75.2480096222544
416.519265244094	451.238121694211	3.06057722785163	72.7489371944764
417.007804802454	341.261896769932	0.0347102144819498	75.4984897997983
417.016075423602	451.192777469334	3.05405381122563	72.5183729915335
417.507445645373	341.280430038248	0.0350505844280401	75.691270580301
417.512359988547	451.146933728804	3.04925044916929	72.3316052574749
418.006974521093	341.298869055546	0.0349199720116977	75.8924566814434
418.008538761008	451.101147281188	3.04571224264826	72.1831654373025
418.506416630421	341.316841747454	0.0344328806088381	76.0991966132574
418.504739288501	451.055097534175	3.0422935499417	72.0672036986005
419.005814013907	341.334397476113	0.0337413872971011	76.3088152691503
419.000740968306	451.008341398183	3.03930079823888	71.9720277616066
419.50524985237	341.351404608271	0.0332502104165126	76.5159520704916
419.496430560789	450.960656678625	3.03809459179438	71.9197612370408
420.00475670255	341.368214512769	0.0333661238981551	76.7092833992996
419.992145734619	450.912507596041	3.04027420367377	71.9358065920186
420.504289895999	341.38506022847	0.0341439640897848	76.8854879837691
420.488319845489	450.864837307545	3.04555041500687	72.059507001506
421.003755875446	341.402257655276	0.0349643392526598	77.0556021164384
420.984969061167	450.818239332459	3.05257148447536	72.2957175119718
421.503126894826	341.419558364154	0.0350105421447307	77.2365281774374
421.481760129105	450.772902997338	3.05924223380426	72.6344350259361
422.002462907135	341.436601269225	0.0341439873184913	77.4278509828653
422.016583355305	450.725945212476	3.06463272677939	73.1977254566719
422.501840023917	341.453078708094	0.0332616212953601	77.6012908972223
422.513946604188	450.686461130913	3.06757084726376	73.696240395624
423.001244463846	341.469298902861	0.0333768607259537	77.716891521706
423.011501876081	450.64912477513	3.06973410898351	74.1337039350002
423.500603089949	341.485797088059	0.0346249417015967	77.7573631693518
423.50894807241	450.613835686248	3.07243265991747	74.4538588573933
423.999864976466	341.503045979601	0.0364755855119384	77.7409869036927
424.00629828623	450.580685853198	3.07614503839787	74.6330195018558
424.499023605602	341.521232272097	0.0385137600527831	77.6962398481051
424.503774672533	450.549771525066	3.07990356945362	74.6900875952244
424.998070149881	341.540432407689	0.0406119791680994	77.6311404306847
425.001502331464	450.520536213111	3.08238106307017	74.6680146800038
425.496981493732	341.560728322308	0.0427308177871023	77.533326456388
425.499439935392	450.492111649708	3.08304236378835	74.6054995407657
425.995755694332	341.58215385431	0.044839980859554	77.3907418310381
425.997454241109	450.463586465824	3.08213641807425	74.5141023048339
426.494424246613	341.604808980368	0.0469563577731804	77.2029791916352
426.495384731466	450.434209073295	3.08011221753566	74.374223513063
426.993042848836	341.628703633682	0.0490717480512748	76.9768949412944
426.993102742314	450.403456137808	3.0774491895581	74.1588374941573
427.491635073617	341.653976236351	0.0511471925334201	76.7196752982369
427.490586192116	450.370906367124	3.07462015133403	73.8705593361046
427.99015873424	341.680609785589	0.0532910974538546	76.434435800049
427.987925858352	450.336457428084	3.07172503550275	73.5475307712806
428.488453284899	341.708980096391	0.0560147851790156	76.1246015897572
428.485135260636	450.29968585491	3.06826482129716	73.2269674055461
428.986308110101	341.739570341375	0.0598441408312311	75.7999731878798
428.982084905719	450.260020276859	3.06386020333012	72.9117976750894
429.514310628224	341.776004715494	0.0651823875205767	75.4532637185433
429.516918092872	450.212235838147	3.05819232382266	72.5637553858187
430.012519382118	341.811814575039	0.0705131153077301	75.2573604683676
430.013591927324	450.167554151587	3.05308324842772	72.3361261721869
430.510360683291	341.848711010864	0.0752842645122948	75.114832196102
430.510087238913	450.122516762967	3.04844008223125	72.1340307959923
431.007950410298	341.886242679089	0.0790188519139923	75.0039990853972
431.006426139438	450.077103689372	3.04460664692139	71.9739661601137
431.505410512772	341.924283407635	0.0818630605974114	74.9077948110085
431.502626713277	450.031150216111	3.04202536799075	71.8780846413639
432.002741431318	341.962614083857	0.0834838446258191	74.8107188482665
431.998711671642	449.984879660178	3.04150518260357	71.8498471932742
432.499927113987	342.000975473261	0.0832846760303337	74.725399505942
432.494735400744	449.938591312437	3.04287163906034	71.9035263263369
432.997090616977	342.038815471512	0.0810213930087333	74.6635774716867
432.990788346244	449.892466452734	3.04581983351947	72.0338983625239
433.494345954461	342.075776340564	0.0779837993104586	74.6569489425586
433.48694683867	449.84659016831	3.04961727916729	72.2367689032178
433.991591486636	342.112197201872	0.0755739213230349	74.7214550978823
433.983202134334	449.800621928917	3.0540278112139	72.4827408665178
434.488599642625	342.148811616892	0.0742926810704773	74.8603334199821
434.479517617575	449.754434567683	3.05862398379471	72.7546870443949
434.985247737456	342.186528237618	0.0731923401235644	75.0327173540786
435.016219456285	449.707626494507	3.06345007207898	73.2193214844541
435.481677649102	342.225535815048	0.0712552891102859	75.1961236663217
435.513054329556	449.668407106682	3.06754035666871	73.5743587037799
436.018717521066	342.267077918822	0.0677676968092077	75.5665469178866
436.010155435848	449.631948429792	3.07124911255805	73.8966558475834
436.516068532679	342.300675478434	0.0639755544088699	75.7032291124322
436.507484291396	449.597863082065	3.07431984283795	74.1601509919002
437.013527760213	342.331878424743	0.0605218511020066	75.767712670662
437.004979236075	449.565522640844	3.07661689523866	74.3375605490259
437.511230851311	342.361220175959	0.05835754605494	75.7603596182064
437.502595034032	449.534447360511	3.07825514117677	74.4163264406482
438.009068494407	342.389577348432	0.0575237265934658	75.6737849316438
438.000311427682	449.504195530438	3.0796218932397	74.4048908563856
438.506872023516	342.417415783256	0.0572630954108531	75.4963830008866
438.498153405431	449.474569578945	3.08092622924643	74.325390501249
439.004593043229	342.444998756744	0.057029689178351	75.2186850251117
438.996120130279	449.445358959954	3.0816888348614	74.1995474858096
439.502295005295	342.472508747992	0.0573096995546575	74.8410183096116
439.49408739144	449.415960007684	3.08087941925634	74.0389566441009
439.999951831579	342.500571674226	0.05907189976621	74.3747495190775
439.991841531269	449.385376609008	3.07781990297966	73.8429019571634
440.497393791119	342.530140681665	0.0627694601638342	73.8384094332638
440.489201132657	449.352313626471	3.07281813641259	73.604943804978
440.99441854101	342.562174945571	0.0679888470872817	73.2453024417848
440.986080354904	449.315876944238	3.06680367455006	73.325166278187
441.490900327603	342.597425234092	0.0739669717404912	72.588995472363
441.482377720514	449.275244866837	3.06049063649521	73.0238850555025
441.986759852633	342.636446527235	0.0805475347057916	71.8487244904489
442.019083527787	449.225387375042	3.05391772687473	72.6824169229865
442.481793501039	342.680234593756	0.0884994458920361	71.0217160576776
442.515300498717	449.177564417351	3.04877913628632	72.5357207413927
442.975678816382	342.730225583875	0.0984158865824992	70.1476972498987
443.011212344551	449.130211272067	3.04526711608237	72.4263395416469
443.525245816263	342.793260647204	0.110565189637112	69.3379582190681
443.507081598137	449.083498215878	3.04363050795515	72.3457015915926
444.018589972942	342.850669054538	0.119523771739705	68.7096975002005
444.003144447972	449.037709753089	3.0437550197303	72.2818353308003
444.511386532921	342.909030258007	0.12511766921971	68.2067864687893
444.499386540851	448.992607953618	3.04441231021769	72.2531129778019
445.004021110178	342.967704650107	0.127034291337434	67.8308261065747
444.99561588533	448.947667513377	3.0450209454919	72.2730509682651
445.496730391416	343.026523294776	0.126404640347707	67.5848865830685
445.491733773921	448.902395370385	3.04606005408055	72.3587435695362
445.989552687233	343.08563050666	0.123823759999056	67.4550130396847
445.987920298481	448.856674710813	3.04913126392538	72.4945612968852
446.482448472129	343.145266734021	0.119374337873981	67.4346595064461
446.484489157943	448.811142803818	3.05457868119827	72.6708390428669
446.975423575189	343.205726346873	0.11282421312402	67.4949794392817
446.98141675682	448.766213646451	3.06115171008283	72.8741936001948
447.526128064186	343.272674873957	0.104390556335038	67.7833256130444
447.516449122745	448.720752763246	3.06654381536588	73.2689799351072
448.019910271749	343.324784283692	0.0978405293430505	67.9771605225091
448.013866829456	448.682237395092	3.06872757176632	73.6102055877339
448.514398705862	343.372402423714	0.093068270251196	68.0779147605787
448.511472500508	448.645271576496	3.0692155113443	73.9565567816601
449.009321404972	343.41721813396	0.0903150302747629	68.0592244255786
449.008833476962	448.609261191061	3.07005515034317	74.2790622607269
449.50444657362	343.460667750327	0.0899492465497893	67.9110448938058
449.505990790196	448.574670951619	3.07247326270085	74.5398942451304
449.999499255877	343.50437776094	0.0924256920967946	67.6230844689417
450.003235310194	448.542024931622	3.07652440512025	74.7092457356495
450.494144497894	343.550156951709	0.098130247950388	67.1904944989169
450.500844053339	448.511717109891	3.08134616148153	74.7857265217763
450.987971548082	343.600030569141	0.107243031321331	66.6288356353828
450.998898945933	448.483597572823	3.08549818565724	74.7916529682138
451.480458534637	343.656313293726	0.119676186334111	65.9794921167812
451.497224123839	448.456898411694	3.08736499131887	74.7403514563341
451.970976547398	343.721581726409	0.134979491430526	65.3044272016333
451.995447358135	448.430222332067	3.08584855624383	74.6133714313004
452.527773467828	343.810525985402	0.153992233974111	64.6637787458463
452.493196487026	448.401776265217	3.08103843444691	74.3790968156399
453.016589429824	343.889717339332	0.166721025310789	64.3458843398011
452.990329162482	448.370139741145	3.07429933344302	74.0273453768723
453.504698947158	343.968955139067	0.172513322651448	64.198831699634
453.487006486546	448.334450238948	3.06744798063716	73.5846387188413
453.992868735973	344.047781050022	0.170215580233793	64.2372969444512
453.983590343437	448.294765057397	3.06184229766788	73.1052779685925
454.481699873896	344.125786736276	0.161015169081245	64.4597038391283
454.52084002849	448.247296738942	3.05746972800156	72.5493186118733
454.480284713661	448.251248194421	3.05777961899065	72.6558286797962
454.971248778675	344.203067343388	0.14710515111641	64.8124981720532
455.016454927106	448.200819996146	3.05462682376245	72.2805637770812
455.527515250892	344.28861581486	0.130619023836855	65.4261233810329
455.512575930154	448.155459876286	3.0520958113557	72.1041294255566
456.019026337011	344.352243758663	0.119820370570038	65.923618329225
456.00904181836	448.11083027652	3.0492478613681	71.9900909171764
456.511660087225	344.409417848328	0.11344147144551	66.2726873849011
456.505489538389	448.066119944359	3.04606893864045	71.921339654224
457.004755693189	344.463338397317	0.111218034886855	66.4296590911379
457.001762938448	448.020930609912	3.04332025894317	71.8914066581856
457.497830918511	344.516550814315	0.112452416128421	66.3808875521662
457.497866520521	447.974959849932	3.04133240758565	71.9288215751109
457.990523862824	344.571434473207	0.117195041363624	66.1371334034949
457.993818126131	447.928147209736	3.04096774354776	72.0464729399524
458.482272152088	344.630717988008	0.126552978101467	65.7334052675058
458.489733333664	447.880745096188	3.0429485183535	72.2483033415226
458.972131420813	344.697814399804	0.140970116927858	65.2301698637058
458.985867562331	447.833164111361	3.04785795834087	72.502088877071
459.532366084799	344.791380971078	0.161303215320961	64.6716137033565
459.482383796397	447.786191097608	3.05473692592552	72.779604888892
460.019796134959	344.875903725513	0.175510004376501	64.4494664714229
460.018015641195	447.736884564744	3.06245091576774	73.1754461319524
460.506475524359	344.959787977046	0.182059516817413	64.3786877964103
460.514891116967	447.696822606529	3.06786994310005	73.507601631208
460.993140661495	345.042853771794	0.180125191545079	64.4535156726693
461.012163348572	447.65989300136	3.07125515317408	73.8114524788054
461.480225646939	345.125382069701	0.171538348275301	64.6649144400008
461.509601342233	447.625031424655	3.07313727367662	74.0876502002722
461.967781018026	345.208227945233	0.158352359761503	64.9873786084453
462.00706844818	447.59147418544	3.07447992349613	74.3221409035957
462.528421605314	345.301231976477	0.141495629634783	65.6197509671849
462.504547994666	447.559048527995	3.07588590763673	74.501372156746
463.018345371158	345.369228651084	0.129258896886367	66.1427021094765
463.002093418619	447.527608459773	3.07752841806344	74.6229316906359
463.50970023342	345.429846098103	0.120716712348999	66.5174248386255
463.499787168363	447.497123886818	3.07928932397242	74.6819093828522
464.001850184307	345.486499089041	0.117030302689763	66.6994031702717
463.997645527131	447.467414916612	3.08075310946827	74.6561628111143
464.49415211252	345.542573589565	0.119283730757534	66.6902666138232
464.495579478875	447.4379965789	3.08112185369851	74.5230386804708
464.985687541706	345.601876870917	0.12854744940523	66.5062642314619
464.993439469806	447.408093611269	3.0797915573818	74.287069500982
465.475102968241	345.669039289559	0.145228222005289	66.177036570187
465.491104315158	447.37675608092	3.0769820562121	73.9818703652461
465.960778651503	345.749594664305	0.167426077057528	65.7756886919105
466.03827144208	345.766141972298	0.171290371500905	65.6873946263889
465.988585265225	447.343442721377	3.07363794597144	73.6470732940325
466.524311750479	345.859421524032	0.192218503251007	65.5685751509733
466.485975640239	447.307802399959	3.07055610614087	73.3106117201271
467.008484364143	345.952472009272	0.203620496471623	65.6126758761271
466.983294339797	447.269863181627	3.06770468943485	72.9843927511424
467.491877872391	346.045293626537	0.203433252694252	65.8576720266342
467.517257081717	447.225114927442	3.06364039423635	72.6234072832514
467.975718944767	346.137943664899	0.191407443056526	66.29967058467
468.014335872758	447.182423444121	3.05815689247897	72.4196256215397
468.460692970051	346.230671498546	0.171315372509732	66.9037144087057
468.511353663682	447.138532250553	3.0510561051125	72.2473719090773
469.026001684214	346.330093598025	0.149565170275077	67.9360207797467
469.007957419921	447.092971603616	3.04388735935	72.1108006867569
469.51515818173	346.401260242342	0.141497093787447	68.6099378214432
469.504035786606	447.045739481949	3.03863105851253	72.024868917193
470.004947205677	346.468900156429	0.144767335328387	68.9642357829862
469.99979270698	446.997672626143	3.03712807689712	71.9865807454348
470.493365929956	346.53942256171	0.157666794004875	68.9503034494066
470.495574893985	446.949755821923	3.03938501364708	72.0054416570729
470.978710450587	346.61893613826	0.177991622846017	68.6336874167763
470.99162508068	446.902708389207	3.04422793037202	72.0784123265199
471.45938912548	346.714107719888	0.202603885808432	68.1941552189307
471.487914160428	446.856743768661	3.04954412184693	72.2097242486907
472.030441716441	346.8488941995	0.226610327007597	68.1130593329992
471.984246785762	446.811303668965	3.05446230728206	72.3787382932643
472.509037103311	346.955604334192	0.232509121280164	68.4300645281293
472.48059479338	446.765958595808	3.0590477818049	72.5738047798339
472.98806859409	347.059135085665	0.225395651172413	68.9843291951083
473.017117581636	446.718823198138	3.06401446452111	72.9385370049098
473.46799380244	347.16197619018	0.208147355446369	69.6975398244792
473.513777131409	446.679654234246	3.06814705381633	73.2403346904423
474.038203204314	347.287968302857	0.185491460555662	70.8235748163349
474.010781986642	446.643241766568	3.07167400800485	73.542670588892
474.522483013574	347.377129673732	0.178459044768327	71.6533369978291
474.508104828125	446.609152980865	3.07472789853572	73.8317543221953
475.007322280193	347.461469476365	0.18348086211835	72.1005258826558
475.005653447117	446.576922632754	3.07747727838177	74.0797905199289
475.490182540336	347.54917175909	0.197794998675236	72.1335794138086
475.503372929584	446.546231478297	3.07951256764636	74.258944100076
475.968838979953	347.648348131904	0.218986973961684	71.8815573664718
476.001196258787	446.516409095112	3.0802644369367	74.3517955374467
476.544702285654	347.79832612031	0.246292217841571	71.7974624899786
476.499022336052	446.486707520413	3.07972539392491	74.3500122010278
477.018762030284	347.917401918547	0.257919961500167	72.1851400430404
476.996759553379	446.45651164259	3.07858146921482	74.2498223025793
477.492454194564	348.032839460963	0.257049796975861	72.7505553271517
477.49442389302	446.425548306529	3.07760080771915	74.0581626045697
477.965589023767	348.149833148111	0.244236861261968	73.374297572034
477.992124132542	446.39387757026	3.07694702307046	73.7996713389691
478.543069764539	348.30215461398	0.223092651131151	74.4413836103892
478.48988481587	446.361394236532	3.07607182314647	73.5074387041695
479.020888803769	348.405825071516	0.216523464010195	75.0953119894628
478.987597839183	446.327834748645	3.07432353533281	73.2011915394497
479.498796514722	348.505265440801	0.221324563896165	75.2708795238635
479.485083579814	446.292331762907	3.07120119488379	72.8811013532331
479.973630278813	348.611252968882	0.236045280202597	75.0073413161503
479.982143816034	446.253934884521	3.06637804547048	72.5410569561509
480.442068534999	348.735641284806	0.257769964524293	74.549773146249
480.556579718844	348.774372376031	0.263485108909493	74.6364125784707
480.516402460478	446.207243431774	3.05914612540342	72.1690050032608
481.024986234108	348.902568092524	0.278944065921108	74.7646938295348
481.013343813373	446.162649375625	3.0518122539641	71.9337738775469
481.49275671193	349.027824144111	0.28255072449853	75.0615911639809
481.509898284039	446.116607220376	3.04531650486822	71.754421836146
481.95874593435	349.157091570347	0.273894710931188	75.4658043921245
482.006053123708	446.069601325185	3.04066838821598	71.6365451377242
482.542844612793	349.331000825763	0.254714386681217	76.4794580428919
482.501926259096	446.021834544776	3.03761014865866	71.5907773682226
483.013763091846	349.446300937254	0.248907875384022	77.030933101355
482.997646055436	445.973469584209	3.03641619983472	71.6153195614498
483.484333091982	349.559864199369	0.255199169067476	77.0573198586134
483.493352677325	445.92478059177	3.03786298699749	71.7159852637588
483.949728819916	349.685585610944	0.273679729244279	76.6608794853074
483.989218062223	445.876311766543	3.04252943245409	71.8692572798659
484.536490387336	349.873335254347	0.30057801798635	76.5770191232929
484.48532513887	445.828681609578	3.04883638949844	72.0567394228008
484.997611247712	350.008112954001	0.307316705384845	76.6704806360528
484.981607342709	445.781727058798	3.05519513676063	72.2593079759583
485.456718323416	350.146045784561	0.300635708309142	76.8091181816481
485.518261508454	445.732441184731	3.06153205183197	72.6192665245362
486.046275473921	350.340080383718	0.281626136617063	77.4849511765087
486.014609035218	445.691880796626	3.06711516618689	72.9726675828074
486.50988156723	350.466219413804	0.277037276052922	77.8614515559791
486.511397359595	445.655092680977	3.07226367627832	73.3515015756192
486.972563200937	350.591705025141	0.285759525485942	77.7449837422283
487.008652331864	445.62129383576	3.07655302329408	73.7261238534795
487.427839378557	350.73363655683	0.306042813193327	77.2703631344649
487.566004222673	350.791177417132	0.313656617885652	77.2891401842216
487.506296897701	445.589929453351	3.07987732339576	74.0533757383268
488.020052586023	350.938335895084	0.330098689472306	77.3448003770416
488.004193118406	445.560335382437	3.08239242919563	74.2908963879694
488.472661162238	351.082573369984	0.333330381137146	77.3966599814063
488.502228985901	445.531991869772	3.08387200720861	74.4129055239761
488.920725597467	351.237850173543	0.32394799914335	77.4187104947931
489.06540033733	351.300688149228	0.319235728780559	77.6929810240794
489.000291498121	445.504134278582	3.08390344681838	74.4175174427508
489.518634848575	351.443502859224	0.311822313678194	78.1419324543475
489.498269859036	445.475928290843	3.08243541257314	74.3255996537131
489.973215346662	351.58019386874	0.316403456405089	78.1191348417923
489.996078027235	445.446637015077	3.07988480283766	74.168696234772
490.420752802532	351.731749124473	0.333001539037913	77.695459414082
490.569600890333	351.800155624136	0.340362630255544	77.7184695511707
490.493676207157	445.415744406985	3.07680234937012	73.9710189493652
491.015763138171	351.955958593027	0.355307473243563	77.8633736282875
490.991068394013	445.383003752345	3.07346065637805	73.737280232943
491.460233751249	352.108794893013	0.358907190268015	77.9127059395672
491.488245873352	445.348011394063	3.06975512410716	73.4573748529697
492.055284955808	352.349425550405	0.349609935450594	78.2718510480067
491.985184637091	445.310406235458	3.06567291099013	73.1226936075845
492.499766704891	352.50062372466	0.351024097578023	78.5927242764926
492.481821540921	445.269564354137	3.06143974231422	72.7438522959428
492.940660075858	352.654476722052	0.364287498008066	78.3252946309603
493.018677896031	445.220574985723	3.05671762703302	72.2903029710562
493.535946759333	352.910948131217	0.390010770977992	78.1760812623744
493.514880445819	445.174625103046	3.05190894257627	72.0088674616547
493.96955561585	353.074070642993	0.396084286752969	78.1104545334351
494.010994877914	445.128565066499	3.04658981848388	71.7704851616006
494.565330353946	353.342826047578	0.391829440140543	78.1063057819548
494.507007559307	445.081787450132	3.04175242895774	71.6028568147299
494.996514923998	353.508214679281	0.395864926947691	78.3580332462362
495.002956934803	445.03449397345	3.03909121553529	71.5123761657615
495.422190124019	353.677657465232	0.411105972885506	78.0163490074411
495.597842413574	353.78133684438	0.420347282991729	77.8523314722547
495.498889713918	444.987039494728	3.03882770413085	71.5080068462716
496.016450927769	353.964379317571	0.436333350094843	78.1083318693881
495.994860288541	444.939774514008	3.04071509150472	71.5804610948632
496.433249763587	354.141608574836	0.442132493583552	77.9376224177089
496.616305736038	354.253963049395	0.441732399884378	77.7242271656544
496.490953624496	444.892959905608	3.04436357883905	71.733873959928
497.026799076623	354.443990450361	0.442068290414626	78.2045463856525
496.987262080871	444.846730405396	3.0496967489448	71.9531034809099
497.44089094957	354.621169753422	0.450428574563418	78.0642025884272
497.483780113233	444.801264321379	3.05547964810918	72.2211010327669
498.031432362673	354.938537616672	0.475236845138774	78.0648546259367
497.980151339121	444.755867912005	3.05997680729584	72.4971051303201
498.434220773765	355.124917688871	0.4876278696933	77.9632848493593
498.628770708777	355.258023613168	0.491613943446673	77.6620485998413
498.517246849963	444.708405970959	3.05955299675581	72.9177019116349
499.020752326676	355.462002762596	0.500331821586968	78.2208717302542
499.016663819004	444.663056295569	3.0474722846015	73.1106823103829
499.412818745503	355.655029344876	0.513345514368026	77.9639129015932
499.611486924892	355.805852344682	0.523530777616927	77.8044956070349
499.515894420795	444.606811509361	3.00937320172122	73.004215433479
499.993999657561	356.010080344017	0.540502824164799	78.1738886806313
500.005656467612	444.523857196741	2.92480514645816	72.457881408952
500.364721424707	356.21930788271	0.555856984055673	77.673748981044
500.571800852606	356.38596225668	0.564562911173063	78.0424515467837
500.462031392019	444.398493926678	2.79133791345073	71.6347876393036
500.941206723597	356.590031096743	0.580360369928685	78.1354777150679
501.155767505881	356.767205003854	0.591393356302221	77.6605750681935
501.052693982371	444.077858852249	2.55073040673133	71.1258784229043
501.507058975903	356.989846091029	0.608340156517867	78.2733853928073
501.606850631321	443.600965482886	2.32123804975926	72.0958338528181
501.379974378757	443.865693314668	2.41607281432297	71.4478744470444
501.849396243938	357.208888752245	0.623552582705435	77.6929454332798
502.068658931686	357.407258856196	0.634820849530516	78.1366795481982
502.062475677332	443.046449516266	2.20485066310505	73.1680751511758
501.846785198179	443.374866559051	2.25216920133464	72.4631586637349
502.406699900817	357.621406182253	0.651974163484365	78.0064822351898
502.627849473687	357.83854378489	0.667041749963898	77.8628063883749
502.688758470634	442.12716514081	2.16292787930295	73.0964016663783
502.475651464835	442.483387706069	2.16774579699401	73.502364633446
502.251721857336	442.825012259265	2.18384548619616	72.7430507462124
502.950623227612	358.060105445954	0.685942724882099	78.2068280234161
503.180904872458	358.285196123887	0.699477131910976	77.687372430298
503.081264308032	441.554746421234	2.16283557142647	73.4370968440814
502.874034329034	441.915249276366	2.1624570037167	73.2866064969044
503.484112110853	358.518373290522	0.713362367142033	78.3940749300192
503.693988689169	440.631321549642	2.16279071606093	73.1940615877804
503.481136958575	440.987261630995	2.16204057795652	73.6005988811121
503.259084220876	441.337718590502	2.1622064172941	72.9341321404429
504.010828632865	358.987803991199	0.726720983886044	78.5153132152689
504.086242944466	440.058107574668	2.16165659965828	73.5984095540218
503.879399910961	440.418465119174	2.1632016727519	73.4539582779559
504.297522515236	359.226514052321	0.729026782789359	77.7826320730683
504.53495774959	359.460992695329	0.729886090799154	78.5498198276777
504.696938937733	439.130686862003	2.15643200117192	73.3682152396083
504.484384488649	439.489607461938	2.15625740549257	73.7843061038412
504.264256944253	439.842157363011	2.15929789072281	73.1389108090697
504.825932843984	359.693576952519	0.731026552429218	77.9365129574168
505.058626610919	359.935052697531	0.732310087370636	78.5061650893378
505.085501977083	438.556775312205	2.15953747320492	73.7347897057123
504.878884165953	438.919672394559	2.15753068900948	73.6065941335029
505.351544653467	360.163563282428	0.734464183985087	78.0539013104894
505.581590198638	360.410625751124	0.736123749784563	78.4279070534858
505.696942455123	437.630868358631	2.16023643240352	73.2946118646114
505.483301551239	437.988893836017	2.16028172825709	73.8214055040846
505.26201991521	438.341939649495	2.1597536336492	73.2300832430405
505.874426728964	360.636877817093	0.737899733283718	78.1361938454972
506.103584691015	360.887493374281	0.738526649622605	78.3007227118398
506.086340198103	437.057273610577	2.15743384873473	73.475818967494
505.879761186806	437.419882728512	2.16092323042701	73.4896061003239
506.396377408975	361.112669299336	0.738123674073434	78.1712295110045
506.625302818991	361.363581834211	0.736537955448767	78.1311911777022
506.693927793854	436.129391516779	2.15565900551893	73.1062528138599
506.481894882162	436.488004713758	2.15330138420728	73.5113016362403
506.262416316207	436.842422503733	2.15567983271615	72.9644540750045
506.919228057804	361.588381727866	0.735095340935733	78.1599213477975
507.148804717349	361.837200764909	0.734297861617585	77.8991598815612
507.082888385568	435.555961585745	2.16173927920152	73.6207809162265
506.876198019063	435.917133848726	2.15780236183236	73.3844043239315
507.442290376492	362.063264602463	0.734442229001965	78.0879674560063
507.67428314943	362.310002542628	0.73528989723032	77.6129646003452
507.695647291998	434.631979823943	2.16156488737035	73.5843293169246
507.482444539684	434.988152307324	2.16138650585821	73.9456257803591
507.26123793407	435.339190045213	2.16141162094903	73.2128082668292
507.964263511677	362.538884384829	0.737059709303085	77.9445965877686
508.200688244938	362.783775893781	0.739831487753383	77.276091088275
508.086834684937	434.058268810848	2.16076760063018	74.0352440856362
507.880040930842	434.419374524209	2.161422672205	73.8782578514176
508.484154166555	363.017014897096	0.743192458014259	77.744159390672
508.725666830025	363.260538933086	0.747432737413086	76.9512336011789
508.698478305947	433.133484057923	2.16101069827249	73.8465730224092
508.485250403646	433.490123461445	2.1589476111173	74.2517779950828
508.264753498472	433.842680190347	2.15947395293383	73.5900203243627
509.000871196185	363.499084156897	0.753933612946158	77.5418080526994
509.089432323736	432.560344175337	2.1624785974604	74.283479663402
508.88265325274	432.920995813188	2.16189049821754	74.132071139154
509.258560198423	363.748826783448	0.765154039748176	76.4496913089996
509.510506249754	363.989546443819	0.780602756939098	77.3466035540357
509.701022474256	431.634310177382	2.15665201367972	73.9722227108821
509.488042954053	431.991981142496	2.15773856524112	74.4560519268442
509.268691908705	432.344361431704	2.16049397174844	73.8252884960541
509.752125497287	364.236046510653	0.80242289221735	76.2457850495525
510.002094947645	364.498126718265	0.83051074675132	77.1252129392856
510.242591666155	364.800080110717	0.866232493005706	76.2737286909163
510.089384098599	431.05953691546	2.15767770113018	74.2792503135194
509.883274620529	431.422064474175	2.1575651712994	74.2144353667838
510.463246483465	365.028537107479	0.896041042203049	76.7298302290259
510.6863219058	365.36833633376	0.934124817902521	76.0740616712043
510.700660746409	430.134124065572	2.16226497407299	73.9052513797207
510.486838893008	430.491229521887	2.15925282670032	74.3744461470748
510.266207042628	430.844343856642	2.15808591306637	73.7782785131566
510.884145662596	365.577908049607	0.958318077750754	75.9359423849907
511.093462624241	365.943094395831	0.996660608867311	75.6818373854197
511.092263028499	429.561753135711	2.16408873148449	74.2356991233888
510.88465280516	429.922712254394	2.16386690686906	74.1508328958767
511.463372898876	366.519392574895	1.05533344980588	74.7157575723497
511.657536159689	366.925423138212	1.08892923696675	73.5428199982631
511.705325980476	428.634994271667	2.15631406016096	73.8263957460323
511.490978691138	428.994027050684	2.15793129926944	74.3412507351994
511.271425540081	429.347594282537	2.16172635329353	73.7579223760843
511.781492694944	367.10317342699	1.09784330993542	72.7430656365505
511.970817254732	367.512244494039	1.13028353398028	71.9147137123927
512.145430508842	367.948263502559	1.18292538201101	70.466940596975
512.092912178925	428.060475809389	2.15791630902087	74.0453874692267
511.885832958099	428.425010986004	2.15710517433634	74.0640720338377
512.373357536282	368.535080436136	1.27844541574053	69.1048362554965
512.486936242252	369.002600110356	1.3617871802443	68.3220410249601
512.568393778095	369.491242728724	1.43635661504587	67.620897948485
512.620898676862	369.991068204689	1.49213727461423	67.0868125401476
512.65149724649	370.493894725823	1.52681215258528	66.7070769311196
512.669086211606	370.995895867615	1.54401806902084	66.4472157500027
512.681100677047	371.496512887362	1.5498432161299	66.2720269808224
512.691672656786	371.996383062341	1.55026258795624	66.1406800132656
512.702606958368	372.496146575001	1.54946174953799	66.0203317703094
512.71380846498	372.996059343827	1.54931802958312	65.8971992082117
512.725054111387	373.496031719945	1.54996221867212	65.7805467511279
512.735774279467	373.995987036539	1.55120598562247	65.6838959907885
512.745871818122	374.496054577033	1.55299712134549	65.6114588265597
512.704961991426	427.119710406509	2.13757700734477	72.6258769162015
512.488808369888	427.492964728865	2.15398282532525	73.7116755288963
512.268445381373	427.849923511786	2.15794101489137	73.4442442139151
512.755260475737	375.003757962852	1.55488309715425	65.4829369791511
512.763954682051	375.503454462208	1.55550611366775	65.4327731368353
512.77264142722	376.00357509632	1.55404635268413	65.3699420611915
512.782580905836	376.503946537369	1.55114238163777	65.3021052261717
512.793834297583	377.004209822057	1.54842523929553	65.2250865869873
512.80610199	377.504162934014	1.54706913608348	65.1421772871187
512.818338251049	378.003875561447	1.54734908114791	65.0511829532343
512.830060812199	378.50352223494	1.548679022731	64.9661501043901
512.840852184497	379.003229975794	1.55010309112161	64.8911248439052
512.851147011742	379.503002387451	1.55060777419008	64.835302300609
512.861358565633	380.00277744881	1.54988788990685	64.7877167290364
512.872111543504	380.5025055544	1.54841394332337	64.740451085978
512.88338784907	381.002220007119	1.54701624419299	64.6765478164185
512.895166123118	381.50199369178	1.54602107233026	64.606593249646
512.907183063781	382.001856063506	1.54534269025054	64.5474085064595
512.91950482721	382.50174679515	1.54467336271509	64.5272742841173
512.932043307982	383.001581387513	1.54408094823022	64.5433990605931
512.944770107698	383.501324213127	1.54376062106849	64.5838223122668
512.957468141034	384.00101115282	1.54368866114969	64.6154574122713
512.970195966421	384.500690191524	1.54338704442742	64.6198441654602
512.983063554637	385.000380100299	1.54297814441722	64.5793919723727
512.996013373471	385.500085682615	1.54320455096892	64.5098732139634
513.008614248068	385.999825018415	1.54444637447932	64.4333915448623
513.020558746993	386.49960134817	1.54574408666153	64.3845997949363
513.032063417209	386.999390755201	1.54612152027696	64.3686011920908
513.043560912205	387.499182999409	1.54564315769942	64.3834452702703
513.055292081917	387.998984425932	1.54531858308557	64.4084164526474
513.06702669644	388.498775462468	1.54576106588534	64.4410757757411
513.078508594239	388.99852116964	1.54697195447828	64.4766729778157
513.089452957435	389.498244905499	1.54839376787071	64.524872976562
513.099986223298	389.998000066461	1.54931927979851	64.5757769261446
513.110387052674	390.49777742526	1.54905955441832	64.6209266739069
513.121336103852	390.997492992535	1.54766005250777	64.6422616931353
513.133130677798	391.497089040126	1.54585384737911	64.6526933055883
513.145921821248	391.996583318457	1.54442365144021	64.6711135268221
513.159352533715	392.496079777448	1.54355094502614	64.7181676335839
513.173257583809	392.995741641889	1.54362582059895	64.7771437105037
513.186851445749	393.495732747518	1.54534787647237	64.8333242148074
513.199413249455	393.99602586742	1.5486689720751	64.8787542997315
513.210210721035	394.496356895592	1.55201163003919	64.9320513093463
513.21983488608	394.996469285761	1.55377517943883	64.9945535354995
513.229022328799	395.496373432684	1.55374883244967	65.0559424086683
513.238741323776	395.996172227577	1.5529352412826	65.08709525578
513.248939973699	396.495836196455	1.5522346979944	65.0871018213678
513.064547209127	426.53133541054	2.0643624771868	71.3563856549984
512.868859539019	426.9251628385	2.12285555270621	72.3495572361503
513.259302782894	397.004356917316	1.55198164840505	65.1653426513884
513.269289095502	397.504443853512	1.55201392720089	65.1881115920487
513.279301930395	398.004405708179	1.55196697109073	65.2339103766443
513.289246495651	398.504260597647	1.55165386211946	65.2964701949912
513.299368631637	399.003991941788	1.55153391039135	65.3674817660118
513.309171656526	399.50353883778	1.55238866342462	65.4434913784282
513.318255228369	400.002947806067	1.55432467083369	65.5156491093241
513.326137905305	400.50243841633	1.55630433406123	65.5735619779308
513.333268180046	401.00219653277	1.55727709678989	65.6110443917133
513.340072385441	401.502205359097	1.55724085522332	65.6363497136065
513.347068004244	402.00229643505	1.55685662305217	65.6642898057789
513.354196840721	402.502323622495	1.55647888931743	65.7038519390988
513.361562880403	403.002239001347	1.55615193549311	65.7487339661096
513.368965688974	403.502075504734	1.55600256284466	65.788751468932
513.376362383096	404.001887906354	1.55624579180098	65.8226807347052
513.383454779347	404.501728550062	1.55685201137705	65.8631339228758
513.390280843691	405.001635031657	1.5574416809755	65.9230454425735
513.396900959246	405.501622407927	1.55747246382864	66.0007256498357
513.403749829611	406.001657209047	1.55665558932728	66.0758161149955
513.411097873208	406.501670394528	1.55519301347167	66.1258352705152
513.419203725174	407.00160315639	1.553623108523	66.1437118001378
513.427923657285	407.501449443629	1.55247547022384	66.141866426032
513.437022923534	408.001240582785	1.55212960705191	66.1401922268628
513.446004937792	408.501018091958	1.55274057964228	66.1521482892958
513.454480862704	409.000811209218	1.55412797372318	66.1767329003588
513.462151291766	409.500633676259	1.55577662550463	66.2002860860515
513.469071130109	410.000483346444	1.55712276656931	66.205300715382
513.475454582569	410.500354968175	1.55785724068767	66.182067562211
513.481645072333	411.000248134809	1.55797254101702	66.136515882435
513.487908570172	411.500161963512	1.55759695869473	66.0887328173226
513.494473265945	412.000080258	1.55685001560647	66.0617119994897
513.501473494974	412.499975588821	1.55591121600205	66.0656590588392
513.508895109232	412.999835993224	1.55525905075891	66.0886246081361
513.516442439631	413.499688176402	1.55553660528778	66.102419030364
513.523614712194	413.999578129077	1.5567854106501	66.0834040853224
513.530162966362	414.499513620531	1.55800537607644	66.0317522341949
513.536367904112	414.999442289928	1.55797697352063	65.9693320547646
513.542950766938	415.499297305522	1.5564967017329	65.9169779961525
513.550369062883	415.999070609138	1.55467226879181	65.8778426923978
513.55848278766	416.498846705036	1.55400745520307	65.8423520121618
513.566535643536	416.998741438706	1.55495538951736	65.7987829051355
513.574007160982	417.498768609608	1.5564474925509	65.734280996324
513.580908781582	417.998813994603	1.55710617756965	65.6386389277377
513.587823423239	418.498746908587	1.55662171549035	65.5220068688743
513.595076143397	418.998528800364	1.55567651785977	65.4165580522785
513.602813423303	419.498206608643	1.55479370626552	65.3459497193741
513.610943269881	419.997831293144	1.55385749242159	65.300549148011
513.619696124657	420.497407602363	1.55257489039897	65.2560316181034
513.629144680554	420.99697392282	1.55114724950313	65.2020562249847
513.639290350785	421.496656433272	1.55036473550464	65.1459429628698
513.649463233402	421.996553625228	1.55110654978883	65.1005629615002
513.658839042586	422.496575533809	1.55403491072935	65.0908365372387
513.665853892688	422.996654023322	1.56051084115768	65.1669768398989
513.668010462622	423.497338734074	1.57383188258411	65.4024941336924
513.660352662985	424.000102870606	1.59941369451856	65.8534157407548
513.634533509553	424.505687412024	1.64470888128771	66.5166872268262
513.578881587447	425.009305238097	1.71756953529133	67.3669304225332
513.484305529827	425.496474488	1.8179882109794	68.4005625528942
513.351297313353	425.948519263993	1.93082093003212	69.4803894344365
