292.746193428206	405.00331830517	-1.5559859707523	68.2319540305851
292.738475259064	405.503014972346	-1.55682106000799	68.2813304277648
292.731292051218	406.00263425242	-1.55810391141835	68.332400242142
292.724926159664	406.502363179034	-1.55915864608642	68.348583169266
292.718870211106	407.00230340875	-1.55940895429156	68.3260409092534
292.712794435246	407.502464615301	-1.55858052678814	68.301150058988
292.70594305501	408.002751589832	-1.55690786725138	68.3132499070123
292.698236885372	408.502990092152	-1.5551372905508	68.376792400559
292.689734356758	409.003006857427	-1.55430097881762	68.4721714695898
292.681319710266	409.502757563812	-1.55502196043945	68.5712553897167
292.673593346197	410.002367862267	-1.5569587419883	68.6561793795884
292.667051436284	410.502042854992	-1.55896706800653	68.7253331245592
292.661305511769	411.00187691464	-1.56012619849626	68.779315433244
292.656019282587	411.501789129714	-1.56042417046996	68.8159201516155
292.650752391535	412.001647754805	-1.56046200880053	68.8295559288427
292.645618354608	412.501435452435	-1.56062237983864	68.820905109875
292.640527821921	413.001254429008	-1.56075969767174	68.7982571123757
292.635500507177	413.501214130881	-1.5605047187401	68.7752748812731
292.630179281637	414.001316388672	-1.55976812376146	68.7612820582099
292.624513592508	414.501454165896	-1.55889955493595	68.758401569914
292.618464865506	415.001512238409	-1.55843726463003	68.7621631559897
292.612413460267	415.501458257175	-1.55864894052016	68.7701266901311
292.606541828174	416.001326924049	-1.55933881826163	68.7848021660499
292.601061718857	416.501168964175	-1.5600640238112	68.8124356330253
292.595845816021	417.001021263168	-1.56061366915082	68.8578385993888
292.590950733939	417.500906169646	-1.56119615136354	68.923629801758
292.586397980786	418.000826265096	-1.56210433906052	69.0069418293079
292.582402774752	418.500773235424	-1.56321878764253	69.0955854484261
292.578845985061	419.000742352429	-1.56395755698548	69.1676311027041
292.57545338127	419.500733009039	-1.5637812179147	69.2024919051181
292.571722585078	420.000726367281	-1.56285440629375	69.1941372402866
292.567548915437	420.50069175979	-1.56195402348006	69.1550764452838
292.563049844138	421.000624944493	-1.56149753992757	69.1030754565107
292.558444036308	421.500559675983	-1.56107539356475	69.0435772566639
292.553574968123	422.000524782973	-1.56027580631399	68.969448346435
292.548323769434	422.500515643001	-1.55942288273857	68.8832089155568
292.542711302472	423.000508422846	-1.55904184008652	68.8110102676359
292.537001006316	423.500482127933	-1.55915160551483	68.7868788423906
292.531376627336	424.000420759483	-1.55963912291585	68.8259327255124
292.52613020958	424.500325152034	-1.56069253002609	68.9150721465396
292.521548610716	425.000223015079	-1.56221926476978	69.021208837009
292.517702582111	425.50014878249	-1.56337255771507	69.1049046498685
292.514166074015	426.000112409943	-1.56339605020986	69.1394197664917
292.510413682786	426.500094889157	-1.56259512940255	69.1304280031695
292.506232248044	427.000068170222	-1.56183209552859	69.1120627328727
292.501755219723	427.500021373367	-1.56145443498514	69.1122818861584
292.497132453793	427.999964790805	-1.5612734670934	69.125052151596
292.492408065878	428.49991222929	-1.5610890184733	69.1201270963209
292.487573632784	428.999867008624	-1.56084491709134	69.0739519731495
292.482607697632	429.499822885167	-1.56054861823975	68.9874371686405
292.477520251912	429.999770008001	-1.56021593757349	68.8811973739021
292.472292394392	430.499698017536	-1.55987217933776	68.7799263484148
292.466948834111	430.999604760656	-1.55960445914585	68.7013338411184
292.461540549451	431.499508422185	-1.55965252292945	68.6542776857073
292.456346118531	431.999446545835	-1.56043004039219	68.6404112598439
292.451797775765	432.499444154535	-1.562232930497	68.6537347378997
292.448419196263	432.999471607949	-1.56475097619796	68.6816484167631
292.446335287219	433.499445838677	-1.56708202073195	68.7141663295882
292.445317160109	433.999306456716	-1.56860437366436	68.7596884122813
292.444935947789	434.499087189348	-1.56969070237467	68.8530528886616
292.44514360544	434.998921728616	-1.57117546032928	69.0357979951037
292.446042189531	435.499017415711	-1.57323155660184	69.3027879038716
292.447850365274	435.999710820245	-1.57625020250181	69.5147979033748
292.453026065674	436.501519128868	-1.59027946904441	69.2945958034216
292.476494903721	437.002786990027	-1.65567186244222	68.0924537920626
292.555772349848	437.484578119821	-1.82990664312796	65.8400094754835
292.713763237142	437.890011755203	-2.08923727460644	63.6089161499465
293.187757345773	387.022087826281	-1.44804406714668	68.5785930680483
293.128623586758	387.513411349613	-1.45708322941473	68.3380253666202
293.078661822545	388.006633592768	-1.47598034714141	68.1665090604035
293.03977489871	388.502433842319	-1.50023465038555	68.0546098759012
293.012325820884	389.000492597477	-1.52316215288328	67.9712989796163
292.994195323184	389.499855801491	-1.53934702931535	67.8998333936821
292.981827974713	389.999690175842	-1.54774192135838	67.8277538981159
292.97202891349	390.499587187414	-1.55083634857711	67.7735894248254
292.963117915068	390.999456798795	-1.55227799602487	67.7442233180367
292.954879349967	391.499343241413	-1.55406243391576	67.7426134408759
292.947448978809	391.999274262397	-1.55591426814453	67.744198399672
292.940578380907	392.499202473494	-1.556296830015	67.7397977058167
292.933387688915	392.999074296895	-1.55478884242337	67.7224388189689
292.925352687746	393.498917744252	-1.55282170561791	67.706460481218
292.91662969009	393.998804508985	-1.55221565999	67.6922496441083
292.908042063494	394.4987526435	-1.55328298067542	67.6909500877225
292.900092081745	394.998715428877	-1.55518966599735	67.7008014344021
292.893037110411	395.498671122023	-1.55701907756869	67.7251160476524
292.886622613518	395.998630903559	-1.558284580111	67.745721608747
292.880618535002	396.498582264437	-1.55860255570098	67.7591564639145
292.874431981914	396.998473314213	-1.55783545874948	67.7638780107676
292.867723512865	397.498274880087	-1.55627368292395	67.7782086742984
292.860128171214	397.998016265914	-1.55465245818889	67.8013070774897
292.851883917189	398.497781893694	-1.5536392824433	67.8305445130813
292.843189908895	398.997647891448	-1.55350200578722	67.8459623637752
292.834556249077	399.497621583602	-1.55389888467053	67.8470906830943
292.825976074126	399.997605214288	-1.55431241221209	67.8383723394381
292.817561194862	400.49747835571	-1.55444320473875	67.8479755937088
292.809026545312	400.997230651983	-1.55449374621938	67.890636238564
292.800606371164	401.497027214304	-1.55484431671325	67.9736775976843
292.792321834163	401.997046180647	-1.55574017312964	68.0716280801511
292.784615355831	402.497286530683	-1.55691117614745	68.1598995092482
292.777271874344	402.997535301552	-1.55773053397615	68.2092346274964
292.770172430466	403.497553258427	-1.55765383645865	68.2153495195783
292.762606376642	403.997258776182	-1.55683107811919	68.1841458855332
292.754583722309	404.496808098941	-1.55602349718652	68.1520507700724
292.878820151311	438.092483199708	-2.25427188241738	62.6927771215607
293.108974397452	438.368044314378	-2.4543717153124	63.0432197760658
293.733780363048	382.533184013018	-1.42534623231968	69.0768249229811
293.662275383199	383.022403124711	-1.43789223584221	69.4898590728828
293.599329575382	383.513337445907	-1.44818505550137	69.8621096099996
293.542099641218	384.005494529385	-1.45560789382918	70.1339905436135
293.488279485474	384.498512123208	-1.45986414821417	70.2524129799217
293.435596427224	384.992013036528	-1.46089036957886	70.18169960102
293.381744895033	385.485572186289	-1.45865304759962	69.9190732252549
293.324563644504	385.978838065761	-1.45388347143973	69.5047586658277
293.262134065233	386.47181084068	-1.44875219469517	69.0199318181374
293.464505926031	438.568240979213	-2.67897512925946	64.8206318066257
294.237610540709	379.538522712206	-1.40890867495855	69.1060960979126
294.151651464178	380.024419051318	-1.39933696165814	68.7430958711198
294.068734317549	380.510920480197	-1.39496291964029	68.5380898413545
293.987916366713	380.99810667991	-1.39570810462875	68.493482748365
293.908021610325	381.485808805942	-1.400816534838	68.5749488764276
293.827775064794	381.973964528303	-1.4105358406894	68.7305380387008
293.926836981868	438.735183530024	-2.90865442216548	67.5184421217309
294.051353645832	438.778130953111	-2.9524530010807	68.2941886766412
294.742447896746	376.040003727662	-1.40236268541262	69.2588027551086
294.660699209713	376.52520851473	-1.42047056533069	69.7541202004108
294.590526092281	377.01364876362	-1.43409089754108	70.198795194052
294.527115129132	377.50400961857	-1.44101632146902	70.4904356735172
294.46587315047	377.994940578275	-1.44070227080292	70.5472450691095
294.402419411437	378.485313163664	-1.43415164245785	70.3237690294374
294.332762443516	378.97445157584	-1.4234149495279	69.8458353738587
294.253154519989	379.461981791558	-1.4110450400829	69.2353929887717
294.52275550499	438.84842884956	-3.03040563735977	70.2726646804753
295.227078122161	373.541870520622	-1.38852641054327	69.3782399267353
295.131447430756	374.024503843545	-1.37438691977578	69.0999747812009
295.037942471968	374.50710237499	-1.36708693746482	68.9242481716615
294.94541742781	374.989904403746	-1.36961828302834	68.8649550875629
294.853005571268	375.473600894919	-1.38104302532116	68.9402163633035
294.759759473706	375.95862459348	-1.39895117863862	69.1456715944944
295.011462306349	438.895900040843	-3.04964527691991	71.3374552818308
295.661039189311	371.032679467511	-1.37345286062088	69.8587887353713
295.571681409993	371.513800026751	-1.39384693098387	70.3379203778889
295.492196398512	371.998562405253	-1.40628098571293	70.5328569997184
295.415858358699	372.484946989491	-1.4099548255238	70.4038080931773
295.336419397046	372.971105583405	-1.40458926880586	70.0098679590122
295.505673621149	438.938794807766	-3.0493657255062	71.7719872528679
296.138396528224	369.033081475563	-1.3244430726454	69.1518530479421
296.024257652204	369.505695952625	-1.31989071943187	68.9879871974031
295.911913059002	369.979739970656	-1.32563599841226	68.9972938822187
295.797564485177	370.454871122354	-1.34306450640155	69.1890832110239
296.001543237456	438.981860279078	-3.0476219942068	71.9165249392713
296.623663040679	367.033797965071	-1.31238385337284	70.2754625131714
296.511311669069	367.502905765938	-1.33319434325048	70.4569631499816
296.405218831307	367.976803024277	-1.34189649770665	70.2191142627949
296.293383760259	368.451042428743	-1.33811994186633	69.6592675132481
296.497972299264	439.025028532836	-3.04888684324314	71.9914613590276
297.095899711246	365.533115819566	-1.22844867646087	69.6720578207988
296.951904104036	365.984415211892	-1.2461858681557	69.7303627928847
296.808574130548	366.441813759567	-1.27231812553132	69.768601310546
296.994708691805	439.067442566712	-3.05248390779839	72.0744870544025
297.676393778693	364.085281827301	-1.1106951762828	69.9764186827852
297.501345668113	364.50057197305	-1.16752321130842	70.1136287066256
297.335531784428	364.937320280044	-1.20431669935429	69.7573598639501
297.491597335145	439.108909509901	-3.05614075543052	72.1826448343205
298.232464324524	363.158812338385	-0.942438970776101	70.4153092844986
298.015174053068	363.509046757105	-1.00715686457323	70.4810774612237
297.805141146578	363.899463567798	-1.0765046361258	69.8759537140556
297.988474720292	439.150119186648	-3.05898264575157	72.302204401392
298.654621672746	362.627968153302	-0.844778262279302	71.8712611113045
298.429484597792	362.948532028255	-0.902918915963264	71.3034432412189
298.485321896517	439.191625178782	-3.06149751848997	72.4415194067921
299.136269342657	362.134686447898	-0.757128369245752	73.5738431624927
298.901232040539	362.413095197974	-0.806403592369643	72.7798250648678
298.982188495528	439.233861237666	-3.06464933427797	72.6036564636819
299.652217220938	361.677587557972	-0.681713020057333	75.0871579998637
299.419353342594	361.914913995429	-0.720612419347659	74.6460397819924
299.51608723127	439.277734486947	-3.06845348903734	72.9443404865661
299.968762094533	361.460962527906	-0.648555222536241	76.2979033297926
300.013328469962	439.314963169922	-3.071943153054	73.2253344790694
300.530188440472	361.043588954045	-0.592582576937099	77.2100715806365
300.51071782501	439.34948318556	-3.07556730535367	73.5056871267147
301.102103662022	360.666083612625	-0.544264277444898	77.3232895771867
300.89435585725	360.836378221708	-0.563069410786041	77.1742600055911
301.008240875546	439.381630086396	-3.07941141083125	73.795027538192
301.481924587815	360.46880442813	-0.519485167302912	77.716237532138
301.506038471395	439.41162277161	-3.08255314912357	74.1065727567451
302.066604560323	360.124542706695	-0.490970992711444	77.557615456807
301.868991312616	360.261570649092	-0.500248225519079	77.2097264268159
302.004094923729	439.440270424034	-3.08386294916727	74.4247538293967
302.468830531455	359.938686272117	-0.471686071284104	77.7227085178493
302.502209162553	439.468493118229	-3.08318970134335	74.6950692470503
303.060132202287	359.6277391564	-0.436186014244629	77.7602314499886
303.000209412739	439.497075790667	-3.08165999563653	74.8487857096982
303.47968545713	359.455247079975	-0.421330022391937	77.9032700443108
303.498109897501	439.526255757481	-3.08053401072098	74.8466994241817
304.075346775315	359.170637808879	-0.417849004108784	77.5198990618423
303.899902694648	359.274147036952	-0.417575195418168	77.4447055475764
303.995991003329	439.555996155871	-3.07983175174967	74.7026143891339
304.498941574118	358.997546551717	-0.413392827780744	77.7281373541497
304.493792627749	439.586511861258	-3.07844800992209	74.4650607425121
305.095268337901	358.734126883477	-0.387829894523972	77.5351609283776
304.927508418955	358.826128145993	-0.397747122716178	77.5794912663661
304.991336907916	439.618377088147	-3.07559254877565	74.180054242204
305.525956404107	358.566603603751	-0.365804067822748	77.984677986026
305.488563808514	439.652430504813	-3.071777650895	73.8711115442634
305.96824662604	358.415326924821	-0.353034026724322	77.9047334918212
305.985689480461	439.688938045714	-3.06844411751616	73.5441973820653
306.564731696971	358.177213464292	-0.353545871614828	77.4278207577549
306.409521066983	358.251652109922	-0.351945458948926	77.3811486056595
306.482970899347	439.727872274016	-3.06635440862022	73.2058369066133
307.00811276452	358.022792886266	-0.351110730982826	77.498746614857
307.017501381499	439.772763437113	-3.06443815249069	72.8080923676324
307.4564006505	357.87354800156	-0.337907385373748	77.4907797054252
307.514159034522	439.814651135827	-3.06102535550557	72.5703514325603
308.050407761185	357.656215160426	-0.306409096132392	77.8716082197698
308.011151612044	439.856736231071	-3.05528412475712	72.3579605807862
308.507101699269	357.522664159215	-0.291822648089341	78.2321629574106
308.508050414959	439.900281552468	-3.04876518123157	72.2035206438752
308.967309586939	357.394128473996	-0.291552556293243	78.0872167547923
309.004575195611	439.945155946172	-3.04445398257137	72.1282217095238
309.560913539346	357.194862307807	-0.30774801377198	77.5208175906864
309.423536616962	357.251336467565	-0.303044535464016	77.5551824564977
309.500800616152	439.990531024057	-3.0436644692259	72.1438106326699
310.016343912965	357.052837523954	-0.313960509331455	77.47411837537
309.997037259019	440.035384207929	-3.04598881474056	72.2170582510409
310.47499847254	356.917043596265	-0.305574832889634	77.4382613622211
310.493527721365	440.079280984123	-3.04954761659048	72.315603059041
311.064318434687	356.728375867468	-0.275265176444053	77.5987114005736
310.935237442144	356.776802312748	-0.283243672958237	77.4624223074682
310.990245402342	440.122584240724	-3.05289229778809	72.4099843792885
311.527672610459	356.601940743616	-0.253014858079023	78.1015347478606
311.486946331212	440.165943382794	-3.05537103016739	72.512595483266
311.997343246806	356.489989743099	-0.243361854515321	78.2865155013857
311.983435945675	440.210183048556	-3.05791289203412	72.6387848520725
312.468040500905	356.378344505407	-0.246846718098673	78.0405452449636
312.518214350179	440.258481458916	-3.06199003893598	72.9194773228431
313.056510034544	356.211339627159	-0.264675227351681	77.4160565236877
312.935480768479	356.253520517539	-0.260168145674511	77.499192632888
313.014833021264	440.299130484102	-3.06720073987687	73.2097754280651
313.522077719532	356.08314022202	-0.274821132956595	77.3003546125516
313.511760939268	440.335816427438	-3.0728304571508	73.5065123772332
313.989811386918	355.96101879118	-0.272216624788744	77.2859729638041
314.009138618579	440.36924094975	-3.07754927362761	73.7938224769654
314.458932559379	355.838763980834	-0.256642740388953	77.4153866224372
314.506914071787	440.400223457696	-3.08052621104369	74.0590074185409
315.042742885492	355.680819461047	-0.226174947138804	78.0142714476983
315.004893226569	440.429845743759	-3.08188577952822	74.2862956027695
315.517694364172	355.577509684508	-0.20823914487638	78.5441245769799
315.502909651816	440.458783901555	-3.08234779359994	74.4671212177667
315.9963218008	355.483513654155	-0.201501428139547	78.708975975105
316.00089390436	440.48740619023	-3.08278951896998	74.6041301595389
316.475425659923	355.389010290706	-0.206267404223077	78.4380320746697
316.498900987027	440.515647497741	-3.08372275058386	74.6970522895119
316.952041094805	355.284405761379	-0.220712327893523	77.8378786237565
316.99703322485	440.543387806954	-3.08490406663611	74.7271046331102
317.531487476416	355.136056923878	-0.240706550779057	77.2911443686979
317.495305368844	440.570857035539	-3.08531884361248	74.6626550622752
318.005573363135	355.024394028115	-0.244958748802625	77.0868258521013
317.993571880664	440.598747982205	-3.08393877101672	74.4821487117213
318.481201356394	354.915196876015	-0.236388673998595	77.0625165993579
318.491568909725	440.62820788835	-3.08047510576064	74.1929906966529
318.958627791502	354.805724918303	-0.216680092713233	77.2393357621756
318.989055153109	440.660212564056	-3.07542251114201	73.8294823577035
319.534521619485	354.675952932978	-0.188943052440914	77.9219709146749
319.485890912884	440.695719769149	-3.06941543515294	73.435356135567
320.016888593763	354.587976994728	-0.174295513559423	78.4855085319386
319.982083750283	440.735275164673	-3.06298805151114	73.0455141345321
320.501444719026	354.507565834649	-0.16958901188701	78.7767832838901
320.518151834091	440.784056839821	-3.05589939097398	72.6502081195197
320.986191125111	354.427815446324	-0.172883094787907	78.7005714041721
321.014529359823	440.830368894478	-3.05021997583119	72.4405667541391
321.469878361583	354.342610946518	-0.182227169456822	78.2731678171523
321.510535298057	440.876874086809	-3.04618875953883	72.2960753292273
322.04401885745	354.222154681033	-0.198610573431173	77.527357728529
322.006470567319	440.922897905409	-3.04459011226705	72.2066058913548
322.523721114833	354.120547713273	-0.209605352524542	77.2112846644997
322.502600896118	440.968074569078	-3.04509413806465	72.165888592717
323.004437640426	354.022811329892	-0.212778800165284	77.0479380213705
322.999030778459	441.012221900153	-3.04693799974783	72.1538740948309
323.485972828443	353.926681323465	-0.207819435367927	77.0818778657316
323.49563696685	441.05565615954	-3.04895191208694	72.1750821578662
323.968340735993	353.83037462875	-0.194659229180128	77.2833764651613
323.992186897291	441.09893191901	-3.05104168944308	72.2345587970438
324.537161310298	353.714636867709	-0.172713538784906	77.8173940193996
324.48855253989	441.142359739179	-3.05346996923233	72.3535464413796
325.02218088205	353.632242741881	-0.156391109299203	78.3602688107991
324.98481993037	441.186165975067	-3.05688020844387	72.5276068372427
325.509788888563	353.559793513108	-0.145621475727337	78.7356792698892
325.481272587243	441.230103080336	-3.06122047814703	72.7475805751134
325.998753057156	353.492250515962	-0.140854461390767	78.8722450578557
326.016937382267	441.275982770571	-3.06646891428474	73.1317802852254
326.488179747353	353.42548720554	-0.141334167392374	78.7407546465184
326.513602751493	441.313866059817	-3.07106524014399	73.4402794474403
326.977353352213	353.355686033108	-0.146896492882636	78.3506341086048
327.010679988289	441.348730770261	-3.07522682163891	73.7246246519819
327.465230116958	353.278516069769	-0.157818965705402	77.7743284918921
327.508204846331	441.381026429648	-3.07877370528851	73.9909583583936
328.029242968301	353.174763089674	-0.174673002870379	77.1679995992234
328.006070423539	441.41144067192	-3.08134644023024	74.2422585355336
328.514871317268	353.087274432835	-0.185917887835074	76.8937653709875
328.504107153064	441.440599465498	-3.08246592819954	74.4641216898282
329.000074336096	353.000433085338	-0.190110606534846	76.7947722539927
329.002150658889	441.469323815361	-3.08230448730572	74.6281852999325
329.485340415343	352.91361260186	-0.186450030128538	76.8829012459645
329.500135098509	441.498088535344	-3.08179462705401	74.7147430361532
329.971485327135	352.826369380629	-0.174415562124132	77.1093665555437
329.998101169594	441.526981737593	-3.08179820276351	74.7249456664483
330.533463139957	352.724819327588	-0.153476016812936	77.585584135958
330.496127813735	441.555868828241	-3.08228746218751	74.6684754760332
331.021250324001	352.651075552646	-0.135928630514045	78.0849530677792
330.994216473277	441.584764837723	-3.08244143097001	74.5468640694967
331.51178159929	352.587620782117	-0.122927357928528	78.4705433612406
331.492224218717	441.614233026509	-3.08119020500944	74.3531714386598
332.003953030701	352.530120241193	-0.115981618298369	78.6997019164058
331.989949259837	441.645180353814	-3.07783524277734	74.0811425668326
332.496736869903	352.474968121461	-0.114693596878905	78.7428643907623
332.487232656074	441.678939150566	-3.07242462920968	73.7340239417859
332.989434676107	352.419113657378	-0.117960318211331	78.5741829105606
332.98400175253	441.716498177162	-3.06596958252552	73.3326670540914
333.481565980583	352.359817890464	-0.125183491016475	78.1941510556132
333.519347368932	441.762740863375	-3.05943351059008	72.845674599215
333.972688470359	352.294487429938	-0.135615424551107	77.64964441702
334.015879941242	441.808003747028	-3.05518595077591	72.5843982486582
334.529355237362	352.206642947012	-0.149462320465049	76.8975952791478
334.512119420088	441.852704993023	-3.05257225402449	72.4023057718039
335.018209244875	352.127804998321	-0.159161938503144	76.4985347428096
335.008326554496	441.896537710822	-3.05070027067175	72.2793565135738
335.507128003594	352.050392109945	-0.164375194866163	76.1986485133549
335.504710533644	441.939984539616	-3.04874230352278	72.2003016025952
335.996377185217	351.974007870797	-0.164776443802884	76.0273733914772
336.001282629275	441.983469247585	-3.04714893202321	72.1547485681871
336.48609162472	351.898171753706	-0.160943432361976	76.0012121168436
336.497863578738	442.027295654398	-3.0465449054576	72.1651738451387
336.976412450386	351.822386691599	-0.152463969753669	76.0880434352559
336.994278839028	442.071423069353	-3.04752148228756	72.2460082873825
337.529059025369	351.735666471799	-0.138430025901284	76.2623726326385
337.490482830256	442.115707420203	-3.04959474967408	72.4176113658987
338.019481425897	351.666105344066	-0.125087293931991	76.6037256332503
337.986574140367	442.160305913432	-3.05253988584021	72.6691723454739
338.511780095949	351.605786678953	-0.1138230698101	76.8732366286341
338.482771347466	442.205225727177	-3.05626484798432	72.97743333758
339.00553075912	351.551761337462	-0.106267785546099	77.0167797777094
339.019159788152	442.254591488487	-3.06119825636756	73.4049879686211
339.500146917705	351.50140631755	-0.102958583765665	76.9949553990039
339.515818981592	442.295870297668	-3.06563808080607	73.7704572818776
339.995054768385	351.452327667053	-0.10304979062096	76.7764329795009
340.012731138511	442.33386275291	-3.06992561619296	74.0785393117468
340.489934497696	351.402605925457	-0.105219790538984	76.3488543294065
340.509797045302	442.368816639534	-3.07432097647293	74.3373707244822
340.984738274159	351.35080088265	-0.108658350702885	75.7297877463002
341.00709124711	442.401100543998	-3.07855172508558	74.5524922595018
341.479413504846	351.295440445219	-0.113446736922717	74.9670503953727
341.504760020755	442.431179363159	-3.08141940289072	74.7143947332909
342.024868549882	351.225606730074	-0.120631800442665	73.8990691933295
342.002732249582	442.460120100709	-3.08223422246794	74.8056837722594
342.517571281739	351.159279728957	-0.127332013901543	73.2500935624741
342.500775903502	442.488829103932	-3.08189798366708	74.8224716404333
343.010485450288	351.095048285452	-0.131939440354225	72.6672877795474
342.998760042496	442.517634627453	-3.08197111270765	74.7799043153584
343.503532961781	351.032415962239	-0.133870404088568	72.1647143415821
343.496773894468	442.546300652882	-3.08297708183343	74.6940903661333
343.996929351383	350.97097630675	-0.133179304895739	71.7232040294207
343.994947605177	442.574605648731	-3.08410730364448	74.5655451280464
344.490837482039	350.909963261773	-0.131161615411271	71.3352691072085
344.493212088749	442.602913178706	-3.08403392081112	74.38343967137
344.98507015321	350.848284959609	-0.127979451240756	70.9969377945698
344.99131375385	442.632022650575	-3.0819978977233	74.142187972803
345.479297069582	350.785000487463	-0.123252281553325	70.7320305510957
345.489026306869	442.66306993827	-3.0782326866173	73.852256307804
346.020433179424	350.714082142836	-0.115048954183496	70.6201954717445
345.986351453319	442.69679042289	-3.07352586204654	73.5322673163028
346.514506308028	350.656980008817	-0.105283180371806	70.6898589489225
346.483446162244	442.733937376209	-3.0685246449405	73.1981336546645
347.009477220918	350.607172794051	-0.0946860710900362	70.7869356230704
347.016673202084	442.778465189532	-3.06370007852247	72.8149861989736
347.505349220082	350.56353660921	-0.0850026855376799	70.8662311578827
347.513440844786	442.820433766051	-3.06059060296562	72.5823132392639
348.001977227655	350.524660810645	-0.0770210146937888	70.8889926727383
348.010315328925	442.861589940909	-3.05873788386663	72.3855224684318
348.499194861156	350.489426779604	-0.0703545781419019	70.8276621131826
348.507357192178	442.902334297575	-3.05640262651274	72.2502565713552
348.99690319895	350.45702798189	-0.0647027513844281	70.6684175524419
349.004407208439	442.943568200985	-3.05200422032242	72.1728825418257
349.494957534148	350.426636441795	-0.0608786839232741	70.40826038784
349.501095893761	442.986757788751	-3.04543292719277	72.1458921148593
349.993114162518	350.397093650245	-0.0598479646339245	70.0474557689112
349.997131790204	443.032730513453	-3.03941114616576	72.1464320609593
350.491167322321	350.366894699163	-0.0616259127663514	69.5857369082141
350.492680418565	443.081120983275	-3.03728987996721	72.1812852319746
350.989035087196	350.334819065582	-0.0654413150308399	69.0272608699863
350.988328712282	443.130528898053	-3.04085857462383	72.2665682685662
351.486643485421	350.299748473204	-0.0705878524233155	68.3912569190742
351.484511067067	443.179152703966	-3.04837135383383	72.4359828769408
351.983944965799	350.261026500826	-0.0763704638417765	67.710421750242
351.981179196119	443.226236461103	-3.0569156024186	72.6824716140732
352.516537619472	350.21368185739	-0.0828041969794865	66.9568071204535
352.517018173526	443.27384473485	-3.06472041992606	73.122486446657
353.013160312547	350.169317803891	-0.0880192665134984	66.402650219038
353.013632815842	443.312519009343	-3.07014036354274	73.477457806531
353.509846104841	350.124658998362	-0.0927755723587599	65.9378246974436
353.510750739132	443.347740045692	-3.07436592145654	73.7760764957571
354.006466634717	350.079462398783	-0.0967703614875125	65.608067131091
354.008275668259	443.380454584213	-3.07791130713397	74.0210250126442
354.502804041583	350.033610187915	-0.0993390558031976	65.4338094750308
354.506090146271	443.411059338006	-3.08101929847039	74.2316725535716
354.998971930017	349.987664277248	-0.099173544835375	65.3695743511005
355.004075359759	443.440023506121	-3.08361438544358	74.4154003649518
355.495345258684	349.942379309901	-0.0959490023230993	65.3651044742393
355.502179880196	443.46777803233	-3.08512464150316	74.5577434052514
355.992216680804	349.898423851182	-0.090098793876073	65.3862160113448
356.000330681525	443.495156490062	-3.08479571262893	74.6301867940037
356.489644558785	349.856311942065	-0.0831438834799735	65.4457776433163
356.498367722031	443.523181688546	-3.08239943851694	74.6082624104898
356.987391225691	349.815929364676	-0.0764114813678286	65.5579975385958
356.996129285096	443.552748502378	-3.07892254566601	74.4873377540909
357.484993461709	349.776929129094	-0.0710422231515261	65.7394325514156
357.493677489629	443.584099391868	-3.07620078544912	74.2861769467622
358.015118104393	349.736501422902	-0.0667706657509679	66.0978014578779
357.991321581187	443.616682603465	-3.07526128550806	74.0352594403847
358.513218934076	349.702142605916	-0.0635204443368045	66.438616801173
358.489230908336	443.650000843086	-3.07510525965849	73.7561700651878
359.011211240078	349.670128190582	-0.0602535748257316	66.7753370772846
358.987122643001	443.684204607965	-3.07355009172945	73.4502701994612
359.509139465389	349.640307303293	-0.0573381493018235	67.0922296055029
359.484418956994	443.720752851417	-3.06912413391602	73.1164133139867
360.007141818593	349.612091800794	-0.0551884547366555	67.3842814960639
360.018293890938	443.765119676895	-3.06214133862516	72.6978430442315
360.505282395543	349.585185348343	-0.0534922374451524	67.6387584079331
360.515316454873	443.809419529179	-3.05611605184855	72.462405135788
361.003587706144	349.559368395848	-0.0518121997962119	67.8283658803646
361.011836179903	443.853726842195	-3.0524721693844	72.2612054562649
361.502062139932	349.534533051949	-0.0504896465871908	67.9331060488849
361.508200194507	443.897587711731	-3.05060869341845	72.1080863848162
362.000614046508	349.510212858137	-0.0500678350317979	67.9563763562881
362.004683968423	443.94085162059	-3.04942256676695	72.0067163195732
362.49914215416	349.485903507771	-0.050454746042908	67.9137534676357
362.501268155626	443.983952776556	-3.0484032095946	71.9706568468777
362.997636298848	349.461282747096	-0.0511405442199033	67.8166226286413
362.997839519403	444.027133140164	-3.04820908811073	71.9901469652513
363.496116447513	349.436201507138	-0.051895372616477	67.6752756723184
363.494299179615	444.070497152281	-3.04900429564904	72.0647022758535
363.994543939517	349.410565054108	-0.0528964856509598	67.5070556557004
363.990617315592	444.114160498844	-3.05094139527533	72.1820702900746
364.492864532262	349.384065718689	-0.0543835502650605	67.3293414846221
364.486951340793	444.158061831336	-3.05389698232045	72.3456554697297
364.991104288132	349.356443145375	-0.0564026308659425	67.1444556172625
364.983536993349	444.202289634458	-3.05802110626902	72.5433991397002
365.489312486325	349.327227376157	-0.058858850653305	66.9383156231962
365.480422333276	444.246550296802	-3.06275471131638	72.7739844263142
365.518794999839	444.250230714202	-3.06313901167543	72.8746618832554
365.987472552062	349.296207025354	-0.0614912040757334	66.6962990548931
366.015445963914	444.290695384479	-3.0675436061259	73.2052757437438
366.485416758492	349.262967159696	-0.0641835352923899	66.4269824014753
366.512614413923	444.327963186917	-3.07117507859697	73.5305623032373
367.014863274717	349.224420284715	-0.0673164889446276	66.1125553737004
367.01001519171	444.362864337077	-3.07425227866465	73.8284583772793
367.512743593688	349.187533845071	-0.0708088474432513	65.9434147996414
367.507506310328	444.395617119762	-3.07716861997942	74.0702066496965
368.010484619519	349.150504673686	-0.0743472905073301	65.8057962913943
368.005129419678	444.426461692708	-3.08029245532492	74.2290269633135
368.507927399203	349.11324310342	-0.076630347073669	65.705488782167
368.503000395307	444.455423354273	-3.0834751820804	74.3067828823975
369.005215797489	349.076489661335	-0.0765543228193808	65.6449894974203
369.001123820562	444.482875224272	-3.08597750844125	74.3348013279827
369.502650917038	349.040790618921	-0.0749185956898993	65.6373784284589
369.499382039211	444.509459228517	-3.08680527476606	74.3405528912595
370.000393907109	349.006337755918	-0.0730517113264649	65.6709905233359
369.997588751026	444.536211062158	-3.08542808489558	74.3191158688737
370.498335293545	348.972726707569	-0.0718215890003	65.7415988480834
370.49555622868	444.56422708768	-3.08219208395213	74.2438923067328
370.996272212549	348.93950184559	-0.0706731514581242	65.8436726302733
370.993179247014	444.594284904358	-3.07805856645017	74.0946629868127
371.494137450558	348.906572985975	-0.0689754248652549	65.9946751577479
371.490515816639	444.626811199781	-3.07391954615697	73.8682827525907
371.992025775476	348.874015793379	-0.0663832455408862	66.2002300491646
371.987755808257	444.66182408241	-3.07014921912352	73.5738157690987
372.490029688834	348.842084854963	-0.063424259097735	66.4728893692351
372.485007439084	444.699522624022	-3.06663393202287	73.2309032587902
372.988065041795	348.810572781594	-0.0605534187112482	66.809338430616
372.982216412373	444.739955205557	-3.06346184496781	72.8698078772864
373.48600179682	348.779433712102	-0.0578440424447759	67.2129207956553
373.516478121535	444.787069289379	-3.06052771420807	72.5087226012444
374.013846455745	348.746580316614	-0.0542803159788965	67.7582348035925
374.013145567388	444.829903826422	-3.05803206095102	72.3051143749518
374.511933853848	348.718555363519	-0.0496629103930327	68.3236246998319
374.510050229393	444.872382289229	-3.05435500568593	72.1447631350739
375.00993170394	348.693676543181	-0.0438234531141881	68.9176171872698
375.006888843163	444.915338575386	-3.04955954572524	72.0011375817766
375.508178485324	348.672217972063	-0.038097901812815	69.526471340221
375.503386296391	444.95943413699	-3.04551806713788	71.8745557026694
376.006940876049	348.653406748439	-0.0340792446812429	70.1340119582762
375.999644057598	445.004258195001	-3.04446996688584	71.7804951807093
376.50617397386	348.636218703005	-0.0323657207963954	70.7273009736122
376.495988905604	445.049017461571	-3.04621576151202	71.7589980858017
377.005562063586	348.619553955287	-0.0320225503855584	71.2959601430305
376.992596170901	445.093177146065	-3.04969353047053	71.8180006048242
377.504823675501	348.603259958786	-0.0313416523722493	71.8303642099782
377.489393162686	445.13662198534	-3.05370203173044	71.9543987747015
378.003933247123	348.587764765492	-0.0291088989208786	72.3237750872185
377.986194175493	445.179768618711	-3.05793876485512	72.1407067920536
378.503076859863	348.573855019622	-0.0255376658657765	72.7848768096121
378.482888778457	445.222836931954	-3.06207964000678	72.3645388682736
379.002401052695	348.561781973241	-0.0218769529082779	73.2368496882665
379.01685336997	445.268534786348	-3.06651247957825	72.7490555604547
379.501909054905	348.551292476843	-0.0192952198836602	73.700790000239
379.513886237119	445.306657369962	-3.07082532925629	73.0756083558111
380.001519434411	348.541724865984	-0.0180449209236526	74.1796188204368
380.010872978772	445.341466667484	-3.07634963416268	73.3793114442502
380.501167266038	348.532624203768	-0.0175346333011916	74.6589178905738
380.507935508908	445.37231162095	-3.08400981892414	73.6444474930809
381.000833141797	348.523819064329	-0.0170996789733166	75.1189930973271
381.005255177298	445.398320286796	-3.09467784230719	73.8552404345114
381.50052307344	348.515372025499	-0.0165530056187686	75.5441697465409
381.503022713024	445.418055620171	-3.10859169704308	74.0012551835814
382.0002402918	348.507304130013	-0.0159422207514949	75.9243733926349
382.001331154206	445.430409527225	-3.12453403701975	74.0817812712608
382.499988705582	348.499640998607	-0.0152327601295615	76.2539146361192
382.500106642656	445.434987694486	-3.13977766370486	74.1057495675945
382.999772502365	348.492409862962	-0.0144754326644869	76.5333276257697
382.999173030838	445.432795957432	3.13142810750549	74.0868869843942
383.499581753253	348.485575051505	-0.0138864308264111	76.7715611398745
383.498405927678	445.425704652306	3.12342660888069	74.0447469345635
383.999404605914	348.479061399739	-0.0133814970091086	76.9826463134749
383.99774385751	445.415490473923	3.11835964460649	74.0003118985976
384.499259982647	348.472914125232	-0.0124965567551422	77.175948728424
384.497124433274	445.403129968625	3.11484254243886	73.960020534841
384.999176518817	348.467347965288	-0.0112163409798625	77.349491486334
384.996507169198	445.38925929193	3.11225826217806	73.907444768104
385.499129191035	348.462333421593	-0.0103880361316794	77.4924161873855
385.495903892589	445.374202805499	3.11070202140797	73.8189601762023
385.999058039871	348.457478563535	-0.0106612679839028	77.5958316546655
385.995364106791	445.358556157537	3.1101575518727	73.686681745256
386.498944311794	348.452312316181	-0.0115103944406113	77.6657430678998
386.49488539585	445.342538550637	3.10997604386339	73.5323911874738
386.998824793779	348.446831942312	-0.012008885313709	77.7242716915551
386.994427487406	445.326333518195	3.10959131832638	73.3938136310012
387.498736772447	348.441248057214	-0.0119985578368572	77.7931022433699
387.493970426685	445.309720049451	3.10925505662624	73.300050599635
387.998695894907	348.435747690743	-0.0118506139079789	77.8734640549665
387.99358042856	445.293085036534	3.10976988151913	73.2484045078893
388.498707496785	348.430287142444	-0.011669450255115	77.943871362244
388.493310125685	445.276711981998	3.11129046723604	73.2128922826259
388.998756969788	348.424939484462	-0.0113088915092216	77.979826925227
388.993084705337	445.261109131919	3.11281661856408	73.1601196477229
389.498792809071	348.419724756912	-0.0108348805706611	77.9774320811895
389.507404838254	445.244851959586	3.11260553339788	72.9911641590611
389.998781799442	348.414708649376	-0.0104616225240846	77.9531094325976
390.007353290132	445.228067347999	3.10978737622151	72.8918315004875
390.498759579527	348.409776635623	-0.0102321490632785	77.919773746646
390.507342719421	445.209479145835	3.10509552596097	72.7645615597836
390.99878012551	348.404959153782	-0.010008386461598	77.8709383493477
391.007063067442	445.188982340644	3.10045198536587	72.6138175295656
391.4988263691	348.400188933353	-0.00979442829148925	77.7960465607729
391.506374368459	445.166981804132	3.09756417431305	72.4596320069708
391.998828128881	348.395462384664	-0.00989553314350986	77.6997525959696
392.00541380604	445.144816037785	3.09716933372925	72.3132648421548
392.498748714219	348.39048164161	-0.0105563825019747	77.6004109584031
392.50443514491	445.123297037045	3.0985068670033	72.1967140978923
392.998629532161	348.38513968868	-0.0113632126388204	77.5149324818761
393.00362289902	445.102940633116	3.10009324408227	72.1051620265263
393.498560366802	348.379524419171	-0.0113170115997153	77.4537796694782
393.502979065526	445.083240997547	3.10037185359916	72.0337496708156
393.998627251914	348.374325797051	-0.00980499385162431	77.4187522796993
394.002383446046	445.063513672477	3.09906317413375	71.9597642251347
394.498853540594	348.370078466734	-0.00728339432549692	77.4006055650495
394.501697504165	445.043079097149	3.09710388689928	71.8862420479583
394.99917279998	348.367129133414	-0.00475762325469053	77.3810830188904
395.000884998242	445.022039219367	3.09612548938789	71.8157362175551
395.499459569778	348.365173977268	-0.00298863382119492	77.3500378011446
395.500037984258	445.00097282582	3.0968499810558	71.7708272547924
395.999614552576	348.363871308941	-0.00233835656636224	77.3120367556161
395.999293054563	444.980605697792	3.09890794742249	71.7527798195963
396.499627318396	348.362551177226	-0.00282672577804282	77.2768230619114
396.498685982012	444.961200339877	3.10071615837058	71.7703818328118
396.999564635082	348.360892631383	-0.00388614062114828	77.2449972697083
396.998096943231	444.942219086552	3.10081014545784	71.8143052476327
397.499508478216	348.358740373978	-0.0044694542861413	77.2152950031872
397.497348630854	444.922684396881	3.09869961793858	71.8907710951
397.999497860685	348.356621318622	-0.00401929454432813	77.1909871561628
397.996362352505	444.901692735859	3.09595193636772	71.9866440576303
398.49951914374	348.354816053687	-0.00305280948112492	77.1766581701594
398.495261553929	444.879451909663	3.0948652266878	72.0925023267148
398.999548348991	348.353491930189	-0.00238156570126635	77.167195885085
398.994261306684	444.856857801726	3.09664114889038	72.1796721182877
399.499585591402	348.352300470024	-0.00217415562609807	77.1545269174056
399.493457709668	444.835121843796	3.0998613614703	72.2502310095545
399.999635491208	348.351227779777	-0.00210580137856321	77.1350930982893
399.992762942727	444.814311310929	3.10251295965077	72.3171134303117
400.499691574635	348.350145368679	-0.00194531064761923	77.1141345750809
400.492109743831	444.794145092066	3.1038455651483	72.4126381303961
400.999770734958	348.349272608764	-0.00154508543174699	77.0993062568712
400.991532995733	444.773908921013	3.10472280283512	72.5379286129508
401.499933703029	348.348654778511	-0.000667129648717827	77.0997711535324
401.49111923745	444.753811689423	3.10597892739163	72.6893934547874
402.000223070885	348.348703523005	0.000763161281588229	77.116716804251
402.007418446767	444.734219903545	3.10780773495326	72.9665795982246
402.500595848577	348.349493387238	0.00243566219933037	77.1370160160585
402.506484164406	444.716801939181	3.10953894676022	73.1769981067739
403.000939090366	348.351168101334	0.00397176263551974	77.1378018479052
403.005803893688	444.700268090728	3.11080219305479	73.3908265941225
403.501150604083	348.353486889537	0.005282526043838	77.1148946756534
403.505441075526	444.684499891112	3.11146024524532	73.5890703702304
404.001191300383	348.356481881518	0.00638934158046889	77.0929020789727
404.005256203252	444.669043246862	3.11179111438016	73.7437657561403
404.501105280914	348.359888884994	0.00710658658902302	77.1039590486401
404.504981336125	444.654003559207	3.11229641060358	73.8503468770131
405.00099032199	348.363562886421	0.00721804753100016	77.1531202499363
405.004430522759	444.639427538216	3.11354897871508	73.9341558401638
405.500944656177	348.367094343437	0.00690168789028307	77.2173781808264
405.503697589502	444.625835382182	3.1156083604421	74.0253678104363
406.000999222184	348.370513364388	0.00667197667112703	77.2686656435648
406.003058962312	444.613310239432	3.11758366107768	74.1268219004111
406.50111930114	348.373887003536	0.00698958424568705	77.2993994877874
406.502724074615	444.60153898504	3.11798174837814	74.2227297077302
407.001260513583	348.377656166465	0.00800269750274759	77.3202999500777
407.002608893085	444.58948462955	3.11648783728469	74.3046739212437
407.501413541226	348.382019963582	0.00952426661088573	77.3416906604387
407.502436330818	444.576649878228	3.11471835280272	74.3798394604808
408.001561321539	348.387206740141	0.01107637402264	77.3570703561882
408.002054276735	444.563306597122	3.11443560046664	74.4555232981244
408.501645188931	348.392971579181	0.0120636385545958	77.352729073013
408.50157677978	444.550273913719	3.11549132525319	74.5310395557454
409.001592816114	348.399008673983	0.0120793179182836	77.3258822303189
409.001163399344	444.537728226994	3.1160872916093	74.6003520254804
409.50139872757	348.404761584674	0.0112411556572361	77.2941622513036
409.500816919116	444.52508066006	3.11485669448763	74.6605021133721
410.00114931551	348.410038889437	0.0101886722638602	77.2832363102942
410.000409142113	444.511529906139	3.11258892139869	74.7160447199754
410.500977963309	348.414858459658	0.00969912051226162	77.3070090626537
410.499895139804	444.497130062589	3.11155460222442	74.7720566011828
411.000955573652	348.419706071874	0.0101794464377106	77.3564804228602
410.999413934503	444.48282591598	3.11290932609782	74.8271751291527
411.501033749482	348.424967401816	0.0113893166230045	77.410331205349
411.499087831931	444.469505467941	3.11542301796765	74.8728785437469
412.001089435741	348.430898178552	0.0126312326338403	77.4522333007413
411.998862707523	444.457279921663	3.11726290223907	74.8944029659069
412.501043519041	348.437293578237	0.0133867001585235	77.4814610853095
412.498617147013	444.445595765986	3.11787987657712	74.8794692964749
413.000921489998	348.443967099741	0.0138043360614858	77.5095498101018
412.998262569946	444.433925511818	3.11731990267752	74.8265674912451
413.500808938504	348.450852671191	0.0145160734373339	77.5482888150053
413.497707108896	444.421534244699	3.11518014875037	74.7418036366659
414.000745194184	348.458265261164	0.015932260119067	77.5979949485422
413.99692497479	444.407720280644	3.11175502664952	74.6298958131551
414.500690510884	348.466483713079	0.0178270945917115	77.6463101026716
414.496079003256	444.392153041917	3.10890586925148	74.4904966216036
415.000579189484	348.475628769537	0.0196324309089961	77.6752504104312
414.995434762755	444.375631268107	3.10824071418362	74.3210921144539
415.500382377468	348.485520764558	0.0209561997671001	77.6719382722619
415.495048281875	444.35904019814	3.10922105408548	74.1267807576752
416.000114122606	348.495910433256	0.0216818274733217	77.6381661499934
415.99477020271	444.342982877657	3.1104713170296	73.9236899289321
416.499818034956	348.50650715133	0.0218098462763086	77.5912772254207
416.494526572926	444.327343520356	3.1117485737584	73.7412406669796
416.999542445397	348.517035729541	0.0214160569645877	77.550069657232
416.9943950563	444.312440020462	3.11344232778384	73.6055979629955
417.499303740434	348.527297213802	0.0207233702647621	77.5139793797388
417.494303007898	444.298192834417	3.11483850596375	73.5174330429528
417.999073814176	348.537236463864	0.0201623580743822	77.4624266322363
417.993939756169	444.284245330968	3.11435537009811	73.4398799833339
418.49880614174	348.547084713309	0.0202343476902313	77.3818775726224
418.493026369413	444.26909788228	3.11131553535478	73.3329668203258
418.998469537771	348.557190148622	0.0211751799951012	77.285117904011
418.991748371241	444.251908371726	3.10738975039577	73.1859243938721
419.498057114959	348.567962364598	0.0227269035099129	77.1947648039717
419.508443690601	444.231249158705	3.10516713419885	72.9691213266265
419.997605095179	348.579493308616	0.0242177504924344	77.115911373506
420.007346665761	444.211465752673	3.10563722231784	72.8786890759907
420.497182325756	348.591686087047	0.0250860716738524	77.0338835078264
420.506255619911	444.192510979956	3.10652941068137	72.8327946510813
420.996830184212	348.6042128948	0.0255201700005977	76.9295891729279
421.005655322014	444.174122913919	3.10554897606369	72.801223300124
421.49647157339	348.617168010426	0.0264334956218263	76.7910601401491
421.505352904891	444.155040656793	3.10280303655189	72.7527533065721
421.995949287245	348.63089069497	0.0284801584059615	76.6164246184039
422.004918404915	444.135137743079	3.10044348472195	72.6577880647339
422.495142937925	348.646019296167	0.0313828532657417	76.4176594599227
422.504224928541	444.114759756581	3.09947682876334	72.5289982244246
422.994082510378	348.662709273482	0.034425686420325	76.2102066550929
423.003469050415	444.094463393804	3.09882523622454	72.3827122379528
423.492924727357	348.681108869724	0.0372681740895578	75.9953344791815
423.502783307614	444.07377931809	3.09685836935476	72.2491715898608
423.991870283328	348.701004050777	0.0396770480880416	75.7553976676326
424.002063238495	444.052232798056	3.09440640477337	72.1332412665357
424.4910085956	348.722338735459	0.0412546020195971	75.4832953364716
424.501196139893	444.030084143457	3.09416717454875	72.0509776178544
424.990262746246	348.744507963472	0.041896780885846	75.1990360788431
425.000325417503	444.008712285017	3.09728170328299	72.0047988475545
425.509850971442	348.768958319299	0.0425476899698285	74.8806926739162
425.499623018269	443.989023114406	3.10084223184085	72.0088142956668
426.008956309859	348.792396701261	0.0442227709732432	74.7090571766411
425.999003928346	443.970386371755	3.10149528311618	72.0467459391054
426.508224451349	348.816487852126	0.0472796198475512	74.566502547344
426.498257644506	443.951255978886	3.09894642551495	72.1095832804494
427.007450817526	348.841496854994	0.0507557144936381	74.4192129168046
426.997303903814	443.930605984057	3.09591349896041	72.1773177217321
427.506492064022	348.867475509779	0.0534973198620585	74.2569488508547
427.496252335489	443.908703432881	3.09456310367014	72.2538303792085
428.005349339413	348.893828459156	0.0551080970963136	74.0831434934286
427.995275422584	443.886288000225	3.09540291292196	72.3327485987578
428.504082168057	348.920455945435	0.0565508995824534	73.9330994040995
428.494492753798	443.864261705619	3.09751417451011	72.4245612306569
429.002737682148	348.947536247338	0.0587186667976083	73.8265378446133
428.993901225484	443.842878985122	3.0999616659792	72.524718980145
429.501301505973	348.975609705971	0.0616459917521716	73.777134597241
429.493418201829	443.822293493485	3.10195988384313	72.6422219592236
429.999732638944	349.004870505037	0.0643569898814211	73.7669599225576
429.992951109947	443.802046586971	3.10348873560182	72.7701663628517
430.498011451758	349.035235260039	0.0663115518046436	73.7940536919263
430.492502028945	443.782164987609	3.104937967238	72.9128741866246
430.996178045283	349.066497236455	0.0672524575068734	73.8588634285697
430.992115646093	443.762493937366	3.10682991258003	73.0602876064472
431.494313597921	349.098374974048	0.0673551857477685	73.9822963930243
431.5071978735	443.743310823112	3.10908264749347	73.3141783523338
431.992456250939	349.130742913086	0.0665344850012167	74.1586215819836
432.006557674398	443.726409778738	3.11101036250641	73.499791036895
432.490561151102	349.163359136187	0.0651381568769096	74.3776438381723
432.506211002868	443.710608807037	3.11202155605224	73.6672583236568
432.988526647272	349.19641199961	0.0634045911868724	74.6108061285752
433.006099378201	443.695071532581	3.11177443938812	73.8026875817244
433.486329156895	349.229864256809	0.0615648840956973	74.8500413323516
433.506026544629	443.679355053483	3.11044398160025	73.9112190020872
434.013375754937	349.26515151981	0.059263616289454	75.2149917139829
434.005756738124	443.662953494217	3.10898754203315	74.013220486817
434.511799942169	349.295752549239	0.0567626684450749	75.5104192581375
434.505209620064	443.646285276829	3.10858108106423	74.124610355875
435.010185568182	349.324436339732	0.0539199816161777	75.7845825270825
435.004489805525	443.629902637317	3.1097083883994	74.2381340840711
435.50859133748	349.351170960346	0.0512650749124295	76.0363334402849
435.503788392654	443.614509949044	3.11165403984002	74.3416167949704
436.007110076685	349.376520162475	0.0495955607873879	76.2717191406505
436.00320297247	443.600083280186	3.11337155069507	74.437573077882
436.505786284067	349.401102375373	0.0494417211274067	76.4900630952915
436.502723279221	443.586424876485	3.11438276926843	74.540796554296
437.004479302853	349.425638522828	0.0500957462619056	76.6691734826081
437.002299033319	443.573104576983	3.11472380470911	74.6587950689645
437.503045726967	349.450091015322	0.0499078875041379	76.7798301467053
437.501900194214	443.559885957277	3.11452827643159	74.7849081095833
438.001555401552	349.473939700641	0.0481070155753136	76.8108402608049
438.001493901079	443.546527739951	3.1141340911011	74.9019733779953
438.500187540032	349.496725148143	0.0459723510756341	76.7756121383255
438.501059312628	443.533119534833	3.11417359475114	74.9881201213682
438.998948496627	349.518808790047	0.0453726704110762	76.6914232820162
439.000617423303	443.519973870953	3.11509023061618	75.0256370468271
439.497671335331	349.541155346622	0.0468402230604434	76.5607741302768
439.500218466753	443.507474259051	3.11659230200885	75.014384356774
439.996214527749	349.564623138798	0.0494904840985815	76.3764524417464
439.999879897913	443.495701776955	3.11785986919526	74.9755544989153
440.494556407249	349.589669447446	0.0523929909849401	76.1405980088829
440.49956189132	443.484335704609	3.11819322224197	74.9367896774592
440.992702688809	349.616417170108	0.0556670564416666	75.8710332983955
440.999202206888	443.47286033765	3.11739138674794	74.9131156869652
441.490519271389	349.645397999905	0.0602258382371125	75.5847541495299
441.498767164324	443.460744051669	3.11580000103979	74.9006649701795
441.987801416817	349.677417826254	0.0664301321384643	75.2798994284694
441.998281837182	443.447813092425	3.11419872429149	74.883231272058
442.484447720506	349.71359811157	0.0735292839254994	74.9458636054731
442.497800972672	443.434190130291	3.11336318905881	74.8423965634583
443.019637669861	349.758566153249	0.0810622636409576	74.4872964916018
442.997363164482	443.420344156196	3.1134154265964	74.7655611232803
443.516563848562	349.804221469734	0.0875511295905371	74.2124875093087
443.496948317434	443.406469822983	3.11367035784418	74.6523208281806
444.013014416086	349.85027815729	0.0930841135931083	73.950534683917
443.996510780885	443.392566781142	3.11341792053542	74.5138947902602
444.509080219737	349.896658909322	0.0970544520251735	73.7195466912573
444.496021469083	443.378271751889	3.11264632199836	74.3666175261512
445.004987320726	349.942870348256	0.0988573626297794	73.5224558846455
444.995510027474	443.363554698959	3.11184385799472	74.2225595986518
445.500967057023	349.988770035772	0.0991738622494039	73.378504183963
445.495040504062	443.348361263753	3.1113638137236	74.0902749904528
445.997049436574	350.034506145789	0.0987991337366006	73.3013315984871
445.994700685583	443.332998145465	3.11132765396588	73.975680972634
446.493081562182	350.080468511284	0.09801729439857	73.3154645947358
446.494515440103	443.317513900896	3.11163776795841	73.8820784503435
446.988939604539	350.126991099755	0.0961270532449962	73.4206677795611
446.994364182597	443.302129615267	3.11178242572124	73.7986263784617
447.484652173215	350.174017447046	0.0928291034276599	73.6131558436663
447.493976007731	443.286342284393	3.11087375759966	73.7000131221194
447.980327575241	350.221564706179	0.0879987155060537	73.8655191359579
447.993188780386	443.269642205334	3.10870465548308	73.5571749300207
448.519194646088	350.271990694505	0.0818904110631023	74.3263475893378
448.492109758043	443.251297955285	3.10625121725123	73.3673732339434
449.015785121961	350.313065237102	0.0767976645475999	74.6968680397145
449.008373307874	443.230421445123	3.10454826759402	73.1089427592663
449.512713170141	350.350715882872	0.0729145000987668	75.0099097056169
449.507911981731	443.20998793634	3.10353995006177	72.9598596516263
450.009799418068	350.385973377088	0.0700384626094001	75.2399765695502
450.007436767702	443.189573765385	3.1022160032014	72.8447426144839
450.506941812812	350.419331640471	0.0674808005970216	75.3728989448536
450.506918473633	443.168599299123	3.1000795227842	72.76636488946
451.004177549635	350.451148286239	0.0650396830975996	75.3963947857864
451.006193982603	443.146983061589	3.09774964731307	72.7045107298518
451.501554995744	350.481809267856	0.0635357592962915	75.2962231378384
451.505199890995	443.124774346813	3.09622643403376	72.6497514985084
451.998936878813	350.512203763103	0.0639639190384058	75.0567123475066
452.004080339591	443.102747175255	3.09630087422764	72.5851576984234
452.496065945376	350.543524692746	0.0666162643683709	74.6696806567391
452.503035307412	443.081469105194	3.0977386602514	72.5165319748141
452.992734931125	350.576957158461	0.0711753614001602	74.1453905303937
453.002167201959	443.06134110588	3.09960635159674	72.4468025566848
453.488809793298	350.613628561421	0.077300156997413	73.5149994343718
453.501442881871	443.042039219799	3.10061887017313	72.3958455833391
453.984154164856	350.654528517869	0.0847449769583159	72.8189477246434
454.000783033272	443.02299928039	3.10036567460717	72.3651740268634
454.478566948495	350.700850470019	0.0931794284324463	72.0910603838369
454.500125521724	443.00367783281	3.09945493012402	72.3611614124627
455.028949968677	350.760784396989	0.103151899326156	71.3248780603086
454.999457733616	442.984079520276	3.09925274443879	72.3705671332409
455.522761855347	350.816355919985	0.111442208322105	70.7213972654949
455.49881627077	442.964668715824	3.10033665402319	72.3945893289981
456.016005525432	350.872381945503	0.118335915182495	70.1508871811954
455.998219525858	442.945853273224	3.1020486060189	72.4267859242704
456.508902092161	350.929205180637	0.123389552210503	69.6626789637091
456.497583214831	442.927533314457	3.10271336613013	72.4789193144004
457.001652436798	350.986840252903	0.125823429589048	69.2933030045778
456.996769842334	442.908874200254	3.10155393087807	72.5472895928066
457.494345474915	351.04516670712	0.12525629580473	69.0580804388988
457.495760558251	442.889146416339	3.09925949673416	72.6343874976176
457.987072078703	351.103908804895	0.121295139624241	68.9217735535543
457.994700065468	442.868010454041	3.09750820837183	72.7231025128156
458.479965023503	351.162812795044	0.114819391930919	68.8483444240382
458.49379421938	442.846031169126	3.09738514217152	72.810021264741
458.973090521739	351.222083800124	0.107251726726689	68.8019360984767
458.993182551092	442.823914981083	3.09930651171885	72.886088334481
459.525460676877	351.285586770608	0.0999464391999284	68.9747253758825
459.492913497763	442.802788035749	3.10288676876906	72.9617773096932
460.019455782116	351.335568752739	0.0960305380055794	69.0066320541601
459.992861163898	442.783169346434	3.10710321615429	73.0386435122462
460.514051578997	351.382863997774	0.0950667478246418	68.9407526984313
460.49271532597	442.76525827338	3.11020526836364	73.1284904498683
461.008705224391	351.429335840875	0.0966167259139061	68.7335844178482
461.007302755154	442.747484986504	3.110969540968	73.3178792287778
461.50299597752	351.476323460976	0.0996817886755108	68.359339701312
461.507243465467	442.730765121653	3.10955552475221	73.4712127215082
461.996786239423	351.524950889486	0.103590350422955	67.8211982998869
462.007179688286	442.713193250259	3.10767770463527	73.64289805422
462.490069195303	351.576340805817	0.109000099348087	67.1560311805562
462.50678736723	442.695218640921	3.10700610205408	73.8330967598231
462.982679509991	351.631946650272	0.116891467825678	66.4233579111926
463.0060357698	442.677504866478	3.1081877550801	74.0368594793741
463.474194147699	351.69397979715	0.12795474206614	65.6902431492491
463.505154829391	442.660983042658	3.11054782770797	74.2491946175408
464.032175103756	351.777381585504	0.144121639364855	64.9347256494391
464.004367853011	442.645786006364	3.11302577138999	74.4593886482345
464.521257247407	351.854894183129	0.158297452532279	64.5824651557792
464.503777629356	442.631863762908	3.1148646208437	74.6522270952039
465.010028735048	351.932908503497	0.169061757826659	64.3898021957814
465.003382906721	442.618667911809	3.11572116317446	74.8096482616562
465.498153908947	352.012071185647	0.174656476269589	64.3612279111388
465.503132880716	442.6057686539	3.11550956277791	74.9218699857973
465.985573428496	352.092698614398	0.173583839534821	64.4766029149606
466.00290675494	442.592625127928	3.11467153654135	74.9925497723243
466.472614439516	352.175028089265	0.165467697579367	64.7074832084625
466.502591854579	442.57918987841	3.11398028453737	75.0381350448643
467.0337485947	352.273004178556	0.149920531085164	65.1500375409439
467.002181357229	442.565549237562	3.11373277341056	75.078863222198
467.52259100037	352.346154801384	0.137410892616273	65.565369248304
467.501748643047	442.551871774077	3.11350960268628	75.129543320944
468.012887912835	352.411030614441	0.12846724385627	65.8386443372844
468.001309389005	442.538054756277	3.11313992490035	75.1903964977905
468.504125193785	352.471168995664	0.123606940638413	65.9334731507618
468.500836395205	442.524205520463	3.11324874374242	75.2462580866192
468.995789167721	352.529631020147	0.122803389711906	65.8480904975918
469.000356313655	442.510676191631	3.11434205874037	75.2769158715402
469.487249610317	352.589349920215	0.126731434985771	65.5979518774148
469.499932011306	442.497837981706	3.11589885044463	75.2718629636702
469.977695351625	352.653655822781	0.136143544858389	65.2156303011654
469.999571385593	442.485666148262	3.11703854417108	75.2353393101842
470.466222198352	352.726751169422	0.150670015485762	64.7616535068675
470.499237959248	442.473853617326	3.11749807770124	75.1793255093483
471.027706978456	352.826064193943	0.170112342126759	64.3554564563159
470.998899276035	442.462114029869	3.11739153579831	75.1137752668833
471.514314396363	352.911761103013	0.182852808644626	64.2148891318738
471.498517877441	442.450131033869	3.11662631758574	75.0414409570777
472.000452759488	352.997245186999	0.187738330474584	64.1982324830977
471.998054824829	442.437592806677	3.11516221906215	74.9584018429976
472.486306307424	353.082789340058	0.184273872536829	64.3117867725817
472.497510470745	442.424193117369	3.11344820015107	74.8577902480194
472.972093290482	353.168944297512	0.173437816548932	64.5340850249192
472.996946464154	442.4100112887	3.11214915597945	74.7343384612026
473.535907335475	353.271664064471	0.156693983845139	64.9895204166861
473.496443074873	442.395265572745	3.11165260340328	74.5901841765919
474.023754945381	353.348352517533	0.144701561989363	65.4378470512304
473.996089345114	442.380449547239	3.11206879252756	74.4382890250396
474.512999944784	353.416751153691	0.136737483393951	65.7400112316419
474.495919607867	442.365871931495	3.11311165600225	74.3008838531475
475.00298156602	353.480793792819	0.132809573937823	65.8492217946688
474.995770618033	442.351738269423	3.1137269264551	74.1921025250143
475.493234768665	353.543782952405	0.133569272378164	65.7711380553618
475.495250888038	442.337339157068	3.11241524548272	74.0986163548458
475.982972019114	353.609370322713	0.140740063478339	65.5303636912988
475.994131929199	442.321647332583	3.10887556021682	73.983105340372
476.470772839317	353.68242352728	0.155786704286697	65.1696021059799
476.492712159503	442.303705274434	3.10499947954874	73.8224025037881
477.036926756128	353.78747841738	0.181070595317728	64.737033494334
476.991658045401	442.284057638253	3.10323591167178	73.6289524952448
477.521175910244	353.882910570538	0.200653117410225	64.6800480242513
477.491349252384	442.263781228432	3.10407743791086	73.441813384696
478.004051354118	353.978134272252	0.210089735464059	64.796368476247
478.008417911254	442.24322852225	3.10622510593468	73.2090186988714
478.486332194465	354.073398187057	0.207546387700448	65.0945883062329
478.507165472182	442.224043286396	3.10779716443258	73.129927071356
478.968750882788	354.169358595398	0.194020570104282	65.5481931750529
479.006480893765	442.206000406508	3.10826613752112	73.0647260916554
479.536666528648	354.285022786962	0.172292156275979	66.366747658515
479.506003228771	442.188290233768	3.10797375773373	73.0089263553779
480.022548453815	354.368390642126	0.160337411629425	67.0979259572312
480.00551788752	442.170772375666	3.10714610775411	72.9570406134828
480.509775486666	354.444375379925	0.158488607734753	67.5739261956653
480.505073206941	442.152843914805	3.10526134320453	72.9197686411432
480.996349382772	354.519926593934	0.166661837624391	67.6750504272231
481.004665326079	442.134131079041	3.10247768704813	72.8887701491442
481.480370385136	354.601892945445	0.183760171829536	67.403789150566
481.504108305299	442.114376780175	3.10014234805985	72.8547258698117
481.959812774381	354.697923703312	0.207915290832768	66.9094686832302
482.003347440684	442.094288806457	3.09951129078185	72.7913833302267
482.534929748102	354.839848650992	0.236370171056363	66.6227082404801
482.502569951227	442.074376187831	3.09962781420229	72.7005412844226
483.010583304796	354.952190076465	0.246243118904711	66.8028810893607
483.001937446889	442.05444829742	3.09812500992478	72.592144174704
483.486270988854	355.062219007678	0.242382057430698	67.235687373902
483.501335222643	442.033096719642	3.09304973630514	72.4981609808085
483.962309790816	355.173432503013	0.226672331675582	67.8238852425704
484.000417259335	442.0085761455	3.08428968576325	72.431711015092
484.537856063203	355.312900089483	0.205989157663038	68.8709106643716
484.498738220432	441.979109319508	3.0717094337405	72.4106979875998
485.018520646882	355.410520529627	0.202677700608315	69.6010995760069
484.995464981873	441.942308624801	3.05315463098748	72.4356660677566
485.4988094618	355.505495036269	0.212446694247117	69.9586552241128
485.488445531367	441.894002635625	3.02490337113226	72.5255334375609
485.975267555899	355.607852779122	0.231781727836141	69.9404288629792
485.973552597694	441.828304626034	2.98728552424085	72.6946748420891
486.444631500972	355.728599835207	0.255782311419113	69.7182933642239
486.557084199088	355.766962324664	0.261444909518906	69.7687856358176
486.545921467306	441.713998859988	2.93621842890244	73.0685777870814
487.026250863189	355.896313548466	0.276747348678052	70.0674391361267
487.026883627251	441.599392988183	2.89057416806798	73.5942435212013
487.494837484556	356.020101171189	0.27896903342346	70.4773655520626
487.492749974406	441.477086463944	2.84779362250871	73.8893641428435
487.962425109095	356.145979582862	0.269068794766485	70.9242670839912
487.944131370694	441.3397973372	2.81132555758981	73.7459827103401
488.545381732652	356.316912428348	0.250494333253253	71.8416062675892
488.5389795597	441.104299792463	2.77767860821062	73.7001399929958
489.017231653844	356.432094113518	0.24755086568024	72.4245815198593
488.980862552006	440.94937599619	2.77310010460185	73.8045109421959
489.488019181497	356.545386752344	0.257964223319551	72.5407411004773
489.577358229143	440.707942764812	2.78691134813353	73.8184340962807
489.419736251915	440.78686043305	2.78168025124105	73.7136471948746
489.952425095806	356.671215344406	0.280417062809103	72.2574308938477
490.019022941461	440.551139951801	2.79352531365043	74.2087388251264
490.539727293125	356.86679744204	0.312620216707452	72.2846223356965
490.463291484534	440.402404372221	2.78762347788526	74.113358516033
490.997916479768	357.006768459379	0.322928946587128	72.5170532625975
491.059859799498	440.154056203512	2.76579642499777	73.7693149576795
491.452855971533	357.150888835385	0.318544391468917	72.7380814329826
491.496970917971	439.992260726369	2.75925880809982	73.8956264894911
492.043651605645	357.358344196489	0.302283295040128	73.5163389110954
492.094639382935	439.747372617542	2.77275127327606	73.772318660894
491.933635902527	439.829319467287	2.76656354369848	73.8204078733087
492.502624583586	357.491681862129	0.302288554586098	73.8568637619999
492.530808469967	439.581645121473	2.78619917936793	74.279436804405
492.957855229845	357.628951574014	0.316297202967892	73.6623298369836
492.974451626144	439.431954207949	2.78848657062211	74.35818956906
493.551100011264	357.852707548097	0.346198974791521	73.4795530151525
493.57219963269	439.189386949525	2.77363228169194	73.9852640880746
493.413278893172	439.27027756747	2.77894039398399	73.9798191185695
493.998250064455	358.004920203196	0.357431747187325	73.5677593966307
494.010237552072	439.026724293672	2.76637150781541	74.1661606554304
494.441418345734	358.162109346408	0.357065131600561	73.5545262977932
494.449904548492	438.868573761428	2.77127004276521	74.1625627264233
495.036400244815	358.400524581418	0.352054202912108	74.1574511048815
495.045641613378	438.623019422066	2.79142249895397	74.4810520281625
495.480286488297	358.551917173059	0.362402836537872	74.2935789254397
495.490489824319	438.474320337428	2.79533035939659	74.6548831660857
495.913141476496	358.718548594286	0.384161867480938	73.904029721977
496.078048811048	358.808493511813	0.394477895358719	73.9744800606212
496.092426314129	438.242270245526	2.77834827125652	74.041020934862
495.9329335588	438.320968217831	2.78531837356492	74.2882803737306
496.508388018825	358.980256704164	0.412063115218532	74.1147724652186
496.528285169032	438.073017352396	2.76429803892657	74.1493122020167
496.932901314221	359.15335897991	0.41832933510011	73.9106031875411
497.107277852429	359.256214623082	0.418825056061588	73.8401479363427
496.966828641498	437.914631002787	2.76318226027115	74.1119365212445
497.527695174058	359.438702517241	0.422786504364052	74.2679888126019
497.562019961663	437.663754010592	2.78021265714525	74.2180354599691
497.94747502048	359.612135363324	0.436700915210436	74.1632690303388
498.00357014015	437.509554218419	2.78909995184963	74.5310476056489
498.53891693701	359.922635287195	0.470000595528925	74.24169697997
498.447219055772	437.35787838108	2.78713299784693	74.3200851374513
498.942481513861	360.108770450773	0.488924391417166	74.2453321059567
499.042195410725	437.112157040497	2.7728645972503	74.1411750080006
499.527722179363	360.451225026617	0.515886120885122	74.6654965912784
499.483142188295	436.955432399627	2.77049369139995	74.2172259831592
499.910670652922	360.648264080396	0.541603503579492	74.5143836430903
500.11577296589	360.814797934113	0.559614818710665	74.4663276181589
500.079686578535	436.712578135502	2.78362292589466	74.2444212169286
499.921266125663	436.792481881657	2.7782029322783	74.1435906979026
500.48332088953	361.024993222739	0.590223775317171	74.8340112905082
500.520372667406	436.554444772062	2.79262543669537	74.6996257084463
501.045976959012	361.437934666822	0.637808413722537	74.8102489994798
500.965103268344	436.406545637192	2.79262274441733	74.6526420342937
501.378193804923	361.655580855464	0.663489487264029	74.4042879261149
501.600248271347	361.877132933628	0.68292337462317	74.6180231435487
501.562344374463	436.164787958731	2.77787682965252	74.269843736196
501.916688230249	362.097753483925	0.703535924304028	74.5643786722352
502.143500366652	362.336875249996	0.717841002186218	74.4242383586771
502.002285984589	436.006019686279	2.77087633459647	74.3664911868897
502.443588429851	362.562437942559	0.730467972517215	74.6326226580582
502.675651393381	362.809316815001	0.737716579615516	74.250124940752
502.442082030169	435.847610708395	2.77340625438549	74.3211767230491
502.963963231813	363.03869346935	0.742728252330297	74.5846779274409
503.200797999651	363.286819049679	0.744848504833458	74.0085340075582
503.038181996004	435.602076393823	2.78730336402355	74.7536735094726
503.481947033941	363.519133892203	0.745961755609331	74.4096024208478
503.723759449317	363.765115722691	0.746691757114646	73.6544613244977
503.482061468304	435.45218009412	2.78826162840866	74.9349049010016
503.999233352722	364.000807259963	0.747048051066051	74.1051490688239
504.081039416208	435.212107667851	2.77440197601624	74.525679921782
503.921910129691	435.293540762689	2.7795347168203	74.6065748929073
504.51621263273	364.482946020983	0.747020418204054	73.7544743764522
504.51817642344	435.047333271154	2.76679395749121	74.7061793422216
504.786119084966	364.726200887347	0.746248389927878	72.6889362328277
505.033305745632	364.964816281587	0.745511619187591	73.4144675403924
504.958067915079	434.890180748682	2.77101359744129	74.667090809854
505.309474076793	365.202429392219	0.744346911091548	72.4627956238926
505.551035367483	365.445901112401	0.743797987994594	73.1014845873667
505.553744075435	434.644403987813	2.79008189434748	74.8212344175307
505.832088857178	365.678494053821	0.743732384053735	72.258985163639
506.0692893935	365.926799953502	0.744714362708305	72.7510163574205
505.997945437482	434.494442644725	2.7956925250395	75.0067892301784
506.35284125886	366.155706821423	0.745356786730067	72.0272928035997
506.587029317124	366.408455132759	0.746292659584424	72.3655680304852
506.441660394858	434.343037750266	2.78849741934507	74.7022502720017
506.872437617314	366.63481836932	0.745763638454205	71.783312963092
507.104341269303	366.890032600889	0.745529543895494	71.9674790940896
507.036923473477	434.096837876363	2.76958384915704	74.5957907498825
507.392001996783	367.114561208192	0.744034490847287	71.5559192567126
507.622549497859	367.370578643624	0.743888832822778	71.5605653037698
507.47679459476	433.939554967549	2.76693824349462	74.7112929910648
507.91122727588	367.59405319252	0.743742638391319	71.2938769299628
508.14217757567	367.850967353201	0.746435175357395	71.0725560805664
508.072774834693	433.692533735582	2.78170966508392	74.8530846589512
507.913113977076	433.773412706241	2.77610846142805	74.6622430645726
508.428520135425	368.075023482835	0.748181037265888	70.9437846401579
508.660747975054	368.333179198153	0.751708170678249	70.5437565555669
508.513544027025	433.535779891077	2.78835591137734	75.2855019317021
508.943383251253	368.558947756318	0.753643931582955	70.5710247136242
509.176925934473	368.817356846081	0.75677798799348	70.0590157822985
508.95623906189	433.385386153819	2.78345544614348	75.1425822009348
509.456004871709	369.045603216407	0.758026500149388	70.2461883906226
509.691073683128	369.303233480542	0.759251689884594	69.6479852049233
509.552967499999	433.135405035749	2.76710207563153	74.757647565933
509.967470103294	369.533666065493	0.758634362231053	69.9444903006658
510.205207776942	369.788963325385	0.758775806973858	69.2323796432652
509.991372045522	432.977768765336	2.76829370291621	74.6804191574349
510.479037459734	370.021702528693	0.757574557540251	69.6083657487929
510.720003388616	370.273588774639	0.757441246285129	68.7806559522155
510.590078311391	432.739482533593	2.79117442972485	74.3322904475198
510.430763881301	432.81761017979	2.78310099791357	74.3746199782096
510.99108974142	370.509244337943	0.756677086927921	69.2243430406114
511.235909139644	370.757009539094	0.757410405082461	68.2839707120339
511.031261745141	432.584744650533	2.80824610456924	74.5343576581178
511.503080420934	370.996800849818	0.757430004153226	68.7777123960601
511.479463804899	432.444263100557	2.81287006134754	74.247232883555
511.764845381074	371.245857473198	0.757533359616878	67.6025365863422
512.014799564851	371.484661921724	0.758085181505819	68.2556222580837
512.084747330651	432.21779928013	2.80040816904802	73.2595860313373
511.922835810785	432.293892785162	2.8054224102331	73.4451429091148
512.279901167109	371.728644034288	0.759951863087492	67.135212820488
512.525480198754	371.973943766879	0.764065799003019	67.7014373254808
512.525946961365	432.065532658133	2.79362609743985	72.8653889135874
512.788731776746	372.214751040812	0.769950215850651	66.6825209029925
513.032152782546	372.468047041394	0.778593038763874	67.2124346879825
512.968176788971	431.920303584035	2.79680918398368	72.1864372781707
513.288558829819	372.707140506818	0.788759175626997	66.2727087556272
513.530192014308	372.971257125427	0.801213207777801	66.789153626773
513.576366664257	431.684805706494	2.80721350643762	71.1642524632024
513.405007650377	431.762228172821	2.80546946718864	71.2134970849175
513.775515464046	373.20994989356	0.812471500812524	65.8377657181941
514.017065104365	373.484536931268	0.825801639005127	66.3699696239866
514.017174501525	431.541256397689	2.80496761992141	70.390520588747
514.491134690974	374.007602782365	0.85318377797682	65.8822542171679
514.728014786229	374.313974022033	0.874273187322904	64.9304012835795
514.455715659303	431.396730580823	2.78724455334047	68.9431288833744
514.947263235683	374.541704968681	0.893462682538459	65.1681104392778
515.168553762869	374.87906254524	0.938135903850493	64.3056260156068
515.063421655414	431.122070316719	2.71107452223595	66.5271026076473
515.363938920428	375.091804940311	0.973504036162602	64.0086222971623
515.561814184265	375.465426293043	1.05739800306988	63.3658792037235
515.466493697105	430.9439780486	2.6406245476428	64.7404685545396
515.85816882414	376.05314582244	1.20384767406147	62.4249599456283
515.994801474432	376.501276871695	1.31123647658812	62.3627701741732
516.093647773216	376.986612983853	1.41323600402961	62.6019164298821
516.153227337934	377.488400967871	1.48697816495909	62.9130291270693
516.185767206538	377.992691284479	1.52582237507133	63.0882016993262
516.204670208848	378.495214215192	1.54217802238517	63.138623976292
516.218234720417	378.996079696122	1.54832362899781	63.1335140785198
516.229720905038	379.496212776024	1.55073901311511	63.1283905239983
516.240467999316	379.996298797308	1.55231756594372	63.1345795442976
516.032130865484	430.534257515457	2.40848159946602	61.6129375120598
516.250352627649	380.503242504039	1.55451836349774	63.2206543596375
516.258370438578	381.002540838579	1.55768228207818	63.2624597309969
516.264483656473	381.502024964168	1.56076059495419	63.3065775010256
516.269468730785	382.001965558869	1.56195222906186	63.3461277358999
516.27445800158	382.502465492332	1.56027179451043	63.3789993397731
516.280986456829	383.003230369452	1.55681057114224	63.4073699644653
516.289100120906	383.503689374495	1.55415276217768	63.4392679737374
516.297962646068	384.003505337422	1.55422504879891	63.476162756845
516.305954748765	384.502870927483	1.55669464295281	63.5136036569298
516.31250348734	385.002217265081	1.55962936626397	63.541687844926
516.317728657807	385.501835468878	1.56120040866899	63.5585701115522
516.322714449032	386.001757611205	1.56086961282031	63.571084325848
516.328137393115	386.501855399285	1.55932103586415	63.5880772024236
516.334465713807	387.001971232462	1.55770966087921	63.6095941304613
516.34134038274	387.502019687675	1.55683021951052	63.636366884361
516.348496369587	388.002004578477	1.55676610167414	63.6748254663304
516.355513699958	388.501968072557	1.55706303962973	63.7316234614963
516.362458099187	389.001906097319	1.55733413857234	63.7983127611156
516.369197265966	389.501767662096	1.55765671660519	63.8539798592244
516.375692302078	390.001530268325	1.55842060784334	63.8800871920466
516.381546454256	390.50125460634	1.55976143991979	63.8779132551601
516.386667663635	391.001030752869	1.56129225464423	63.8649897288844
516.391053259174	391.500905520906	1.56234612278627	63.8577380132509
516.39516416639	392.000861834884	1.56255704673388	63.8571042898739
516.399303998916	392.500868060944	1.5620509404668	63.8560060330534
516.403851961487	393.000929530024	1.56099122705788	63.8518690923232
516.40899754503	393.501064043399	1.55935891055905	63.8499244715889
516.415046088584	394.00121201066	1.55754217455059	63.8544387739396
516.421782854027	394.501247100737	1.55658921361208	63.8625753540173
516.42862606233	395.001112246694	1.55729996095519	63.8651731115235
516.434753061412	395.500887725981	1.55924266893175	63.854815253011
516.439924134369	396.000693750422	1.56110893506623	63.8318092430691
516.444399001643	396.500587980139	1.56190972398877	63.8061039459609
516.448783184023	397.000545358306	1.56169371580371	63.7922669954128
516.453358957932	397.500510384206	1.56122004213632	63.7991481238728
516.458127430074	398.000459926545	1.56105285273962	63.8220828136995
516.462896366881	398.500411788347	1.56106192779858	63.8459999463011
516.46770270004	399.000377763229	1.56085531368233	63.8563283888004
516.472651869169	399.500343798095	1.56040501416363	63.8497073584206
516.477842282726	400.000294614738	1.55998980005349	63.8367582351832
516.483205564773	400.500231587755	1.55975686942024	63.8334121699344
516.48868133198	401.00015956444	1.5595916103183	63.8448485747084
516.494242297871	401.500080739913	1.5593102928677	63.8552926934441
516.499942691867	402.000000771285	1.55887265092015	63.8390852251066
516.505815706318	402.499926070511	1.55847111039872	63.7879041680334
516.511761507727	402.999857076961	1.55853827757172	63.7250392291446
516.517486550816	403.499793851024	1.55941616185212	63.6872109213801
516.522652982289	403.999738261254	1.56076675139121	63.692730866954
516.527278605132	404.499684424058	1.56162823416027	63.7262066966964
516.531754186094	404.999625594271	1.56140807106564	63.7496525464632
516.536527946544	405.499573682354	1.56065494947952	63.7281425788403
516.541542560137	405.999557987564	1.56052868988289	63.6521585506768
516.546344134791	406.499590552157	1.56161975523429	63.5429862712936
516.550384317865	406.999638295566	1.56343177989609	63.4382830705002
516.553628594626	407.499642753419	1.56479575766354	63.3671255995272
516.556519427439	407.999574486457	1.56473706057038	63.3313019974039
516.559869970123	408.499449970415	1.56313525061373	63.3066073012764
516.564226236464	408.999294641664	1.560708469009	63.2639937051539
516.56978944174	409.499115439115	1.55846905534324	63.195254847482
516.576198432109	409.998930838372	1.55720341850677	63.1173450320051
516.582968001723	410.498791314724	1.55710290290681	63.0514641816597
516.589571740471	410.998723467914	1.55764594160221	63.0028229334771
516.595988254153	411.498676041423	1.55797191050186	62.9628754376646
516.602363520725	411.998602788301	1.55773798392234	62.9188364314691
516.608948763955	412.498549466842	1.55749580640956	62.8575403169561
516.615474449806	412.998577879612	1.55794282636203	62.7697926997496
516.621695487111	413.498633336485	1.55895550502941	62.6640020965341
516.627408787361	413.998597487628	1.5597213802455	62.5653256094097
516.633016007703	414.498438377164	1.55957175385077	62.494585463289
516.638847624739	414.998234319046	1.55863328643944	62.4490001238713
516.645245604735	415.498063503894	1.55764692610386	62.4126688683913
516.651981280193	415.997932246535	1.5570784519768	62.3726057755529
516.659054637485	416.497788695328	1.55660861248363	62.3220142228689
516.666416921606	416.997602696418	1.55581978692407	62.2531097106692
516.674346535952	417.497410777032	1.55500186390162	62.1647176364878
516.682495059688	417.997287063429	1.55499691428732	62.0684858297867
516.690473913908	418.497251185145	1.55613686418393	61.9862699667409
516.697669792242	418.997233969424	1.55761874077432	61.9306249470478
516.704427917837	419.497141897588	1.558095208578	61.8963337270147
516.711220346132	419.996997110214	1.55729295890621	61.862725310651
516.718632676163	420.496945997856	1.55644883578396	61.814693043757
516.726144218105	420.997087215809	1.55673874596564	61.7500927633704
516.733398781956	421.497308743461	1.55781586671077	61.6791691205799
516.740030813892	421.997403823573	1.55866582336201	61.6108867795598
516.746523248591	422.497277775349	1.55890104443753	61.5559256594061
516.651501690364	429.546718157792	1.87817926079359	59.3730256642748
516.468242314957	429.982304763103	2.0790473225115	59.490271546337
516.272456048693	430.30794076741	2.26424932611034	59.9344461725985
516.753132671684	423.003017938685	1.55868360919634	61.4580312009687
516.760199501901	423.503150682218	1.55787278960791	61.4581382692352
516.767773928429	424.003335347522	1.5561687556331	61.4645911190835
516.776537521634	424.503477995524	1.55379794748267	61.4587090202843
516.78630591223	425.003452027393	1.55183523045078	61.4180727975258
516.796675991879	425.503170350945	1.55160792531449	61.3479525562786
516.806272696153	426.002669476255	1.55384370545541	61.2633119593728
516.814173086896	426.502118406834	1.55780083492923	61.1934624893757
516.819781083978	427.00176144896	1.56175828163006	61.1463589108353
516.823488543268	427.501502600099	1.56546988392411	61.1193283747274
516.824172735802	428.000178557693	1.57404537523587	61.0646542185586
516.816178660615	428.49461515085	1.60215215527921	60.8531644387226
516.782222756966	428.977079812637	1.68029086437621	60.2939370771592
