277.678704879246	384.016660268681	-1.47004589042666	65.6870759147156
277.645504324586	384.505101668845	-1.53331290551987	66.1739172093335
277.635524631641	385.000540100221	-1.56519236947796	66.3936001228132
277.636842290594	385.498624409711	-1.57959543392952	66.4236049376096
277.642946872994	385.997835709015	-1.58534131459123	66.3594134133528
277.650855866292	386.497540676857	-1.58690298209388	66.2650182627434
277.658990822863	386.997408024879	-1.58672448308203	66.1742620571044
277.66698697991	387.497245941628	-1.58619846649083	66.09589251372
277.674767177866	387.996973559798	-1.58612896385336	66.0131725680979
277.682868056923	388.496590086496	-1.58694481370163	65.9019326429661
277.691609343481	388.996163018506	-1.58860299188563	65.751490354692
277.701485132829	389.495775406936	-1.59064031481917	65.5794944259616
277.712348563666	389.995488506751	-1.59243005219237	65.4166934803809
277.72413058681	390.4953072484	-1.59346128809881	65.2846752021844
277.736145941125	390.995242996827	-1.59330870655743	65.1797713834569
277.74795240754	391.495314179243	-1.59185989363276	65.0907490019805
278.099219612568	382.549009607738	-1.09917392260609	65.0335221325303
277.929983827478	382.975265239611	-1.21199761638007	64.7035257514054
277.779718990454	383.452087521548	-1.34364715619509	64.8101349225094
277.759269617241	392.004466552136	-1.58960270206472	64.9479001689728
277.769248802441	392.504092246412	-1.58782884696552	64.8838281950608
277.778368548958	393.004026973928	-1.58746299273338	64.7993157296999
277.787695790743	393.50419135481	-1.5885662063728	64.6866856192484
277.797626141246	394.004438034466	-1.59053041845687	64.5431803200001
277.808632426227	394.504634274838	-1.59271949146254	64.3883505116398
277.820397716497	395.0046136929	-1.59432020761766	64.233833697024
277.832595130006	395.504222716266	-1.59460639290502	64.1001451662374
277.844388011762	396.003556753325	-1.59370853478864	63.9969124134433
277.855663521306	396.50292192645	-1.59279405281466	63.9391474456302
277.866503439284	397.002509667118	-1.59259406328494	63.9184321349583
277.877344518466	397.502246824837	-1.59274721979651	63.927305073709
277.888066564126	398.00203466344	-1.59273917502111	63.9456671311631
277.898783378789	398.501887080234	-1.59296807771879	63.9687524000987
277.909565632739	399.001787190632	-1.59354491930119	63.9845807370699
277.920494047239	399.501621113068	-1.59362532584641	63.995220537984
277.931061717109	400.001353794155	-1.59264497813324	63.9930346428372
277.941048036672	400.501079851523	-1.59159548986416	63.9842318414667
277.950633874653	401.000871003035	-1.59139898555582	63.9641479194102
277.960227010482	401.500696996814	-1.5915561229856	63.9402692867215
277.969713895694	402.000518768732	-1.59110571260398	63.9095180329144
277.978921846334	402.500348515247	-1.59054643897018	63.8825509546875
277.988111694579	403.000199846637	-1.59125692272432	63.8571703330039
277.998104527164	403.500035495415	-1.59383852873758	63.8377967910745
278.00954916181	403.999793454525	-1.59709470075816	63.8119933640873
278.022307089277	404.499468739306	-1.59913427489489	63.7816875862493
278.035549684054	404.999144079143	-1.59905532682582	63.7464996913824
278.048452971667	405.498894695755	-1.59790480318797	63.7267421936714
278.060915876889	405.99869956405	-1.5970902876363	63.7293301138924
278.073183158628	406.498496337158	-1.59690196281517	63.7613479497157
278.085419416574	406.998273974126	-1.59631599778959	63.8044792392505
278.097161600218	407.498080678852	-1.59456662138315	63.8464166388692
278.108008655137	407.997920055236	-1.59209241511092	63.8703320040666
278.11784872584	408.497696603623	-1.59039607606363	63.8857960581934
278.127397466606	408.997322265736	-1.5903111462724	63.8992692148247
278.137220040672	409.496859903705	-1.59130325486341	63.9206457080862
278.147703328803	409.996469366127	-1.59219299215713	63.9346909713126
278.158532466644	410.496264178574	-1.59248403982527	63.9379195905868
278.1695976015	410.996246322364	-1.59232075425025	63.9337224771616
278.180579984765	411.496337459871	-1.59207559420552	63.9516524861403
278.191674449509	411.996360641486	-1.59205613130588	64.0063766688253
278.202902607814	412.49612885681	-1.59251813354718	64.1010933977488
278.214687102167	412.995686721905	-1.59300402498262	64.2085168272771
278.226606170309	413.495405224682	-1.59243366751499	64.3084395907877
278.238103774641	413.995574740409	-1.59023970233882	64.3816947232423
278.248203392702	414.495985347098	-1.58745351875862	64.4276622092585
278.67338430055	381.628953990441	-0.920443149643348	66.3793672143378
278.460220021623	381.973634429338	-0.971512759469927	66.0786207959682
278.256923595374	415.003649326691	-1.58566195704658	64.5284249222263
278.264737415475	415.503828815161	-1.58558521706674	64.531937945556
278.272883524262	416.004121319874	-1.58647410993304	64.5313413304102
278.281341073333	416.504183863923	-1.58714370961617	64.5452214956026
278.289954503229	417.003905506605	-1.58683660163778	64.5723535693282
278.298010473226	417.503413688546	-1.58567968815993	64.6036268753211
278.305445927629	418.002906946189	-1.58441176590153	64.6363621290145
278.312275140659	418.502554130629	-1.58386160030516	64.6858692865352
278.319186682952	419.002444752659	-1.58442429439037	64.7698270629754
278.326579328664	419.502594177607	-1.58599228275876	64.8906097671665
278.334981211763	420.002912170827	-1.58806788748764	65.0239162338562
278.344278340912	420.503214277883	-1.58989767422577	65.1366863476993
278.354212635545	421.003284295057	-1.59051314880457	65.2084830719087
278.363877609374	421.503031338596	-1.58931670130399	65.2440431330059
278.372596673128	422.002570381098	-1.58679720656879	65.2598585775765
278.379964172475	422.502137675405	-1.58440176015055	65.2653515546394
278.386453909724	423.001864624111	-1.58322986062529	65.2566448461585
278.392576985806	423.501706420327	-1.58312540998313	65.2358563350497
278.398769410234	424.001567925155	-1.58330614473727	65.2214471505655
278.404993007871	424.501442911125	-1.58346180020586	65.2334163910748
278.411350324812	425.001368198564	-1.58376255928986	65.2707486335539
278.41784446422	425.501336014185	-1.58424201658611	65.3135150384714
278.424546520906	426.001284852942	-1.58454291925984	65.3412894277048
278.431207415835	426.501172782296	-1.58430700773864	65.3480295220293
278.437644191432	427.001017952687	-1.58364368465823	65.3417575677422
278.443739417194	427.500880402378	-1.58311422478224	65.3354975896569
278.449753604992	428.000796702639	-1.58321782098841	65.3361483999472
278.455988124769	428.500751386671	-1.58402196460843	65.3404302794192
278.462761896614	429.000694283784	-1.58527666052385	65.3407265942848
278.470171616602	429.500587423737	-1.5866578358795	65.3362007917165
278.478192826997	430.00042956921	-1.58773188936471	65.3350789158002
278.486496776389	430.500253333669	-1.58789146209744	65.3426187502324
278.494530360992	431.000095218378	-1.58670640709899	65.3490501671593
278.501693248806	431.499972516531	-1.58446119213344	65.3337500079955
278.507743989343	431.99987908483	-1.58221309680884	65.2820347226382
278.513024642077	432.499794456674	-1.58126161097327	65.1974568303221
278.518392595208	432.99968241317	-1.58256002319423	65.0970538449248
278.525117734435	433.499444390885	-1.58689296404364	64.9825000157087
278.535210484957	433.998725542378	-1.5969180730931	64.7807237029913
278.553790405696	434.496136390475	-1.62356547488967	64.2739246302006
278.595134066033	434.985996169584	-1.69608969448091	63.161533981772
278.686970310657	435.447970005292	-1.84934622282256	61.4614202477972
279.107489696226	381.087135723449	-0.875637992095135	67.541309828574
278.887217120991	381.413459017638	-0.900068782977374	67.0137241338778
278.968362209096	436.01988300779	-2.15743194367435	59.5283185553042
279.179699787011	436.333620890046	-2.32488471236556	59.2070477832085
279.564980795023	380.554709152126	-0.855015684595979	68.5819537535574
279.338964835141	380.868703814118	-0.868104247073827	67.7974826791198
279.456555465365	436.553905963705	-2.46958146818822	60.1041368597798
280.032549454095	380.0279683495	-0.843322785495945	69.5620746349638
279.800090060602	380.332382919522	-0.851823240708067	68.5608181352012
280.034211402235	436.931903646418	-2.68432210958509	62.1898727706229
280.506064578943	379.505284714248	-0.833810234585192	70.4888038974932
280.266112592679	379.800715808732	-0.84077217379124	69.3286682998729
280.456864465203	437.10181273824	-2.75016047960996	63.1986860142586
281.23201648585	378.709909311838	-0.816219212451648	70.8682871605327
280.984994237433	378.986698044056	-0.822539061181556	71.3392497111075
281.054274013236	437.349480508692	-2.80556971394846	64.0064940873959
281.713822256884	378.197188589498	-0.806663339564422	71.7288263120359
281.469482555087	378.47238422185	-0.811842858767422	72.1640893419045
281.502589316008	437.492590468632	-2.81788967716308	64.3216268140246
282.201629953855	377.68809471464	-0.799996099461264	72.5996572449115
281.958610197451	377.961958030424	-0.803907622935967	72.9816411373788
281.953101533912	437.634497691455	-2.81329191281232	64.1227449547525
282.693336147496	377.18174545462	-0.795161394097135	73.496301410046
282.451045693081	377.454639515704	-0.798505601501714	73.8380516221888
282.548641492447	437.864080917285	-2.79346127377164	63.8337053203953
283.187837947923	376.678539394029	-0.790572409372033	74.3592328447853
282.946006608824	376.949506611953	-0.793878098238287	74.6977680339309
282.99442354564	438.015587602754	-2.788656683337	63.8781174657721
283.685139481201	376.178729953262	-0.785332963361429	75.1071190820036
283.443480280457	376.446357935444	-0.788933951517703	75.4962364936137
283.440435051948	438.168805879251	-2.79678256298684	63.8444962226547
284.185901226103	375.68226709017	-0.780147086151151	75.6958531845313
283.943757294986	375.945617795839	-0.782980230904004	76.1533230793102
284.035921726586	438.393982934277	-2.81924587221287	64.2237906574093
284.689517877572	375.187063485415	-0.778507479817837	76.1436629325578
284.446667178016	375.447724304266	-0.778973417721418	76.6668963768029
284.489219229826	438.532217545857	-2.8260238293118	64.3410170863992
285.19366738676	374.691038147179	-0.780049897833493	76.5024501984198
284.950510936022	374.95133132809	-0.779152538306307	77.0566491460136
284.941742497985	438.674323604462	-2.82097301617706	64.0343180979153
285.696717802833	374.194176878072	-0.781634070208181	76.7763004837714
285.453905921459	374.454666940149	-0.781176418776458	77.3652602286905
285.535718988096	438.895812285011	-2.80369127642432	63.8361130272318
286.19915273987	373.697487295888	-0.781747359330966	76.9407736447708
285.95675590033	373.957279209418	-0.781650548233903	77.5620556760777
285.985330026582	439.042439376058	-2.79966282900177	63.8423764157789
286.701293472939	373.19997316635	-0.783700483423568	77.0060923161179
286.45951554908	373.459802740014	-0.782163545788285	77.6591190851649
286.432686560288	439.194250615264	-2.80584781848184	63.7830530534525
286.581446444402	439.26221733602	-2.81048608008756	63.789157834424
287.201876134275	372.7002573	-0.787032495062317	77.0139744079239
286.961250490925	372.961514369279	-0.785291284161808	77.6667880087602
287.029271684418	439.414479098966	-2.81994618940978	64.1618734284314
287.700761035322	372.199040209306	-0.788517899538502	77.0213829142091
287.461334008744	372.461657853933	-0.788144229853925	77.6486349969022
287.481669883146	439.553261183461	-2.81954433477738	64.1880881437966
288.199285794137	371.697847175111	-0.787956945507613	77.0596303310707
287.960515180413	371.960840493747	-0.788313138239968	77.6461253316469
287.929949070537	439.700976660618	-2.80839094357716	63.8357500162379
288.081193897048	439.770788879122	-2.80238597220123	63.6958256071366
288.69792084953	371.196616323375	-0.788513915799147	77.0953335825109
288.459692614111	371.459975925074	-0.787950419992442	77.6793170712918
288.52516890111	439.929501718893	-2.79078494555427	63.7929746089279
289.195971531702	370.694454739055	-0.790131340318022	77.0819901427256
288.958508002207	370.958781261233	-0.789248811965356	77.6739596134896
288.971911360139	440.079007766829	-2.79162613706372	63.8263481190942
289.693348243672	370.191527492804	-0.790480094780413	77.0471279768403
289.456593671411	370.45694881214	-0.790606566926366	77.6254656159254
289.416679115069	440.237988294978	-2.80481313982203	63.7846553304413
289.566454727815	440.306606098493	-2.81119154896804	63.9468396550765
290.190969459237	369.689456099696	-0.788639662290137	77.045868539526
289.954433635303	369.954839112409	-0.789652411289005	77.5799451269063
290.016119756254	440.452486828487	-2.82273823679913	64.2684792548427
290.689407408127	369.188410741077	-0.787421176539304	77.0800761815899
290.452960600627	369.453283334966	-0.787857280580832	77.5921074500405
290.469403746433	440.590368258765	-2.82219914743087	64.1685453306075
291.188323899222	368.687566379381	-0.786821609766467	77.1425483349544
290.951963798875	368.952206997554	-0.787232086598616	77.6301417153802
290.917052341636	440.742821961524	-2.81002896976547	63.7362549478392
291.065866892439	440.810449903685	-2.80434696795903	63.7241870960184
291.687822442226	368.186709217006	-0.785676313718452	77.2782042308765
291.451249837786	368.451546195668	-0.786665430481934	77.7217700513357
291.512869894554	440.963222180167	-2.79565392682253	63.7801616257223
292.188501933157	367.685837212257	-0.784262955932888	77.5634721128726
291.950983734334	367.951581801878	-0.785240613211985	77.9192742312237
291.961030344716	441.111528239755	-2.79942045113354	63.8033399357241
292.68976046623	367.184005586436	-0.785790269657947	78.0684678959419
292.45118601575	367.452515370366	-0.785117714001608	78.3154612247852
292.555698483621	441.335622761135	-2.8201316810571	64.1101731241051
293.18900162667	366.68117501016	-0.789390885002261	78.7704563936211
292.950599663124	366.95283352961	-0.788528480971826	78.9248319834108
293.007864176749	441.476663110063	-2.82825214313745	64.4670456258762
293.685645553089	366.180216507954	-0.787452889110742	79.4657364345397
293.448561415448	366.450970205486	-0.791075349054371	79.6474301921179
293.461371511397	441.613902116145	-2.82282960740432	64.380819052135
294.184012242929	365.687237365446	-0.769848959710491	79.9205335403114
293.947921305725	365.948756789996	-0.782139110648237	80.2419168519376
294.057199351247	441.837447148075	-2.79901147804834	64.004380728877
294.69051155914	365.210828853518	-0.731553912848529	80.0530696834345
294.45691194664	365.454550222803	-0.753662656533763	80.6052142018179
294.503579595359	441.98995468674	-2.78836300780537	63.9915870875301
294.982507286529	364.979460943174	-0.702820905022238	80.7755236602575
294.949443114016	442.142125240901	-2.79178852602785	63.869759605713
295.526313496006	364.535197927118	-0.639582170848152	80.8063628697889
295.544077122355	442.372655508994	-2.81121271797352	64.0787284751144
296.08595908554	364.131638568403	-0.578732747495893	80.6140122780627
295.873375124837	364.316644764945	-0.60335107237945	80.3613389369551
295.994948708378	442.514719930652	-2.81795614054073	64.2262727781335
296.457918592613	363.93002736604	-0.542791161662103	80.8570273428917
296.445466490072	442.658243706585	-2.81235144379175	63.9507630410273
297.041442190963	363.578003055049	-0.486506141756337	81.0275092196292
297.040107507273	442.887086432732	-2.79398462459849	63.7114723699099
297.447186458103	363.394187499462	-0.462341633048103	80.9570523438552
297.486847717942	443.036900727137	-2.79103084839523	63.7321886465999
298.039243792865	363.084609277279	-0.438997149033925	80.9000661708713
297.932584996172	443.191047499922	-2.80122661877464	63.6986418470778
298.082864515692	443.260139673004	-2.80773331333032	63.7286886063696
298.461131655277	362.91167017223	-0.419047524306483	80.9129889035594
298.529716989443	443.41242509706	-2.82242305200157	64.1969950324502
299.056059559971	362.638782040184	-0.378972461418675	81.0259623979405
298.983118478548	443.549943946428	-2.82435965791103	64.3348902862707
299.493577666017	362.483302398397	-0.358981117411843	81.1943464155798
299.432843335504	443.695606494092	-2.81147405903382	64.0710799951353
299.582387209865	443.764089556365	-2.80438662537661	63.9306667229153
299.936407581119	362.328173515879	-0.351984216301004	80.7741136842901
300.027111012638	443.92422042587	-2.78801857439889	64.0645076710642
300.53222405011	362.089941204224	-0.352660794650405	80.5728547944927
300.472948422278	444.07507335348	-2.78558908395028	64.1039159626122
300.979826803188	361.941333502123	-0.341880225020213	80.565085101541
300.916449318321	444.23598917056	-2.8002492984637	64.0064542129383
301.067341060768	444.3061456383	-2.80795833325964	64.1598964034409
301.572543476335	361.728419229856	-0.309034217883309	80.65831484788
301.430896798609	361.789203394804	-0.318700708980632	80.5397980731934
301.516333100822	444.451590347158	-2.82549446167403	64.4132753793192
302.027143942188	361.589292483958	-0.28486886715769	81.1886414772827
301.971022192796	444.587526563584	-2.83071270002221	64.2385969238897
302.489973241633	361.465970095886	-0.273291740928897	81.3012731041078
302.421824229154	444.735910441909	-2.82050549932575	63.745174325626
302.567559709843	444.800406060108	-2.81447653867384	63.6835632943503
302.954095882471	361.340898577305	-0.274782819607896	80.9165823970062
303.016660552778	444.951421918133	-2.80239132103026	63.665018247298
303.544255266224	361.153372802093	-0.28853721816031	80.4269268709397
303.466104427635	445.097814712485	-2.80081831470083	63.6182993444877
304.006339530384	361.022437180396	-0.291058790445267	80.3659355285466
304.061007368631	445.322764036254	-2.8141002309254	63.7047815066026
304.471107310127	360.894761254449	-0.281206854295137	80.4023373894923
304.511238294278	445.46742672968	-2.81958184010954	63.9366771048226
305.056811783026	360.721967199212	-0.252305297275403	80.7402250319889
304.937142015002	360.762583133307	-0.259291366332953	80.5526165946483
304.962612066458	445.60765080013	-2.8145439866668	63.7599807383902
305.525976541076	360.60523731259	-0.231241057480503	81.2907745668876
305.558614986361	445.834951175891	-2.79586616312575	63.374626003158
306.000515686032	360.502149185163	-0.220243119483	81.4857486635399
306.00431715305	445.987815733165	-2.79065775409856	63.4514358641145
306.476776910921	360.401271658331	-0.219664713292905	81.2244519112273
306.451272715766	446.138559897176	-2.79709359089536	63.489200501107
306.951699816002	360.292348929684	-0.228461240285098	80.637339979408
307.046218722206	446.365132097308	-2.81683137806785	63.8794436060004
307.533166305417	360.139581227913	-0.244184294960625	80.1699677364557
307.497960726905	446.50593784083	-2.82122567760176	64.1461840825559
308.006175976039	360.026157618182	-0.248729207050502	80.0876175163767
307.948983503848	446.64754195344	-2.81493024398394	63.9572181907985
308.480101362223	359.914832060855	-0.243519654972623	80.1877906999675
308.544125406918	446.874818976863	-2.79767786329735	63.7231460558706
308.954658111469	359.801541394554	-0.227628945402594	80.4387036546246
308.991639608039	447.023840073135	-2.79516433838969	63.751743222055
309.53433052057	359.663340272841	-0.200345418094319	81.1645486758082
309.439348706432	447.175342622745	-2.80419902523543	63.7273023431927
310.014400464554	359.572127706314	-0.182055946231718	81.6471934177819
310.034842419623	447.395785082361	-2.82418502181062	64.1569866510864
310.498083415014	359.489962617636	-0.171775745331056	81.7824883429132
310.488907152471	447.533156922364	-2.82602921459157	64.3037729692988
310.983129549061	359.409617156873	-0.17157246956738	81.5411573235134
310.940105310055	447.676205167745	-2.81443812514093	64.0091973358054
311.467061044143	359.323884821678	-0.181371406843842	81.0009798394301
311.534008769327	447.90429304581	-2.79107241192439	63.8247211072235
312.040064476051	359.202402746935	-0.200645488411081	80.2671478817498
311.980365221543	448.054717987559	-2.78767455068681	63.8100372487391
312.520200559469	359.101261730178	-0.212880160347894	79.9627970131085
312.424516685071	448.212240983808	-2.79854029609508	63.7116907190075
312.575714304221	448.283487837186	-2.8052280506806	63.7855883929687
313.000585254891	359.002956358764	-0.215545371920463	79.7982077220352
313.022837199527	448.433372441732	-2.82005181883215	64.1224279115069
313.481723499817	358.905586521281	-0.208641186596338	79.8063013906492
313.475752211984	448.571387654642	-2.82297145453323	64.0760660964912
313.964022046892	358.807600496923	-0.19283735912692	79.9770638487744
313.924564038348	448.72025408813	-2.81186269165577	63.6680109106728
314.073730516554	448.788835013099	-2.80556655434575	63.5766783702681
314.533153973519	358.693508883723	-0.168579409298219	80.557757188167
314.519729209983	448.94422806223	-2.7934811402766	63.6117729769904
315.018741067864	358.614526139396	-0.151189220488898	81.0868830812972
314.967037199201	449.093084121455	-2.79428513632633	63.5755978056108
315.507126672299	358.544937185305	-0.140480947577873	81.4551197450642
315.561786877232	449.320379108663	-2.81334973834627	63.6813141179326
315.99676267215	358.479409281943	-0.137651024148193	81.5978390438281
316.012026399576	449.464559347219	-2.82414869018977	63.9656790748632
316.486233236916	358.413202245864	-0.141692870885122	81.4903805915871
316.465361358205	449.602407025073	-2.82298737068901	63.8550756742728
316.97466660991	358.342138573207	-0.150423462779724	81.1459159271711
317.061395680889	449.822720512802	-2.80490359250977	63.4749363707211
317.541040944052	358.245909634378	-0.163586854602155	80.4850535828331
317.461710391548	358.262223147653	-0.161487836450829	80.6354059586762
317.508928167949	449.974458279378	-2.79553949559705	63.5545799080564
318.026247933268	358.158261128061	-0.173888062264571	80.167226065529
317.956767535806	450.123253633508	-2.79767684425887	63.5754532524488
318.5120569668	358.073601713019	-0.180255725563014	79.930058792015
318.551485883447	450.350309051121	-2.81451362276935	63.8573343312074
318.998451254787	357.990414674444	-0.181223494753018	79.8277569654938
319.002560279654	450.492543055519	-2.82016691838309	64.0978677810588
319.485352032456	357.907691970024	-0.176176357785312	79.8927389696709
319.453896524725	450.633670690712	-2.81464522024925	63.8766073211771
319.972971222063	357.824868479843	-0.164280392373086	80.0919391646105
320.049025682686	450.861917108867	-2.79491453876874	63.5328989910264
320.532668024144	357.729307648651	-0.14559056871433	80.553459332485
320.49527027603	451.013248990235	-2.78925716133444	63.5498626578749
321.021775108042	357.658735610407	-0.130594830476284	81.0409714726442
320.940874532241	451.166236703239	-2.79625871959399	63.5160162832543
321.512953781892	357.59736900583	-0.119622688678529	81.4245106200729
321.536945364188	451.392620777446	-2.81722348030979	63.9524762283749
322.00540734451	357.541447690878	-0.113402710366629	81.6516490933076
321.989165725719	451.53180112476	-2.82288647850779	64.1533210376851
322.498436619649	357.487921906909	-0.111672037653532	81.6946336893299
322.440280202157	451.67519161803	-2.81594360812251	63.9318615266242
322.991477775332	357.434159237312	-0.113489823207255	81.5459508357658
323.034569864558	451.900867172694	-2.79709005285874	63.8117743797907
323.484165010046	357.377938463449	-0.117916191385508	81.2254229349926
323.482818304073	452.049188541749	-2.79438410756807	63.8114582705888
323.976215015841	357.317319614112	-0.124491210005985	80.7846510360513
323.92978057777	452.20348213603	-2.80556011621008	63.6968200144306
324.077738601509	452.271433377477	-2.81179064208859	63.7270738303714
324.532665273853	357.238868985517	-0.134822464847378	80.1887490692536
324.526567157932	452.42068110767	-2.82585776285367	64.043599511523
325.022897904532	357.165557416925	-0.144897838338616	79.9198421871275
324.980932206666	452.557009706338	-2.82742594767559	64.0170977616628
325.512943346694	357.093005466431	-0.153208803299842	79.7316697548953
325.431208048999	452.702542233042	-2.81481168692532	63.6314901699257
325.579836385796	452.76983652239	-2.80791256003108	63.486878228474
326.002872186845	357.020789112001	-0.156989010890791	79.6288747202256
326.025655990039	452.927404121397	-2.79343144334797	63.5462785139716
326.493079164878	356.948846675096	-0.155061132543403	79.6341506099515
326.472716640318	453.076608789234	-2.7917321259629	63.5850094866863
326.983907498733	356.877482052079	-0.147045684563032	79.7495531151658
326.916669785494	453.23529196861	-2.80398033088855	63.5849110025927
327.067805501879	453.304516443542	-2.81061748393027	63.7659736030818
327.475520786685	356.807104642746	-0.134719800158274	79.9724361800029
327.516855634686	453.450904996985	-2.82257335508511	64.1885099964826
328.026765507183	356.729860005831	-0.119080102966812	80.4346584960481
327.969640705959	453.588563939169	-2.82218277847483	64.1998940928655
328.519188212369	356.671596398135	-0.107044010819313	80.8962006327999
328.417003690239	453.740257304882	-2.80953619298222	63.8378426015604
328.566878214753	453.809246512555	-2.80331213565726	63.8266922023251
329.01298374586	356.620523074552	-0.0976608627862563	81.2950950965803
329.013198619072	453.962621670692	-2.79280707160682	63.8777583570068
329.507776942721	356.574460547968	-0.0909961666432875	81.5954214134501
329.460555837762	454.111987905105	-2.79484574563608	63.8327310538238
330.003222420077	356.531488775664	-0.0871042997557809	81.776136086333
330.054972824211	454.339826842108	-2.81413508195005	63.9935715947955
330.498972769545	356.489901570641	-0.0862410689530902	81.8277759403909
330.505946565594	454.482547963806	-2.82253011976587	64.2318353843091
330.994666245073	356.447972277447	-0.0882449007944282	81.7511159403486
330.958220953389	454.622187154065	-2.8182771620782	64.0549080734623
331.490025646237	356.404173564222	-0.0923431105240314	81.552746671943
331.553494103166	454.848110231431	-2.7973318207565	63.7059093469155
331.984925657893	356.357349731928	-0.0976840375428048	81.2402944969751
332.000028433206	454.999919734554	-2.78971261978818	63.7321584446692
332.479325870214	356.306286224592	-0.103957954300605	80.8259845622179
332.446512204235	455.15191135954	-2.79534467443291	63.6794533108547
333.027231442162	356.24224328105	-0.111642231936496	80.2180224455386
333.041340010217	455.379079474823	-2.81634667119525	63.9990267783072
333.520146454976	356.181144802534	-0.117926529007067	79.8603619371983
333.493446018998	455.519205360398	-2.82162503866581	64.1757631600697
334.013248901593	356.121656928826	-0.122042846414009	79.5460975940472
333.944091241443	455.661989224111	-2.81383701129472	63.9343467366786
334.506782447356	356.063252578017	-0.124227439904595	79.3324473017042
334.538993221159	455.890156959166	-2.79474060210294	63.7552238087762
335.000597476498	356.005568372704	-0.124582014497676	79.2466769188204
334.986151542113	456.039147716264	-2.79347923605329	63.763974271926
335.494400871552	355.94823946975	-0.122944507173698	79.3043132480896
335.432983497526	456.192527421939	-2.80485493540783	63.6849376670964
335.581925336612	456.260491142919	-2.81108288178285	63.694959997712
335.988293913295	355.891267955994	-0.118170810170408	79.482513056505
336.029794319854	456.41164627043	-2.82438129096488	64.0731652963889
336.482774444807	355.835089308644	-0.110416010353307	79.755328725181
336.4835104491	456.548840862937	-2.82453056235759	64.1234817899264
336.978176231074	355.779943140719	-0.100844174840755	80.0712781266031
336.933398401593	456.694434751045	-2.81187089305854	63.7796983946236
337.08289726869	456.762580670413	-2.80531999072258	63.6139323943883
337.519799352318	355.722649107311	-0.0909666292974922	80.5619502052583
337.527729686623	456.921547690103	-2.79250028827432	63.6680004279091
338.015279838479	355.677292461128	-0.0841927232701722	80.9409477654785
337.975304023236	457.070375494691	-2.79481020803309	63.6572645989774
338.511592571847	355.636048104382	-0.0794972666678428	81.2561274727074
338.423257141477	457.22640835694	-2.81373134240006	63.5851901476774
338.568784062209	457.291052300558	-2.82377208262083	63.7031435382081
339.008289317971	355.597513252464	-0.0761007745978474	81.5183752881022
339.021513885797	457.429461391152	-2.85471839294013	63.9889575839384
339.505169926225	355.560994827582	-0.0735118733296689	81.7331951482768
339.486827555719	457.548915748602	-2.88974401387698	63.8481933265081
340.002181175243	355.525869206964	-0.0716779996065644	81.883650679709
339.964864715758	457.659377735221	-2.93095234840618	63.3216039637298
340.499293057532	355.491572460825	-0.0707684330615753	81.9447479753151
340.536060752651	457.775740296433	-2.98541564637245	62.6374859664983
340.996446613173	355.457446521155	-0.0707703088398216	81.9042489670375
341.016178374829	457.84214265313	-3.03547724399521	62.2864456031251
341.493612107899	355.422902329291	-0.0714295169880349	81.765683959049
341.506159630936	457.882609588052	-3.08354618865568	62.0772639379956
341.990813102799	355.38755796845	-0.0724967920646192	81.5395153258631
342.001669175923	457.901372521078	-3.12106340925105	61.9909655592957
342.488028180676	355.350943052087	-0.0741049099260011	81.23954043386
342.499670191972	457.905359853246	3.13946322231873	61.9858898770625
342.985134574435	355.312602011699	-0.0765860033806085	80.884107939724
342.998753543644	457.901501599972	3.12925896374543	62.0206582661014
343.48192598987	355.271618476953	-0.0801935831290287	80.4981197738291
343.4983283556	457.894625915657	3.12581878873778	62.0751025011194
344.018698019668	355.222642535954	-0.0851526757945263	80.0462760002842
343.998082892214	457.886605172225	3.12454905914658	62.1220453743599
344.514882671229	355.176433572014	-0.0900370495130835	79.778348136982
344.497920599434	457.878118567051	3.12400040356691	62.1535450060652
345.010995987357	355.130383527174	-0.0944052299162126	79.5381847637848
344.997868956654	457.869506851903	3.12465398569874	62.1617128957933
345.507088899478	355.084216860613	-0.0977701276889078	79.3501928752687
345.497932177309	457.86155640031	3.12652397523126	62.154021513323
346.003202959506	355.038076094834	-0.0993950833371045	79.2305975213068
345.998025257508	457.854511012239	3.12849463849666	62.1283039534323
346.499333567814	354.992068703845	-0.0992627412737641	79.2048867038355
346.49805027691	457.848205453039	3.12914889477268	62.1005448665961
346.995524716012	354.946407439566	-0.0974006474096378	79.2688612139364
346.997955275177	457.841677242513	3.12805501670987	62.085900567529
347.491866986688	354.901240801922	-0.0942533296905567	79.416122625538
347.497757771085	457.834368712421	3.1260581632228	62.107250996506
347.988457560744	354.85654259882	-0.0897735512702027	79.613701183274
347.9975431921	457.82600333821	3.12461046451721	62.1603088146286
348.485405714337	354.812528960123	-0.0841881601552184	79.8410176031747
348.497423294473	457.817245053767	3.12452164613295	62.2361495035094
348.982706596512	354.769174746205	-0.0779205766906551	80.07238698962
348.99741601284	457.80855841967	3.12549181001823	62.3139678984706
349.515508423732	354.725388400007	-0.0716721956272033	80.467638345869
349.497416698287	457.800431421841	3.12652463973217	62.3899150365844
350.012682290737	354.68926920767	-0.0666572855909921	80.7762395462319
349.997342118395	457.792557601935	3.127171868925	62.455054519752
350.510178549627	354.656515761103	-0.0618371323099849	81.060561534035
350.497236557611	457.784995301918	3.12768600307468	62.5094040270047
351.007935320118	354.626720619366	-0.0569026356357404	81.3104265703478
350.997110996509	457.777501780294	3.12807961726873	62.544416986448
351.506030868428	354.599620697781	-0.0527290158418951	81.526211152814
351.496827431945	457.770046457067	3.1275916695848	62.570187944467
352.004435006546	354.574306575184	-0.0504023485220316	81.714484305789
351.99630728995	457.76180133795	3.12602832382089	62.5964711822165
352.502985800591	354.549824685015	-0.0499943671508813	81.8710831680795
352.495787418672	457.752672488039	3.12464364569167	62.6357191005409
353.001532364781	354.525420701528	-0.050428189271151	81.974186137827
353.003936504835	457.743230807067	3.12518484886611	62.7612548124125
353.500058588553	354.500978326893	-0.0504599969684067	82.0059558181355
353.503327830305	457.735211179392	3.12810711055486	62.7963362080211
353.998637265596	354.476736898264	-0.0495919843357182	81.9722345469899
354.002446444487	457.729105427417	3.13231077161383	62.8036288279851
354.497329840792	354.452975512956	-0.0481758530488667	81.8935165263023
354.501637764763	457.725245346369	3.1357691922032	62.8003675172991
354.996128117637	354.429788709498	-0.0468363354608323	81.7858334650398
355.001335323134	457.722434029502	3.13643476648732	62.8128738232081
355.494958846505	354.406940333311	-0.0460818368469721	81.6564691514669
355.501835945224	457.719070046322	3.13337493221816	62.8602511111784
355.993739399366	354.384086354068	-0.0463284403193845	81.5061002566025
356.002885335502	457.713271638097	3.12808086492315	62.9374564153285
356.492408460997	354.360521093242	-0.0479508990429775	81.3250946784165
356.503698682994	457.705025932977	3.12414736757413	63.0223285523551
356.990960442547	354.335575700992	-0.0508909815561746	81.0941593583133
357.003653192954	457.695782322083	3.1244741217346	63.0873078195272
357.489406514846	354.30847525713	-0.0544868740718735	80.8053730207046
357.502860138701	457.687918458986	3.12848508856315	63.1233883461617
357.987746405983	354.279119125663	-0.0577283750200211	80.4783385244704
358.001937813558	457.682307454024	3.132858637032	63.1403456033052
358.514512756237	354.245404219506	-0.0601202130448832	80.0627288227098
358.501450286676	457.678428796701	3.13458938840825	63.1568719184562
359.012476576454	354.212100598735	-0.0612169696238195	79.8652388716557
359.001457480072	457.67455604826	3.13337620245195	63.1889084747465
359.510436585667	354.179741927101	-0.0615127258966199	79.7328921158753
359.501579080044	457.669816874281	3.13129004177296	63.2508198661744
360.008439947224	354.148585979691	-0.0615010117208273	79.6412474563781
360.001559863234	457.664159825651	3.13017877377484	63.3443606019517
360.506561715992	354.118241708848	-0.0618177097726644	79.5629396065677
360.501601145627	457.658259807677	3.12976472092125	63.4499966354751
361.004834137322	354.088469293306	-0.0624327489118723	79.4645030402846
361.001957738976	457.651991274739	3.12868165241658	63.5312202198643
361.503193371696	354.058896179098	-0.0629286053209252	79.3549345693043
361.502481600283	457.645044434425	3.12681949870335	63.5668432473444
362.00158991279	354.029572686856	-0.0627630297892642	79.2552569939428
362.002718528435	457.637286618058	3.12589818859214	63.5642081873629
362.500027032192	354.000510027671	-0.0623553363496694	79.2008896791733
362.502382611397	457.629781147977	3.12763200380802	63.5418509601947
362.998519684496	353.97163122426	-0.0620528532852727	79.1923897485342
363.00160171536	457.623782191308	3.13184307447562	63.5102110374144
363.497036265782	353.942759915813	-0.0618542623782303	79.2321115290417
363.500788227976	457.620100830774	3.13621116699085	63.4802796105955
363.995535850957	353.913795020709	-0.0610777138643948	79.3080720055932
364.000338737322	457.618032989688	3.13822781807895	63.4698718852661
364.4940736181	353.884982866469	-0.0594065385739606	79.4207906406389
364.500411135244	457.616230783214	3.13719001789693	63.4937454507436
364.992787423423	353.856534448898	-0.0567093584093818	79.545730676635
365.000834308743	457.613280753379	3.13418994022512	63.5478914905134
365.491773551646	353.828873262224	-0.0534189705579426	79.6657586354966
365.501266477529	457.608745795339	3.13088175645564	63.6146824948478
365.990940736678	353.801963076925	-0.0500840869757963	79.7584708124092
366.001493137502	457.602720616486	3.1283397112771	63.6787684801627
366.490088464514	353.775848617165	-0.0473446749951222	79.834810467198
366.501533675719	457.595776587599	3.12681686808897	63.735591132022
367.01051185133	353.74894127287	-0.0450893337691714	80.0124918338395
366.989074618099	353.750005200576	-0.0451786189498738	79.9109750430854
367.001461452435	457.588352634408	3.1264367206968	63.7837431875579
367.509405439743	353.725453756224	-0.0430575953507987	80.1703434123761
367.501295729802	457.581132524339	3.12742657958897	63.8199495862668
368.008278406733	353.703436415055	-0.0405272244695844	80.3573253647852
368.001075411237	457.574651921843	3.12946203810534	63.8399841322878
368.50715620988	353.68324047356	-0.0375472405560165	80.5676113434752
368.500893951603	457.569223147156	3.13145154153897	63.8428724762573
369.006139218429	353.664681362541	-0.0347704003137092	80.7883936529774
369.000783984115	457.564537035988	3.13261318379879	63.8346347726901
369.50530399488	353.647528188131	-0.0329621814278856	81.0098077563232
369.500679839514	457.560296521043	3.133263506926	63.8319963482631
370.004619218361	353.631096426854	-0.032094966038522	81.2225374868043
370.000529785081	457.556382441378	3.13405294996348	63.8541683868459
370.504006973863	353.61519975858	-0.0313723825560173	81.4212244249352
370.500383274606	457.552940780105	3.13494798476456	63.9044206339999
371.003415846569	353.599829018584	-0.0301429367124116	81.604946560435
371.000317708579	457.549828520208	3.13533622546978	63.9627336394779
371.502852918776	353.585272333381	-0.02861585816819	81.7792985844051
371.500344312312	457.546721446031	3.13489215229888	64.0041798796821
372.002325433329	353.571453783767	-0.0273179967659564	81.947527994116
372.000404463332	457.543253876063	3.13408912713405	64.0178974827202
372.501834565916	353.558281231039	-0.0263872593026462	82.1002418425581
372.500438806374	457.539474147077	3.13363245275471	64.0037268166776
373.001389356743	353.545563204586	-0.0256532058688919	82.2173798732132
373.000434472034	457.53555862847	3.1335156756671	63.9629587947973
373.501000319253	353.533233344028	-0.0251004021226439	82.2878741237151
373.500409226896	457.531532882961	3.13299157576101	63.9039502840276
374.000643197665	353.52111256959	-0.0248081777941149	82.320996916955
374.00036576759	457.527043499214	3.13171223481458	63.8498746579979
374.5002817229	353.509093741327	-0.0246652414511795	82.3339372829507
374.500293685821	457.521889487639	3.13038598150319	63.82980691775
374.999912204875	353.497153469515	-0.024390858547145	82.3350723443622
375.000203138058	457.516269735441	3.12987783171403	63.8598210539513
375.499564630733	353.48541193383	-0.0238103404550695	82.3244373349692
375.500121966215	457.510644531813	3.1301894182039	63.93234089459
375.999261892574	353.474010624467	-0.0230118296045343	82.3016347009329
376.000058502093	457.505262927998	3.13075130910613	64.020309061222
376.499000526674	353.462984018302	-0.0222285043409659	82.2643992957026
376.500001577107	457.500137068524	3.13120520150522	64.0906713185168
376.998766908041	353.452295851189	-0.0216241523507572	82.2046959159566
376.999939630581	457.495154157928	3.13135498917843	64.11841124531
377.498550766242	353.441800822911	-0.0212494041291579	82.1140052334742
377.499860310275	457.490081451881	3.13087634828238	64.0954312368752
377.998341105684	353.431406578813	-0.0211690601753617	81.9941165413014
377.999754063202	457.484604696622	3.129803484486	64.0336878110772
378.498106833453	353.420894404686	-0.0214950118691822	81.8610359402556
378.499642312949	457.478604560896	3.12892929780418	63.9608459845168
378.997808136022	353.410138832595	-0.0221573949856578	81.7365233195296
378.999581766115	457.472439537845	3.12916650649033	63.907491093092
379.497431501157	353.398987256192	-0.0228094387271175	81.6343200048291
379.499601247451	457.466709185511	3.13066810921949	63.8893162615176
379.997036920591	353.387612747091	-0.0230384317391801	81.5508096555445
379.999653117999	457.46188142794	3.13260369551778	63.8969994055021
380.496746724975	353.376177547454	-0.0226220854478366	81.4700675347898
380.499655924985	457.457827073706	3.13376074619328	63.9060171194408
380.996674543631	353.365098921642	-0.0215261438593288	81.3764332219562
380.999576066757	457.45402981735	3.13366680799458	63.8970472932889
381.496817798045	353.354586353516	-0.0199143803903737	81.267441450262
381.499448244336	457.449961700215	3.13295694796501	63.8667072891254
381.997044437622	353.344961835269	-0.0181332053787415	81.1527079627665
381.999336805978	457.445581437353	3.13244347111207	63.8255450259598
382.497171946404	353.336077127571	-0.0166879495814023	81.0460538494961
382.499277861165	457.441009422502	3.13223074712101	63.7916305089255
382.997103369702	353.327781102157	-0.0160215642954109	80.9511654532593
382.999258765336	457.436381087199	3.13199378347715	63.7810013419036
383.49686854241	353.31945547278	-0.01634036272056	80.8592073732645
383.499237157086	457.431603449909	3.13163209632593	63.7972307356049
383.996553668072	353.310773084558	-0.0174563866337103	80.7536078525124
383.99918189292	457.426691456188	3.13129303800945	63.8279942111222
384.496200657795	353.301263585218	-0.0189011604544913	80.6297137294852
384.499097623605	457.421611130683	3.13112777552719	63.8543925257799
384.995830573939	353.291080656669	-0.0200644830117753	80.5001066311118
384.999032714098	457.416541387513	3.13134685445004	63.8635458420526
385.49550860492	353.280315076299	-0.0204649912915788	80.3895889364283
385.499035692546	457.411652287415	3.13212284718509	63.8545775017253
385.995359402626	353.26963251537	-0.0198691735723391	80.3125813322515
385.999083608051	457.407237992776	3.13309693943425	63.8335777197654
386.495447785619	353.25930598152	-0.0185142002313446	80.268183910466
386.499059857791	457.403105380076	3.13333069181668	63.8047667109473
387.004355479519	353.249623225188	-0.0170341331829948	80.1456440238378
386.998867310298	457.398788373293	3.13225307685982	63.7640311051162
387.503929815172	353.240205365855	-0.0162657129376514	80.1415527859378
387.498547802	457.393653944622	3.13050269700976	63.7025290293412
388.003730582979	353.231197111567	-0.0163482543484952	80.1290262443804
387.998281393296	457.387794307839	3.12949949427695	63.6147836339783
388.503601696094	353.222013954486	-0.0167396839864845	80.1040368956263
388.498244685756	457.381746391142	3.13010479231488	63.5080201155482
389.003408202448	353.212943571694	-0.0167481466057759	80.044636479617
388.998443782518	457.37634649164	3.13177066317313	63.399924145192
389.503143495676	353.20405011814	-0.0162341154430094	79.9477543050177
389.49866747191	457.371685140162	3.13299471756856	63.306899379245
390.002843014038	353.195766714313	-0.0153692730200014	79.8208777585801
389.998683710676	457.367351327111	3.13269007101966	63.2341982902847
390.502484227912	353.187981564633	-0.0143139457237818	79.7042186834977
390.498450375159	457.362481595002	3.13113434886258	63.1831056714579
391.002082977699	353.180934247115	-0.0130976050959697	79.6251209635727
390.998132948032	457.356872287192	3.12962722798376	63.153557543618
391.501744478353	353.174454246949	-0.0118993529561357	79.6011420355561
391.497940382494	457.350704158509	3.12922149196359	63.1380142241957
392.001565249099	353.168651149474	-0.0109709871717394	79.6085088221439
391.997953832418	457.344640798679	3.1297722357971	63.116985757719
392.501515064409	353.163163830099	-0.0105012921674894	79.622371317143
392.498048273801	457.33872049367	3.13006761570343	63.0735103331391
393.001492650879	353.157953241793	-0.0103535586185012	79.6094330083422
392.998011986387	457.332665349553	3.12913744854125	63.0012572943391
393.501430993394	353.152752323196	-0.0102616113385681	79.5632568951666
393.497736083346	457.325748296186	3.12735439926082	62.9009362669885
394.001336626404	353.147727803312	-0.0100651949683812	79.4783599455388
393.997337941989	457.318037459459	3.12618900058404	62.7726236575609
394.501234459836	353.142754074005	-0.00984839018953068	79.3771500497805
394.497081930141	457.310037213574	3.1268564347932	62.6283266917509
395.001122604576	353.137988748623	-0.0095737112489859	79.2794337669122
394.997149339323	457.302889620756	3.12910416191085	62.4974042254799
395.500970237354	353.133369842124	-0.00902994724546953	79.2177071198334
395.497442230084	457.296895456302	3.13132127186639	62.4147131138563
396.00077265831	353.129226011835	-0.00804879016756921	79.1942312059943
395.997712718513	457.291848316949	3.13212907252916	62.3906376067902
396.500570636256	353.125600117587	-0.00684049501545244	79.2025363242265
396.497806046847	457.286726978082	3.13142961886739	62.4060140195149
397.000421218767	353.122639509915	-0.00573861950907559	79.2112846107806
396.997739731448	457.281101275821	3.13002380423591	62.4255190821623
397.500352021486	353.120090886023	-0.00489445110175701	79.2143088563819
397.497574448434	457.274576125282	3.12862753024851	62.4263975987923
398.000354514672	353.117943253041	-0.00417382580979502	79.2132102317107
397.997310529065	457.267442446939	3.12752164623241	62.4044471356696
398.500383719001	353.116051466993	-0.00331672080062432	79.2319130712825
398.496880868526	457.259629742964	3.12665397996636	62.3688450108195
399.000366368944	353.114693457614	-0.00196756746985254	79.2656007466035
398.99627867178	457.25144473871	3.12587300878993	62.3241938206638
399.500244258707	353.1140817282	3.870255341992e-05	79.3016589351358
399.504282545757	457.242191786348	3.12509703514934	62.2150798929244
400.000051642494	353.114590890905	0.00213913496672317	79.3067572620063
400.004312630169	457.23291775646	3.12476407180365	62.1741973125535
400.499910587742	353.115891440697	0.003145365651691	79.2780148908208
400.503924605437	457.22374386445	3.12556273045385	62.1346398609217
400.999907073395	353.11738036533	0.00251237670456211	79.2227505219237
401.003272330841	457.215621621429	3.12776326798568	62.0889479831571
401.499983135379	353.118289141345	0.00114989329965067	79.1728920133982
401.502643371139	457.208872145589	3.13052269925548	62.0338425393395
402.000007021478	353.118712740642	0.000480168755896644	79.1373762290491
402.002243183335	457.203587729898	3.13236267251842	61.9605385318984
402.499916171305	353.119043796785	0.00108889038665787	79.12514506516
402.502082136595	457.198709182826	3.1321523881177	61.8830628878598
402.999747416831	353.119937514433	0.00249835932558844	79.1242623278189
403.002076767932	457.193282766889	3.12981686171879	61.816732916602
403.499564618132	353.121462034753	0.00388930643115443	79.13715916121
403.502176525001	457.186214085156	3.12625687946861	61.7813506395503
403.999401021978	353.123600927873	0.00477782797051849	79.1552971537747
404.002365106089	457.177464377227	3.12288961081316	61.7666413819598
404.499253052032	353.126002794934	0.00528250616178317	79.1876186720244
404.502574343509	457.167333271873	3.12091352919135	61.7531841681959
404.999109235038	353.128737734558	0.00592310327880114	79.2305784211431
405.002666459945	457.156926624041	3.12096089808928	61.7105235410733
405.498976990714	353.131882755734	0.00719583365235464	79.2916420762737
405.50250347128	457.147086569217	3.12294450598614	61.6390662025603
405.998878488236	353.135887148785	0.0090133686737548	79.3571518225174
406.002066658643	457.138760012787	3.12636310803697	61.5563257316132
406.498831957154	353.140727890423	0.0106791560926378	79.4206028215276
406.501517753687	457.132202509864	3.1301905631157	61.5005763808755
406.998830664164	353.146266744933	0.0113978067970766	79.462019107675
407.001157185386	457.127311912696	3.13272089814827	61.4805825977849
407.498831920451	353.151833979386	0.0110445868370626	79.4849992547019
407.50122130586	457.122826701322	3.13204665146929	61.4819944885574
407.99875881195	353.157184523383	0.0102350986423726	79.4927060829491
408.001618214023	457.117238875408	3.1281960956332	61.4621846192101
408.498544523042	353.162184179011	0.00992082476997622	79.5081448018547
408.501924246473	457.109589207594	3.12415425494902	61.4056964509228
408.998197013078	353.167408216751	0.0106034283196563	79.5369038594334
409.001813751736	457.100814334689	3.12330882812342	61.3226785830336
409.497819363696	353.173161040262	0.0120372691088063	79.5889405710368
409.501374702812	457.092529538106	3.12603466680889	61.2600271173289
409.997529181585	353.1798061914	0.013469732537755	79.653569548545
410.000939169741	457.085969906635	3.12977465299421	61.2444156680204
410.497353070953	353.187020264897	0.0144329099154934	79.7297756135736
410.500766745801	457.080723000605	3.13119312814325	61.2759663040516
410.997182447766	353.194789602519	0.0151399445664029	79.8035081542995
411.00088648804	457.075318156733	3.12874321725697	61.3120659378627
411.496859517756	353.202998261072	0.0162889033364685	79.875709094721
411.501085368016	457.068123857958	3.12399948182529	61.3222800632623
411.99632301059	353.212211125375	0.0180831658410056	79.938110136897
412.0010949097	457.058987602368	3.12058904595749	61.2928241875995
412.495703371708	353.222462651839	0.0198691183071492	79.9971489756945
412.500859804902	457.049104340564	3.12080554911465	61.2515548767869
412.995229459854	353.23373277487	0.020652126951628	80.0473024838407
413.000564318457	457.040046128745	3.12342675065744	61.2248702856449
413.495051351952	353.245143033133	0.0201440055246824	80.0952740785766
413.500384060636	457.032075044348	3.12490003885496	61.2318896423794
414.004476376096	353.256170321577	0.0188973127789667	80.2497140564612
414.00031217845	457.024171699825	3.12361205772513	61.2539181399381
414.504040173408	353.265930579049	0.017881245263436	80.3231033822215
414.500228007953	457.015426567034	3.1218629984743	61.2760152364895
415.003770917891	353.275354943945	0.0174503718325294	80.4065281747153
415.000094928012	457.006404818729	3.12269870268387	61.2797535834193
415.503647170042	353.284503320102	0.0173660750582158	80.4977544737807
415.499978048248	456.998341851271	3.12583088782374	61.2664026959503
416.003565431055	353.293647696244	0.0172626023283896	80.5843130475316
415.999901385712	456.991759540816	3.12882484424466	61.2285911704782
416.5034660923	353.302576056025	0.0171544321695753	80.6647120942958
416.499836510132	456.986181611742	3.13013751552164	61.1773696587536
417.003340902938	353.31151289194	0.0171550060482533	80.7503829817998
416.999761675538	456.980811334597	3.12986478846229	61.1251005517829
417.50321891759	353.320347836966	0.0172220341984079	80.8540767944819
417.499664386401	456.975040956863	3.12842933165806	61.1014472520746
418.003125285533	353.329244795528	0.0172636235106347	80.9688322923233
417.999535789648	456.968403367225	3.12620644987624	61.1172937876828
418.503077485636	353.338062403537	0.0174286591872076	81.0783899747243
418.499388868645	456.960677111852	3.12372469262077	61.1812022990872
419.003057518707	353.347065186629	0.0178989891297277	81.1747322994445
418.999246709464	456.951877384524	3.12178224456488	61.2754604443632
419.503029293543	353.356299597019	0.0186671924518718	81.2695628099796
419.499102957228	456.942416881484	3.12092873729164	61.3793619948984
420.002950778987	353.366001441739	0.0195226066134859	81.3789863081004
419.998933233536	456.932777027848	3.12129761918126	61.4550521619593
420.502806223926	353.376023964685	0.0202416423925955	81.5062943629522
420.498747518388	456.923457656855	3.12229137118148	61.4896515421807
421.002599435163	353.386312541451	0.0206131176719034	81.6358290379809
420.998553021608	456.914433339055	3.12281312716741	61.483753838342
421.502370592306	353.396560452787	0.0206242700894131	81.7506097225904
421.498306648905	456.905317731108	3.12196213189834	61.461060953226
422.002178718898	353.406773644745	0.0206799154498093	81.8459242205206
421.998012492681	456.895474479755	3.12049890345531	61.4246839117676
422.50205616096	353.417079106438	0.021364743269073	81.9268727783599
422.497830533351	456.885160660496	3.12045437274186	61.3753333660225
423.001942804398	353.427889779396	0.0225880747188822	81.9950865816073
422.997907042943	456.875268580642	3.12286284652708	61.3056914500005
423.50174325097	353.43920260339	0.0234516837565737	82.046311159237
423.498126392264	456.866839041957	3.12615907883889	61.2379861079782
424.001436609312	353.450714091944	0.0234097426226918	82.0780409506547
423.998216871578	456.85965551112	3.12808858167049	61.1964352949238
424.501087712078	353.462042901586	0.0230215655802564	82.0971752650013
424.498076989929	456.852955973004	3.12789286597618	61.2061821303835
425.000746488118	353.473229351084	0.0229227865176503	82.1156466367405
424.997790203945	456.845694428384	3.12631646924791	61.2572570305544
425.500423805782	353.48436376893	0.0228913585257873	82.1391775220138
425.49742484374	456.837537581178	3.12422015165512	61.3337095222693
426.00012184378	353.495412282779	0.0226581064622669	82.1618842412268
425.996982132551	456.828171610041	3.12218320541563	61.4106232955653
426.499828168101	353.506395324003	0.0227783702541456	82.1719498711579
426.496552777209	456.817901102535	3.12090970790791	61.4815777477111
426.999501919768	353.517653674977	0.0237665535465595	82.1602247596236
426.99641594697	456.807209289823	3.12171271282265	61.5343374663429
427.499120402253	353.529541647298	0.0250891041362026	82.1223247245401
427.496879090418	456.797648795441	3.12552185379539	61.5691860377315
427.99871015362	353.541993302159	0.0259262353622423	82.0571765779457
427.997858861078	456.790527597486	3.13136117262776	61.5837108271904
428.498285632284	353.554793833336	0.0263920833258505	81.9676475544768
428.498770368335	456.786483121085	3.13618674616907	61.5939145332052
428.997804399409	353.567911016312	0.0272785317288811	81.8602635682812
428.999054129304	456.784044707425	3.13747157070278	61.6095389500098
429.497207125598	353.581735960549	0.0289911748380559	81.7411597900165
429.498679174686	456.781402197006	3.13523784401402	61.6445094739757
429.996485303971	353.596566111858	0.0311621581612481	81.6103756404368
429.997973174702	456.77687366994	3.13137943812941	61.6936338273445
430.495686627037	353.612554991674	0.0330573427128342	81.4610926073459
430.497260096703	456.770327588302	3.12791652188734	61.7550450501758
430.994920125675	353.629362118273	0.034112261787012	81.2842338746945
430.996811737745	456.76215858761	3.12642222375622	61.8159471624768
431.494286755404	353.646699300609	0.0344363221064442	81.0790303096056
431.49684161238	456.75391143727	3.12755681365811	61.8689181279811
431.993757843441	353.664295774089	0.034903166173221	80.8552821326391
432.00261048854	456.74669905903	3.13017334260138	61.9745748352492
432.493103083245	353.68263258956	0.0365348318279964	80.628432064362
432.502377364152	456.741085052	3.13149213417982	61.9994397903008
432.992134540217	353.70223806063	0.0393336042969409	80.4093429942089
433.002590426363	456.735350064621	3.13010409986583	62.0361872486176
433.4909481376	353.723697870265	0.0421449851386116	80.2095016455744
433.503009962268	456.728541653953	3.12743949653189	62.1155280423521
433.989850109217	353.746623803318	0.0438080991348402	80.039081940928
434.003255346722	456.72047217752	3.12599440114213	62.232951185293
434.50958066991	353.772312198296	0.0446187587816209	79.8559672006159
434.503236536367	456.712370536052	3.12671042994076	62.3507332839075
435.008549433434	353.796644278101	0.0457972027718325	79.7967748617369
435.003049637503	456.705018147788	3.12876528122679	62.423805118096
435.507847023004	353.821338335683	0.0486568871628504	79.7312866996907
435.502751966207	456.698943987646	3.13087260519159	62.4387257152695
436.007275075148	353.8471030111	0.0531428128217867	79.6257006292995
436.002374314324	456.693734479139	3.1322108157517	62.4178826531591
436.506471647303	353.874623667377	0.0581212702954858	79.480175678287
436.502042379427	456.689049864665	3.13244996290494	62.3982203744547
437.005260866773	353.903618834485	0.0621119200030333	79.3071689888452
437.001892299801	456.684160997548	3.13170852120114	62.3992383585598
437.503722224843	353.933661164148	0.0646614596723367	79.1475639082677
437.501933742182	456.67884326866	3.13049172479604	62.4222650871871
438.002029148594	353.964198593909	0.0660664291961359	79.0243772238164
438.002030996679	456.672871592978	3.12956447438132	62.4611668974535
438.500277486667	353.995120748417	0.0670868351399194	78.961514697669
438.502046765447	456.666695969327	3.12947608899156	62.5141047129405
438.99849586581	354.026435397898	0.0677328728355689	78.9574199674566
439.001958854842	456.660585213878	3.13008458556125	62.5773133597889
439.496700487895	354.058063012994	0.0676941295522221	79.0214940237533
439.501857910465	456.65488110809	3.13066619028583	62.6403592344957
439.994897195465	354.089785361703	0.0665610089637882	79.142593396905
440.001809388825	456.649329182459	3.13080758915185	62.6845584520312
440.493059058412	354.121301332603	0.0648467037925974	79.3105993945097
440.501780306574	456.643923311742	3.13086896453316	62.6969305234136
440.991149153591	354.152771441343	0.063020157376726	79.4902935912042
441.001689985836	456.638625278523	3.13134937338916	62.6806394853846
441.48922508094	354.184314761989	0.0613241049039922	79.668927243325
441.501528888657	456.633721348295	3.13205606474817	62.6571295323699
441.987396061214	354.216289420981	0.0594290530446403	79.8438148678358
442.001385410171	456.629026149626	3.13234336052835	62.6502062611701
442.48569781856	354.248518321259	0.057355393092151	80.0405855261099
442.513570945148	354.250391471995	0.0572370047528434	80.1439096999876
442.501377376842	456.62432299302	3.13183017756295	62.6702193333444
443.011776729175	354.280468429006	0.0553309461148217	80.4388724572158
443.001514578583	456.61911935173	3.13065326057677	62.7096038186952
443.510320876837	354.308966651657	0.0539193770861495	80.7500932924919
443.501654970373	456.613320860703	3.12937129956447	62.7588837429531
444.009032101896	354.336386699091	0.0527296912814669	81.0526708273881
444.001610855179	456.606994555575	3.12882937310705	62.8183411873038
444.507687500176	354.362645142233	0.051132913838735	81.3275823269734
444.50133442648	456.600790261524	3.12964915681618	62.8941706621687
445.006241056971	354.387682553057	0.0489011511291634	81.5665718028096
445.000975929644	456.595268803683	3.13153084361535	62.981903158848
445.504838235186	354.411341098749	0.0467827539814315	81.7685662657416
445.500764259081	456.590733795416	3.13315662421527	63.0601464543693
446.003570276597	354.434025515454	0.0456350698318408	81.9259396089509
446.000794653383	456.586642822341	3.13334271694717	63.1032496449631
446.50239523725	354.456245765767	0.0456124895253423	82.0234387769067
446.500953547752	456.582335150918	3.13223233463878	63.1054600353231
447.001206190943	354.478555851095	0.0463363065414693	82.0472369954499
447.001050181645	456.577363682532	3.13091211971537	63.0867557174685
447.499925214546	354.501285632622	0.0475185229488444	81.9955393459844
447.501001057532	456.571938276989	3.13025296906451	63.0755851068683
447.998518809124	354.524688712107	0.0490112403446292	81.8801996486669
448.000852010343	456.566414849172	3.13053808019892	63.0864424924911
448.497005497767	354.548921075859	0.0505991354492726	81.7191620622047
448.500694325375	456.561267073781	3.13154032275477	63.1143046917456
448.995439714982	354.574014323119	0.0521606673307635	81.5264528491849
449.000587385858	456.556621854282	3.13256253452993	63.1447788213373
449.493823468312	354.600144948236	0.0540538559210926	81.3072438659946
449.500541815361	456.552327916063	3.13279769940141	63.1684311303608
449.992030573531	354.627678244909	0.0570562037980786	81.0598430979285
450.000527928308	456.547894700833	3.13210109320287	63.1875454423428
450.489814543551	354.657535660261	0.0618023098572273	80.7841737520952
450.500506450226	456.543078470658	3.13121331955627	63.2131704331462
450.987019467512	354.690619645671	0.067997864393229	80.486431629645
451.000458201182	456.537957178541	3.13092736434233	63.254736929372
451.483736161025	354.727863410934	0.0744942244227565	80.180752383267
451.500394067964	456.532880174424	3.13127892886874	63.3100139870251
452.017344555686	354.773450081978	0.0804709620370895	79.819960145377
452.0003323896	456.52799650557	3.13177977311499	63.3637929418077
452.514097244275	354.817395318513	0.0846959180637243	79.6417752977186
452.500282128737	456.523287935159	3.13202843865238	63.3982073156499
453.0108314234	354.860900361	0.0880988552800104	79.4773767464541
453.000237895167	456.518564910475	3.13182562666161	63.4062853057249
453.507584006589	354.904384535636	0.0914926092247237	79.3332644078081
453.500186110241	456.513630752589	3.13114531902155	63.3970595457471
454.004212371319	354.948200163718	0.0946697642657948	79.2140767649979
454.000116095972	456.50834249579	3.13040024973671	63.3879690762853
454.500608887827	354.992672787558	0.0969176544190714	79.1447811823935
454.500037326131	456.502862801166	3.13032886185096	63.390410957907
454.996839523538	355.037624347132	0.0971564616703039	79.1324667517253
454.999972249417	456.497578082501	3.13110116934274	63.4007409946705
455.493048450674	355.082693953586	0.0954357891770157	79.193956022376
455.499922347814	456.492694206482	3.1318407096168	63.4026734159025
455.989279261836	355.127788212661	0.0924740636492296	79.3262736488131
455.999859909795	456.487935747936	3.13162086821355	63.3775707894586
456.485415737041	355.173098626521	0.0895933934085071	79.5318199274546
456.499763004848	456.482840968255	3.13072030979252	63.3152579844816
456.98125914953	355.219434928899	0.0870205410338093	79.7870967989111
456.999652192308	456.477385110521	3.13039325385577	63.2219337412677
457.518989032244	355.270277048831	0.0840733562772178	80.2302201751342
457.499585291333	456.472081939905	3.1314709634417	63.1230163366366
458.015610111497	355.313409161061	0.0806741454566109	80.6205976824289
457.999597454883	456.467584639046	3.13344583857477	63.054021329238
458.512199226757	355.353366967037	0.0765363968460229	80.9896080235728
458.49965212561	456.464010157445	3.13498523221154	63.0384026724473
459.008887171277	355.390436525167	0.072141430559579	81.333037883891
458.999685596681	456.460922456843	3.13521942017679	63.0734080582287
459.505884976982	355.424882192956	0.0682230787015257	81.6478956043506
459.499667698114	456.457658522872	3.13438427455072	63.1384845829393
460.003255243029	355.45738658395	0.0655509422344573	81.9132358151178
459.999595704361	456.453903203553	3.13320676712555	63.2083226505242
460.500851469646	355.488857676506	0.0649340588551175	82.0947537915439
460.499463137331	456.449552300841	3.13204975868369	63.2544356366088
460.998388328639	355.520533042886	0.0666207888005035	82.1638479495195
460.999283522073	456.444666239709	3.13104900599764	63.2479960659962
461.495625358875	355.553567614619	0.0700661813701608	82.1088617811348
461.499125375184	456.439348083483	3.13063673747396	63.1762061987526
461.992463071694	355.588786065026	0.0746304325989485	81.9275202286521
461.999077626262	456.434049288015	3.13124359461751	63.0556734293637
462.488850711997	355.626973516523	0.0802853023602942	81.6158854029365
462.499146844976	456.429209680987	3.13262653270866	62.9236578021973
462.984682824488	355.669005340677	0.0873091978838421	81.1751856727655
462.999223864065	456.425085744976	3.13384444841162	62.8134256618358
463.479782151772	355.716229700358	0.0955761204011012	80.6386492561761
463.499173469152	456.421281523753	3.1338605910643	62.7397706827121
464.022967506575	355.776237720502	0.105090871361364	80.0047254735413
463.998974476181	456.417168261697	3.13245104787065	62.7039368985589
464.51736664249	355.833092238637	0.112615240249038	79.6452762399466
464.498756341628	456.412178935472	3.13058598506603	62.7058621977639
465.0115629233	355.889763756859	0.118395556261619	79.3832831234616
464.998699873487	456.40651804064	3.12964545791484	62.745253668932
465.505650140598	355.946660948461	0.122811304186124	79.2358460616061
465.498857551651	456.400752322849	3.13022206092906	62.8119437126519
465.999554706399	356.00414380627	0.125579724223383	79.1966378122551
465.9990592394	456.395551952137	3.13154199834611	62.8763257718321
466.493168482789	356.062550510241	0.126157873873971	79.2649971083205
466.499014878088	456.390758759471	3.13188157711746	62.8984714478415
466.986509265709	356.121946085108	0.123428787872934	79.417750776704
466.998579858948	456.38561061484	3.13007335379097	62.85120327905
467.479732451019	356.182083877937	0.117687747269131	79.6541315921167
467.497908548893	456.379029256747	3.12683422884173	62.738474453657
467.973034605846	356.242958530587	0.109733049749484	79.9731734247284
468.02629159937	356.250062320499	0.108769363993409	80.0975319855042
467.997371213423	456.370927001344	3.12440673865544	62.5914628652077
468.520119760903	356.305175383513	0.100559953870968	80.6275141581591
468.497283218059	456.362140024729	3.12469883704529	62.4521470973858
469.014766909606	356.354559929138	0.0935090419627956	81.1517960652753
468.997623748103	456.354222473659	3.12749700259367	62.3445907786606
469.510126888035	356.399684862411	0.0887026309319428	81.5860660815458
469.498019955523	456.347800281796	3.13046081221251	62.2537716048173
470.005875903137	356.442358598667	0.0867276945076993	81.8643929097411
469.998181174169	456.34249794848	3.13157827925372	62.1403773582501
470.501639118346	356.484259544023	0.087546368019383	81.9613913790803
470.498180312982	456.337222440603	3.13114745342035	61.9946943325762
470.997121487809	356.526954175121	0.0905616301814596	81.8842480249291
470.998123054528	456.331596850019	3.12991892207818	61.858567962015
471.492150402994	356.571727743521	0.0952402032873813	81.6501543931561
471.497590190961	456.324758528383	3.12601685354944	61.7854704022572
471.98656968519	356.619751536969	0.101546304467617	81.2735765936762
471.995471472298	456.31429474045	3.11434550325065	61.7707014158899
472.480084597204	356.672602904869	0.110066522339243	80.7778596884391
472.489894564573	456.294123437937	3.08744885455085	61.7389255888786
472.972267176351	356.732327558423	0.121196815225913	80.2143766002826
473.024740073005	456.247943921097	3.03263102858846	61.503727493069
472.977418334294	456.254411321994	3.0386255482416	61.606437898086
473.524623212384	356.810677920152	0.135678560572364	79.6627538874745
473.528050481628	456.166981601144	2.95634166591824	61.4005862652606
474.015799114543	356.880966879779	0.146377527108046	79.3940766615563
474.013976128411	456.056425168191	2.87669031876644	61.4320802314527
474.506492074557	356.951530609369	0.15251104831746	79.2692311137582
474.475739412326	455.92549387707	2.81300648856881	61.5957449239363
474.997058319257	357.021967168133	0.15308299353224	79.2850437846018
475.074592229895	455.684400752951	2.75745941982793	61.7875435683068
474.910937240667	455.771464256638	2.76930902897047	61.6555313488289
475.487696824794	357.09224531215	0.149258608570829	79.4357492131109
475.506011331805	455.513491464928	2.72919842336833	62.1943825157039
475.978326965232	357.162919576264	0.142262987496547	79.6968606931919
476.109291493545	455.228053220432	2.69923343775948	61.7810240423856
475.925728039873	455.341754176708	2.70796997414861	61.9978574285505
476.468700220251	357.234850763129	0.133789063013017	80.0599964725285
476.51914809305	455.039454084379	2.68956157619019	61.9817939320366
477.023823011908	357.313098828747	0.1244200015806	80.7732732155311
477.117137274542	454.744086794623	2.69531130112405	61.5912993371754
476.932074251556	454.85937016281	2.69173942457616	61.7789911152506
477.516240557395	357.37406494452	0.118311227432718	81.3322514243818
477.525996358371	454.55475936276	2.70168281277198	61.9566889037663
478.009040259865	357.430775463626	0.114534236203941	81.7444218342551
477.942551457329	454.378828288824	2.70017336317113	61.8530172910164
478.501953665916	357.485155553729	0.113109932568621	81.9288651815479
478.534742069921	454.072385259357	2.68990871156919	61.87290228685
478.994822817032	357.539202782748	0.114189552422478	81.8529597674228
478.948693136754	453.893438989535	2.6898774296746	61.8376059417567
479.487331712703	357.595166220188	0.118808302115919	81.5373433367958
479.540962257696	453.585676722542	2.69754163593608	61.9613889065725
479.978797990546	357.655803112096	0.128137525062372	81.0387858493988
479.956746010509	453.409517275481	2.69676453376601	61.9426224030673
480.468224001496	357.724856933879	0.142486804181996	80.4380109854907
480.548596522612	453.100757657641	2.68815342747179	61.8704630442511
481.028125085794	357.819157763774	0.16269059073292	79.8515509144097
480.962054490513	452.921448915361	2.68882399668884	61.941582333835
481.515755781367	357.902417216418	0.177553958657685	79.5981177944331
481.554313447241	452.613696364799	2.69935750471352	62.06988109551
482.002236296191	357.986494039148	0.185309143913397	79.5153846621213
481.970386974032	452.437961143255	2.69990061925615	62.2016656620005
482.488059041097	358.071498952022	0.184753637368802	79.6269459802723
482.563282003546	452.131384369384	2.68887536104991	62.0610714562901
482.973846530018	358.157672665384	0.175912477604287	79.9070542016558
482.976161575583	451.950745499383	2.68551853487441	62.199109854492
483.459851600183	358.245545158026	0.161856402921175	80.3128269020986
483.537205709187	358.261241502363	0.159304153574911	80.480378623066
483.567981960061	451.641222462131	2.69309432003319	62.1943266065616
483.382713004272	451.75773232732	2.689607782985	61.9337010931274
484.024808043294	358.339728848406	0.146340137896092	81.1054003179726
483.98214342378	451.462816481357	2.69639410513751	62.376226176795
484.514112270246	358.409278024296	0.138423106302864	81.5547956382838
484.575676234547	451.157528741428	2.69071464195513	62.1335774709699
484.392057804579	451.27483653382	2.69356764374108	62.0186463441277
485.004006144296	358.474598404834	0.136598380900236	81.7267413036048
484.988338301463	450.975672189149	2.68841637563962	62.3181632999852
485.493553619255	358.539980031653	0.141204225605764	81.5883333925011
485.580795541764	450.669865352232	2.69364793840669	62.2552380708099
485.398423574308	450.787673701023	2.69095994641377	62.1068571349591
485.981716155041	358.609891707068	0.152533152936071	81.1611872401332
485.994512744321	450.488520117512	2.69419023860123	62.5460254914769
486.467227719854	358.689427244206	0.17004633185496	80.5318537127468
486.588907756878	450.183465068325	2.68626505000711	62.2738019684811
486.405494635449	450.303864974423	2.68952997272622	62.2628982450831
487.036792485782	358.804660148984	0.19470358699105	79.8340732249972
486.999194551189	449.998342060819	2.68504877256074	62.5053890534487
487.518632342616	358.903635224396	0.210312085212493	79.6224960921541
487.593181397665	449.693941512691	2.69486420114416	62.3411468269203
487.40956476411	449.813068973045	2.69053073970661	62.3045287698068
487.999693608473	359.001561444907	0.216181794261563	79.6197670471277
488.005424380379	449.511324696228	2.6988631446157	62.6443686179499
488.480348770234	359.099828771631	0.212100613812788	79.8123074182721
488.602747335485	449.213318228518	2.69211311802278	62.2509703244951
488.419105956109	449.331224991067	2.6956890074086	62.3837964759124
488.96077304916	359.200282761479	0.199210903575591	80.1372400658572
489.012399035219	449.025779314793	2.68915842138228	62.4980910914589
489.533601002294	359.321351059159	0.181215011188359	80.8477625340713
489.608612154619	448.728451993358	2.69682385048687	62.2669301060578
489.425443847575	448.844325048973	2.69294900704986	62.3608252616465
490.017593450315	359.40748919451	0.17306704565407	81.3313455288413
490.01954787034	448.541124253117	2.70107397169437	62.6858056271385
490.502246574024	359.488436823534	0.173054351037753	81.4838763522039
490.434979236507	448.364131186295	2.69703180097093	62.6063295832215
490.985853378092	359.57069481811	0.180981413571086	81.2459242650485
491.027131186693	448.056067125296	2.68683532519063	62.7585655871205
491.466492076822	359.661144560915	0.197615659766942	80.6774333027738
491.439903418277	447.875984562743	2.68735397147315	62.7491244881712
492.045925379457	359.797720318427	0.226701430924892	79.8899073834455
492.0323666676	447.567321928512	2.69612840376781	62.9900926378042
492.520630592526	359.911887453719	0.245547563380114	79.6630408673029
492.447164922632	447.390559836086	2.69409442666948	62.9376239521697
492.994192965456	360.024444880974	0.251953844226998	79.6475957216731
493.038696182386	447.079133623746	2.68322922961482	62.9322353054387
493.466989646036	360.138782576281	0.245848431766224	79.8404797522517
493.450457307142	446.898653689747	2.68305877921908	62.9556830060949
494.047812519595	360.291247896059	0.226230826940147	80.4223298966314
494.042015500698	446.587600154167	2.69528353709621	63.1379985312371
494.523417514367	360.398613241077	0.215610408388774	81.0330545411496
494.457931212664	446.411588927303	2.69870289754372	63.1457350084465
495.000530521662	360.497757440551	0.216445968742766	81.2552409430068
495.050130333246	446.105238198152	2.69260818306252	62.9880569343386
495.475538310249	360.59950824945	0.229256149985151	80.9945862164862
495.465200261906	445.92684945306	2.69238196104533	62.9958589319243
495.944420619129	360.715405351408	0.252641470490134	80.3886129948333
496.065395198143	360.756156399951	0.260238274217183	80.1752357178117
496.057360635053	445.620826660726	2.69879054029356	62.998469712863
496.530783048579	360.889883550156	0.283729312183681	80.0056318189665
496.473230214206	445.444061477273	2.69711239611168	63.1225955313988
496.994603389314	361.018785362659	0.294076172635907	79.9728002896987
497.065999284278	445.135671652474	2.68622022869892	62.9806791710882
496.880124406827	445.252410632549	2.68961130613093	62.7565144613668
497.456077337257	361.150725428971	0.291115274745891	80.0410614595675
497.477822874564	444.954469050942	2.68485900033151	63.1645741277546
498.046298070709	361.339592172207	0.275983728326182	80.5512335944034
498.069960249293	444.646311183767	2.69703477722387	63.1907693070378
497.885122011547	444.762317860073	2.69223708814032	62.9294229490847
498.510263070996	361.465182615411	0.274204301723573	80.9769782183689
498.485101622633	444.468685084106	2.70038312752259	63.4184703311396
498.972800138567	361.588976655656	0.286525940172921	80.9202825811208
499.079226062796	444.16544884609	2.69084208039136	63.1658234279283
498.896522599393	444.282919356499	2.69497259664395	63.0852753230969
499.426734589459	361.728663750915	0.310907247424242	80.4400496854376
499.569212898554	361.790338143886	0.320463592202912	80.3370425289582
499.491699463026	443.982703522544	2.68690362436983	63.3687938409999
500.019808217431	361.942578559646	0.342562740618518	80.3720042269955
500.084534391987	443.677526878666	2.6950608877683	63.2136019439598
499.902238568939	443.795599796951	2.69140187776116	63.1187056160482
500.467413660697	362.091231512264	0.352017852168955	80.3401358031797
500.498391795216	443.496624896833	2.69886561467587	63.4412457629352
501.063096411247	362.329037057213	0.351475248688721	80.4480163925873
501.094800911676	443.195728609423	2.6905946397629	63.0106428999001
500.91107603409	443.314589132794	2.69488414440156	63.0917702800957
501.506060720406	362.484250543956	0.359646962196971	80.7790810609312
501.504700557897	443.009660426215	2.6864601976011	63.2309584764696
501.943083386687	362.640227481715	0.380988371849129	80.5287201759708
502.099718290411	442.706799098143	2.69319674813335	63.0755202488355
501.915369542018	442.826004765443	2.68935826609161	63.0756407033814
502.53792973298	362.914524120131	0.42103896536272	80.3288021253707
502.510289010058	442.521349025363	2.696127200497	63.5127761699506
502.95916942071	363.087702869072	0.438825851512743	80.2763487668137
503.107899464468	442.222490390104	2.68712780225568	63.2720285860675
502.923222892593	442.341544242523	2.69092152130755	63.4052535335834
503.551576938125	363.3961847932	0.458948577972685	80.3540157977921
503.515214558741	442.031283720375	2.68189664010331	63.6838549354482
503.958165661923	363.579185979732	0.483325474409593	80.4644377888738
504.110058042679	441.730792356528	2.6914558766848	63.575875394154
503.92676574585	441.848545181974	2.68599715400702	63.654895546485
504.542004151256	363.929970282968	0.542385443167183	80.3897912492856
504.519994529438	441.54217678269	2.69941159036103	64.0673834737375
504.913876403476	364.131681079755	0.58067811934722	80.2385404828184
505.126214355403	364.317275861978	0.605638239937278	80.0372707498534
504.936015809873	441.365273375919	2.69832810616181	63.9778460415182
505.472720275328	364.536425345732	0.642386676813178	80.5674187458618
505.527961649284	441.058068308259	2.68776979804665	64.0482523160202
506.015808226804	364.981399642347	0.703292253014473	80.6477184530612
505.941176042716	440.878183395371	2.68769933277467	63.9774111567521
506.308029048471	365.213314022753	0.730388505304339	79.9536130103372
506.541656134804	365.455701625823	0.750753635310427	80.5600621479125
506.533363440908	440.56965947735	2.69615373641155	64.1557201853696
506.816717113237	365.688362454608	0.766246710319816	79.9142150238126
507.052414050826	365.94767515404	0.777815139747747	80.3128140464492
506.948934769692	440.393208648536	2.69650516485161	64.0656544304602
507.316933680708	366.180305802062	0.783860588869807	79.6130097350462
507.5535624343	366.448084765951	0.788004752530976	79.8746514153441
507.5408647086	440.084749113454	2.68890599552116	63.9524625396346
507.815224444639	366.679594134336	0.787230666378718	79.0711942992419
508.052695089564	366.949095620552	0.786924508892008	79.262952652465
507.954566150968	439.905820344384	2.68941910410044	63.8916059702875
508.315093847894	367.180697300762	0.783951057643606	78.4434492142732
508.553162599826	367.448025887598	0.782834167244601	78.6872889118821
508.546636356636	439.59700320151	2.69557165113561	63.9487166694845
508.817377704859	367.680541706358	0.781555591280695	77.9677564857705
509.054979807167	367.945554514654	0.781912290717262	78.3369968802415
508.961539722729	439.420189095553	2.69405093231788	63.9741822712572
509.319809497909	368.179082579274	0.782958225381751	77.7533512894755
509.556641713502	368.443815095244	0.784233969189179	78.2289345110108
509.553207057651	439.109825830798	2.68605948623192	63.8592126255186
509.820484148773	368.677481522924	0.78587485104906	77.6800628954191
510.057481192844	368.943513602879	0.786875143273518	78.1609816632256
509.96638771786	438.930152627211	2.68858774017438	63.9177233104051
510.319871320111	369.176546667763	0.786597579389626	77.5259295769702
510.558255972934	369.443251463235	0.785234201975221	77.9341265388204
510.558453549864	438.623881984873	2.70165053271133	63.9249675508381
510.82079724918	369.67529605262	0.781999458333485	77.1376584937305
511.061108042597	369.940561160632	0.779209924082136	77.4461634057966
510.975715912132	438.448410753804	2.70344411157779	64.0211072996642
511.325399637503	370.171286468218	0.775123482929005	76.5331373616141
511.566892703294	370.43482923304	0.772194270507977	76.7769244839285
511.569390129528	438.144929097802	2.69224491267624	63.773968243861
511.385872863554	438.259490023185	2.69660318360261	63.6096421639459
511.833667407606	370.663657775851	0.768459127823964	75.7996666542028
512.075289456379	370.926657828788	0.766641528144491	75.9560064066424
511.982723738872	437.96421231619	2.6887788720354	63.928522718163
512.344360637153	371.153161980427	0.764408892361606	74.9497225425591
512.584836167018	371.417658673815	0.765078650518364	74.982779861652
512.575645454792	437.657564635519	2.69595213135206	63.9037456421835
512.391154784906	437.774904173806	2.69241153174192	63.6969280228537
512.855173837783	371.642087756481	0.764429237552187	73.9813578784654
513.093781193831	371.909521181363	0.767912916162545	73.885374111303
512.989663297326	437.478443593828	2.69774457178551	64.1700277927146
513.363942157793	372.132667011197	0.768651872610986	72.9518986053117
513.600438898349	372.403846777615	0.774246359417221	72.7746678757226
513.584189840287	437.174163553345	2.68789538479584	63.8955330010603
513.400758495854	437.293603573938	2.69232627572288	63.8582779501498
513.86902297332	372.626576146402	0.776351112222122	71.9329551054495
514.103420873006	372.901901054695	0.78369765816259	71.7191576344691
513.994993311772	436.98969745544	2.6830360850844	64.1048911875869
514.369247641883	373.125174726784	0.785845161965457	70.96620899169
514.601832982537	373.404022079322	0.792310664880654	70.7665620741074
514.587832408801	436.681037856763	2.68737636149179	63.9413018196749
514.403732807492	436.802298291633	2.68466871585913	63.8645611636257
514.865314832775	373.628336891549	0.79266965130292	70.0621449892252
515.096921515727	373.908768523387	0.797754915643888	69.9111627174237
514.99877672754	436.497476164839	2.69034940176823	64.2325195014915
515.358701462664	374.134397823956	0.797292634394711	69.254480321527
515.589941051251	374.415300132133	0.800774993958327	69.1980793120922
515.59324349643	436.193083833701	2.68802177323214	63.9540280106467
515.409605480232	436.31309071308	2.68939189496772	63.9655022646812
515.850474801737	374.642058378328	0.799759961410962	68.5697321591715
516.082050988357	374.922673144749	0.802078946419407	68.5934569749298
516.003620907871	436.007551813486	2.68912780197217	64.2648171930921
516.34164333811	375.150676542799	0.800829872063172	67.9616149207055
516.573720513732	375.430164530942	0.802538561577687	68.0514102805089
516.598056191022	435.708285851213	2.6995848660636	64.2092967122564
516.416408244064	435.824417054938	2.69496150742526	64.1808171485826
516.832809646841	375.660202165549	0.801182380246386	67.4054780664396
517.06536344271	375.937505128673	0.803147886863794	67.5820276140476
517.011493333244	435.524324681488	2.70202717442846	64.6624033307037
517.323581400482	376.170098674164	0.802658228653664	66.9701825727917
517.556755216483	376.445400318345	0.804323018129958	67.2830203539499
517.610222195869	435.229554545774	2.69176163109601	64.3734127548627
517.42656267494	435.346190038093	2.69614464541439	64.5416775505501
517.813292854036	376.680161466289	0.804492696827715	66.7090971991802
518.047786759452	376.954012612395	0.805721068225728	67.1450359105744
518.018715856796	435.038524352021	2.68524038810846	64.7243480242453
518.301890269422	377.190708742441	0.806039755051442	66.5736682697582
518.538322835276	377.463133935214	0.806189027542686	67.1020738694437
518.617656324149	434.73423252459	2.68081763982494	64.373632593519
518.429518854772	434.857201808537	2.68297084196962	64.5991967751889
518.790271612173	377.702201645665	0.805190197191934	66.489836896512
519.029269187935	377.971722295226	0.803940009791033	67.0762679275096
519.020322180717	434.537694551854	2.66022968483364	64.5230225597353
519.279899030504	378.213307109003	0.802523049889172	66.423147907537
519.52139655871	378.479259498032	0.801877896910154	67.0479317466964
519.619832553682	434.165780964671	2.51997237536674	62.8651195109267
519.407430107719	434.348333635124	2.59995906652191	63.6655650576784
519.7698255161	378.722662857495	0.803315124672175	66.3347941042574
520.012999963338	378.987597985141	0.808536652780624	66.9481653896473
520.178073565396	433.645230059879	2.23686628269371	60.9196832598511
519.944865077227	433.938824890652	2.3905941148067	62.0483688637582
520.252302282527	379.231153526146	0.820868687820583	66.1189695086831
520.495172647478	379.504255942118	0.845220058078958	66.6425105441253
520.735695778812	379.81336940368	0.895128227973725	65.6925783799751
520.693760888607	432.546255429047	1.78757772781354	62.075420007909
520.547242450412	433.019551507256	1.95234387731702	61.2613990933734
520.368908202601	433.416550761274	2.1202247168529	60.9282619928644
520.939299340229	380.043503516332	0.948584657595194	65.9379869687198
521.146867054241	380.416262314765	1.05416432849499	65.2692066901426
521.248987458668	412.004403228309	1.58852591718804	65.0675722416168
521.238909848544	412.504326814812	1.58873219984636	65.0070952799261
521.229044349786	413.004110777875	1.58870021945783	64.9318221758613
521.219288059993	413.503841345925	1.58843414375467	64.8498431016004
521.209960358127	414.00369878005	1.58801909338625	64.7563930809928
521.200887335608	414.503709243546	1.58753059134077	64.6537880435575
521.192254184408	415.003769854105	1.58716065587061	64.5366581805627
521.183658220892	415.503778715695	1.58741025757017	64.413840356972
521.174862688187	416.003699158109	1.58862711221554	64.2896015101635
521.165212671729	416.503537112817	1.59069621863216	64.1852712322145
521.154596842593	417.003335039448	1.59307527935689	64.110799405345
521.142876488992	417.503124896718	1.59516881936232	64.0702237322267
521.130549393198	418.002891743742	1.59627685885464	64.0356987761423
521.118101390515	418.502599440609	1.59597948673615	63.9866971164338
521.106276704538	419.002282637381	1.59468017893232	63.9071454494661
521.095102031048	419.50201856177	1.59376064318008	63.8082227991377
521.084218898856	420.001818417412	1.59406471466208	63.6952532645832
521.073018263225	420.501600596035	1.59499229341185	63.5862677887101
521.061592298368	421.001311981864	1.59518771347188	63.4890759615204
521.050362888917	421.500995125033	1.59419668094868	63.4212747320819
521.039819537888	422.000726243392	1.59267500422776	63.3823486856816
521.029881061153	422.500528611753	1.59177250240756	63.3778181481836
521.020123074138	423.000367714545	1.5920158570501	63.3983542985929
521.009999222896	423.500194491138	1.59320738505121	63.4434644170373
520.999229749541	423.999984085875	1.5947222591417	63.4988732380747
520.987767146657	424.499734398467	1.5961299614787	63.5661259632215
520.975777531389	424.999458751929	1.59687801986106	63.6407316716278
520.963727480478	425.499203147762	1.59639580122561	63.7285923388321
520.952263276596	425.999035825648	1.59438125385821	63.8143934244435
520.941988211336	426.498982457553	1.59157512732802	63.8875009377606
520.932883322201	426.998981002544	1.58931205304079	63.9275493038213
520.924421625826	427.498920806335	1.588790846188	63.9364737787686
520.915637724452	427.998707101999	1.5901374230365	63.9181740668613
520.905905494012	428.498318332057	1.59246190984328	63.8980371154595
520.89498411107	428.997843806958	1.59435850915188	63.8894651103904
520.883369699948	429.497455529469	1.5950385150349	63.9052275700373
520.871481561911	429.99723109796	1.59489533874151	63.9301347467317
520.859400830631	430.496895888979	1.59588930514324	63.9437391889374
520.845595985501	430.995575357874	1.60152752118562	63.8898842722958
520.826097929283	431.491220508817	1.61927655009292	63.6707785256617
520.790680702331	431.978876498401	1.66520454837803	63.1329458240607
521.279018585939	380.609407339172	1.11867536807226	65.0945196295531
521.437066517103	381.02150069121	1.25206223588813	65.2389784566528
521.553763007262	381.489058771106	1.37927629691676	65.4788022601886
521.623603997532	381.987586004982	1.47856131353063	65.8700377451713
521.654774789858	382.494249169043	1.53712561899118	66.1579237911859
521.664038538816	382.999255966656	1.56515695752074	66.2711623992375
521.663324400899	383.501657809065	1.57732114718933	66.2783359500092
521.658458648809	384.002508967735	1.5823140557652	66.2447910847765
521.652060120056	384.502591003757	1.58419272338444	66.2130229275757
521.645071058031	385.002341356995	1.5847124346681	66.2128051977792
521.638074136604	385.502055668471	1.58470637209573	66.2555776335127
521.631090819398	386.001885755919	1.58460914916048	66.3272193365504
521.62422673312	386.501831162077	1.5845600087932	66.4031718595359
521.617354230653	387.001812523612	1.58445676513153	66.4653887008573
521.610618789763	387.501775438391	1.58422668679988	66.5097417350912
521.603963486059	388.001700755781	1.58398999300653	66.5409360037806
521.597429921464	388.501591667668	1.58400992172851	66.5702319046442
521.5907729049	389.001463071821	1.58444339804855	66.6106865456514
521.583878621686	389.501349273984	1.58523637360473	66.6704423527022
521.576519784712	390.001274442003	1.58624709284641	66.7467057804472
521.568677874106	390.501226425762	1.58732923417361	66.8304720688624
521.560339167487	391.001149893735	1.58812353033019	66.9147604635761
521.551860631339	391.500999350264	1.58802843088175	66.9986321475672
521.543755233184	392.000788516233	1.58665406540005	67.0826386012539
521.53661313525	392.500584597308	1.58438895116782	67.1617980234708
521.530540540976	393.000442459587	1.58240881182515	67.2231915378594
521.525100668004	393.500366130915	1.58185304114448	67.2528820708018
521.519523980419	394.000312485439	1.58269407802953	67.2450226523109
521.513426962307	394.500235137809	1.58376245209252	67.2041305202788
521.506947734016	395.000126347072	1.58422544130432	67.1424938930692
521.500351981066	395.500006380654	1.58443588416857	67.0775138556809
521.493633067397	395.999887361744	1.58484239388758	67.0273502377609
521.486770145684	396.499777861623	1.58499789575552	67.002977859668
521.48001622587	396.999689348632	1.58446200001255	67.0012777771554
521.473560920973	397.499606807795	1.58388172969197	67.0052814602884
521.467176594542	397.999488581613	1.58423920869574	66.9951369612484
521.460333619475	398.499312222212	1.58552029693313	66.9627129496554
521.452812509371	398.999101375218	1.58685993386527	66.914520209566
521.444748036782	399.498901708832	1.58753296409158	66.8598973794066
521.436585080503	399.998754448708	1.58729730135559	66.8010448541481
521.428695946733	400.498675460773	1.58630237787911	66.7371009300591
521.421390162185	400.998642616945	1.58510017499556	66.6708465728217
521.414528311864	401.498595062931	1.58439256958376	66.6058829537606
521.407861347286	401.998493448308	1.58430841830424	66.5396730049334
521.401127382799	402.498357539033	1.58425618608067	66.4658575839493
521.394510018152	402.998229477572	1.58389255961136	66.3802971778732
521.387972370717	403.498103576192	1.58381513052033	66.2843978075093
521.381287442174	403.997957247088	1.58468679114712	66.1821671934911
521.37392797314	404.497804221935	1.58615162806201	66.0797244777319
521.365955913852	404.997682515387	1.58713216913502	65.9847012194688
521.35769114968	405.497585721114	1.58696114611249	65.9070036311257
521.349803054587	405.99748636575	1.585888404195	65.8526983968642
521.342423111069	406.497388505334	1.58473641937868	65.8197451174351
521.335550379368	406.997334428179	1.58413449231432	65.7949866587132
521.328711935469	407.497323338848	1.58419417787184	65.7628021219994
521.321742938053	407.997279073429	1.58479242079685	65.7118348299128
521.314217909969	408.497084324209	1.58589939070087	65.642295083697
521.306067418015	408.996706530227	1.58734816567688	65.560928138817
521.297051883316	409.49626018778	1.58865447005229	65.4777071846438
521.287558507283	409.995951967706	1.58927647829396	65.3979557864352
521.277781878353	410.495891862345	1.58914294213132	65.3260698594423
521.268215015145	410.995984059561	1.58867254433792	65.2616734689532
521.258675704338	411.495991220669	1.58841631870527	65.2013783172832
