289.746101673744	439.015414135498	-1.5350271911619	67.2084841439043
289.727522006001	439.514204820127	-1.5352584907577	68.0518383141473
289.709417774715	440.012966638339	-1.53720579710638	68.9539523264433
289.692049207963	440.512045706759	-1.53782777467699	69.9127520509471
289.673746634248	441.011446359537	-1.53412292797799	70.8892980729538
289.652456185111	441.510804541711	-1.52599921787929	71.8225175752552
289.626791725143	442.009466245578	-1.51667220141893	72.6439419009287
289.597974277782	442.506890862321	-1.5117583788598	73.2521013771218
289.570754063584	443.003224647156	-1.52161806598705	73.4261402797064
289.556949137139	443.499022995293	-1.56985442148448	72.805499125189
289.585754411002	443.988307200868	-1.69527265415373	71.2082320228996
289.691334765149	444.438236978961	-1.90269153051792	69.2762405089197
290.226349426935	430.012885863453	-1.51196311258103	63.8212081980174
290.194768454285	430.510818883405	-1.51175815791552	63.6033799523775
290.164378898593	431.008937192333	-1.51152145360043	63.4130846448423
290.134465429726	431.507294990743	-1.51014350601451	63.2850468967823
290.10431053178	432.005831850927	-1.50688723596977	63.2163384888949
290.073005396086	432.504279348171	-1.50247236773996	63.1918765325732
290.040645512343	433.002468527308	-1.49927012150968	63.1769015078431
290.007955623049	433.500488201628	-1.49889724728046	63.1641384403902
289.975973679738	433.998533591555	-1.50148151466792	63.1583051888809
289.945361861959	434.496680415942	-1.50554628480141	63.1960899145176
289.916310071129	434.994935327052	-1.51038846990065	63.2989369892332
289.889163892006	435.493428072631	-1.51620315306932	63.4818221839926
289.864356088392	435.992270734198	-1.52319754531195	63.7290878315325
289.842418697802	436.491248976579	-1.52995244343661	64.0415937240346
289.82279713984	436.989874715994	-1.53490774632936	64.4266437262899
289.804700669183	437.487911069912	-1.53753229435751	64.9147791486963
289.786716575043	437.985547149473	-1.53797191732776	65.5107986363248
289.767934392459	438.483195260046	-1.53660777113293	66.2034000820971
289.765135335812	444.605267673094	-1.99474922390337	68.30405164615
290.000225553692	444.999826781417	-2.21549557215034	68.4760476586318
290.210383990506	445.266359327071	-2.39153888342022	68.9179995028224
290.737228266135	419.011581119807	-1.51970928684743	64.5444624963048
290.710487335099	419.510335032471	-1.52054860961117	64.6483376173408
290.684555027777	420.009154212132	-1.52143113621738	64.7606063314814
290.659760186965	420.507913979496	-1.52318180583454	64.889881732617
290.636282824177	421.00664785386	-1.52561150757511	65.0366950019658
290.614269989083	421.505462340611	-1.52776333202	65.1895770792604
290.593252601191	422.004399052211	-1.52898610149778	65.3266341363746
290.572828208404	422.503430407623	-1.52943358895308	65.4358612684071
290.552644183619	423.002497849816	-1.5296560986404	65.5234489393093
290.532676713344	423.501568030448	-1.52986964844969	65.5970469618023
290.512837088599	424.000624067316	-1.52992307151641	65.6476178155948
290.492995693205	424.499655176882	-1.52971578609702	65.6573214996628
290.473016180184	424.998663769953	-1.52949906117804	65.6189010681339
290.452938387031	425.497692119797	-1.5297117898162	65.5399089609325
290.433005002924	425.99679727614	-1.53042998832005	65.4318191243044
290.413244591037	426.49594537949	-1.53086542809274	65.3001392785663
290.393232063309	426.99495236373	-1.52960639086233	65.1453643861944
290.371783699044	427.493572158476	-1.52575394442545	64.9714983020917
290.347812393027	427.991757866933	-1.52022446928252	64.7867470938588
290.320794019069	428.489806222028	-1.51536565434509	64.5939086834107
290.29146711338	428.988144084938	-1.51287792670331	64.3826792734037
290.260594577322	429.48684333569	-1.51221417818182	64.141436434859
290.510686814339	445.484592682449	-2.55886671251369	70.8916384946633
291.248495866145	411.012928756571	-1.51990020972927	64.8484377868266
291.219228803601	411.51164434387	-1.51640506031129	64.7492348710889
291.189230570368	412.010227410582	-1.51242482565563	64.6254952450529
291.158446140336	412.508610183323	-1.50926660881767	64.4819392289889
291.127397022369	413.006977090805	-1.50690502806614	64.3335030867445
291.095864860928	413.505401054151	-1.50407367892062	64.2044047578691
291.063482035095	414.003739238787	-1.5005051877928	64.0939005706588
291.029913680312	414.501826153423	-1.49735338837183	64.007540083349
290.995588815785	414.999728146484	-1.49626570513675	63.9464030989148
290.96120450045	415.49763387347	-1.49713894144972	63.928199547292
290.927198492015	415.99561615939	-1.49911296005903	63.9524628470175
290.893692735415	416.493654314994	-1.50143929712064	64.0206303225698
290.860626476386	416.99181070105	-1.50452993751681	64.1152657996805
290.828417257725	417.490272597843	-1.50868969206966	64.2234176634962
290.797303398616	417.989106665489	-1.51347717060834	64.3185181068647
290.767451089755	418.488102088885	-1.51741742301267	64.393850147742
290.896488815676	445.686922485746	-2.67185663235119	71.9967876053643
291.089674643177	445.815958982802	-2.70700539122221	72.6138293056534
291.715024771595	401.017210119975	-1.48647009807305	65.412482729219
291.677691679264	401.511090132276	-1.50830931119014	65.6768512812449
291.649269226239	402.007907777741	-1.52028325921398	65.9100425132031
291.62546808878	402.506162791475	-1.5258748803407	66.1120112880406
291.603760934951	403.004984564829	-1.52833392905916	66.274454641984
291.583107976418	403.503984384864	-1.52932866736217	66.3904011619321
291.562809941361	404.003023331959	-1.52938994909583	66.4646741838933
291.542487690778	404.502059397876	-1.52881666589042	66.5130350708312
291.521888631823	405.001069535576	-1.52812012903695	66.55000290491
291.50109417969	405.500053772947	-1.52780993419007	66.5803556446987
291.480305833539	405.99903019253	-1.5280570784214	66.60071549217
291.459690418426	406.498017464753	-1.52862117458429	66.6050566897256
291.439299104607	406.997032844497	-1.52913648405244	66.5826902849814
291.418952312114	407.496089556709	-1.52923711087864	66.5106622863243
291.398318163507	407.995148177734	-1.52835567761946	66.3601025285057
291.376639898689	408.494069614052	-1.52602379832221	66.122478867138
291.353359340734	408.992766297723	-1.52299770587821	65.8274736600099
291.328406269372	409.491365100145	-1.52105627474483	65.5305827306221
291.302682935425	409.990084471698	-1.52099541736786	65.2785294821045
291.276646807159	410.488870754907	-1.5213284896715	65.08669962013
291.250050409304	410.987477929319	-1.52002516925881	64.9334105545753
291.50581319351	445.986784978827	-2.73442924835646	73.5160636516849
292.233907464924	398.048123118658	-1.3691048374684	65.3707577266498
292.129100103545	398.526535540433	-1.35585896087099	65.1412600321951
292.029895606818	399.005876292842	-1.35677737838291	64.9829272924322
291.936212856769	399.488767799939	-1.37529965674425	64.9101321730495
291.850222184263	399.978109581788	-1.40939181701811	64.9352673942318
291.776122250655	400.474595428329	-1.44951688611398	65.0657427951834
291.935961078807	446.153809476257	-2.75010735910929	73.6937029843768
292.695044308612	395.538777360913	-1.37449125431828	65.7074257034565
292.60287492904	396.020022550913	-1.39003529141165	66.1302124342044
292.519979344298	396.503850802495	-1.3977512747458	66.3487585548627
292.439456830243	396.988320735737	-1.39746573447037	66.2913920292719
292.354777872952	397.471661531859	-1.38865767717342	65.9726834221531
292.258773774346	397.952096032091	-1.37284012475875	65.4919942236028
292.534000274605	446.414740722238	-2.76962943442258	74.1597235192028
293.149989188029	393.532600011234	-1.34586370790952	65.3519390481585
293.042488527824	394.009329332646	-1.33503260831222	65.2119608091848
292.936160846818	394.486120009823	-1.33668375547124	65.1871331403398
292.828498997496	394.963618216765	-1.35024465706387	65.2813106663788
292.972415055659	446.569555639361	-2.77150878354639	74.2159415186415
293.737177324424	390.550009787609	-1.35932381376174	65.5536192511697
293.636164581323	391.027852428882	-1.37901361795267	66.0671348410768
293.54841659023	391.509673365575	-1.39112157911281	66.4153500734104
293.465808090484	391.993245412017	-1.39403346902915	66.4741396712631
293.380989566144	392.47632989448	-1.3869441272878	66.2313158717793
293.286173685888	392.956423023944	-1.37034495938138	65.7756442041964
293.405510932443	446.737751768973	-2.76400334475043	73.7985476635769
293.570329397586	446.824404122085	-2.75957579571334	73.8608476240024
294.20908965799	388.545386796308	-1.35075177454087	65.512875368396
294.097474808291	389.021716371762	-1.33289009363133	65.2932989193923
293.988048337331	389.49730671165	-1.32724477580324	65.194907479683
293.878212055871	389.972747592669	-1.3353719001313	65.2346981878634
293.765239140792	390.448599983675	-1.35428089739768	65.4241216669812
294.004349452424	446.98914635933	-2.75507239839303	74.0295362867812
294.699746446783	386.04290903357	-1.36130685715756	65.9740328828025
294.602311710439	386.52124003783	-1.37979257071622	66.391381977133
294.515552346254	387.003147973923	-1.38953708197597	66.5865944460797
294.431339058733	387.486218758595	-1.3886629774616	66.4885539482888
294.341640760698	387.967850896977	-1.37660613606176	66.1161220387102
294.439362299447	447.151978281955	-2.75963639856044	73.9774140218176
295.181014542563	384.041867665925	-1.33666694216836	65.6479115265935
295.067141316835	384.515661352858	-1.32404084218703	65.519440831933
294.955793405287	384.989716430133	-1.323431755	65.4936491463336
294.843366635377	385.46413152242	-1.33513235586218	65.5812014620397
295.036202183905	447.407541894456	-2.77356434842469	74.363772522744
295.711579051985	381.54757248745	-1.34802580610435	65.6345558384294
295.60704388778	382.023499179714	-1.36602315556436	66.1547499654228
295.513978374085	382.5030337646	-1.37453177801828	66.4661935111798
295.423120034068	382.983263451664	-1.37226792168561	66.4510558765497
295.325454895263	383.461490104871	-1.35985741275759	66.1232235264704
295.475860779313	447.56167923519	-2.77353593398815	74.4481538180604
296.210702967624	379.549817417771	-1.33479155609301	65.447901258749
296.092747971663	380.022255552964	-1.31938585615574	65.2519367308327
295.978183187344	380.494746314063	-1.31505257126289	65.1808997806578
295.862771477195	380.967293727068	-1.3236120196501	65.2432141334973
295.910470134751	447.728058330953	-2.76522579028619	74.0356042781707
296.073500508845	447.814295895917	-2.76086051054833	74.0513608638374
296.648078325444	377.534210269717	-1.35102220420099	66.0835412972936
296.548053088989	378.010845120233	-1.36368267802125	66.4007790333195
296.453749446368	378.489664476922	-1.36591833442865	66.3983012957523
296.355715074084	378.967605238522	-1.35733663515925	66.0632028360319
296.508070974488	447.979548790029	-2.75695918042872	74.209611182704
297.155900493851	375.539097604885	-1.31819575619526	65.5576114371072
297.036921052654	376.009353266308	-1.30813692800407	65.4577887627351
296.919714287162	376.479795454139	-1.31069406670218	65.4626392592177
296.799170315362	376.950573353344	-1.32571813610185	65.5659518220691
296.944954876963	448.14094645902	-2.76387675036	74.1267333654946
297.736064661512	373.058430585882	-1.32458235763133	65.8230535697134
297.619913305158	373.528799770182	-1.34473631044404	66.2995939018523
297.518188378703	374.00428395485	-1.35521964086742	66.5468362051587
297.419550130949	374.481133359784	-1.35428613467645	66.430945195311
297.313351913789	374.955641479852	-1.34181450346412	66.0077253098358
297.541049704787	448.392842930461	-2.7795679562844	74.4003595402746
298.151955810864	371.54114628237	-1.29639083468136	65.8511511039084
298.025593229825	372.006894197436	-1.29010050831389	65.6903779104766
297.901788987442	372.474145592079	-1.29842454219549	65.6350511010819
297.774248894653	372.942328864041	-1.31828003925262	65.7163063533966
297.982408878051	448.545604453589	-2.77822354703265	74.4572470794662
298.649833715177	369.537625622267	-1.33094928245879	66.5838434678417
298.541296858101	370.010218855461	-1.34219062066383	66.9081921411715
298.43708659465	370.484278024007	-1.3384560775379	66.8329058553196
298.324545992211	370.955010354203	-1.32213820360762	66.3858034279401
298.418052801385	448.708625526088	-2.76557273585696	74.0141149800162
298.581560617375	448.795842045215	-2.75887720618523	73.9402603804633
299.206152143614	367.558246747759	-1.29371612885679	65.82769052176
299.07327529872	368.020654984437	-1.28315533169992	65.7925584302078
298.94622700175	368.485073181249	-1.28520797408092	65.8622464214205
298.817379440193	368.950806025751	-1.30172564491285	66.0173226233377
299.014274571826	448.964711998555	-2.75002578773099	74.0960451000444
299.749509500137	365.571101521117	-1.28835383587371	65.9627385059397
299.616002283012	366.032561518159	-1.30544070787282	66.4154595838747
299.498564229523	366.499601945544	-1.31411372270433	66.5870311141671
299.382229962987	366.967521489545	-1.31172563298367	66.3613546692839
299.252352876817	367.431466346235	-1.29861803746928	65.8886781373714
299.448342571302	449.127844617478	-2.75394178822575	74.0332882500885
300.203704580038	364.059290388798	-1.28516957390192	65.9324261549513
300.067224609753	364.519697938911	-1.27248836595588	65.8730979484519
299.935478380446	364.981061878857	-1.2712285229019	65.8731571606694
299.798833543316	365.441367173095	-1.28257391275948	65.9236541318215
300.04475418959	449.386474042352	-2.77331951374082	74.304002237483
300.627460480285	362.537370547563	-1.29226842676337	66.4874832255229
300.505365184961	363.001535758666	-1.30461363963641	66.6945873589081
300.385778454448	363.467622571452	-1.30373806523653	66.4814481572084
300.252699587469	363.929629063388	-1.29058897666219	65.9960761495919
300.484286038822	449.540159793636	-2.77849835536104	74.4143353676917
301.106001958867	361.034323604422	-1.24992860631942	65.9214544925629
300.965750118632	361.489033725085	-1.24902694667458	65.9692293835186
300.823373474697	361.944878003854	-1.26281663491229	66.0152150527566
300.921261856027	449.701135731867	-2.77236085916461	74.0086152546291
301.084541300591	449.786333794407	-2.76731519235865	73.8940509987522
301.7315297646	359.077306304852	-1.24689489429045	66.0036950475402
301.584495927579	359.527654112499	-1.26399562390651	66.3943800057675
301.452479798732	359.984707513761	-1.27153848206256	66.4478859271804
301.315221503465	360.440934066029	-1.26620562273779	66.1095021555755
301.518539416801	449.953132940831	-2.75998994801598	74.0220004258888
302.095759187551	358.032582109483	-1.23183957359058	66.1364456195388
301.949235032618	358.482673987481	-1.22918895272	66.0760717992857
301.796924464255	358.931106331037	-1.24025379169044	65.9663342117984
301.955682176135	450.112773458089	-2.76286129603858	73.9455214133076
302.60287039428	356.536700743323	-1.23582724269226	66.4786859724625
302.461803256212	356.986857102042	-1.24930236987588	66.6562963242003
302.317713900537	357.438722757136	-1.24818960331295	66.3575986302702
302.551555986857	450.366589084751	-2.77658816718193	74.1261605693503
303.16012169498	355.06153321907	-1.20078233362071	65.9473117187668
302.999973890455	355.499989964824	-1.19619880225388	66.0544791845844
302.840941631734	355.939705850316	-1.20584117883223	66.0308128050249
302.991696855934	450.521378538199	-2.77709929727363	74.3217027781811
303.723202480441	353.589047191095	-1.19092729902326	66.0073786830465
303.55850587233	354.022670683316	-1.20843278782242	66.3802402090455
303.407034080054	354.4646046333	-1.21365143767403	66.3040839551924
303.428937433014	450.680912394735	-2.76773448006689	73.9861316212303
303.592773314683	450.766825191039	-2.76211738939373	73.7906164167631
304.150673597326	352.564257874534	-1.16461993930957	65.9378061797045
303.982258430452	352.992574795746	-1.16794437572482	66.1141156055201
303.81257343375	353.423670606559	-1.18217509862536	65.9998767280504
304.024599514749	450.93846623465	-2.75375419194545	73.9574436257783
304.593479992229	351.541501927208	-1.15860482401079	66.0286520906401
304.427244209523	351.968367017674	-1.16637754373742	66.1144320558435
304.460242619429	451.099815279594	-2.75613380944233	73.9383777868832
305.061836093265	350.529448825042	-1.12374511634656	65.8815756306796
304.885053563942	350.946635944494	-1.13483106307294	65.8266363730806
305.055803104708	451.357256549915	-2.77230864888037	74.1533535852976
305.748808619434	349.129447003497	-1.09102513404337	65.5505692542905
305.551992093402	349.526228947755	-1.10741997166906	66.0075787775593
305.37112036305	349.936700649442	-1.11686203597342	65.8657821770616
305.494822068375	451.513248198552	-2.77620957369573	74.4435156374398
306.069000881729	348.537797968418	-1.06655784942623	65.855994834201
305.878968404262	348.935736193795	-1.08135062404241	65.7948944415879
305.932742673046	451.671513388316	-2.770299196006	74.1668081919622
306.096622403046	451.755999746407	-2.76538622038645	73.9366114142251
306.616189464292	347.569029094926	-1.03399489659649	65.8301778518565
306.420402252912	347.954338486238	-1.04869554818577	65.8779888742362
306.528574844776	451.928029481956	-2.75651004542505	74.0957582296418
307.199988765479	346.6320530856	-0.987092363725674	65.6392544953081
306.989376631213	346.993273671069	-1.00489111914916	66.0070365982156
306.775396192891	347.363512934191	-1.02327826281082	65.5360255057449
306.965050934018	452.088353644909	-2.75771867598415	74.0238259764666
307.591566368229	346.065098830517	-0.954606922286505	65.9883584424512
307.382635060862	346.420365459181	-0.975497043927599	65.9072022596886
307.56051882483	452.344831887479	-2.77164937916164	74.0436076597584
308.247951507553	345.20094121677	-0.891352414357031	65.3370329450342
308.014508930623	345.511230637517	-0.914067124195324	66.058852751879
307.789352575617	345.844719178895	-0.937872466532502	65.5934390151767
307.99925724107	452.501902791791	-2.77535887465969	74.2394596425515
308.690088793561	344.668044980625	-0.848136719862357	65.3541598669155
308.462299319062	344.968182568057	-0.872404098420649	65.9341001212501
308.436968993781	452.659956630094	-2.76838217786812	73.9116517642634
309.163366846784	344.160355044221	-0.796112615753913	65.2099441495696
308.933449760012	344.438079892652	-0.823593456208684	65.6886628499357
309.032594053949	452.919212133816	-2.75280612593778	73.8070261426465
309.660724545083	343.678514236041	-0.736967594123099	64.9707899427575
309.432192704139	343.929014414842	-0.766126819437269	65.4483794247371
309.467385797038	453.080852164276	-2.75328984286056	73.8321714968318
310.185655109464	343.235066571703	-0.675619532994991	64.6996412262664
309.958745087808	343.45071848095	-0.703241022684946	65.3217110205097
310.063225365368	453.339435915697	-2.77018554216458	73.9854525192176
310.504281152067	343.005828867025	-0.640885012937025	65.2849508918485
310.501222326138	453.496874366757	-2.7764461774232	74.309858390827
311.063949521659	342.596962714582	-0.587062452202008	65.1326113914619
310.849505302044	342.780299898634	-0.606815412471067	64.7707683617173
310.939846241786	453.653560473956	-2.77123050946923	74.0676824377085
311.640038634342	342.225248382914	-0.559165174218732	64.6605011595998
311.432191194591	342.392488288495	-0.565991898567741	65.0405517114413
311.535372515928	453.911403391847	-2.75495068601842	73.9199528814636
312.008098917609	342.013268892928	-0.551431444366719	65.0269768567484
311.971042716218	454.072528979654	-2.75451571485406	73.8806421900887
312.586515659957	341.64303571482	-0.545344811670088	64.757188058278
312.382907836097	341.806543664064	-0.547033671176682	64.6310415896398
312.402660522512	454.245697082646	-2.76463701889612	73.6596351614158
312.566694017266	454.329822257466	-2.77020863723196	73.8843791489711
312.965206880231	341.442628421979	-0.546015381423062	64.9179944743286
313.004660416876	454.488036481099	-2.77779625565545	74.1872687742402
313.541851095205	341.068118544488	-0.552199668484812	64.8650393467424
313.443967159709	454.643420272417	-2.77437764850063	73.9900264178959
314.123913647576	340.701099034819	-0.550725351725842	64.6008312763483
313.917918118384	340.867068527397	-0.552572520628296	64.754004082501
314.040037831822	454.899155937122	-2.7595308507685	73.8936453092595
314.496174311668	340.493785851591	-0.548861509741462	65.0541182153046
314.476520866331	455.059178910716	-2.75767330671985	73.968194088687
315.074033331548	340.120677279779	-0.550161246547835	64.9519235579829
314.867642397407	340.284770908724	-0.549547002435011	64.680107855362
314.910094128125	455.228740726169	-2.76683190548108	73.8192997091572
315.072487869763	455.313106637721	-2.77238519114572	73.9897280039443
315.451357056238	339.920606814157	-0.55049632986817	65.0977125518167
315.510705868763	455.472199820626	-2.78037921732719	74.3527130169023
316.028325539019	339.546354917352	-0.547384484167787	65.231030282563
315.951449689653	455.625721602438	-2.77746449345465	74.2095485714734
316.609820006571	339.178386962583	-0.551379115557874	64.9381970720379
316.405016504538	339.345174319743	-0.549130373368151	65.0195373150783
316.547347515521	455.879909980182	-2.76129707450257	74.0420907082718
316.98358611755	338.973404539113	-0.553008072858046	65.2600675759306
316.98401902002	456.040352059036	-2.75755222032395	74.1446774159764
317.560170414445	338.59824431847	-0.548359020797119	65.2214646784876
317.35141743436	338.758752449516	-0.55093737087155	64.8061557762595
317.418443901152	456.207221145573	-2.76499036155432	73.9999301564232
317.580614748192	456.292707820927	-2.77048714114888	74.0753857059563
318.146588626266	338.241224219071	-0.545584592683147	64.9228008640343
317.938647110709	338.399415226087	-0.546208385976857	65.2774420070565
318.017613250637	456.454352952722	-2.77966140845135	74.4459668608337
318.51666790942	338.027422755588	-0.545091126806355	65.5082391914876
318.458474351943	456.607196144787	-2.77758870317657	74.3120123164862
319.097665343652	337.661179034907	-0.540983594226469	65.4760531204134
318.893365726531	337.824986203873	-0.543406775853297	65.3502730516997
319.055079580572	456.862220129105	-2.75877222153984	74.0155529538091
319.475954037897	337.460541548324	-0.542315272679973	65.8720332717205
319.489972765392	457.024812268391	-2.75195180635571	74.1051043782008
320.053851176244	337.087399174238	-0.551129872126122	65.8870003068932
319.922646612683	457.191989841478	-2.75700827300796	73.9203159536724
320.087521614699	457.280736884356	-2.76161038132937	73.9207994390291
320.637764766378	336.722528968	-0.554947355034895	65.6135012247302
320.430209033002	336.887441770666	-0.55508278612409	65.900159109575
320.520992082463	457.446996419812	-2.76950683265502	74.2781915828363
321.00640601457	336.510328445088	-0.555185444118251	66.165226533561
320.959163181186	457.603001623571	-2.76739693843194	74.1291818768811
321.583347844014	336.13455109591	-0.555479705773134	66.0366879189146
321.377605001665	336.30290518392	-0.555980579090449	65.8281351011972
321.555131633406	457.863715556942	-2.75232740165314	73.7770005936078
321.958841237565	335.933345551443	-0.552659182649477	66.2795564906085
321.989001662245	458.027255410402	-2.75073045480929	73.8066499861588
322.536033629625	335.55919112046	-0.542140182469558	66.4509069316753
322.422439646633	458.19498035451	-2.76035489857609	73.5933457225025
322.585738796174	458.281730192461	-2.76640521624039	73.6078698582151
323.120523818129	335.198500165754	-0.541895522077991	66.1496942053073
322.915544468313	335.360968987003	-0.541035851405994	66.3390105544798
323.021021008744	458.445683562956	-2.77725736182317	73.9654881811508
323.495513339865	334.992615880054	-0.542692001378143	66.6172410665648
323.461663741143	458.599220850594	-2.77621245595869	73.8713778738896
324.075521050916	334.625603553817	-0.534942211865184	66.6369779943799
323.869962324054	334.785894641757	-0.539290237540586	66.3055546637249
324.057749771515	458.853714671635	-2.75990609040809	73.617585192647
324.457675440714	334.429342073386	-0.53186263850063	66.9634561830225
324.493409337605	459.01656061746	-2.75465048705631	73.7979136710388
325.038348495383	334.064975212067	-0.52992860606373	67.1759683475066
324.927769440275	459.181701034974	-2.76131756636291	73.747103728759
325.091087612167	459.267661993775	-2.76713560331095	73.7556889095902
325.625245138033	333.718960026941	-0.519075548646074	67.0227759862785
325.424059184083	333.869653758316	-0.525801823185557	67.232544861141
325.525917258733	459.433653831906	-2.77689152718337	74.2616487110381
326.008624195909	333.515357318014	-0.509357652872068	67.6459543174446
325.966084995329	459.586526617241	-2.7758517533529	74.2643511536253
326.596514615083	333.175113682454	-0.50346845766672	67.3888163686761
326.400681164686	333.320742022444	-0.504346548183625	67.4232698265469
326.563491740273	459.841054297116	-2.76015428436664	73.9137493695842
326.988921540166	332.979803156968	-0.501258713859371	67.7833784657977
326.998402480185	460.004000329538	-2.75592832008471	74.0007574053958
327.576474612331	332.641896577007	-0.489591062514934	67.7753097604166
327.380864794684	332.78178795097	-0.49526340288809	67.5222474638974
327.433705546347	460.16754934997	-2.76283473524769	73.8495274505835
327.597135760756	460.251637039238	-2.7682724493704	73.7567351026407
327.975365380753	332.45390135018	-0.484137173808582	68.1933302092217
328.031245538715	460.419380768994	-2.77900063138451	74.187950481122
328.564449123672	332.12268804358	-0.48271911696603	68.1712626669356
328.370518596967	332.255713809165	-0.482973314262387	67.8677083206941
328.472158823264	460.571666856336	-2.77837275752553	74.1783661314727
328.96721187337	331.93677730688	-0.479554382324864	68.4371913112128
328.906298290767	460.738115628062	-2.76620280644594	73.7071889410356
329.070260145394	460.824089738439	-2.75982594328952	73.7372529533528
329.556712416433	331.612911103072	-0.463213263484893	68.5054787348538
329.504125523739	460.989774729512	-2.75137763171856	73.8717183585747
329.966804508054	331.433098522365	-0.456943488558306	68.6820949864799
329.937880962687	461.15399733215	-2.75530473094407	73.8001228474063
330.558472949532	331.118235212435	-0.460491773731467	68.3872655278905
330.534798340499	461.411521560962	-2.77281371439483	74.2331830303281
330.969288202687	330.937276728213	-0.458951865615949	68.4450077091766
330.974556593183	461.565204463315	-2.77593405115292	74.3324030485766
331.560614150789	330.627405271643	-0.444369987483489	68.3263423096299
331.410131821668	461.73081209514	-2.76853324028421	73.8959863056501
331.572323576411	461.816225740484	-2.76350184637795	73.8899376590095
331.977059701714	330.451117962383	-0.437864833136738	68.5028914848139
332.00752287649	461.980887905492	-2.75741004567588	73.9558890796849
332.571156386338	330.150985141136	-0.443342078404584	68.059535163765
332.390427901365	330.265482014261	-0.440009421606996	68.0055623626191
332.444111452387	462.14264372017	-2.76149301291688	73.7851196026831
332.986652388876	329.971589072002	-0.443458115404461	68.1774917224102
333.039991056353	462.396657927676	-2.77609037679678	73.9946284770389
333.5811150435	329.677861895736	-0.425229304151391	67.9681586533578
333.401920511609	329.788410159731	-0.43332626460057	67.8831601902952
333.480477940144	462.550214015642	-2.77670358228279	74.0611016748241
334.001552471015	329.503490468518	-0.410533793513571	68.3896882248282
333.915915970876	462.713609367482	-2.76667423000688	73.6430264444065
334.079573386768	462.800567704531	-2.76086326444137	73.5833133990125
334.603094538313	329.236127015047	-0.407613071346066	67.9252945146257
334.428029621758	329.335124681581	-0.405583009199399	68.2046906404292
334.512819865332	462.968044645175	-2.75329400395189	73.732623547044
335.023827718202	329.054889719976	-0.413030633626364	68.185440574424
334.948151166564	463.130210116998	-2.75816346362269	73.6630569382759
335.451345123866	328.886969555839	-0.411324354660945	68.0968166568121
335.544216011893	463.385736336501	-2.77686659264508	73.9839309620034
336.04617763447	328.610523446456	-0.393199557872917	68.1871206880519
335.98490878796	463.539031020253	-2.77933719827733	74.1838969798737
336.479349794657	328.449695224505	-0.384372078353619	68.3394012432362
336.421860540497	463.699771187837	-2.76967998102604	73.8623903351956
336.584795606764	463.785831053469	-2.7636352541276	73.7629607372796
337.077715810464	328.189514110465	-0.390730310971026	67.8279253847233
336.911400594212	328.281941705205	-0.386452755892439	67.9255807991497
337.018125940838	463.954688237535	-2.75397274072341	73.9600162550428
337.508046594865	328.019691462927	-0.396422276887174	67.9231114406179
337.453546964246	464.116314763563	-2.75588399994461	73.9223576114422
337.941396924769	327.854991574091	-0.391405598211379	67.749178104228
338.049140175104	464.374117129978	-2.77308036585417	74.1391074019921
338.536812752713	327.594361734559	-0.369973309697292	67.9801452676917
338.488882188246	464.528644671662	-2.77798839969163	74.2999492317212
338.977298562459	327.440901337643	-0.362657122072208	68.0893112082084
338.92675615493	464.688238944177	-2.77203747551515	73.9224745434778
339.08949712659	464.772773433745	-2.76688431673779	73.7464426921701
339.57553686992	327.194692554175	-0.373371612099429	67.5175769263979
339.415617891484	327.27910935097	-0.367916335916289	67.6394179602261
339.52290656458	464.942199573529	-2.7581214256891	73.9033104344227
340.011445908749	327.029495140166	-0.38085258427815	67.5184532455437
339.959431819667	465.102254764381	-2.7592491136873	73.8754068902745
340.450221152434	326.870211668686	-0.375159706049627	67.3111799836817
340.555310236499	465.358272988223	-2.77394993363668	74.0612997980144
341.045268908038	326.62324418098	-0.348396905527659	67.4520996757078
340.994744531897	465.513509256727	-2.77820973020076	74.2928198482261
341.491633218315	326.476635850935	-0.334540617139159	67.6629472461862
341.433294826991	465.671180420678	-2.77241536290908	73.9539267364148
341.596775455276	465.754785782712	-2.76717116799598	73.6972582138137
341.939799458266	326.329973993076	-0.335313102123546	67.3956236643731
342.02905775585	465.926681491209	-2.75758174247858	73.8047907296844
342.534771803137	326.096595596181	-0.352872177961846	67.1755610221681
342.465552199629	466.08696784009	-2.75737560869358	73.7179397004793
342.980490911539	325.94564457219	-0.355745471393755	67.1607940452248
343.061064765355	466.344039404478	-2.77006633347193	73.7281673273852
343.575026625592	325.718601626713	-0.334170471225193	67.1196375418411
343.425593553096	325.788456626687	-0.342627131655821	67.0628118460195
343.499323652732	466.501730301916	-2.77418887146596	73.9557373356699
344.023060503908	325.569603715223	-0.312205653186645	67.5886231671549
343.937376898458	466.659816193128	-2.76912333427606	73.6646822025249
344.479417679514	325.436452401757	-0.30260758287497	67.6487453281204
344.532797973181	466.917289295825	-2.75653174313741	73.5780724661775
345.077627870859	325.234862369944	-0.317029741953027	67.0066797668262
344.934288890372	325.296691050397	-0.310630346566625	67.2324782388321
344.969336097793	467.077574289488	-2.75839086457665	73.5836707041301
345.527278716016	325.081768428004	-0.333260365897921	66.9227527266384
345.401791397226	467.249862789752	-2.76913414634864	73.4123602871855
345.565251164783	467.332397791051	-2.77421792504421	73.6585100044794
345.979327126419	324.937674332441	-0.335153581146793	66.7731211296022
346.004114939993	467.489456525128	-2.7790415999405	73.9426295432829
346.571978731215	324.726178005186	-0.313552662399946	66.6554087739087
346.430878956182	324.78711428606	-0.321022329153633	66.6211484361492
346.442957964777	467.64482784431	-2.77266427997822	73.6845715930474
347.025781925993	324.583294637168	-0.293373185546201	67.0687543298645
347.039062332915	467.902773993735	-2.75537081629309	73.4787387428527
347.486677294965	324.456251765055	-0.285390510118207	67.1471901296055
347.474412098554	468.064024888546	-2.75372298636116	73.4598984172925
347.947180045629	324.325509107809	-0.291683988527339	66.758673408795
347.906899758606	468.236194248646	-2.76292588949924	73.23203920815
348.06967842863	468.321254767506	-2.76818427243431	73.407988541603
348.538245648037	324.123623673705	-0.311511726444163	66.2676455505298
348.507342039002	468.481032021021	-2.77515123375824	73.6798046322328
348.995740211625	323.986004165477	-0.313477513958888	66.0815763785988
348.946678746219	468.637098776184	-2.77134802519111	73.4194910719493
349.455313200813	323.848448980866	-0.29947420966974	65.9403684896475
349.541968173019	468.894866213082	-2.75609972823971	73.2042745877011
350.0442704749	323.660496713169	-0.265928543348953	66.2437982213514
349.977557348921	469.056047612656	-2.7552102177797	73.2468768930206
350.511295581368	323.541980660138	-0.248580271231263	66.5995742456993
350.410002153225	469.226130713544	-2.76432866765162	73.1302851775574
350.57378010392	469.311783836398	-2.77001964219493	73.3171977429273
350.981458646505	323.430978708782	-0.247173886195984	66.6087662241243
351.010929123951	469.471999069843	-2.77669148340997	73.7453732052813
351.448978056374	323.31255303141	-0.260347124115145	66.2354545600642
351.45010552046	469.626934796983	-2.77139933478692	73.6461440484801
352.03738144435	323.131452835015	-0.286288973361651	65.8078912038049
352.045850356222	469.886184325537	-2.75329978449368	73.4899880009155
352.50039009208	323.00136749903	-0.294506430704632	65.6744776248698
352.480451910863	470.048432033058	-2.7507039646344	73.5244387430721
352.963649410065	322.871165442907	-0.286976242967618	65.6123674415837
352.912598699742	470.219078138506	-2.76075585229326	73.2847720477453
353.076548603904	470.306053555274	-2.76657834481507	73.3997885754661
353.551063021133	322.6915658658	-0.258456326512374	65.8997756739485
353.512834891935	470.467129474039	-2.77605034809357	73.6958765887081
354.019155511325	322.574587242612	-0.23738276300645	66.3167901127828
353.95224302385	470.621992126483	-2.77323989166942	73.5195087315371
354.492444182443	322.46964370919	-0.227153760787893	66.390123411311
354.548211430396	470.879551460128	-2.75626623379247	73.3557646573172
354.966746299093	322.364027739637	-0.230716357312407	66.0463131912761
354.983345651493	471.041459520765	-2.75302408490466	73.4763786383224
355.552351264165	322.206544467027	-0.253155450810079	65.3227365151975
355.416295272797	471.210116852665	-2.76178107161543	73.3513740727298
355.579733109703	471.297084334736	-2.76795591470138	73.4581658920241
356.020885642497	322.082033050243	-0.268709632038765	65.0428912262494
356.01608939792	471.458615132559	-2.7779910396178	73.8194989340339
356.490223788405	321.961347796677	-0.270288714390162	64.881259953345
356.456574877519	471.611988428855	-2.77707773413132	73.6412546506652
356.960313269732	321.839562122088	-0.255808092072426	64.8721220701672
357.052827267045	471.866375074689	-2.76110940990953	73.2905248116155
357.542275091588	321.683512999876	-0.223866551921052	65.2980625433435
357.489044429196	472.027640852372	-2.75659879590037	73.3112042627446
358.018102158835	321.581315469276	-0.203332477978227	65.7629845014301
357.923573262321	472.193702326065	-2.76280835269755	73.0971320435033
358.086266487312	472.279743368838	-2.76744927036601	73.0979776747771
358.497742048683	321.489653033627	-0.194431575171522	65.9916429462338
358.521761308719	472.444198450408	-2.77529267149564	73.4287412058352
358.978066687484	321.398918240661	-0.197208769542017	65.904415027247
358.961558267417	472.598318507305	-2.77338972048061	73.2869444792169
359.45647729196	321.300075117599	-0.209986999089794	65.5397277875066
359.557863956913	472.854583026866	-2.75832596310002	72.9710094848669
360.035479209081	321.1574257962	-0.231091500074461	65.1080679593967
359.993110706134	473.017312124802	-2.75536430736631	73.1101454755901
360.510647076294	321.047503987032	-0.239901372291585	64.9389421740251
360.427909882496	473.182280531516	-2.76342661199315	73.0584957531196
360.590635801021	473.267285079191	-2.76964601144416	73.0738285487135
360.986780117372	320.939860511662	-0.236236003984858	64.8641657241118
361.026232846846	473.432360506281	-2.78008781953256	73.5820870432713
361.464088513701	320.831715363399	-0.221565350382406	64.9311648442317
361.467093128418	473.584364434052	-2.77852451116007	73.6120084524248
362.039378844831	320.698092280474	-0.195895567544138	65.334784425179
362.064827433922	473.837935056626	-2.75972629152691	73.2922207570926
362.520503856805	320.60617878005	-0.17922306249376	65.7558052902432
362.499149272321	474.002112023887	-2.75167894677056	73.4160905123907
363.004571828244	320.524104542425	-0.170515898481586	65.9615657506695
362.932889301924	474.167247644077	-2.75604603038737	73.273468049377
363.097680063577	474.254019219442	-2.76099475826379	73.1836837354568
363.489633334033	320.444965720766	-0.169937631536402	65.8677568379447
363.52997575087	474.423835334803	-2.77161873042321	73.616898377935
363.974030402308	320.362423352442	-0.177122104578167	65.4867829212963
363.96927632519	474.578289318257	-2.77314357846921	73.6067607111439
364.549002529473	320.247267782332	-0.193748116202242	64.7686804423375
364.4562900602	320.269887153405	-0.190468089967419	64.92805734743
364.402480603465	474.747681635191	-2.76470570523616	73.1676979096369
364.566375714715	474.832794149675	-2.76020698628341	73.2595884915634
365.028651495001	320.144655794196	-0.207234941012246	64.4542038525953
365.001294795003	474.996735333874	-2.75576811027776	73.4115610089646
365.509033906019	320.046042043631	-0.213480183785921	64.2774124605789
365.437071105521	475.159876831129	-2.76196542602388	73.3466984870475
365.990222436344	319.949334906095	-0.210581064132623	64.2668272192644
366.033820061512	475.412160140515	-2.77911690950749	73.7579196758657
366.47230685015	319.852943463032	-0.19899378577872	64.4244229732563
366.475168892492	475.564369318495	-2.77958812694902	73.826877820384
367.040933133707	319.735946425202	-0.176659734324585	64.8444902411213
366.955452837763	319.755240782121	-0.180435828952013	64.7087399367329
366.910752402847	475.728981237486	-2.76903714865095	73.4046063463023
367.073307764296	475.814354829056	-2.7632018227719	73.4045232462707
367.525129913023	319.650747297895	-0.158483574145061	65.3659039305721
367.508051611975	475.979764837207	-2.75515655062709	73.5332847680325
368.012460225107	319.577216645193	-0.1453706119144	65.7656232766949
367.943536708633	476.142068586049	-2.75871315896461	73.4119105593351
368.501608175001	319.510179058844	-0.138412938072202	65.9627990300503
368.539843250733	476.398331243554	-2.77337699529321	73.6633888319327
368.991429189281	319.445166453594	-0.137490556919877	65.9309135630584
368.979462607294	476.552423422729	-2.7748933935543	73.7266710366497
369.481006028384	319.377977514176	-0.142648190260241	65.6781646109282
369.414834554237	476.716743338368	-2.76690616773619	73.3003158560112
369.578036082666	476.80328841182	-2.76207221811097	73.2566211106601
369.969502396054	319.304254083724	-0.153432312830267	65.2498477643131
370.012048250243	476.969537838662	-2.75687086961934	73.3887186843769
370.533324672499	319.203022456158	-0.170280901963055	64.708721734703
370.448805158089	477.130623710345	-2.76212890858403	73.3011935011327
371.019121079595	319.115491699117	-0.181781255061464	64.460637277742
371.044641817328	477.383987354792	-2.7784814899272	73.5432241845533
371.504891832642	319.029454036165	-0.186635410775744	64.3390627827659
371.485658089446	477.537130770701	-2.77942318967352	73.6758627852624
371.990864879293	318.944508200574	-0.183583690743865	64.3418814530404
371.923139687052	477.697566799429	-2.7708228118226	73.2916502473518
372.085381322449	477.782547336782	-2.7667074639931	73.161748430062
372.477572996785	318.860252223552	-0.172922630631517	64.4445620624175
372.51987463384	477.948157508267	-2.76723672938871	73.2773158712314
372.965578225554	318.776186651236	-0.156203357052949	64.6074948207181
372.964244408884	478.101541197632	-2.79371094303637	73.1266702713267
373.526081794619	318.686421949922	-0.135584237777992	65.0306593248624
373.552793073046	478.304915489355	-2.87716747284973	73.1366837539259
374.016194863594	318.62261839248	-0.12095272847645	65.3575440706393
374.017267699488	478.408093629867	-2.96224560213836	73.392085774114
374.508368437506	318.566423009106	-0.111098528136048	65.6215027272315
374.502684682941	478.472877456414	-3.04823144782789	73.6300883691047
375.001772470128	318.514439887695	-0.106228682056755	65.8002436378138
374.999991319515	478.500461333101	-3.12192863554557	73.9248554526799
375.495592408676	318.463953605814	-0.105491803118193	65.8687880037747
375.499821847083	478.495726043841	3.10731279080368	74.1963555898266
375.989274166724	318.412783285343	-0.107498067619674	65.807092471341
375.99763853812	478.470362172281	3.07378691552635	74.3196094069182
376.482723610611	318.359176665703	-0.111170012900841	65.607203186978
376.493301979106	478.432939568116	3.0550592410561	74.2347131595634
376.9760733639	318.301632023731	-0.116403600970297	65.2794052838786
376.987661029959	478.387930452909	3.04316817794276	73.9546208320907
377.528397221589	318.22816695509	-0.125522244317614	64.7785401250516
377.480947659761	478.33637587087	3.03230256779357	73.5221114982059
378.020041732439	318.160351367448	-0.135572851455105	64.4628455080432
377.973020863839	478.277365037164	3.02061862339486	72.9901697228931
378.511745070444	318.092390570378	-0.144569544364787	64.1932946559817
378.526074241296	478.199237424579	3.00777986415921	72.3954501726085
379.003099012545	318.024050438402	-0.148977605570356	64.0262680959775
379.016881420202	478.129952292072	2.99987797593071	72.0639793150867
379.494335900228	317.95574659066	-0.147379375533731	64.0040327129505
379.507849953697	478.061573311812	2.99562856421196	71.8650188199241
379.986163248945	317.888261330193	-0.139501855089514	64.1184504709089
379.999226283015	477.993846925201	2.99469889750337	71.8251615748009
380.479110123778	317.822403536679	-0.127164562682302	64.3488592191024
380.490769735456	477.926313754148	2.99673578216216	71.9470168210484
380.973078541585	317.758386872971	-0.113116264489236	64.6579164389312
380.982263246111	477.858518908865	3.00243122937956	72.192702799598
381.519472083672	317.695511403464	-0.0993526736487001	65.2283051822941
381.473656318392	477.790141077503	3.01096269818853	72.530603452159
382.014157583926	317.647459361805	-0.0895222343823192	65.6761403474428
382.025409542497	477.71376444121	3.02186001814132	73.1107396868529
382.509694655811	317.605006846328	-0.0814470655037428	66.0664619258744
382.518337417799	477.654564966876	3.02992935749726	73.6228983867588
383.005882713808	317.566828883852	-0.0746062746391975	66.375084499716
383.011867902925	477.600816442906	3.03603495656862	74.0418276471763
383.502682162554	317.531963903392	-0.0693447659798841	66.5966560845295
383.505898382203	477.550758399595	3.04014049194044	74.3226104409563
383.999943685552	317.499303476124	-0.065991867116744	66.7380800929215
384.000310861856	477.502706520434	3.04215834021866	74.4422372944965
384.497472289638	317.467878997274	-0.0641470267715673	66.808138066433
384.494852632863	477.455054294105	3.04173466705366	74.3935781198597
384.995151895149	317.436986970977	-0.0632863880929376	66.8128295917216
384.989162103364	477.406080719689	3.03857501358421	74.181573861273
385.492892162403	317.40601102866	-0.0634377806616846	66.757603191146
385.482941596399	477.353949785501	3.03302560894312	73.8278585676766
385.990590936005	317.374381136415	-0.0646607767322678	66.6493332539321
385.976079196901	477.297014680711	3.02594419383463	73.3753570521763
386.488223722949	317.341484018806	-0.066398457689623	66.4963324504595
386.527853925646	477.223979883816	3.01681720808211	72.8101205685943
386.985902420366	317.307211780031	-0.0677807878377844	66.3089774830831
387.019622341132	477.157312198369	3.00875155452732	72.4954225851435
387.483708401454	317.271498378144	-0.068553248895158	66.1041352948712
387.511463433747	477.091016422208	3.00099739094398	72.2511408283483
388.016517188329	317.230991826274	-0.0690853956015428	65.8213899487448
388.003073135364	477.024006814583	2.99472836550512	72.1071802549416
388.513335171723	317.193366781991	-0.0695211348656544	65.7054728097309
388.494230106315	476.955576359038	2.99189149764953	72.1054607293067
389.010414935169	317.157440368076	-0.0693792163807813	65.603937846297
388.985120502297	476.885846685487	2.99492103669287	72.2526647899703
389.507774433117	317.123094625805	-0.0681126898641138	65.5287455616568
389.476183203672	476.815496860497	3.00378603354256	72.5343541286385
390.005477846476	317.090646383787	-0.065748172792605	65.4863905512337
390.028250485359	476.735984672524	3.01805220603597	73.0408171143342
390.503511719765	317.059878329011	-0.0635955921302879	65.4881212058212
390.520493154256	476.675054745742	3.03004654004635	73.5486904707301
391.001755277194	317.030229033338	-0.0626904157906069	65.5186523998934
391.013937278616	476.621587406886	3.03935040045929	73.9718247107796
391.500051404242	317.000885680517	-0.0628722830155159	65.5664107267508
391.508235673986	476.573107322824	3.04509837474642	74.2678602615677
391.998377738393	316.97162744467	-0.062308350632157	65.6156556070301
392.003039326901	476.527234127678	3.04722362687218	74.4129871196437
392.496904008401	316.943082212643	-0.0593917870073925	65.6804257041416
392.497981833323	476.481940650308	3.04628704456489	74.3952452492679
392.995812098743	316.916277158583	-0.0540759286467188	65.7768051342788
392.99272524011	476.435487532181	3.04315031651739	74.2157201350068
393.495060345205	316.891954713127	-0.0482802592199448	65.9309414943971
393.487061658598	476.38641867573	3.03838499222103	73.8916599856631
393.994438841334	316.869870217693	-0.0435126624621813	66.1422128775133
393.980841147039	476.333408139546	3.03191966592742	73.4573741118809
394.493895436778	316.84962515281	-0.0395800124616462	66.4047710004913
394.473665784666	476.274557737151	3.02311809553865	72.9633548089328
394.99360497304	316.831007729361	-0.0351407908728035	66.6890642596583
395.025135137264	476.198615271439	3.01059947775502	72.4485067264296
395.493730363537	316.814622947488	-0.0296709518088944	66.9705273320453
395.516929493077	476.129919731471	2.99974784377134	72.165110682197
395.994144227688	316.800801872739	-0.0238130875693349	67.2238789267051
396.008081049263	476.060752389525	2.99231778501117	71.9714092908398
396.494511417205	316.78975405932	-0.018712312333928	67.4627231382461
396.498830246325	475.991236412512	2.99031628243141	71.8983414741597
396.99461217241	316.78083180787	-0.014994486908215	67.7166300881969
396.989732048893	475.921950289613	2.99441690783464	71.9510888803893
397.494581588807	316.773548251473	-0.0126583670613891	68.0181501096757
397.481212028109	475.853344697579	3.00305489063593	72.1344497807052
397.994721634057	316.767101616062	-0.0112479801154324	68.3525962392439
397.973336312697	475.785200772521	3.01411357379266	72.4290113426316
398.49521605535	316.761373193988	-0.0100725948312189	68.6819030839632
398.523946877916	475.71165209445	3.02660388036887	73.0116080168403
398.996028110196	316.756248549708	-0.00832949999168948	68.9566906119745
399.017098973879	475.65517540287	3.03593737936732	73.5437370294547
399.497016117842	316.752456091441	-0.00539282323601466	69.1619263166854
399.511372229957	475.604500352974	3.04272933058909	73.9996413558025
399.998001458129	316.750505683849	-0.00126685131543278	69.3072856483565
400.006262440683	475.55738757898	3.04636827090096	74.3176127357573
400.498810471983	316.751074634896	0.00316983174729404	69.4361557794627
400.501311619541	475.511833385231	3.04676148935062	74.4632287045435
400.999313115659	316.75377138314	0.00670925768297174	69.5860773751586
400.99613884383	475.465946374387	3.04447821981802	74.4253817430808
401.499522262315	316.758082998147	0.0087610284641312	69.7827253689005
401.490489673081	475.418091120185	3.04003249006001	74.2127424980951
401.999646448284	316.763061218999	0.00984945991980195	70.011315884261
401.984186956534	475.366753257719	3.03346882690339	73.8525896052989
402.500014557281	316.768730790647	0.011363454132749	70.2455022005919
402.476994032101	475.310056077045	3.02454689219249	73.3901675010995
403.000842855	316.775471266991	0.0145168090773498	70.4498023904017
403.030611013029	475.235741937799	3.01225745069205	72.7766918792282
403.50203322789	316.784410261655	0.0194844365944807	70.6132554306047
403.521690589355	475.165176959682	3.00191648104164	72.4580749483444
404.003188232959	316.796011694017	0.0252723268783257	70.7327079807149
404.012597688049	475.095555061643	2.994977578718	72.2044921835472
404.50388308448	316.810403223575	0.0305403527067625	70.8262116883471
404.503485430591	475.026461560561	2.99195299483812	72.0457063571159
405.003987658394	316.826781000677	0.0343978613005031	70.9060093565214
404.994429677884	474.957559284206	2.99273226784377	72.0043424381576
405.503720600341	316.844533959889	0.0370626653327193	70.9930667116141
405.485468148263	474.888560212683	2.99709483494283	72.1045587807339
406.003410141699	316.863155211724	0.0395499962425918	71.0929160712462
405.976711818534	474.819244574476	3.00542732424618	72.3299077221188
406.503203282649	316.882996310691	0.0430352826275498	71.217349034323
406.528794489318	474.740558666334	3.01785856142966	72.7858319767744
407.002992244672	316.904498083283	0.0475665495694122	71.3619482762217
407.020771151221	474.678871604775	3.02867473709599	73.3047666841679
407.502566055628	316.928029763238	0.0521953905498539	71.5240708470825
407.514018001754	474.624549952204	3.03769014961961	73.7877581595324
408.001833879465	316.95330276287	0.0558632256249869	71.6823973889033
408.008278137365	474.575386870032	3.04432013840865	74.1652406894163
408.500843373779	316.979985872828	0.0587188186409679	71.8358821844973
408.503206133781	474.52950046171	3.04796947583207	74.3765718879778
408.999645469052	317.007903071567	0.0612337787783325	71.9909948981568
408.998355351651	474.484908268794	3.0486249886278	74.3837360019134
409.498222376419	317.037116319877	0.0636507371745185	72.1759626910705
409.49339646648	474.439824130279	3.04680155369091	74.189949853941
409.996532819194	317.067702268513	0.0656434848025872	72.3981467374811
409.988105918275	474.392653363006	3.04243156502224	73.8388730687589
410.494566853318	317.099646833641	0.0672476239496738	72.6611948640859
410.48203051893	474.341492001868	3.03467207997899	73.3884964177994
410.992363176171	317.133084131364	0.0683051267671074	72.9491738216298
410.974494887674	474.283997898244	3.02339072855687	72.8852047050742
411.490022678917	317.167953392844	0.068641356780419	73.2600588857071
411.527011689673	474.20721857656	3.00850701713849	72.328043579038
411.987635517058	317.204281480368	0.0678807722947529	73.5851796855126
412.018279059897	474.136958276018	2.99756489785045	72.0261395526813
412.485189593131	317.241690371613	0.0662453202849345	73.9254429359496
412.508937691917	474.066669018352	2.99101527883995	71.8413920026493
413.012745737012	317.278741076755	0.0643558903176314	74.5299876155221
412.999552160558	473.996635267426	2.98957150062938	71.8137690113505
413.511355896706	317.311366770031	0.0630682890835319	74.9140840797051
413.490425099398	473.927032289861	2.99285604344747	71.9566519002092
414.009916813933	317.343064334475	0.0622004556234588	75.2569202744265
413.981754840016	473.857909926435	3.00095107789281	72.2227266719312
414.508262721293	317.373902463373	0.0613525725513848	75.5448169471564
414.473666789296	473.789257512655	3.01222282366164	72.5624394614267
415.006424862588	317.404014820265	0.0605093958045729	75.763614919196
415.024722688035	473.714457296912	3.02546291252256	73.1208319329801
415.504534481782	317.433614960221	0.0604995277508613	75.9079559384583
415.517893111771	473.657335349082	3.03436217496398	73.6032112523706
416.00257715624	317.46344992121	0.0620272734880738	75.9851275542122
416.01196005133	473.605445405464	3.0397784183577	74.0176877212933
416.50041928976	317.494286364252	0.0648566818693276	76.0091784319459
416.506442730063	473.556650898333	3.04236412893312	74.3185670892276
416.99796581622	317.526675758923	0.0682703265016951	75.9868473112515
417.001066984493	473.509365605304	3.04340570816909	74.4490553705112
417.495185153545	317.560937891605	0.0720082158329864	75.9070058960597
417.495725893523	473.462450302756	3.04347631169368	74.3730197193958
417.9919991396	317.597442443435	0.0764184823721699	75.741907234201
417.990303517584	473.414727664695	3.04194432048996	74.1029495597521
418.488244027594	317.636959153095	0.082037507573539	75.4641140787421
418.484570204878	473.364693361137	3.03784713824149	73.6919985936587
418.98377173921	317.680468412066	0.08910325875945	75.0704578446605
418.978180519745	473.310556949966	3.0307724467373	73.2057416513151
419.478449830119	317.729410243572	0.0976377304260588	74.5997007710251
419.529751249703	473.240985410568	3.01964217733735	72.5942754702877
420.021733443881	317.790957300619	0.10855633148874	74.1188866232318
420.021784474275	473.173522056964	3.00865498390633	72.2986275612089
420.516278779771	317.849034186533	0.118996393406686	73.841347700722
420.513465277249	473.105669041436	2.99876133075405	72.1065538471142
421.01022481418	317.908961818532	0.128713924157173	73.6756771795132
421.004774343859	473.037059969487	2.99186697314091	72.0354635177544
421.50338504886	317.970979841563	0.13618395461029	73.6396241272955
421.495775496176	472.967487154451	2.98946276669917	72.1058668794757
421.995838180685	318.034805537668	0.139566875249259	73.7300808581805
421.986566803494	472.897265445918	2.9931281569677	72.2965110298995
422.48791543546	318.099974354861	0.138016892392548	73.9544418585009
422.477357588558	472.826908281916	3.00218652720201	72.5686974170233
422.979829022425	318.166106920076	0.131845994265984	74.2962558109444
423.030547541515	472.746454362758	3.01588726447625	72.9802542394308
422.968450273715	472.756366497867	3.0142596468171	72.8645402544659
423.471493929848	318.233099666106	0.123436670397477	74.7276263429339
423.522380727577	472.683805682362	3.02689482910205	73.398958704774
424.02276585476	318.304745594301	0.114613999548043	75.4573118608101
424.015253752063	472.628400220869	3.03542024726318	73.7473856310154
424.516413815355	318.361217524795	0.108930311622719	75.9872277692346
424.509022158118	472.577944599394	3.04142971116716	74.0068501870966
425.01028085743	318.413803110911	0.105149312950141	76.381080241423
425.003463064335	472.530580754951	3.04520901104386	74.1583400841371
425.504308434034	318.464135234144	0.103869078861178	76.5977975484318
425.498304857518	472.484820466011	3.04673132279386	74.1800495273449
425.998268127513	318.514200411844	0.105926125468291	76.6140734028508
425.993223346044	472.43907477712	3.04564035893509	74.0565877112463
426.491692655927	318.566267725939	0.111699326942793	76.4222416572421
426.487843884087	472.391501679756	3.04140965399452	73.7864721380669
426.984026122797	318.62278444426	0.121031113884271	76.0377492740045
426.981721466104	472.340017717916	3.03370927586264	73.386944727026
427.474721121157	318.686456657934	0.133426033864629	75.5112651455792
427.47430656199	472.281978036379	3.02267930170294	72.9027696060144
428.033740343125	318.77357928704	0.150547311016706	74.8420766178643
428.026371407867	472.20503146335	3.00810943642022	72.3709072155732
428.522463213544	318.854517632494	0.16524643496955	74.5155853263866
428.517719679122	472.134687045259	2.99709244851095	72.1057346312883
429.010236653499	318.935808814759	0.176503730937052	74.3086898241765
429.008554101778	472.064499671497	2.99093110007981	71.9429880721019
429.496990763528	319.018369429443	0.182346483928881	74.2535683353357
429.49929230174	471.994640108276	2.99010295184445	71.9067714818086
429.982889183363	319.102782832987	0.181035875134554	74.3562982215021
429.990243617361	471.92525945317	2.99396240908598	72.0019802990494
430.468387950988	319.189539588701	0.172407655857773	74.6181771204135
430.481486044453	471.856234981538	3.00112526762337	72.2341148548513
431.032645517043	319.292497925754	0.156670683149154	75.2406218406334
430.972955743297	471.786932580566	3.01060488592668	72.5726368496522
431.520533359302	319.368323968265	0.145537016743512	75.8317443440795
431.524833999798	471.710586500025	3.02205151590871	73.1790374012231
432.009860561974	319.43715692182	0.140169467194275	76.2554211123962
432.017659236534	471.651916513574	3.03112676632715	73.6788676364633
432.499437315751	319.503512801157	0.141327010706352	76.4048822340274
432.511356192377	471.599359832467	3.03880770434293	74.0525650817074
432.988157195384	319.5717953938	0.148390193451599	76.2446291864928
433.005723073477	471.551072874005	3.04464947471949	74.2749319168065
433.475001155259	319.646490082687	0.161190469679688	75.8195373177896
433.500594196637	471.505387234199	3.04784603679998	74.3631488952583
433.958791591271	319.732683214154	0.178844061037913	75.2509248821778
434.045788162331	319.752368102138	0.182573733208694	75.0969062594051
433.995652235446	471.460458958089	3.04771927395565	74.3373133706385
434.528379830991	319.851120894654	0.2006667767059	74.8226803908695
434.490447143097	471.414282365501	3.04393523702926	74.1930615647319
435.010094360181	319.948191859578	0.21191307649539	74.705457948601
434.984500578467	471.364707145168	3.03657812426681	73.9086962276152
435.491084836049	320.045203724044	0.214158889995249	74.7705299125568
435.477368456513	471.309273689698	3.02620388543533	73.4799266661647
435.97157414647	320.143747743276	0.206769361622454	74.9942285149341
436.030605721973	471.23545763736	3.01262987768329	72.8368496009332
436.451571369084	320.245936236401	0.192256982299581	75.3330105638222
436.543882242642	320.268360115035	0.188925010811571	75.5268167006556
436.521825757057	471.165107739592	3.00202722159014	72.4521058456957
437.026554346633	320.359697077957	0.175892615083469	76.099941117427
437.012604628516	471.095651841464	2.99542935204689	72.1376011591272
437.511128058002	320.441672853831	0.169836390642396	76.4373278771914
437.503494705989	471.026837800459	2.99270373943958	71.9496568700068
437.995907426733	320.521031426967	0.172150088740543	76.4272640025911
437.994629350164	470.958372787499	2.9935362675686	71.9082067745512
438.479031010402	320.604359468999	0.183317733684851	76.0642214143733
438.48587070389	470.889899583252	2.99800913735929	72.0229077157522
438.95845299136	320.698949176315	0.202139782480955	75.4495980606398
438.977261210898	470.821235131446	3.00678550859311	72.2723370606542
439.536700152183	320.836137112022	0.226496131844507	74.9007394313937
439.528744044993	470.743691770109	3.01997951733523	72.7602759521255
439.46907871373	470.752605463001	3.01844083411732	72.6301109213294
440.012724341393	320.943608108518	0.235869745700424	74.7179044053402
440.021051866784	470.683035341204	3.03110638476455	73.2946932414474
440.488839889628	321.04959143845	0.23395758530185	74.7149188437311
440.533897261037	412.431844125345	0.459349179869358	16.2324494735029
440.514608404307	470.629607713612	3.03943129367261	73.7675359880484
440.964728869155	321.157080282668	0.222790644982596	74.8616884632496
440.94444125475	412.611011924943	0.458430630294213	16.2349556653648
441.009003985887	470.580777930068	3.04449945270533	74.1173956124953
441.54491952467	321.295461041815	0.204621765834888	75.414030820571
441.535248837835	412.93169145924	0.472791648625417	16.1708482584059
441.503840275463	470.53447155705	3.04643200312129	74.3103589953498
442.024111645634	321.391683362853	0.196968463943095	75.7938209671276
441.998738641803	470.488773487398	3.04560589723375	74.3319233244131
442.504014772341	321.482298032145	0.197852523118746	75.8016746258049
442.525589752346	413.453183969699	0.498774655682232	16.1005480832794
442.49339438736	470.442002396776	3.04244791938238	74.1875572352353
442.982520456246	321.575353750088	0.206640656604323	75.3786078618977
442.987600760949	470.392665411933	3.03737926804616	73.9000355606685
443.457256644173	321.679472663137	0.22309404857453	74.6440710173815
443.497689222454	414.003794954534	0.543333426323841	16.1347130330567
443.481190846525	470.339281451658	3.03069838919988	73.4992106379792
444.042509160511	321.83284620766	0.247191816290096	74.0378719841492
443.973898696258	470.280289869037	3.02227050456734	73.0182691134483
444.51330289674	321.948400360972	0.257777749528383	73.8246166239553
444.452217805417	414.575824507278	0.554355595218475	16.1165219930899
444.526079971985	470.203735172345	3.01044066501382	72.4713535127659
444.983415681826	322.063777289171	0.257874341037927	73.7512569230087
445.025482113993	414.961036573399	0.576834762140932	16.1350654702281
445.017580040044	470.134922721117	3.00059111192198	72.1599729002103
445.451907774037	322.184381767263	0.247900135309419	73.7485446433891
445.508660595895	470.066128629886	2.9942538435841	71.9595893130941
446.040830612449	322.341695103373	0.231015126971315	74.1801908951933
445.951179066785	415.568451656495	0.61306713267129	16.1930645421139
445.999695331748	469.997653395635	2.99312226806101	71.9007539187907
446.514034257009	322.445873497864	0.225328069595852	74.147985920434
446.510523691074	415.985593648317	0.62898597984609	16.1917293548257
446.490978358094	469.929674012448	2.99612673095083	71.991794272006
446.987336583049	322.548300120876	0.22880047057678	73.6284267623121
447.067009264407	416.409292236148	0.640359987818762	16.0886878290956
446.982397848481	469.861848180921	3.00227097791008	72.1908045381787
447.457116130123	322.66007488307	0.243287091539567	72.7376428809188
447.473849390329	469.793542460077	3.01069778418588	72.4530137894588
448.048754157026	322.831244115735	0.269812763017684	71.9108141514494
448.025948087015	469.717065998959	3.02230109280036	72.9058268884221
448.51306307869	322.955377977389	0.280714938707258	71.5578213852322
448.518512575187	469.658566809901	3.03211566918247	73.2975501975403
448.9767239972	323.079552251484	0.279173343314821	71.2890764139588
449.012108306507	469.606226138373	3.03975355449272	73.6257517864695
449.438783373925	323.211883841819	0.267521444998086	71.0603873790212
449.569037395302	323.259563998223	0.263436309966914	71.1922108890589
449.506511822181	469.557837843621	3.04384017379018	73.8740819295398
450.033431075997	323.382719853627	0.255446481677052	71.3222252979815
450.001254274915	469.511098589232	3.04422207306833	74.014570713526
450.500731535527	323.497464637557	0.259989028736456	71.0621598125586
450.49587126101	469.464014852259	3.04173450806005	74.0121947676915
450.964722204941	323.618625810904	0.277037122977742	70.3616907946922
451.016894536926	419.985201115925	0.849588098565489	16.0546577502452
450.990041743913	469.414864319981	3.03709692706124	73.8479343582978
451.559046711931	323.816190443897	0.307368339509844	69.5231886597611
451.478073372676	420.517997656392	0.886401957295907	16.0605185117329
451.483538401658	469.361972582074	3.03037186184887	73.535978986255
452.014496077927	323.955389108167	0.315445026204949	69.2921201507893
451.976175682394	469.30363571865	3.02171575855173	73.1191924056087
452.47031095858	324.091795442276	0.309086712386506	69.0771646047525
452.529255002867	469.227446096596	3.01063656394436	72.5741695966102
452.923897644792	324.238117102551	0.294301536614543	68.8296059509023
453.065644691707	324.294022485576	0.290049708125122	69.0137917971334
453.02031468865	469.157398640376	3.00213054161158	72.2791521881426
453.523787575606	324.425611182971	0.285957312506001	69.0572685030109
453.511377427648	469.08855078209	2.99641604760641	72.051710457315
453.982959150157	324.552448566165	0.295350899795069	68.6420752612733
454.002607977095	469.020467037193	2.99427428258916	71.9397517307523
454.436003555724	324.693286186873	0.315013798658219	67.8684669397859
454.583054541291	324.757209519944	0.323157721434458	67.654587676985
454.494027769296	468.952831469825	2.99588906587219	71.9866952530929
455.030661846041	324.910261779739	0.335758695628877	67.520007007096
454.985561543003	468.885667354319	3.00183967170266	72.1657147511748
455.481660684847	325.054063263466	0.333146099420095	67.4289698263187
455.477184252332	468.818922640684	3.0108359328311	72.4240971836605
455.930950617841	325.204158735138	0.320777556029555	67.2727796769062
456.077647412189	325.269709788326	0.316255973210326	67.3412915346347
456.029101637011	468.74298637743	3.02217575722597	72.8298478255955
455.968956376305	468.751830607701	3.02092463499309	72.7083333739865
456.529238724221	325.415036617192	0.313349694361873	67.5390360792313
456.521621502714	468.682960937689	3.03067300329311	73.2494983248814
456.981529316114	325.552052256076	0.324822848054471	67.2435448627412
457.014972847704	468.628886578995	3.0373188126978	73.6240701088411
457.42557790381	325.703872994447	0.346376093645643	66.5024104058889
457.582790456986	325.780569326787	0.356095335521817	66.3072687502882
457.509030306353	468.579056867768	3.04224401110194	73.9172437791843
458.021702145626	325.942546268854	0.368280578444688	66.1900782413998
458.003601559437	468.531952551951	3.04539632623963	74.0923185105288
458.463582541652	326.097602891774	0.364198604941768	66.0355029548137
458.498447602192	468.486150347154	3.04620098286626	74.1221962622116
459.058919985901	326.338633382117	0.344660169638535	66.1036075561006
458.993213882847	468.439872718913	3.04376505024123	73.9932719112995
459.504659457073	326.487338493879	0.341489850110044	66.2306388423869
459.487422244235	468.390910316653	3.0374302247188	73.7046839176168
459.948658692691	326.636492235625	0.353188842023969	65.8373709737378
459.980591478363	468.336889852219	3.02767641932469	73.2726006695598
460.544588086777	326.887463931968	0.380963757645299	65.4365786615594
460.472384678692	468.275345965002	3.01613560807788	72.7444291923196
460.980661634813	327.048151292319	0.387171898183286	65.3681515279259
461.025897195766	468.194732756761	3.00364190154003	72.1833785068869
461.412122510694	327.217936838814	0.381192550404456	65.1379136303347
461.577727048449	327.306331613828	0.376647437244687	65.2426544626197
461.516560235865	468.1238119945	2.99583735249817	71.8792595607016
462.012736564497	327.468284984349	0.370746416382327	65.4822196806379
462.00717136387	468.05397226512	2.99192545178536	71.6970564347897
462.449603699622	327.624894423032	0.375840377012466	65.2258767780181
462.498017153155	467.984851963768	2.99204276758562	71.6703891370286
463.045678947837	327.889215487321	0.395393985681387	64.9460011693162
462.989286864837	467.916435527309	2.9968501050442	71.7888700604424
463.477682504944	328.053987239976	0.39995627722892	64.9650376151788
463.481074971379	467.848830242324	3.00563458135804	72.0306917651212
463.905112222177	328.229217376998	0.394595213441378	64.7847840352404
464.073260381516	328.321979757671	0.391049269128687	64.956875748918
463.973286260894	467.781714093023	3.01660387666713	72.3532576076859
464.504871666273	328.48832954826	0.390514433855067	65.2679502187721
464.523858567812	467.709366421507	3.02804380673837	72.9259569274977
464.93437170836	328.65339155518	0.401778172398971	65.0674111566847
465.108558579167	328.750404648168	0.409318934650933	64.8203398182539
465.017403623791	467.653175887655	3.0353067096526	73.4072256732048
465.528805814445	328.935182226612	0.423454193685178	65.0905244818854
465.5116205965	467.601670582178	3.03972913364677	73.7930714849837
465.951946107211	329.107094105548	0.426376937895926	65.0659776066167
466.006088078719	467.552880166149	3.04211285641457	74.0286122853345
466.546044011289	329.397234480197	0.418282269602089	65.2082947195249
466.500633898244	467.505489898405	3.04319990328379	74.0833156088236
466.969987222672	329.566479480657	0.419972827430442	65.2322782799625
466.99519906408	467.45833393281	3.04303811300566	73.9593593157845
467.564763963745	329.860272814555	0.437566674665855	64.9180943519142
467.489682378123	467.410121924295	3.04078714938089	73.6915202833226
467.982052075849	330.038298539637	0.444832263064708	65.0000040158843
467.983869079921	467.359274465784	3.0357663326695	73.3336555195198
468.39312754417	330.226283478027	0.445050269537113	64.7168798207498
468.575017347804	330.341123403291	0.443642698627743	64.9029063026814
468.47742349043	467.303765718005	3.02807689030044	72.9390939496105
468.990167720563	330.520602729757	0.444983241495336	65.1372571663547
469.028158631505	467.232286947637	3.01702764363517	72.4616873024817
469.400397215631	330.705997380757	0.451785088950979	64.7939713073227
469.584648393325	330.826468293643	0.456013332651572	64.8377376230554
469.520408298562	467.164122460822	3.00622966053161	72.2560197032887
469.994605939111	331.010979752897	0.458892855039173	65.0546593502616
470.012342805562	467.095827171282	2.99660671734624	72.0944027435706
470.402635153545	331.197939451536	0.454759348143408	64.8199930264966
470.588420668011	331.31957996878	0.451190866304762	64.9044233022976
470.503553423096	467.026694749065	2.99018431545	71.9927603729936
470.998943204696	331.502146703237	0.450314228614382	65.1860116350312
470.994120966837	466.956644676073	2.98895787791355	71.9622400687229
471.407216142785	331.68608413516	0.459480466393492	64.8568949863546
471.594927699047	331.812076436309	0.467041385487776	64.7963337481749
471.484531143151	466.885854295997	2.99326944949838	72.0249192238636
471.998778482189	332.002374777601	0.479477003188418	65.0361491825276
471.975333139037	466.814580525972	3.00282922411624	72.1794138823877
472.398000430613	332.195062489034	0.486293911266587	64.78036875752
472.588899463542	332.33045946803	0.48749192040314	64.89250292965
472.52886418177	466.734444261992	3.01737736981919	72.5610650963537
472.988231133402	332.522130862083	0.491493005841097	65.2302360281337
473.020432358748	466.673365378178	3.02999467812404	72.9990951439354
473.380813890689	332.721125298457	0.497460056008075	64.9109256304812
473.5755022055	332.86045622616	0.500353515096623	65.1482074319812
473.513602322496	466.62006676928	3.03983060849202	73.4177640478269
473.971445156752	333.052323266706	0.5027836439333	65.3886253944002
474.007908636914	466.571845926394	3.04599132659507	73.7694258427256
474.556934443899	333.39609704743	0.499967183000652	65.4800037086659
474.50287354511	466.526513568916	3.04879256445106	74.0114907828698
474.952549723058	333.585708229313	0.503728399893622	65.538334331359
474.998074628533	466.48218861374	3.04898919675669	74.1030393941027
475.53646824962	333.935769654916	0.517577779981282	65.5090196894392
475.493155730013	466.437252235083	3.04681486049537	74.0124010006772
475.924811145973	334.13053671491	0.522949848695994	65.3708590771154
476.126078773713	334.282451651938	0.52474388626679	65.16137504083
475.987811409666	466.390068187804	3.04204932663176	73.7297766414863
476.506909347738	334.488250356997	0.529323395031387	65.6048322828304
476.481815372026	466.338752363411	3.0346669166755	73.2803221493016
476.886332461622	334.690224787669	0.537186702953283	65.2569742895504
477.089519310754	334.851700657549	0.542231462137134	65.3490129824078
476.974959718846	466.28133907005	3.02483096898269	72.7306619860185
477.468179145677	335.052215831646	0.547067291267742	65.5212984322192
477.525555127112	466.206048326653	3.01074365853249	72.1395467356134
478.045516137712	335.425554724078	0.546571800569279	65.4381738186645
478.017624461455	466.136021398654	2.99617396276284	71.8450057766983
478.423464759228	335.624918591031	0.548517891524216	65.281837538778
478.629703795491	335.789547793957	0.552678071068238	65.0126669702739
478.508982521752	466.06209741244	2.97715840608375	71.6655296516086
478.999854147771	336.000234312268	0.559710556454822	65.4244431558886
478.996340352387	465.979509833058	2.94708492067406	71.510537649222
479.366703149665	336.211456612475	0.565889951661457	65.0447105215659
479.574377008096	336.382698008496	0.568742727967207	65.3456838633522
479.470782306104	465.87909000805	2.89428662022258	71.2529438754692
479.94427871219	336.586605667506	0.57467531527864	65.4474753971243
480.157359416823	336.75793766511	0.579301477971298	64.998111812071
480.067652297027	465.673543748019	2.77290996858	70.7716793305073
480.513776163556	336.979120359124	0.585468582269433	65.4917818574422
480.493675264416	465.488470999765	2.64905421739947	70.9739120754642
480.872097126756	337.19163216355	0.588635159130964	65.065821392176
481.083866678578	337.375324634143	0.590506345157043	65.2522657973352
481.070624034427	465.082336435412	2.43825726245429	71.5597620576603
480.848531765661	465.291921408434	2.52423890106647	70.8603147753223
481.444146856498	337.582329528881	0.593121609439978	65.3264469189649
481.661854378475	337.762817547069	0.595582622881737	64.8714477980671
481.578247209092	464.567192978913	2.27476901897109	72.6561125456433
481.353292540781	464.858401921533	2.34153735863681	71.9276580357371
482.010333428161	337.984925678496	0.598421660555423	65.4116474908577
482.022892266892	464.017239431596	2.21466970414393	73.1821292219866
481.801289751749	464.342849275084	2.23821270890912	72.512828841747
482.362162235723	338.200413331515	0.600289156684466	65.0410068632307
482.576522092228	338.388590077614	0.600664144268798	65.3524972214493
482.664378179904	463.119258706847	2.20052807593064	72.7342959177118
482.448454255519	463.462426158877	2.20200659407841	73.1309660674616
482.932948901692	338.597019248136	0.605068099426865	65.4628467412946
483.148826754269	338.785591590547	0.609236273873345	65.1280983799766
483.080922900631	462.558825080247	2.20053005314607	72.9115925010485
482.867396386143	462.903589142131	2.20094387729991	72.7853302976007
483.495254021359	339.006748084337	0.616564576796434	65.6741065995487
483.72669321474	461.665647256368	2.20089985873767	72.5308576948976
483.502008228275	462.00146237169	2.19986513963851	73.0668587902396
483.277577475993	462.33833288163	2.19987970370793	72.4342390094472
483.835540718472	339.230799436659	0.622158435753732	65.1777095256683
484.054911176605	339.423439609575	0.625097333762685	65.6800586956396
484.136834293371	461.100028813872	2.20078862698702	72.9653135780664
483.92356302103	461.444193000508	2.20115829865975	73.0847491122566
484.401226659569	339.636338835729	0.628570319249429	65.5461236713965
484.616733195329	339.839636403606	0.630460353858096	65.4771057056912
484.555014337893	460.540088228978	2.19830506467869	73.2308289259967
484.340435323077	460.883598216949	2.19943668047929	72.9166561497719
484.959792774178	340.055010211547	0.631317834376325	65.7513698192086
485.195709509863	459.641943720969	2.19901725913548	72.6592504989159
484.976194815179	459.982686628644	2.19906765300012	73.1852603920705
485.515909245645	340.478358163199	0.632777188446651	65.7806726740518
485.608518898337	459.078863420166	2.20051013153237	72.8972916859186
485.395985842387	459.42449304981	2.19930955790268	72.9386119266205
485.852680192936	340.69896657245	0.637040056026019	65.3083617332255
486.071947681858	340.903617858048	0.641375884352609	65.6114966189282
486.029479296542	458.521575142841	2.20362187493998	73.0470948286869
485.809977713857	458.86144729368	2.20202874920668	72.5859949501119
486.410933199791	341.118208921178	0.646541472346979	65.5383891169762
486.62946250318	341.329238430263	0.649498160577267	65.3495020424245
486.668880589624	457.623693314455	2.2009555580624	72.7717452466238
486.452845081208	457.965448604721	2.20208368020933	73.0840725996024
486.962868098734	341.548675187415	0.652775281981824	65.6897635195932
487.084986683133	457.061910413097	2.19850463508357	73.1168779465226
486.872333505689	457.406757906696	2.20008128270025	72.9484235066764
487.511932999681	341.984481064653	0.657332422240984	65.7543054946923
487.729533495885	456.166176393663	2.1976645801467	72.6628052949032
487.504698664083	456.503403487477	2.19620216411718	73.2785796031694
487.281915471093	456.841719763066	2.19701589567823	72.6913592595317
487.837357873595	342.210489408065	0.659083190080442	65.2872828459598
488.060552080713	342.421772684034	0.660210157760982	65.766044226095
488.138204915058	455.600228370367	2.20006735640456	72.9354264151409
487.924705279333	455.945390954959	2.19922257601486	73.1442189945105
488.39113927118	342.639356071272	0.664132440092477	65.6435894043738
488.61068044313	342.859311581377	0.667808636982177	65.6750495527876
488.556122606374	455.040662874973	2.19898124604119	73.1361564753863
488.341048349169	455.384715909486	2.19978236635316	72.8396518542507
488.937695411727	343.07818816585	0.673175351237869	65.8875311263146
489.162690137939	343.297468467491	0.676388372545395	65.4923225635664
489.196464322734	454.142349617753	2.19795425598846	72.7693598045008
488.977004164965	454.483340671717	2.19850271049152	73.2092438088656
489.480143975598	343.524549678102	0.67919426078678	65.9907307717402
489.607968603929	453.577973235943	2.19693179646436	73.0996360371056
489.396028197988	453.924810351171	2.19703367573633	73.1165197844741
490.021327149155	343.973587798332	0.678751211146544	65.9724801559743
490.026498896285	453.01913853605	2.19719820699817	73.1648490020842
489.807758796048	453.361029372215	2.19758388540642	72.7692241086021
490.338640506424	344.200624752709	0.67723114108488	65.4904040790737
490.563592604019	344.420825154263	0.676876791641277	65.9121330954368
490.660925819603	452.117369296155	2.19759305388776	72.7659597135733
490.446468653965	452.461167557519	2.19638196960912	73.063558684929
490.886462295573	344.640528471828	0.680413875881819	65.7374977661157
491.107791795511	344.867853271921	0.685682549205075	65.7550118258622
491.07692047002	451.556445939139	2.2010184583963	73.1543286176503
490.863801174872	451.90047448465	2.19879252175863	72.8824962604615
491.426678507411	345.088706412373	0.692744533985786	65.871907198683
491.651528156152	345.318669169744	0.698133220410487	65.5333702204394
491.723215992094	450.663552482724	2.20228935190914	72.935400548154
491.49895722513	450.99923605685	2.20165439311515	73.4489383754817
491.273868617117	451.334580033896	2.20081942640222	72.7275067853853
491.961549514577	345.545582335612	0.703066705096718	65.9237434908702
492.19389078456	345.771529976922	0.70653587684311	65.3446837658385
492.134341829733	450.097767678067	2.19967037798129	73.3135271117005
491.921126277496	450.442394089935	2.20192461472699	73.4679205321107
492.493222473507	346.007928518583	0.710272541312017	65.9931858720211
492.551496134347	449.537212330513	2.19467893176463	73.4774551241684
492.337038455252	449.881737278628	2.1976062870651	73.2078003613852
492.784985830722	346.249604170979	0.71344071753992	65.3565775794885
493.022729215124	346.473685524407	0.715652455545229	66.1189742880537
493.18847979215	448.636288043199	2.19608757836772	72.8910755012563
492.970573106173	448.978733155023	2.19513029027685	73.370203385261
493.320471792521	346.706582491771	0.718021626721306	65.6348998807266
493.550936876514	346.941443440524	0.718652986152637	66.1833865322539
493.601091743286	448.073461424005	2.20042256528331	73.1826189964189
493.388575522761	448.419284723864	2.19720504595162	73.1399907913947
493.853170296003	347.168751202531	0.717565004267783	65.8207405573221
494.079557684563	347.408550519982	0.716664328212847	66.097625834983
494.023071364097	447.516863501169	2.20576055769755	73.34133704936
493.801652188124	447.855497136663	2.20275764187595	72.8308159110875
494.385041438928	347.632231962596	0.7159146898575	65.9091409546828
494.609786747542	347.874073762262	0.717554910469011	65.933879377079
494.663709186575	446.61931501831	2.20291895057832	72.9834235053483
494.447563190296	446.961694149978	2.20460961472171	73.3145085094409
494.91441102597	348.097725339475	0.720183518938819	66.0019743010497
495.140306993093	348.340482707422	0.722876354329942	65.8423750957896
495.080839799697	446.058627639843	2.19929014039684	73.2263130213895
494.867538356412	446.403594122766	2.20184809774197	73.0812502207349
495.440571636835	348.566987982802	0.726837722695005	66.1697162725133
495.670160982082	348.809192236127	0.729254700417827	65.8260347672123
495.724092173596	445.161956189339	2.19531918375434	72.7372039363848
495.500460581363	445.500332511941	2.19525591872843	73.3232133920435
495.276745350343	445.838475892559	2.19737826893773	72.739649714921
495.96382456861	349.040174687714	0.73252585261194	66.3135237879195
496.199619416059	349.280154471266	0.735189336069905	65.7672026151262
496.131694719031	444.595845489246	2.19815202625638	73.1411755814
495.919215628179	444.941520412899	2.19616350333635	73.2294975641514
496.484618512764	349.516784797052	0.738700262718248	66.3262090250027
496.728078236005	349.753863138947	0.742927033007422	65.5873695600354
496.550026942665	444.036659009002	2.20176329037397	73.5200763465559
496.334306585787	444.379329870598	2.19874706097443	73.0750198418134
497.002370829208	349.997452984941	0.746881546958594	66.1891639554178
497.192831878195	443.140663178084	2.20051340562375	73.2309302147873
496.973416494626	443.48051442283	2.20351540164178	73.6767041767449
497.274628315056	350.241638178336	0.749892479122052	65.4220534378766
497.517341116189	350.48145887958	0.751870209054697	66.0566305230569
497.605214105592	442.57602255232	2.19426549761042	73.5268316374292
497.39372359296	442.922849870885	2.19763298601362	73.5483700183994
497.793075227674	350.721432408511	0.752472127740797	65.4151873882532
498.031273760285	350.966549503541	0.752690546145946	66.0020186398523
498.022485436727	442.016260985611	2.19411663751395	73.6286791004579
497.803811693558	442.358163535651	2.19423618884374	73.1758873707666
498.310381979244	351.202548710784	0.752587332778038	65.4907667783197
498.545416153016	351.451538724313	0.752504613731411	66.0154901755802
498.655688188546	441.113416011671	2.19905988868928	73.3005861900921
498.441746033334	441.457700461431	2.19616570844751	73.5775847995599
498.826811188394	351.684152598223	0.753659468743542	65.6132814263738
499.059492519143	351.936842308332	0.754612414259524	66.0493647191233
499.073278990945	440.553502484865	2.20284660776582	73.5325191499522
498.859273514556	440.897254229261	2.20116048932641	73.328154343865
499.341710162994	352.167399223918	0.756702682158613	65.7370813968679
499.572547516337	352.423516623126	0.758398029368721	66.0552679303555
499.719377089426	439.65840084786	2.19930437771729	72.980461305074
499.495577946136	439.996792175278	2.20058816854847	73.5863781111032
499.269368159411	440.331911469224	2.20217163572169	72.9760055605197
499.85429831919	352.65296262359	0.760643422707098	65.7797214883104
500.084200523577	352.912204302709	0.76381633017463	65.9578314323002
500.129074991312	439.093178100354	2.19861276035681	73.2912196783898
499.916036971117	439.439408042262	2.19915161332413	73.4285027680294
500.363895996438	353.141329199301	0.765925792836871	65.733391645018
500.593559896428	353.403293405697	0.768007227396776	65.8507901026879
500.547090607441	438.534246699725	2.2002246954225	73.5599066517395
500.330905078682	438.877758921361	2.19867753640507	73.1678698788944
500.871848599937	353.632259914378	0.769002771468165	65.7326592610762
501.101281236749	353.895383312021	0.769058390768134	65.8520158813934
501.189071342783	437.638190289606	2.20233025502946	73.2257989948781
500.970083057779	437.97810277165	2.20308051855667	73.6509679193888
501.37949143285	354.124236836657	0.770306480438664	65.8507830065068
501.608536967903	354.388110636522	0.770999098905163	65.9509391336521
501.603294543668	437.075008504768	2.1986864769967	73.5070504972267
501.391301958128	437.420806731685	2.20020385381208	73.5186843442363
501.885562980785	354.61716757077	0.774487799546108	65.9981882494313
502.1147273771	354.883273173421	0.778464587517661	66.0291889390736
502.023206702112	436.516904244695	2.20065422211813	73.5417750889376
501.803663062549	436.857118131522	2.19956336613383	73.1202579934133
502.387633935059	355.113279062673	0.782879363571592	66.0755985007604
502.617294054246	355.382580379217	0.786264529618049	66.059988765149
502.661440559396	435.618127136712	2.20265313245669	73.0175205818922
502.445779877805	435.960314513072	2.20287046622022	73.3969535219779
502.886583453188	355.612923772504	0.788138738995732	66.0767857787563
503.116502204304	355.884545224749	0.789584302278582	66.0459188895447
503.078959657571	435.057504488505	2.19908444272325	73.2209738066402
502.865767999558	435.401748472933	2.20253094063919	73.0938681986295
503.384381788044	356.114209919622	0.79064093125316	66.041852395745
503.614231418524	356.387592914075	0.791974617202626	66.0335337090419
503.720605806918	434.158592655164	2.19166632214893	72.8192852147052
503.498093227008	434.498626213011	2.19213973294321	73.3514388239292
503.274783388841	434.836764703199	2.19601201961254	72.7454413727472
503.880891059517	356.616777155418	0.794064410705622	66.0173248677271
504.110306904845	356.892234908214	0.796449132654454	66.055340298575
504.126738406761	433.591216952016	2.19490120628692	73.2221976243051
503.914824616195	433.938860060982	2.19232112631991	73.2990817457233
504.375151601558	357.121484169266	0.799123871610773	66.0320552266158
504.603901172526	357.399022698268	0.800669546242862	66.1404560687538
504.543728987402	433.031734655823	2.19997811786081	73.4516456570164
504.327355320513	433.375500224617	2.19641611080772	73.0760856978189
504.867378234961	357.628505573432	0.802211617426127	66.0846392709492
505.09604077644	357.90694881696	0.802918641485462	66.2638098549402
505.185941819717	432.136126716855	2.20334551743939	72.9220059698104
504.966829857607	432.475687059481	2.20490528035758	73.4055039809526
505.358335249811	358.136747407446	0.804412579755096	66.1613473899911
505.587206648495	358.415848187068	0.805122282280362	66.4136663601039
505.600930336074	431.5733273725	2.19786853634771	73.168753886079
505.388542661873	431.918563086927	2.20129752442677	73.1690292961537
505.847974011118	358.64615531664	0.806687186809648	66.2421637460153
506.077361954941	358.925608391929	0.807672947962738	66.5646308199407
506.248151171565	430.679817144063	2.19516531391799	72.6833720405974
506.019725135337	431.014271665452	2.19539110971538	73.3070986088321
505.800111501762	431.355097184277	2.1966999174546	72.8151111624366
506.336200350068	359.157055602061	0.808963834393143	66.320770007026
506.566532922871	359.436176991448	0.809364894635572	66.7144538808201
506.652472574062	430.110911506652	2.1979316489294	73.0608038544319
506.438910762829	430.455714970859	2.19547100998593	73.3055091225821
506.823330862395	359.668976093503	0.809996617318466	66.3646761205679
507.055400578784	359.947164187833	0.810817399995157	66.7988703947638
507.069595708775	429.550729819958	2.20152309965821	73.2820763310317
506.855571273925	429.894722695608	2.20000967116002	73.0727675257711
507.30912871081	360.181307951144	0.811975678542121	66.3265502794218
507.54339879328	360.458964494764	0.813409241981327	66.802426314275
507.714150757209	428.655416336299	2.1996182899334	72.7309046735262
507.491434300171	428.993778584176	2.19998902766999	73.3094821135217
507.264511348949	429.328485459359	2.20119485915696	72.7094894941084
507.793104367844	360.695332265139	0.814267806413639	66.2108298377651
508.030231551155	360.971530976973	0.81541113267953	66.7429159989966
508.125237079387	428.091304165413	2.20075888332545	73.0314913845014
507.912165130522	428.436120912102	2.2003492711817	73.1431803873768
508.275603442878	361.211460676794	0.816110150548029	66.0673262987496
508.516164815631	361.48480081606	0.817311962390987	66.6726728182264
508.544800866605	427.532722663807	2.20102348864817	73.273463293394
508.328138396169	427.874611521896	2.2008332866366	72.8811889161963
508.756136891452	361.729130077542	0.818711130038465	65.9241169079763
509.000972670557	361.999090633738	0.820919717113783	66.6059614750977
509.244856845053	362.272022248645	0.823377065735045	65.9197250698927
509.184754538132	426.634557647213	2.19834547793622	73.064410052995
508.967016148528	426.975976214421	2.1996283709022	73.3778424610524
509.483728510779	362.515075873069	0.825672264683747	66.6308996194153
509.721348993903	362.794974309609	0.826874296706237	66.1027680615778
509.59741176454	426.07071931393	2.19705660938876	73.6023225005894
509.38573431246	426.417225087866	2.19588410054937	73.4031692062572
509.964602058838	363.032651818668	0.828223269810057	66.7707749168955
510.197183554966	363.3176748167	0.828103187447607	66.3876036210073
510.245535308871	425.177857688265	2.19942706041708	73.2969889224144
510.016683722129	425.512090934783	2.1992650162056	73.9288105688742
509.795897497124	425.852333423878	2.19723671159002	73.2999861120621
510.444563904964	363.551043388101	0.829168069836275	66.9268790787628
510.673611534556	363.840376076821	0.829600556481799	66.6137146095923
510.651937370222	424.61045260867	2.20047461805956	73.6088549244547
510.437644117005	424.954806354107	2.19974801038696	73.9253781760482
510.923420813585	364.07004992244	0.830918985659182	66.9353915330871
511.150134729624	364.363762044991	0.833383006170721	66.6942722574157
511.069879032332	424.051076914342	2.20107664434255	73.7706682392968
510.855967079644	424.394769427658	2.20197050833868	73.6053300509069
511.399760387187	364.590375315112	0.835845072879676	66.7977043650275
511.624831523658	364.888571958505	0.839293589687712	66.678136211657
511.713289427398	423.154410618226	2.19648964640183	73.2339031609014
511.491392386319	423.493748274331	2.19700209635049	73.8069539685861
511.265230423648	423.828564123391	2.19969627958677	73.1936069232722
511.872331729722	365.113637655967	0.840484847574274	66.5686562643579
512.097453485238	365.413635507742	0.841969655093119	66.6299920958613
512.123092496765	422.58950571247	2.19935715889624	73.560449170332
511.910695805065	422.935298839984	2.19736855697427	73.642584005903
512.342696951256	365.639639602226	0.84191075803628	66.3398918028105
512.569795913931	365.938040814547	0.842224928523399	66.6080517506224
512.542655388244	422.031271997433	2.20304392036225	73.8256024324335
512.325592739295	422.372850370281	2.20057379898315	73.3853829556243
512.81142936721	366.167481099059	0.843324447197825	66.148374389785
513.042046840771	366.462901435458	0.84705686647237	66.5976544040249
513.184510501473	421.134196798514	2.19919658899224	73.4628152727298
512.96631944724	421.475319054107	2.20332044310837	73.8965835779846
513.274042736456	366.69711575957	0.854809922812508	65.9388391550712
513.508490347596	366.992829844228	0.870386172998796	66.4586646586174
513.748340274992	367.303206253944	0.89989088446077	65.5671062464581
513.596880981209	420.569541504246	2.19262463344282	73.6823002488617
513.385500407991	420.917203568127	2.19601049695101	73.7022789607699
513.952248415837	367.535662823807	0.932072388112069	65.9235896128376
514.166889682009	367.89247378526	1.00127516265169	65.1595482069568
514.242057170592	419.675413122213	2.19888298456484	72.9003370202183
514.014248227562	420.010272627745	2.19602158443257	73.6275937581336
513.793609680101	420.351440298979	2.19405061962997	73.2246112013661
514.331206783702	368.098613478804	1.04967198239333	64.9611611919119
514.511308817071	368.494856125838	1.14930428710441	64.7481625136951
514.678625832116	368.941974708967	1.25683910757013	64.3556516499662
514.649632678697	419.109555925235	2.20234923516144	73.194154542257
514.435131813377	419.452701744721	2.20080978188904	73.4410217437197
514.846638593473	369.529595134514	1.37290711383172	64.5434867371323
514.92499332616	370.009386929969	1.43651657196068	64.7679968562841
514.978799021721	370.501820402703	1.47341711649872	64.9199009614313
515.019669238475	370.998670678441	1.49082721889622	65.0003336380531
515.055145333374	371.496610499522	1.49755863914562	65.0596866384356
515.089055041479	371.994587060054	1.49987046563639	65.1190224003647
515.122902006245	372.492448498553	1.50083107948342	65.1906826763224
515.157219686438	372.990361945358	1.50231379198111	65.2689140821821
515.191611839097	373.488521590567	1.50519191485093	65.3611617180343
515.225642969189	373.986940110895	1.50950741714165	65.4664991739398
515.06824164961	418.549804127454	2.20147739715578	73.5642384216274
514.853930273796	418.893178298934	2.20198694465261	73.2348258881665
515.259896425398	374.512867834554	1.51437669981521	65.6922031939698
515.288757798991	375.011101097048	1.51831740872597	65.8871947209959
515.315160760259	375.509620604519	1.52144236417523	66.0807821827832
515.339806226231	376.008280845096	1.52385331507189	66.255810843211
515.363080387026	376.507037974511	1.52528628755991	66.4033934697812
515.385705290608	377.005871191255	1.52568221571147	66.5288038009179
515.408043782145	377.50475751962	1.5255000135815	66.6465612544457
515.430356636918	378.003654448581	1.52524484251599	66.7640001606499
515.452633824631	378.502527311024	1.52492999993378	66.8741641601928
515.475015870375	379.00134909056	1.52447538745318	66.9587618978182
515.497526244344	379.500133521129	1.52416466562323	66.9981298029258
515.520048805073	379.998933517458	1.52441647551328	66.983241087018
515.542369502667	380.497792437916	1.52519252248757	66.9240610697051
515.564393308901	380.996685085597	1.5258753851856	66.8442234605464
515.586424729155	381.495517913081	1.52569830240665	66.7611424727265
515.608950715901	381.994216700459	1.52437932174977	66.6694692450397
515.632594574848	382.492800570541	1.52234147675272	66.5455597271557
515.657536788111	382.991393098449	1.52031468524462	66.3672724664461
515.683884826507	383.490097254491	1.5186162744156	66.1333970059246
515.711442757783	383.988898739856	1.51703775572534	65.8619254806358
515.74055720203	384.487600846958	1.51496774483177	65.5772562902813
515.711174811855	417.651215636618	2.19733513730602	73.2272840419385
515.489184079741	417.992199281961	2.19750470669907	73.7926817005518
515.262207632703	418.327788777137	2.19899746644683	73.0713557028163
515.773920086105	385.012599952503	1.51180944868594	65.2498432769781
515.80651376039	385.511065867597	1.5080582417729	65.0497145196641
515.839678988323	386.009505847969	1.50427000494579	64.8787986918477
515.873577863867	386.507740538787	1.50091846982403	64.7435883277496
515.90785688227	387.00574729411	1.4984568235147	64.6274851257174
515.942398308446	387.503609672278	1.49683100188631	64.5283903343842
515.977029383941	388.001439445621	1.49592173840363	64.4496110737747
516.011861837527	388.499252262636	1.49525067109561	64.413667567101
516.046988117511	388.997011907963	1.49517435405144	64.4166193028022
516.082266063178	389.494782677734	1.49627026708557	64.4465416303881
516.117440374636	389.992678111782	1.4987679495331	64.4808271075865
516.152210803513	390.490641898454	1.50168545762942	64.535784761403
516.186749876765	390.988521124941	1.50474540729426	64.6405255108125
516.220801051535	391.486450590378	1.50845642943432	64.824041916075
516.120691128838	417.084190917234	2.19140650628741	73.2588346992844
515.907952742099	417.434282473071	2.19740829102144	73.5730148758059
516.255967146073	392.013597294595	1.51314219244856	65.1606684756288
516.285630394301	392.511718610141	1.51664640971417	65.4670571892827
516.313393052479	393.01020468666	1.518422761201	65.729170960477
516.339884228476	393.508776581759	1.51951243448516	65.9278102717457
516.365317678385	394.00728026308	1.5213093863525	66.0716517754023
516.38937117208	394.505849347334	1.52356964751761	66.1867018095521
516.412269802317	395.004579949811	1.52531790574475	66.2948474525081
516.434316172891	395.503409926668	1.52636687534304	66.39920729351
516.455799635954	396.002266519185	1.52727157134513	66.4818902444965
516.476707557655	396.501170482976	1.52824434509933	66.5186671384442
516.497169212487	397.000140094541	1.52890177548839	66.4977682284946
516.517487640495	397.499135521167	1.52887166754643	66.4289502957006
516.538021728506	397.998103238074	1.52822879789347	66.3334619224362
516.559021306751	398.497029580804	1.52729965088865	66.221572753857
516.580569498093	398.995931459674	1.52621915880175	66.0838287631807
516.602882824047	399.494797638108	1.52486777326885	65.909125114031
516.626087442403	399.993588932495	1.52330950295798	65.7061251660141
516.650377917539	400.492258117318	1.52171361663025	65.5000983070304
516.675781156649	400.990756007807	1.51964437764628	65.305093422169
516.70305816676	401.48894808349	1.51590518177965	65.1071851133866
516.733283316471	401.986644890435	1.5100952318823	64.8796014696818
516.5283863852	416.518116367528	2.1597919206384	72.6902600953935
516.315674056013	416.873325224748	2.18473159944802	72.8274082028992
516.77074733564	402.514808407367	1.50324778970671	64.5728588403601
516.808151740541	403.012911460005	1.4988097795249	64.4012452301466
516.845547780354	403.510504898504	1.49726330407968	64.2858227159434
516.881826050831	404.007905024533	1.49753841353529	64.2174174654568
516.91699155077	404.505380612154	1.49777046573577	64.1668126846702
516.951350865909	405.00303756272	1.49760030497546	64.0918501381398
516.98526203153	405.500882036936	1.49791002223817	63.9821825976654
517.0185937847	405.998935172989	1.49956573730815	63.8429363700787
517.051241647661	406.497150684792	1.50157169473754	63.7170504804108
517.083512504742	406.995342594772	1.50299701069953	63.6505219172807
517.115772982528	407.493324890935	1.50381970141625	63.6919838936673
517.148373219005	407.991097569567	1.5048284919091	63.8428514512102
517.181295502571	408.488883390752	1.50615371823813	64.0732522860881
517.214853913031	408.986890708038	1.50783533803855	64.3207876710657
517.248971454389	409.485116435198	1.50975928821308	64.5440716496865
517.075737344753	415.528822802321	1.97221182354643	70.2547322657695
516.896701484019	415.946925237266	2.07380536362598	71.2908756427212
517.251164870625	409.513963228311	1.50988818134344	64.630276140419
517.283094897734	410.012141523238	1.51183931823949	64.8649740892415
517.313204053368	410.510531124518	1.51385244687846	65.0639939698169
517.341611653456	411.009007012597	1.5167641557759	65.2552574409912
517.367492464562	411.507555600569	1.52199155422377	65.4783158085632
517.389636185981	412.0063214842	1.53055504657478	65.783375389807
517.406424732134	412.505432768898	1.54230943566289	66.2372327884476
517.416691137682	413.00468536803	1.55672897987817	66.8911505258611
517.418877445206	413.503372097467	1.57645495435085	67.6916096532498
517.408226025321	413.999833261379	1.61523151781387	68.4259652307576
517.369067572722	414.488781849565	1.69342413933758	68.9220543341769
517.283321949699	414.955329186767	1.80903715954216	69.2916628812835
