282.734502556033	398.537848071178	-1.40308980463149	77.3608030941368
282.652217708225	399.023270719583	-1.41700506386756	77.9072025712715
282.57953709695	399.511231678929	-1.42622912089691	78.1421256811005
282.512497693342	400.001536305239	-1.43343743867695	77.80022312489
282.449381608307	400.495171935326	-1.44363341488492	76.7159194972519
282.390887818726	400.993576864899	-1.46065463326231	74.9246845584422
282.340469398532	401.497169782044	-1.48603216736966	72.7093563279099
282.303799577324	402.003931065892	-1.51837824461959	70.4951927043663
282.284214622203	402.509918354891	-1.55244602183933	68.6563115974092
282.281798955261	403.012240648957	-1.58121611100979	67.3686507326739
282.292101576827	403.511191926446	-1.59920923385401	66.6264909192552
282.308958471627	404.008932395818	-1.6060395484593	66.3081785461366
282.327210120833	404.507094595784	-1.60619331833951	66.2426165417267
282.344915390328	405.00600774971	-1.60474769549252	66.2812180014928
282.361814820878	405.505320880664	-1.60385597906586	66.3471227198755
282.378327153813	406.004669823985	-1.60336135789802	66.423555258161
282.394447695895	406.503974848389	-1.60289951098161	66.5198253289191
282.410327391835	407.00331372066	-1.60267381978102	66.6423904635108
282.426106169952	407.50273603641	-1.60302831865565	66.7873071092118
282.442080297232	408.002185241972	-1.60360967379088	66.9378810856646
282.458063741733	408.501597236673	-1.60337466648995	67.06308198289
282.473532482012	409.000988378689	-1.601685601454	67.1272669066387
282.487921068579	409.500431538754	-1.59920820512736	67.1158801095499
282.501210223241	409.999958769009	-1.59725411230355	67.0479305507513
282.513854420396	410.499542347112	-1.59656979072349	66.9571041630467
282.526462492806	410.999129594415	-1.59712881325906	66.8661242306762
282.539592160401	411.498662227121	-1.59866365798853	66.7817907805183
282.553646848179	411.998080693111	-1.60090891557844	66.7020720277173
282.568931824868	412.497351720834	-1.60334759859584	66.6178723415395
282.585315027171	412.996553061953	-1.60497127898009	66.5165394503159
282.602263357385	413.495887032039	-1.60483765358412	66.3958913650429
282.618852857223	413.995506648206	-1.60320974612337	66.2692325561583
282.634750979366	414.495273264781	-1.60168579848996	66.1474672688733
282.650273966575	414.994878825961	-1.60173809493474	66.0212589080675
282.666445225077	415.494158272035	-1.60350753033677	65.8763645808579
282.68385200732	415.993189975557	-1.60614550031297	65.7118540748386
282.702968594439	416.492100862257	-1.60901004841915	65.5378980579982
282.723739865749	416.990982282829	-1.61177285890991	65.3582815162566
282.746340984991	417.489893570209	-1.61415567405758	65.1732235716769
283.205698273344	396.034903375995	-1.3974132399899	76.9597687309123
283.115365343877	396.52026328968	-1.38166882839151	76.7071408702927
283.025422744605	397.004561792149	-1.37358109840798	76.5913407151825
282.935272729322	397.48836812199	-1.37461440611596	76.6415622163218
282.844311854023	397.972562465609	-1.38463423480048	76.8559488277787
282.751706601902	398.457885103633	-1.40020228082746	77.2094502937944
282.771982406531	418.00997420647	-1.61601177955147	64.9435230050784
282.796761302013	418.508841203964	-1.61732109405728	64.7998503894703
282.821242137539	419.007752898903	-1.6183130928543	64.6547070273354
282.845530070251	419.506722629831	-1.61889990451862	64.5151431073477
282.86928998918	420.005715782698	-1.61879314878873	64.3828232341979
282.892509682375	420.504701994732	-1.6183047035299	64.273549744396
282.915130735234	421.003691814433	-1.61806423840624	64.1887128596785
282.937597820678	421.502692956864	-1.61871953244816	64.1334226772639
282.960288793008	422.001701109299	-1.62005744764349	64.093744330411
282.983500449986	422.500702947734	-1.62136285394564	64.0642148263209
283.007085141203	422.999698720801	-1.62175782819711	64.0280794243487
283.030713186974	423.498686611149	-1.62124852687534	63.9856860692407
283.054160366445	423.997653418586	-1.62032221456105	63.9385505972731
283.077413244749	424.496597517463	-1.61977596235751	63.9198567267829
283.100783250926	424.995532413074	-1.61978150659953	63.9596940107218
283.124433141203	425.494467689234	-1.62003991163942	64.0789231123909
283.148554261208	425.993384941561	-1.61979165515889	64.2457235909961
283.172868145905	426.492303670249	-1.61867310319514	64.4130661296561
283.197176241957	426.991336857539	-1.61637551915329	64.532455346455
283.220700932719	427.490683094832	-1.61293981157229	64.5999075653029
283.243015768212	427.990399373668	-1.60883500963837	64.6329496781274
283.742220173713	392.542342223851	-1.39337228619819	77.3239647691926
283.655712239313	393.026417906761	-1.40982969222779	77.9129007284581
283.580799027575	393.51325431941	-1.42244463250064	78.3680637382847
283.51273073542	394.002012495037	-1.43085217272355	78.563069595024
283.447480980546	394.491929362118	-1.43392248123931	78.461625957451
283.380780502419	394.981771704304	-1.42973704565896	78.105476646113
283.307668423262	395.46995933409	-1.41780284947756	77.5836076745253
283.263464565031	428.508482227782	-1.60515332107858	64.7703601839856
283.281146141908	429.007429107781	-1.60314260543334	64.8622117835495
283.297951421854	429.506703898902	-1.60281110360418	64.9889325118771
283.31479572726	430.006150712908	-1.60341049133076	65.1511680708866
283.331743397757	430.505697868206	-1.60402173243953	65.3375579791433
283.348772662358	431.005318642477	-1.60410677003683	65.5204868326716
283.365513900816	431.504977904765	-1.6038865349624	65.6703499700881
283.382103089659	432.004608410291	-1.60398288607276	65.7719117576833
283.398727104198	432.504143637419	-1.60469933087632	65.834621880564
283.415650846868	433.003516458337	-1.60529255342624	65.8793647730853
283.432433922551	433.502749136606	-1.60449783220534	65.9175868738353
283.448379758798	434.001978606281	-1.60215261836008	65.9427719040421
283.46307282617	434.501340557084	-1.59987926302073	65.944527966299
283.477038179626	435.000824092834	-1.59929320011536	65.9235384831845
283.491089255407	435.500326350358	-1.60019748435079	65.8911302051172
283.50564474507	435.999790422809	-1.60127846615962	65.8596197297207
283.520588358311	436.499241513686	-1.60184117903675	65.8378608615207
283.535717453759	436.998699964527	-1.60217750113092	65.8284363252861
283.551058134223	437.498134097908	-1.60264628974664	65.820560373583
283.566609957416	437.997539005737	-1.60288772519699	65.7905140469382
283.582166409161	438.497007368061	-1.60212884725533	65.7168979253261
283.597171293402	438.996642840078	-1.60035316158543	65.5946469029018
283.611469571362	439.496372384787	-1.59879243270759	65.4327549317981
283.625422761842	439.995989272249	-1.59881802936418	65.2440585497267
283.640026055839	440.495349441942	-1.60074142833353	65.0461071254422
283.65595544535	440.994456888108	-1.60382593199073	64.8588086738806
283.673717501414	441.493355974504	-1.60718051274446	64.6921061347191
283.69323302095	441.992104822765	-1.61026910493654	64.5338517493744
283.714591419807	442.490791790915	-1.61294605061822	64.3631139611775
283.737471094082	442.989564451638	-1.61499768607762	64.1667498848135
284.2469054902	390.046588245851	-1.38489049252766	77.3918710917649
284.14687229079	390.528255304485	-1.36814439045416	77.0427864851482
284.049710611917	391.009596785131	-1.3600194668956	76.8241439734532
283.953986688663	391.491220992819	-1.36201512475423	76.7759027918424
283.858479653332	391.97355853942	-1.37310301010792	76.9005828791756
283.761745673303	392.456556633293	-1.38991339924229	77.1856998761941
283.763392002538	443.511125936122	-1.61608875106806	63.8902605756423
283.787989955275	444.009727472083	-1.61566167282808	63.6991732365296
283.811330013448	444.508267827241	-1.61402467065495	63.5026780254072
283.832971080202	445.00690110856	-1.61211496039944	63.3066218816859
283.853491550832	445.505744663925	-1.61136849372432	63.1391910719651
283.873696063868	446.004863873003	-1.61272651366994	63.0225208964399
283.894836747895	446.504182036569	-1.61614018004074	62.9733282627902
283.917451172607	447.00349135955	-1.62011919746044	62.9679804583048
283.941410481167	447.50260004993	-1.62271300440261	62.9761523991641
283.965695312177	448.00152955798	-1.62272520888523	62.964802944937
283.989395173141	448.500456101658	-1.62104027667782	62.9402333212914
284.012157174835	448.999502215104	-1.61924575667258	62.9179096481998
284.034299310456	449.498634559753	-1.61843139602493	62.9219731323659
284.056429279692	449.997734326558	-1.61854265672137	62.94738112863
284.079019975532	450.496719895165	-1.61926335444993	62.9931024405368
284.102376255152	450.995616337005	-1.61982250826577	63.0528039564578
284.126204822601	451.494551757546	-1.61947849090232	63.1363678619174
284.150038162105	451.993643120499	-1.617736957762	63.2364698513989
284.173200064232	452.492863533548	-1.61535216352273	63.3488429438357
284.195908861163	452.991934868348	-1.61380880382305	63.4562202208199
284.218940051658	453.490206738575	-1.61493659248292	63.5420613036889
284.244552811948	453.98613360053	-1.62152048980551	63.5290599654367
284.660041936424	387.529194192562	-1.39709921337527	77.8914619217646
284.579265116018	388.014083112527	-1.41036840875605	78.4273700083528
284.50539765173	388.500942386456	-1.4164576945511	78.6891513994029
284.432736065996	388.988299781648	-1.41483198015497	78.6002500136553
284.355519246221	389.474553651674	-1.40501243030186	78.1856053724194
284.267554143095	389.958058577258	-1.38854431847282	77.5698935883954
284.281790608361	454.521982681272	-1.64724632066388	63.2785730677455
284.341444545565	455.030034771796	-1.72419019936453	62.3418220414403
284.454333042827	455.515766156498	-1.88626339281698	60.8550508141695
284.621941342808	455.930461480559	-2.08871413479558	59.5593055545908
285.18580535064	385.038633247528	-1.35996116302976	77.2309705632833
285.081838073824	385.517045775636	-1.34838717726397	76.9614684409482
284.980307765527	385.995946701341	-1.347673330598	76.831389908341
284.879212146667	386.475656165903	-1.35696433224678	76.8904392391585
284.776606912447	386.956120854689	-1.37438005662668	77.1390177675092
284.798748542355	456.15914792501	-2.23537934500422	58.8322554682621
285.044105462342	456.449134757253	-2.42313874103483	59.4837965440198
285.651120248165	382.529976281447	-1.3812300982187	77.8245128673004
285.564340936495	383.012416333817	-1.39635230117048	78.310113283671
285.484128051673	383.496947832249	-1.40037802535459	78.5091209616128
285.403118026337	383.981173502062	-1.39489703762924	78.3511161264392
285.314229259262	384.463335968666	-1.3814649861624	77.8734642467515
285.393214206655	456.672593425991	-2.59677833119885	60.2341252386527
285.590530303413	456.814700177025	-2.68508493135157	61.0455457648741
286.234277082551	380.053097211973	-1.34746801237412	77.0810506196848
286.118330161753	380.52757511071	-1.32863310921953	76.8734268436635
286.006297186413	381.001475877112	-1.3217868198511	76.8050005390175
285.894893408184	381.475963390055	-1.3296604435858	76.8764814903096
285.781286489214	381.952329868284	-1.35126295760406	77.0883480885716
286.007553423787	456.98003993653	-2.78292989466802	62.4237116909123
286.644990998101	378.032455771866	-1.35916073732929	77.9508915061059
286.549489876571	378.510661954009	-1.37488338756623	78.2679333519497
286.460323407895	378.991629288122	-1.37920029682215	78.2162510831893
286.368410410287	379.472085271083	-1.37109165468313	77.8214440593495
286.264273597329	379.948516577277	-1.35258278041117	77.2314347059919
286.460770311582	457.124019182365	-2.83601926763536	63.2718486799072
287.150987239026	376.0380033511	-1.31379230835982	77.188581375084
287.030774670472	376.507760291769	-1.30470763083141	77.1058548606599
286.912527218216	376.978207684713	-1.31013278780856	77.1479718071852
286.791651144021	377.449579083263	-1.32920476118284	77.3135819323371
287.050943770624	457.312231156789	-2.88034933138888	64.0193441262427
287.629721416733	374.032824310199	-1.32966582045964	77.8590764111337
287.52255785443	374.505544403747	-1.34552889205334	78.1885021612815
287.420470219105	374.980720205287	-1.34779051522908	78.1088310844152
287.311544738993	375.454253757219	-1.33671009461846	77.6603956591239
287.518326136851	457.430115188931	-2.89771627865622	64.4843551106235
288.205290495031	372.058189163442	-1.27870727617288	77.7105171058661
288.066798825013	372.518895244671	-1.26843118202679	77.3842956123305
287.934018083814	372.981604822783	-1.27409096731461	77.2161917439251
287.798722047084	373.445453643756	-1.29520446431791	77.225057396796
287.989949071604	457.538851242497	-2.90220223082313	64.5582360122009
288.633759443369	370.538179028852	-1.29171494902939	79.5290837057189
288.511146962141	371.003084734467	-1.3032987070139	79.3712316428966
288.389995808858	371.469995023404	-1.30016990186373	78.7413535264473
288.25341162244	371.932726998328	-1.28426156561992	77.8342181356079
288.460908409319	457.65113629774	-2.89487246977029	64.265369824373
289.112014084029	369.03573731149	-1.24816290944772	80.0368561227709
288.97137516481	369.49105618908	-1.24848680314265	79.7953901351604
288.828585499461	369.948363963868	-1.26340813071212	79.4805723778006
289.048068491565	457.820743180631	-2.87321364926494	63.8119092358834
289.749502080688	367.088136620022	-1.22762514437518	80.5173255936392
289.595721425627	367.53208964076	-1.25345251510669	80.9879346667529
289.460742621887	367.987322665043	-1.2663551311355	81.0249401507422
289.322405483566	368.443808126515	-1.26361534119518	80.5251450139462
289.514047830921	457.948262655773	-2.86096508724882	63.7567224658773
290.141824351953	366.056268231418	-1.18838244519134	80.6152573036187
289.981834733084	366.493053460258	-1.19626320474433	80.6817938795528
289.821951225683	366.935235418462	-1.21724922223497	80.5465099861813
289.980025060032	458.073141262126	-2.86047557596763	63.7869557688952
290.738646861586	364.604593590204	-1.1589386499215	80.5161849335565
290.562885716908	365.026479682306	-1.17894630633951	81.0372413897633
290.402809853669	365.460322458519	-1.18820405656443	80.9599723330105
290.445076264193	458.202699646288	-2.87258266852235	63.8903675722782
291.203503901679	363.600343009598	-1.11318194225652	80.3554805746101
291.018944631898	364.008935358553	-1.12824256684823	80.716222014028
290.841392935538	364.428539805442	-1.14796906561434	80.6022716063909
291.033229550468	458.371521575792	-2.8958956813916	64.4002717057106
291.711941260019	362.618469448967	-1.06191597785773	80.2523623226198
291.516518045516	363.008727028886	-1.0883003117155	80.7662164717645
291.327938222038	363.41343910662	-1.10669342282868	80.4399649650664
291.504658821728	458.481756216592	-2.90501703643369	64.6196135072373
292.061717899483	362.038276928865	-1.01527142478481	80.5087968472799
291.861511821949	362.419473468642	-1.04403010844859	80.3809243617996
291.977112100753	458.589454292471	-2.90213997840322	64.4756786138978
292.66673311977	361.122898941052	-0.936709250033083	80.1760364017007
292.454246980574	361.468427832607	-0.967912257942865	80.5187050571916
292.446178638098	458.7072338303	-2.88767112782509	64.0366218598149
293.096037031041	360.579493618586	-0.879997238830096	80.4343720598736
292.877152180066	360.904769635237	-0.911998856653313	80.3075066981037
293.032485187443	458.880600244848	-2.86478077438555	63.6953105151393
293.559861096661	360.054891694228	-0.829395257642702	80.603512558644
293.330813295765	360.35279689508	-0.855451932774579	80.1203182489138
293.498319090988	459.006136270593	-2.85871512318599	63.6073021605822
294.047214213951	359.546491021991	-0.792491526103674	80.7215193326464
293.811243957448	359.820233127691	-0.809903927061078	80.0996861185476
293.963924174154	459.132237779668	-2.86580283534488	63.6009361121068
294.548120957727	359.049462642324	-0.770707435468156	80.7543009989036
294.310913274121	359.309406488942	-0.780408968671676	80.1551912141601
294.550809131473	459.306186579132	-2.88799759879923	63.9192080641375
295.056978944128	358.560612290917	-0.75451265892275	80.7249235781034
294.823207658462	358.815029310694	-0.762271577789021	80.2003681138634
295.019875761923	459.423163666124	-2.90105817024363	64.3318423484564
295.572613150757	358.079934191043	-0.7379643688401	80.6423433142745
295.342945793428	358.329876195212	-0.746001199967025	80.264553965062
295.491960299225	459.531192013202	-2.90315450718099	64.4362141941699
296.095575056925	357.608858769334	-0.719635997928522	80.4939918227361
295.869321829341	357.853401854107	-0.727940309349147	80.3404992818368
295.962884183555	459.642829214188	-2.89392433217259	64.1607182466955
296.626283131893	357.148460717915	-0.703217087900271	80.2716027560773
296.401668899381	357.38596988172	-0.710128651968714	80.4311720988791
296.55070018299	459.813914340287	-2.87011933788019	63.6553887555016
297.16487463109	356.700551195279	-0.686365587580861	80.0238918550176
296.938229058946	356.926034401924	-0.694116911115586	80.5209561985755
297.015732191522	459.942934545695	-2.85828678802543	63.5618634493456
297.478943244597	356.473860165581	-0.676401612256429	80.6331666087293
297.481278942458	460.068224404237	-2.8603870932756	63.5569557371331
298.024343987854	356.031483864715	-0.656708005710789	80.7286841760689
297.947123445709	460.19684492514	-2.87641034863051	63.62994146622
298.575942283524	355.602506006315	-0.636321568523454	80.7268636772193
298.355867351292	355.809333857371	-0.645481987948773	80.3115246715274
298.53502419116	460.362331835969	-2.90229240492033	64.1173407331001
299.136639020858	355.190956223142	-0.62160649006851	80.4723532844937
298.920105474847	355.389960970406	-0.627525573188848	80.7694290580216
299.007429837371	460.470506445201	-2.91118762368857	64.3705167138593
299.481905345731	354.974234366015	-0.613527511051451	80.9889894774068
299.480700696719	460.57589500168	-2.90657608139892	64.2980174152816
300.045306911116	354.566720220577	-0.596418245686201	80.9118924171068
299.950343251593	460.690684771124	-2.89013982925737	63.9324073462722
300.615877612578	354.175860508603	-0.582522913631241	80.4961163835886
300.405750981175	354.358482695472	-0.587334933203183	80.645158647929
300.537127186791	460.864952938616	-2.86348460009429	63.6010041534509
300.978838085464	353.967223701966	-0.573672510374647	80.8557376283446
301.002094816094	460.992462778041	-2.85439152013723	63.5525380521419
301.551876205658	353.583232780311	-0.556820229448396	80.7596601524375
301.46694842198	461.119887638594	-2.85984351124852	63.5693761018671
302.134154582896	353.220929939776	-0.54668033476198	80.2397604735402
301.928361699293	353.382873033789	-0.549447200359918	80.6292140668163
302.053299388978	461.296012249187	-2.88488125971698	63.8528974658747
302.507136064234	353.011938737676	-0.540937503235892	80.7161383492423
302.521930229228	461.414093215061	-2.90222666823675	64.2792194460553
303.088109383181	352.651775381704	-0.525442354031473	80.4172381902939
302.887043737781	352.807597987042	-0.531579553953694	80.2676856823035
302.994598317953	461.521278462338	-2.90743312760298	64.4335966869591
303.474899921202	352.455963986325	-0.516786642238599	80.6504378513336
303.466445566669	461.630373618279	-2.8992447358237	64.2447127280751
304.058452485222	352.104872598275	-0.510137750855859	80.4610444767503
304.054916022418	461.797258203079	-2.87498339269173	63.7779062119322
304.452532455909	351.91341098673	-0.503768311520279	80.5005708628181
304.520213558733	461.926556937617	-2.86040880466679	63.7015440841803
305.038953577083	351.573153814581	-0.487934160398786	80.5789459848875
304.985838473007	462.051504570659	-2.85965623549681	63.657473660498
305.440601426603	351.386756932196	-0.481832275699225	80.4590358716079
305.451312795978	462.179502394899	-2.87166959988597	63.6722818490761
306.029531337029	351.057340466224	-0.47774512677934	80.48910704838
306.039097095403	462.350038308309	-2.89440840430327	64.0771764456273
306.624752362032	350.749328496145	-0.465069853816125	80.1355244370333
306.435184331688	350.872118155394	-0.470865823463651	80.4041866236013
306.509781395682	462.462358848524	-2.90252765840282	64.3667098297531
307.026808158876	350.554321162386	-0.456210117432233	80.6979346182213
306.981401573944	462.570908823435	-2.89868131471441	64.3319682201644
307.438850106786	350.374754434585	-0.453338151258874	80.5302644629691
307.449921264941	462.688267268474	-2.8847177757487	63.9748276587228
308.030717697261	350.063880838657	-0.452132431540866	80.4847449080224
308.037156838884	462.864801169513	-2.86266155294588	63.6415926980515
308.446133097234	349.885491869343	-0.44288360091639	80.3978810639635
308.502169170506	462.992085041813	-2.85663405611638	63.610237710905
309.04010549771	349.588431716038	-0.421891519835698	80.6392354203062
308.967837856476	463.118488940315	-2.86332648721772	63.6665593244217
309.463639758841	349.419112639839	-0.417797288499053	80.6909758155355
309.553989459764	463.292914394596	-2.88556407814481	63.977299160961
310.058581568828	349.130026425351	-0.425174984306414	80.4741102816738
310.022800490755	463.411806358776	-2.89936413148597	64.374933848725
310.480996679378	348.957409975118	-0.423757966577723	80.6055437608904
310.49476965876	463.520259449527	-2.90335328688651	64.4301165130609
311.075850050194	348.676919437098	-0.403711270238471	80.5329786440065
310.902559548347	348.776679130086	-0.411256355247622	80.3381354250588
310.965997770519	463.630784262765	-2.89691395875497	64.1015911985976
311.503937898569	348.509411439298	-0.391679055564563	80.8618264746445
311.55485725912	463.798624512321	-2.87470284678911	63.5091818440531
311.936120702532	348.34509138842	-0.390214515225363	80.5547938103012
312.019865038214	463.927976699126	-2.86021611200794	63.4041855151237
312.531611303811	348.076711855149	-0.397172464771738	80.4640933342055
312.485170871571	464.053632430201	-2.85728147323618	63.423463362741
312.964667049302	347.913295884456	-0.391824765480425	80.4499467836367
312.949981486022	464.182853955114	-2.86859185639145	63.5401640054502
313.560453081013	347.653485752571	-0.370189017632425	80.6090321459003
313.537804154659	464.354444743297	-2.89417460711344	64.0915839959289
313.998966001961	347.497339913745	-0.361475780163752	80.9356986476468
314.008764830244	464.465769454856	-2.90602601970477	64.4537957147587
314.438778874068	347.341716893437	-0.364445855553349	80.6797056568664
314.48155994195	464.572226264138	-2.90566661634046	64.463326762605
315.034771998784	347.089748187068	-0.375776869164968	80.5816597075322
314.952053712955	464.686235922498	-2.89338233872769	64.1313284571241
315.474322838302	346.93264203269	-0.372364960156104	80.6216314910787
315.53825632541	464.85735632954	-2.86979775014458	63.7634606663553
316.069392692979	346.690672089427	-0.34862281769438	80.669146730407
315.9134330212	346.766791596638	-0.356297571414313	80.4772418403662
316.004707418774	464.982559427768	-2.86127875764872	63.6639110924714
316.514036373711	346.539422661989	-0.334431590707328	81.0383856688319
316.47124636109	465.107039065282	-2.86568532736903	63.6211595075407
316.963395496839	346.396191214503	-0.332930133881163	80.8598310833915
316.936739110919	465.238117122049	-2.8810676504515	63.6573128118904
317.057415704495	465.279249915178	-2.88608850988935	63.7816110815329
317.55937346657	346.166113154487	-0.347830696700719	80.3642515834693
317.526056481803	465.399402474535	-2.89927508168772	64.1741818594006
318.004576846989	346.012868949763	-0.352397382899367	80.4043403868455
317.997624052997	465.509070645903	-2.90049975234821	64.3422441042386
318.451609546926	345.861828880253	-0.344319754747234	80.3436172219063
318.467638282664	465.621005298816	-2.88982835129011	64.1807315989129
319.046110278343	345.637334019147	-0.319160212940163	80.6889917614147
318.932126371149	465.748631077747	-2.87131136627561	63.7703266849266
319.057471437698	465.794282319996	-2.86563702091302	63.7157102002371
319.499841296402	345.49951993308	-0.308875868927679	80.9358183887828
319.520523896817	465.926909656155	-2.8534860999914	63.6555823960007
319.954889490998	345.362907797681	-0.311214324474901	80.6664173075256
319.985036990124	466.053956172522	-2.85586809461834	63.6295160053052
320.549249479927	345.147286598875	-0.327731614450807	80.2663504756609
320.450359857184	466.183358471082	-2.87096517338916	63.6695769882276
321.000789991767	345.002377698972	-0.331671341108078	80.2738198571654
321.037781782082	466.353200498635	-2.89644017046654	64.1118327479009
321.453793032307	344.858360862349	-0.322461072768039	80.2205332296459
321.509141948328	466.464230119466	-2.90574676664166	64.3949532609957
322.046779025006	344.650450858985	-0.295936333744868	80.5668497834711
321.981550189559	466.571464622759	-2.90266104967393	64.3606112300269
322.506260666183	344.520512811102	-0.28363117152865	80.8681847764404
322.450670135693	466.687142647344	-2.88865084774671	64.0349738587353
322.968001235746	344.394686491816	-0.284743860650246	80.7053336989953
323.038032438183	466.861684131454	-2.86512126066805	63.7446467137263
323.562032840244	344.199587262415	-0.303134337612007	80.142879438576
323.425157322772	344.255007012379	-0.297813507446515	80.1891208127335
323.503226352375	466.988297866627	-2.85748509177892	63.719262774292
324.017988907409	344.05804324919	-0.312491671751243	80.1343449284907
323.969020941149	467.114030663911	-2.86408993643474	63.7205265447506
324.476388976439	343.922309694446	-0.307475251602161	80.1531982908787
324.434913332444	467.246206908681	-2.88262932093793	63.7808319864819
324.554932675557	467.286644293678	-2.88857307438409	63.9246247273134
325.065949633165	343.731931175764	-0.279894469183987	80.3845046875701
324.935849194789	343.781652960844	-0.287628067979559	80.2417436151847
325.02412371619	467.404065137361	-2.90563523659339	64.2944179197733
325.528288151083	343.602718732562	-0.259156500646422	80.981833899252
325.497454401143	467.510170348189	-2.9106581560948	64.4063998202388
325.996697268199	343.487861441904	-0.252184545765945	81.2079122191573
325.970057100131	467.617535167719	-2.90206329042876	64.1818798104826
326.464946987375	343.371917398022	-0.259310075192262	80.9242670519709
326.436974286526	467.739314777831	-2.88204819902647	63.7244702426285
326.559214475391	467.782127243413	-2.87543852008477	63.6272419323101
327.054985124254	343.193288557226	-0.281489305514481	80.2824063466513
327.024051071187	467.913807079253	-2.85750385300815	63.5410106603242
327.517134748189	343.060076020626	-0.291958406904578	80.1857503501422
327.48849380705	468.040929116106	-2.85306205183985	63.5440406262623
327.980731688004	342.931623417449	-0.288446106596198	80.180358880128
327.952643487122	468.170952718064	-2.86379756331807	63.6150147201857
328.445033250091	342.799969918178	-0.271555530080601	80.2869317977276
328.540142087786	468.345703282246	-2.8907407718946	64.0616517092573
329.033773559387	342.630888827223	-0.24326704032269	80.9516137263447
329.010559781341	468.458335145736	-2.90483383572049	64.3582577125741
329.505576870978	342.522076925983	-0.231765571962066	81.2640723952637
329.483621847087	468.564950609881	-2.90598869682493	64.2999598061778
329.97913519967	342.416797480554	-0.232742040028431	81.1101749622684
329.954130816398	468.678415028377	-2.89341663636523	63.9277122291583
330.450419604921	342.3028913719	-0.245040550032466	80.5628631843535
330.540752805805	468.850446778966	-2.86778525627497	63.5590900364861
331.035289088025	342.135966310215	-0.265593620334816	80.0694925413411
331.006251560938	468.977378126258	-2.85784380839642	63.5443638508457
331.503614769137	342.014004853835	-0.271055286634042	79.9714874880617
331.471653423979	469.103016135577	-2.86197245692786	63.615806307751
331.972928641388	341.893584882544	-0.263570159775182	80.0131423518374
331.936584970492	469.234638654788	-2.87888334941952	63.7605508502949
332.05848281949	469.276890466229	-2.88482068051769	63.9009469172138
332.555971790256	341.732842366469	-0.238934378717287	80.3542639178205
332.442612770427	341.769070531494	-0.244867051943129	80.1982104383985
332.52652652318	469.397020989005	-2.90117518373994	64.3673600259672
333.028081096216	341.62018230858	-0.21924537004156	80.9426920796431
332.998731579884	469.504955523583	-2.90666370511168	64.550217841577
333.504876917241	341.521310741822	-0.20854783799417	81.2466236590788
333.470900368707	469.61319997232	-2.90079421273181	64.3543593368826
333.983131965585	341.42574287619	-0.208751846027928	81.1286462968288
333.939023594144	469.734267211019	-2.88501772604086	63.8825960737339
334.059950846797	469.776280862186	-2.87936042056787	63.7611240616507
334.459658521459	341.323636591574	-0.219974487577527	80.636892420498
334.525413933279	469.906428176577	-2.86345928877243	63.6163509484883
335.041492276314	341.173169274367	-0.242161936772174	80.0240557815313
334.991408760523	470.031430711449	-2.85888783198893	63.5432334080255
335.513764869556	341.057189254228	-0.252490184227347	79.8621875385552
335.456760325791	470.158740902055	-2.86676293625827	63.5534787386685
335.986672776926	340.944039277669	-0.250209580346117	79.8551701635784
336.043880845932	470.332666435795	-2.88970702004762	63.9071505220616
336.460463006044	340.829836628899	-0.236020031379392	80.0260737481032
336.513760410397	470.446784940716	-2.90275621660683	64.2157340439271
337.040051844167	340.685700155505	-0.209070052769534	80.661012875688
336.986112185094	470.553919686045	-2.90516800341839	64.2019890277721
337.518588692759	340.588852153572	-0.192378099989382	81.2366595006075
337.456642594004	470.666455543233	-2.89492980718829	63.879803649573
338.000273575201	340.50133332315	-0.184827499949835	81.492152998524
338.044294314255	470.837631317553	-2.86993160688412	63.5035360652156
338.482734824074	340.415190999498	-0.186586796052108	81.335012909104
338.509599554504	470.965236423962	-2.85736385426019	63.4962388339848
338.963850369993	340.322763396151	-0.197045907333815	80.8181113904908
338.974872881358	471.091272984116	-2.85877379236686	63.5502304247517
339.540424274971	340.189807963516	-0.216544734098211	80.1165958883649
339.439519299405	471.223174596496	-2.8736186781534	63.6585418478061
339.561567734728	471.26653835042	-2.8793973798648	63.7600142697399
340.017716003008	340.083315902578	-0.226942889616702	79.8598850531862
340.028620094302	471.389827437259	-2.89628245827343	64.2025095454903
340.49578350451	339.979925705036	-0.227382239063702	79.776244175678
340.500071961281	471.499721820809	-2.90294441236507	64.3908515499935
340.97474904312	339.877142645982	-0.217662235208047	79.861043526482
340.971492950227	471.609288045313	-2.89781167619069	64.2427765499076
341.54790120284	339.748636059479	-0.195999686037592	80.2010489133197
341.454561900135	339.772542116783	-0.200153210236702	80.0861833297234
341.438482159666	471.731334883638	-2.88176894191194	63.8607147833998
341.561385615724	471.774525909679	-2.87606504662912	63.7611260133838
342.028699013487	339.653466570255	-0.177870427087657	80.7553758621749
342.025939330992	471.906444301569	-2.85963128455762	63.7191487191393
342.513003087694	339.571060299631	-0.165580824997064	81.1616535634116
342.490879345636	472.032760233735	-2.85518209988748	63.7139213928224
342.999051642105	339.494763168534	-0.160494302134913	81.3088294052078
342.95579091562	472.161228653059	-2.86566079278787	63.7245919984931
343.485317704689	339.418981091545	-0.162560501081387	81.1630575710267
343.542929200461	472.334767026625	-2.8918690860131	64.0599420438653
343.970457420999	339.33828325698	-0.171496548816483	80.7557907621556
344.013315416096	472.44767427014	-2.90560470440543	64.3420241248864
344.542972977801	339.224776359482	-0.188954031470512	80.079108338671
344.486281031673	472.554043984393	-2.90629820517506	64.3098301710788
345.024312983685	339.126608827135	-0.202321859607055	79.7921957092985
344.957108085084	472.666556362799	-2.89402294851293	63.9614569610862
345.505951195494	339.03118176236	-0.208279773752987	79.6143107752458
345.543745984923	472.838047087426	-2.86927317098217	63.5407764110484
345.988148932483	338.936855207607	-0.204851015908782	79.5910327461748
346.009480044614	472.965141152454	-2.85964148481311	63.4811186178374
346.471141897118	338.842321317933	-0.193137681135897	79.7569026094012
346.475777001805	473.089869875482	-2.86393260670419	63.4994249963268
347.038625823412	338.728246241504	-0.172038696040572	80.2770563414532
346.941984461087	473.219187948695	-2.88079442450634	63.5976998356829
347.061734710873	473.260186961545	-2.88655047680061	63.6916824826975
347.523709564923	338.645428505022	-0.155128290660413	80.9092762976572
347.530260486898	473.38133689323	-2.90292807150302	64.1605442623367
348.011596106255	338.57345032573	-0.142703943131531	81.3993023409778
348.002673790934	473.489631103326	-2.90662635766832	64.4196972463853
348.501169284863	338.507563644225	-0.136224958144366	81.6269805319503
348.474103690059	473.597977979381	-2.89736214734607	64.3366542988108
348.991273574895	338.443305835066	-0.136179893767869	81.542124203339
348.940560680341	473.719235014629	-2.87862858421309	63.9523721783151
349.065699921585	473.763851139182	-2.87225193906208	63.8112258280729
349.480733428137	338.376292683154	-0.142576054522708	81.1684918683079
349.528625144189	473.89826180092	-2.85553406445525	63.7135893363625
349.968555035363	338.302203760278	-0.154290215883378	80.5994500912808
349.992752110104	474.025952317528	-2.8529577105688	63.6448917098406
350.533803837933	338.200107834064	-0.171291940570914	79.9396667443496
350.457647291957	474.15493961619	-2.86428542449789	63.6311601121322
351.0190411141	338.112708244864	-0.182133014959194	79.6484949743463
351.044333328242	474.329313139381	-2.89017451975548	63.9487101356429
351.504512155996	338.027115962491	-0.1858983725102	79.4985533149013
351.514460951518	474.443504545606	-2.90288181331297	64.2370347154788
351.990735411237	337.942804396227	-0.181602779279053	79.4966465054186
351.986920908079	474.551028244213	-2.90344576748493	64.2105954843594
352.477948332252	337.859337537271	-0.170519681399078	79.6507365737981
352.457251531029	474.664400977148	-2.89236134377354	63.869173258863
352.96603999666	337.776054784645	-0.154928410047729	79.9401069964059
353.044484586346	474.836587958024	-2.86922290242477	63.4566391158065
353.526071156352	337.686397445481	-0.13698666604008	80.6251371640403
353.509939005291	474.963812372178	-2.85917377910744	63.3986571895585
354.016476069826	337.621083770781	-0.124980625235526	81.1658180319528
353.975702859016	475.088949303984	-2.8619711936937	63.397852038579
354.508324914013	337.562598445443	-0.116869567668206	81.5563620046069
354.441208118408	475.219442467671	-2.87677637843478	63.4598039493687
354.562193504561	475.261777732388	-2.88243578683375	63.5421694609808
355.001038644714	337.507955825682	-0.112467704323497	81.7275228228218
355.029603967175	475.38414677414	-2.89969071473176	63.943605168609
355.494142319947	337.454593020306	-0.11168630605384	81.6548371207069
355.501814952499	475.492861079812	-2.90674362943536	64.1068551424956
355.987140626066	337.400002805387	-0.11477303995334	81.358368438736
355.974010182273	475.600658311499	-2.90130035802162	63.9268422068173
356.479516872015	337.341553358373	-0.12170984399585	80.8942098237931
356.441528215171	475.720215664709	-2.88482819417966	63.4889133867814
356.564912037115	475.762659366649	-2.87887032575535	63.3448387138936
356.970777518044	337.276575783244	-0.131738735136101	80.3419500875495
357.029283907139	475.89472290364	-2.86215859239716	63.2465256437715
357.526628749082	337.191502474496	-0.145044253259728	79.7902047783313
357.49424956796	476.020687009827	-2.85704864389919	63.2498844042885
358.0164611951	337.117126095028	-0.154663789801785	79.5057897922041
357.959447796087	476.148054522448	-2.86495093955598	63.338533411958
358.506088534726	337.043198708491	-0.160048313154083	79.3292321835877
358.546119489821	476.323021231549	-2.88738996855161	63.7494217946861
358.995767874194	336.969628958524	-0.159377985197023	79.2802940379787
359.015687710027	476.439193471282	-2.8989638769673	64.115826789231
359.486006371835	336.896707304895	-0.152342510386157	79.3864787141602
359.48755353146	476.548157739566	-2.90003199290005	64.13567097938
359.977249760025	336.824931649016	-0.139594487080015	79.6359224930062
359.957591526917	476.662348503409	-2.89078531276454	63.8129557462764
360.52879185228	336.745767666375	-0.122572498910307	80.1435961823459
360.469557891686	336.754791498126	-0.124420590707162	80.0024473972208
360.544775757946	476.835007473374	-2.86943993084508	63.401750836565
361.020883719922	336.68517156491	-0.109673734704431	80.7075408177032
361.010322977544	476.962113233167	-2.86001745574988	63.3456967677391
361.514623177567	336.632297822164	-0.100893123358411	81.2112449626744
361.476496010082	477.086870026284	-2.86283168216309	63.3625544515803
362.009216647901	336.584094868869	-0.095689970617889	81.5895160571451
361.942364444773	477.216624507089	-2.87810571478765	63.4524927566133
362.06255718965	477.258315948862	-2.8837588995079	63.5382140771806
362.504203328046	336.538676149662	-0.0925779325577057	81.8029458204429
362.530418540417	477.38065764588	-2.90054910661385	63.9888075197412
362.999443417951	336.494806107749	-0.0904541289579749	81.8393803785407
363.002692265554	477.489455656779	-2.90606120847034	64.2086834036135
363.494889196177	336.451574295538	-0.0894659682565537	81.7158368925463
363.47449481263	477.597805928494	-2.89858839974283	64.0895994593218
363.990373257269	336.407910095951	-0.0904400609073528	81.4672968389457
363.941185327691	477.718572242519	-2.88080485444723	63.7209219290843
364.065595931209	477.761989700299	-2.87484595276138	63.5975561561816
364.485678711574	336.362410051933	-0.0937640775676431	81.1276811742767
364.529190291378	477.895594552252	-2.85895666619863	63.5921211573087
364.980700328516	336.313667015964	-0.0990839795759737	80.7185989581818
364.993956351299	478.0218301927	-2.85714858707145	63.649467717539
365.475357508197	336.260031582422	-0.105741546991664	80.2579490301434
365.460045720175	478.148426044514	-2.86959539314505	63.7521118520094
366.020810435836	336.194060583943	-0.1133286740427	79.771239075185
366.045959857513	478.318600449056	-2.89667599065035	64.1459003041742
366.51443267153	336.13555417435	-0.118554453090941	79.4561369487422
366.51733243523	478.430895746785	-2.90944178255808	64.4912672628854
367.008239161764	336.078066492974	-0.121246480838499	79.2125927957735
366.990846169186	478.536078972117	-2.90902107261064	64.525241179114
367.502234779847	336.021400545461	-0.121780509828428	79.0877108721574
367.461859110295	478.646320050195	-2.89610520175436	64.2418809515395
367.996426266372	335.965397472124	-0.120460764896545	79.0861162122992
368.05033611854	478.817479133551	-2.86897426284079	63.7995442909923
368.490775019244	335.909791044104	-0.117376794202059	79.203666128714
368.514741723175	478.947181177121	-2.85544371669952	63.75343386814
368.985294847951	335.854429150092	-0.111653888734616	79.4141984214725
368.979656184709	479.073557368639	-2.85717945974209	63.7289956375594
369.480227001494	335.799724023938	-0.103230768366917	79.7060306748156
369.445057591575	479.204072318239	-2.87342571973678	63.737621626251
370.021486335092	335.741274741421	-0.0920346439748228	80.191930000468
370.032874836755	479.370756535664	-2.90051780170359	64.1482910361696
370.516519157444	335.695518785335	-0.0826980878219343	80.6650495186498
370.505268775171	479.47897663341	-2.91053280110124	64.3270838308182
371.012534394896	335.655136567868	-0.0757547249199975	81.0947919723529
370.978595353085	479.584633681803	-2.90619073847491	64.1766742696651
371.509321003501	335.618420602491	-0.0713706131301699	81.4556881690971
371.44784591083	479.700603865985	-2.8888961707637	63.7438973987023
372.006523021687	335.583989517923	-0.0683271305095963	81.7379352410971
372.034499411453	479.874900625261	-2.86253809723878	63.4019057091101
372.503923369731	335.551445349534	-0.065191057788146	81.9373540443031
372.499451497026	480.001971256557	-2.85496466441101	63.3579314110463
373.001532392016	335.520773014809	-0.0614796601280125	82.047962725647
372.964388673553	480.129302448198	-2.86202566427136	63.3883010573157
373.499427459672	335.49192568607	-0.0580820029030957	82.0669596874154
373.55103021139	480.30506407462	-2.88590454927821	63.6920924077398
373.997533727663	335.464274967469	-0.0563727737120977	81.9998962428483
374.019946916803	480.422499412283	-2.90019976081016	64.0509049540091
374.495649873397	335.436708707769	-0.0570384003065176	81.8589883885427
374.492065545206	480.530853290317	-2.90294466453764	64.102621363598
374.99361718816	335.408128035279	-0.0596667836308223	81.6550189066355
374.962802351184	480.64268523229	-2.89409888150735	63.828242920197
375.491405325095	335.377680177575	-0.0632040373725698	81.390097565999
375.550818779584	480.813123345951	-2.87174974239165	63.3895603882495
375.989092387754	335.345115471004	-0.0665332109642116	81.0625277431607
376.016001398388	480.941523560865	-2.86028462168223	63.3488317320681
376.486757539256	335.310378527335	-0.0690040876411042	80.6843906053459
376.481977085706	481.066254864691	-2.86115575709621	63.3736472863742
376.984478454503	335.273849179346	-0.0704910345818862	80.2870411404577
376.947811125431	481.194724157336	-2.87469754751194	63.4594391356141
377.516438710004	335.232245859328	-0.0715489718132681	79.839075412498
377.535354385615	481.362184139087	-2.89821451395367	63.9581199706498
378.013232900873	335.193704426339	-0.072291932320654	79.6020545715315
378.007145536431	481.471934018119	-2.90754053410353	64.2292977920932
378.510370879143	335.156443919477	-0.0730152394334437	79.4213249410696
378.480000108904	481.578245411956	-2.90587499782231	64.1701493478793
379.007832807234	335.120329510138	-0.073508505120927	79.2795469204163
378.949848987282	481.692960247129	-2.89299160578991	63.8338235951188
379.505475831384	335.084975173374	-0.0737613068390327	79.1719376945242
379.536905558281	481.86480475675	-2.86808441287026	63.5676262068627
380.003208333452	335.050291790825	-0.0736075593679999	79.0914448790116
380.002491836797	481.991024750597	-2.857151478977	63.5638470888126
380.501011157411	335.016073142863	-0.0732084466554641	79.0581049847746
380.467458765746	482.117533188063	-2.86009585509201	63.5897728758691
380.998907950932	334.982292166492	-0.0723464776991869	79.0749825276464
381.054161536433	482.293968347227	-2.88341210671843	63.8036145450158
381.496940544185	334.948986019228	-0.0708862558302061	79.1412736041666
381.522297764886	482.412822558305	-2.90075253624594	64.1657242097612
381.995141200029	334.916242914543	-0.0684705204663218	79.2265908908909
381.99478359635	482.520553470864	-2.9060942022879	64.2509551851635
382.493479364531	334.884265993607	-0.0654065803467126	79.3225241052102
382.466601388984	482.630071184164	-2.89834545158831	63.99091320476
382.991898470908	334.85300408264	-0.0620367407729647	79.4249154779815
383.054746101711	482.796992429163	-2.87501229487141	63.4507504975587
383.490472360725	334.82253753788	-0.0586925564671805	79.5491249734549
383.520099974279	482.926533445849	-2.86019902035349	63.3583750615047
383.989341000292	334.792688762859	-0.0550687012503109	79.6877936694631
383.985612650969	483.052180878978	-2.85725521021263	63.361156421599
384.488538883072	334.763841581258	-0.0509418674580459	79.840661366506
384.449894298595	483.181491603111	-2.86663642740121	63.466182483191
385.010207672596	334.735829559814	-0.0462535465376481	80.131888858166
385.03841263737	483.355933321644	-2.88878071521947	64.0075928873321
385.508726534976	334.712563970037	-0.0420256777613033	80.3518324502348
385.508020578772	483.469684723066	-2.89859480228128	64.3636956438517
386.007477277189	334.691636847356	-0.0382315327570196	80.5696743556994
385.979161381834	483.579109317505	-2.8981859519671	64.3494575614
386.506366070415	334.672898392708	-0.034755001593883	80.782265874575
386.448110473829	483.696874889576	-2.88740867996376	63.9963280683704
387.005395061411	334.655952553265	-0.0316309430825311	80.9837886266496
387.035035231285	483.870404417845	-2.86762857542438	63.6768579713053
387.504632384726	334.640571721476	-0.0294200520974132	81.1728911226733
387.501305868273	483.99515332291	-2.86199974502867	63.5939908411278
388.00407298835	334.626027815923	-0.0284814279425142	81.3503555726184
387.968087110727	484.11951411138	-2.86833794335855	63.5574539962226
388.50361423587	334.611860360568	-0.02835812871721	81.517113508674
388.554133827007	484.291041297317	-2.88857048833144	63.7506406411038
389.003129537608	334.597798575592	-0.0280365041100383	81.6674146371506
389.023409826024	484.409249338674	-2.90115649335013	64.1159717112001
389.502587138836	334.58420150266	-0.0268730527922355	81.7915148357099
389.495466928627	484.517514271049	-2.9038530694461	64.2298896700152
390.002052126319	334.571385135692	-0.0250820982931589	81.8823395729465
389.966614430637	484.627826162721	-2.89640801662432	64.008863924687
390.501606050689	334.559538149598	-0.0234127931126998	81.943261758008
390.555483029693	484.795767006447	-2.87447230799038	63.5162327648314
391.001255719694	334.548406106017	-0.0222720111239642	81.9863523088457
391.020527382022	484.925134334074	-2.86112718135995	63.4431449623694
391.500952474051	334.537802740695	-0.0213536010810883	82.0229971588737
391.486454460056	485.049812647802	-2.8608702457838	63.437053012346
392.000663634942	334.527697929123	-0.0201351523431485	82.0535581672465
391.954041387946	485.176325233655	-2.87788577459009	63.4729174980693
392.500403022523	334.518305793994	-0.0184777330721554	82.0673990106842
392.53709547949	485.334409972899	-2.9229348322829	63.8153619593987
393.000193072736	334.509767554587	-0.0166033195920108	82.0551888611859
393.013350557958	485.425724263322	-2.97231544394789	63.9877882711527
393.50003774868	334.502130947806	-0.0147909928609246	82.0233284654055
393.501017674481	485.491241823738	-3.03391664608627	63.9272109643971
393.999924151585	334.495309416254	-0.0132907485630001	81.9936632091611
393.998941794414	485.527553665814	-3.10299419506093	63.8190664025923
394.499834980879	334.489110522176	-0.0123061581627506	81.9841749397815
394.501196384256	485.529356629653	3.11165658241954	63.8124668145226
394.999760515488	334.483296879688	-0.0117645439959057	81.9924090233435
394.999931714049	485.4993643217	3.05185956953902	63.8344626937685
395.499706350945	334.477736959613	-0.0111961740473707	82.0004591364826
395.491599640355	485.445714903407	3.00631511682643	63.6992297381356
395.999685174361	334.472578737254	-0.0100936587837535	81.9937097324327
395.976664394297	485.373402558889	2.97228653710744	63.318351851925
396.49969485759	334.468081202178	-0.00841584892956262	81.9719703703509
396.455996652908	485.282322305975	2.94310346731116	62.7732141602363
396.999715423366	334.464435461278	-0.00665217535497701	81.9456834557743
397.032362302464	485.146259610722	2.91319078697734	62.339070275657
397.499730831392	334.461502372395	-0.00540295946504485	81.9243525081577
397.50835866948	485.037156230346	2.90116958423079	62.2711132125981
397.999747042677	334.459009155848	-0.00482559671562369	81.9085253521383
397.983999971165	484.928784286677	2.90287475298347	62.3714704567879
398.499782823427	334.456702418482	-0.00445731202502297	81.8915660406282
398.45987210974	484.818676613674	2.91668520813266	62.6063420252803
398.99984600494	334.454688813229	-0.00364175848081953	81.8690826680605
399.037682817882	484.68116088764	2.94038122067357	63.1709553854938
399.499922730796	334.4532404517	-0.00209166738344705	81.8467888530636
399.517897815306	484.587261405246	2.95307184250494	63.5857394246535
399.99999616955	334.452713533764	-3.81930809910154e-05	81.8371192395232
400.000152803106	484.500748757353	2.95731053896264	63.7175083570542
400.500063548221	334.453184396476	0.0019626125299516	81.8467146503376
400.482407296815	484.414181054913	2.95325758453879	63.5379748969066
401.000120980056	334.454514268567	0.00331724790468122	81.8688189695451
400.962655934543	484.320280905552	2.94088690839908	63.1229570857217
401.500153756367	334.456253227757	0.0036939200587289	81.8902538488003
401.540244772009	484.183956953116	2.91922013749897	62.6360701243536
402.000157792191	334.457988607505	0.00327333807795962	81.903207676353
402.016556444809	484.075069209555	2.90740773201978	62.4978196489048
402.5001545709	334.459452724044	0.00273275752075476	81.9090720878037
402.493123920674	483.968699456109	2.90629976645161	62.4766438153803
403.000169475555	334.460815458254	0.00284489065093983	81.9144255697769
402.970056199776	483.861844707745	2.91598453044072	62.5680648862832
403.500210514341	334.462471754634	0.00402401541515863	81.9269833429555
403.546523095522	483.724823808266	2.93588530401472	62.9189388898554
403.44679401722	483.751243095749	2.93215882438708	62.7726560424302
404.00026838313	334.464949420989	0.00615495954560865	81.9522951105624
404.025957595756	483.625441983861	2.9479763897918	63.3820582704303
404.500324280838	334.468551279385	0.00868667053845792	81.9893029035047
404.50740877296	483.535296982745	2.95128804792196	63.665698624699
405.000348448087	334.473322109779	0.0108668344509717	82.0274696455076
404.988558694744	483.446618719584	2.94670502410487	63.6434770383883
405.500316835527	334.478925550731	0.0121014045031904	82.0512077388376
405.467604070407	483.352029929146	2.9351151498014	63.297630124677
406.000235956527	334.484903697559	0.0123476157782423	82.0526723228031
406.048985404587	483.212118083147	2.91435776369711	62.6619145798878
406.500138023021	334.490888514043	0.0121710334003206	82.0426656385659
406.522806662283	483.09934640159	2.90334434906704	62.3909809116899
407.000046035792	334.496840807164	0.0122518388171493	82.0441894008095
406.998093907763	482.991458535649	2.90450977843652	62.2257085380555
407.499955964411	334.502955578611	0.0129237134990347	82.0695204682221
407.475375986086	482.885205848931	2.916520300137	62.2300873839479
407.999841310649	334.50953556874	0.0142493046961453	82.1053465087153
407.954063327632	482.777990307041	2.93609716767112	62.4088355974973
408.499667375096	334.516919427446	0.0162240902017236	82.1225282903267
408.530141469327	482.654646531929	2.95762604968229	62.9976925973183
408.999411455005	334.525397338919	0.0186855046998647	82.0983595998315
409.013361408937	482.568344257167	2.96509919312494	63.3519120993872
409.499082430178	334.535130403627	0.0211870045436619	82.028824278027
409.49716034712	482.485774765788	2.96243111201966	63.4292132476912
409.998722904443	334.545972128354	0.023154386623886	81.9254471633008
409.97929336102	482.399596282596	2.95075050054328	63.203250969853
410.498373145299	334.557600283092	0.0242457762315662	81.8042672295618
410.457620460075	482.302167751966	2.93147860186065	62.7544302374239
410.998038472014	334.569579746484	0.0246561793765921	81.6766813000289
411.036357387874	482.158184647609	2.90534542444907	62.3170149314924
411.497681807286	334.581800202223	0.0250727726782136	81.5490861542152
411.510617039712	482.045485535212	2.89430673901281	62.2070495781344
411.997259736913	334.594379693654	0.0261090763960668	81.4280962766229
411.984764024251	481.934509693135	2.89678405095765	62.2151341458859
412.496744365345	334.607735547679	0.0278093240480685	81.3235593698934
412.459555534904	481.82222037101	2.91213601745709	62.3420068424775
412.996136841451	334.622023680081	0.0297741399247136	81.2410501581951
413.038550005429	481.682961721088	2.94066791831591	62.7955528681968
413.495433543609	334.637409581459	0.031727770176776	81.1725046588932
413.518261042626	481.590432050652	2.95878909269987	63.1578710364152
413.994612380203	334.653840805123	0.0337890718680157	81.0937345642806
414.001395719227	481.507130118848	2.96695188492217	63.2910678151304
414.493619172505	334.6716506272	0.0363275827138903	80.97930245558
414.485391876354	481.424959453809	2.96326317495011	63.1719866152973
414.992426927778	334.691059150982	0.0394672975039485	80.8144721054784
414.967225477699	481.335794931114	2.94757816840028	62.8481084268244
415.491046160871	334.712556250796	0.0429458495199711	80.6009290854869
415.543633829814	481.202495711479	2.91900312756847	62.3990769297405
415.989520432485	334.736122468568	0.0462658490205569	80.3474137008022
416.020062461801	481.090190764892	2.90166529596782	62.3280081255747
416.511763334533	334.763780126301	0.0493677522675058	79.9943850693317
416.495666817757	480.980693866039	2.89855708841979	62.3787522556608
417.010800278915	334.791349141312	0.0520363142933573	79.7593874370277
416.971529496753	480.871652332634	2.90993177133675	62.5446157781634
417.509642265606	334.819452551159	0.0549940710864495	79.522349193916
417.548693937634	480.732734781417	2.935003611455	62.9542302672559
417.447882356303	480.76034049853	2.93019114785097	62.8113697062817
418.008316438588	334.848221569449	0.0588032442263971	79.288775279892
418.027704548971	480.633317235478	2.95073355429637	63.438763531324
418.506842226381	334.878373656403	0.0637082538024402	79.0912445240084
418.509352135349	480.544663417062	2.95599602665409	63.6853245900915
419.005217550141	334.910207435749	0.0689383835417667	78.9567199497582
418.991144570354	480.458253486687	2.95237315611972	63.5946756203082
419.503391502772	334.943808151637	0.0733545557280602	78.9112546660076
419.471390195636	480.366709963593	2.94138524247986	63.1964534436692
420.001340101641	334.978599608971	0.075891936490902	78.9374612436702
420.052344498022	480.232701916181	2.91973767697922	62.505737408484
419.948420473619	480.262221747055	2.92431442039547	62.6397246542193
420.499098858858	335.01398495331	0.076699432628946	79.0170794614449
420.526707422986	480.118507456223	2.90432408237578	62.295057232157
420.996753114791	335.049560032556	0.0763141395863693	79.1249366786087
421.001971758685	480.008801419218	2.89954344554633	62.2415567034144
421.494374638286	335.085236298621	0.0755840578185702	79.2654754102076
421.478057827256	479.900316382975	2.90700283229297	62.3550061474618
421.991951112896	335.121274724956	0.0747201266279678	79.434102330415
421.955115720345	479.79029841542	2.92576467266167	62.6081234557706
422.489390236587	335.157880675529	0.073881698708116	79.6379380055177
422.532034852346	479.660111205672	2.9504881544189	63.2432642092829
422.986580572769	335.195490472417	0.0727023611903265	79.8646563903305
423.014175610392	479.57097870806	2.96047078050254	63.6240012902166
423.483543132746	335.234082668174	0.0709541975844685	80.1095829849341
423.497362973351	479.486963207947	2.96009021907445	63.6709751686315
424.015314282017	335.274858697955	0.0683563760655645	80.5192830146387
423.979457489948	479.400341394797	2.95097852237936	63.3603403429733
424.513040780697	335.309872574533	0.0657943345624233	80.8319743374233
424.45838763596	479.303244494437	2.93335165983062	62.813452297129
425.010771719123	335.342953508758	0.0634809370809651	81.1219508792673
425.036439916924	479.160720269958	2.90736607299373	62.3020883081239
425.508625057367	335.37439163655	0.0616572513525453	81.3910580563135
425.511137665964	479.048404596786	2.89616376638811	62.2163588191722
426.00659221279	335.404652607346	0.0601722631216866	81.6300022326301
425.985889214461	478.938368196233	2.89899419424629	62.3032929607079
426.504612651733	335.433888638698	0.0589653758708376	81.8178338839142
426.461618165746	478.827873849569	2.91530041371308	62.5224347863883
427.002645083288	335.462448962524	0.0583774490027616	81.9347732939511
427.039287885609	478.691100609734	2.94407147808531	63.0444530383788
427.500655333551	335.490839319494	0.0590113157836711	81.9766225202577
427.519841830198	478.599276970012	2.96059799350362	63.4386666081629
427.998547928589	335.519817904828	0.061018595825652	81.9490245194052
428.003200359546	478.516177663947	2.96649185474662	63.5551984299358
428.496238966713	335.550038866469	0.0638912909696618	81.8496583324394
428.486790357171	478.433816680363	2.9620639605098	63.369552940982
428.993710380808	335.58190319512	0.0671408678481508	81.6648106353113
428.968279361869	478.344831830069	2.94820392611322	62.946190514672
429.490894390013	335.615879054221	0.0710204908065549	81.3879970235272
429.546671751023	478.212910165097	2.92264117687698	62.3457947728249
429.987610321589	335.65259100124	0.0762042887320683	81.0333124824863
430.022681593001	478.101388682295	2.90531633264037	62.1804820039251
430.483663710019	335.693170385986	0.0829951084277643	80.6286515911283
430.498271661134	477.992330806491	2.89888852789076	62.1676059933209
430.979033971076	335.738672449042	0.0908349320674494	80.2009584894188
430.973823471448	477.882906458045	2.90553874988042	62.2945572408694
431.519455403128	335.795662015977	0.0996242863775079	79.7581246603996
431.550695454845	477.741816598086	2.92878315390638	62.6644444129615
431.449764460779	477.770222768555	2.92371648940032	62.543080000895
432.014691075559	335.848537535254	0.106828136138204	79.4934532944599
432.028505581997	477.639767884167	2.94856045236765	63.1915886239634
432.509716398799	335.90212974847	0.113552792226007	79.2915316798524
432.510275987181	477.551135194538	2.95957254725269	63.5328437134536
433.004421025181	335.956833636112	0.119486144056552	79.1738128172221
432.993315899415	477.466954019794	2.95921671314744	63.5691315113353
433.498620384836	336.013067427977	0.123594540776745	79.1766026572238
433.474860217652	477.378956535279	2.94798008726012	63.2861345600984
433.992383349541	336.070671471354	0.124262832216861	79.3054067133249
433.952479940131	477.278732843221	2.92923764110797	62.7750344643785
434.485907824503	336.129190290226	0.121342547106821	79.5488363415134
434.530954710781	477.136000180675	2.90801106308234	62.3253264695997
434.979269356164	336.188538779147	0.115635114454694	79.8539311378294
435.006187416832	477.027453316807	2.90377263206797	62.1369126047732
435.472538767205	336.248814451027	0.108707446434913	80.1877205638907
435.525670696068	336.255795205317	0.107893593440516	80.3190349940231
435.482621144009	476.920984236542	2.91040921462193	62.0939566542201
436.019834157246	336.310655249524	0.101140397393389	80.7888812165006
435.959912037025	476.813500900538	2.92495801453531	62.2156124476514
436.514487984304	336.36037105083	0.0952424545550133	81.2317624253123
436.536959669604	476.680708791582	2.9452027222192	62.7179302509356
437.009642441015	336.406316524594	0.0906095772829851	81.6134644368425
437.017927278104	476.587915584445	2.95505106775689	63.1446942776973
437.505175671143	336.449650746345	0.087892315450949	81.8934307089707
437.500348315079	476.501703984859	2.95718708609522	63.3213419165046
438.00084438414	336.491865290034	0.0878055756287165	82.0380856054763
437.98246381982	476.414901564309	2.95149541868493	63.1777137849254
438.496312093833	336.534646218203	0.0908828902440809	82.0215903183544
438.462155101214	476.319912674456	2.93675696960814	62.764575683021
438.991163684303	336.579872795239	0.0971060081226697	81.8202918154098
439.040379981344	476.179346800732	2.91117954960105	62.2411381834579
439.485079769939	336.629461887316	0.105774219137236	81.4283747307645
439.515358599873	476.066913519689	2.89768737157267	62.0796850201607
439.977950048444	336.685110230787	0.116007924480618	80.8813360989463
439.990086684604	475.95679767883	2.89742177941477	62.0475107490652
440.469606237456	336.748828352813	0.127362696921429	80.260586022713
440.531255627131	336.758734734327	0.12897857190452	80.1229999408537
440.465173923023	475.845810610344	2.90918916519871	62.1647025618004
441.0224882742	336.829658543183	0.140322514445547	79.7056575375573
441.043425318236	475.703940585892	2.93332928622538	62.5994496453743
441.513374369908	336.900474087754	0.14966530527316	79.3995391131521
441.52217898452	475.605903090187	2.94850440225953	63.0395948271847
442.003865450701	336.971643344776	0.155337344823477	79.2459490417456
442.003654794395	475.517645650044	2.95556630030838	63.2273017248369
442.494029314027	337.043489427092	0.156444314135864	79.2879391172161
442.485874823054	475.431365291614	2.95470116708361	63.1016335991847
442.984069483456	337.116017842298	0.152192877664355	79.5188828015033
442.967024772624	475.339889414341	2.94576726379514	62.7247401115283
443.474054976464	337.1893121512	0.143826746861362	79.9024722458359
443.544692031693	475.208269424055	2.92626056838634	62.1957295355615
444.029270079891	337.274095772826	0.132082601962978	80.5577716236016
444.021604017459	475.09959189349	2.91206383828434	62.0585772731435
444.520798527931	337.339663026001	0.123201082463342	81.1678331569993
444.498528698403	474.993303092747	2.90545970074081	62.0613421318426
445.013109046415	337.398861712285	0.116467356566469	81.6495905812955
444.974762492356	474.886219193391	2.90902531817075	62.1873694235327
445.505969626753	337.454065570051	0.112858644210728	81.9406212590036
445.552609299283	474.745977555812	2.9274005379978	62.5022684955181
445.450218514821	474.775015157654	2.92298404002096	62.4037384579002
445.998971294373	337.507811095754	0.113134193396836	81.992571008519
446.029888729069	474.642460511805	2.94516493726129	62.970411412416
446.491549116514	337.562687323906	0.117265202026814	81.7769971797075
446.510760800719	474.55254124244	2.95736162759211	63.2471822231169
446.983183158721	337.621342012912	0.125177728820068	81.3114629871192
446.993553197924	474.468036101057	2.9605101436032	63.2339859821187
447.473352487915	337.686827809072	0.137164705798275	80.6768924587171
447.475906844346	474.381185047045	2.95252322793471	62.9334959835235
448.034508824226	337.776960668717	0.155558260666521	79.899425455211
447.954928401562	474.283474923426	2.93418762422084	62.436864671703
448.522060777311	337.860453427089	0.171385278899448	79.5696136077618
448.53187349037	474.142654071711	2.90865393988662	62.0025450660589
449.00900835712	337.944180469789	0.182130297039523	79.4187475041861
449.007381535712	474.032613186506	2.89929717497591	61.8669537902848
449.495309524964	338.028558909352	0.18556121720799	79.4511914371129
449.482846528426	473.923758884427	2.9029873427738	61.8737210752524
449.981144358151	338.113845051279	0.180669987485343	79.6380221702241
449.958771218241	473.813241246125	2.9179187261526	62.0311478725094
450.466996110802	338.200362968813	0.16857443441882	79.9583386827943
450.536665639394	473.676922038385	2.9419795347973	62.5831214574274
451.030842852431	338.300144942681	0.150537798650143	80.6304912577264
451.017129608237	473.583666292591	2.95487014903165	63.0402833198374
451.519358865008	338.372542022731	0.138892568472324	81.2075162620536
451.49956740999	473.497884857656	2.95866694527282	63.2276389256938
452.009360992929	338.438287872928	0.133763080456886	81.6089346396642
451.981930554956	473.412008902387	2.95430078685358	63.0697240544018
452.499714537222	338.501853741392	0.135263562894872	81.7465944282991
452.462464022113	473.318568172768	2.94202015361408	62.6326673160659
452.989347723562	338.567331903614	0.142241538628787	81.5744351946254
453.039801746727	473.18294446681	2.91977694195059	62.0972831517492
453.477269735058	338.638763733102	0.154395673391151	81.1087923993797
453.516277245132	473.073662203865	2.905738506192	61.9453348423222
453.962339710961	338.720751699295	0.171439919863902	80.4476562673811
453.992350209277	472.965875955493	2.90143359564802	61.9427050868506
454.53070822835	338.835627697018	0.194262993860716	79.8101947884639
454.467754390967	472.856472192637	2.90877764198291	62.0738316929239
455.013193653368	338.931378625773	0.20769562198207	79.5342248446235
455.045679855917	472.714556688524	2.93180039053687	62.4709743498551
455.494680624071	339.02728009963	0.212091424411572	79.457814912937
455.509131680909	399.552798080241	2.99496728408261	16.0468985081337
455.524028984725	472.615641940443	2.94935527457778	62.9191597991873
455.975778046088	339.124490819897	0.206207090441666	79.5910238047063
455.997319848044	399.484479818353	2.99535494997876	16.0346041541718
456.005667392047	472.527590515741	2.95762587186289	63.150880256076
456.456979309696	339.224206178729	0.191671699284163	79.91623357812
456.487980222626	472.441907903525	2.95494174195137	63.0835694345251
457.029176033912	339.338658484311	0.172117009887185	80.7122919945339
456.96847709872	472.350639158301	2.94274665630985	62.7333958804775
457.514487894215	339.419612918827	0.162567782195477	81.2296389146897
457.548261585748	472.21596868909	2.92025325065167	62.1315767060358
458.000817416375	339.495504351171	0.161067987453391	81.4365845329269
458.023396061016	472.10422171908	2.90669685725661	61.9267260885187
458.486647268239	339.572158733623	0.167037189960271	81.2790098419613
458.499227748446	471.996525843619	2.90379913374845	61.8509928005333
458.97054699641	339.655424408604	0.180101054934958	80.8017595759433
458.975948230625	471.889725006922	2.91194855081887	61.9148051032857
459.54537601137	339.77663420326	0.203275812322361	80.0435229668965
459.453273328853	471.780793244989	2.92896346815054	62.1036859365328
460.024523772709	339.882135228096	0.220543850365235	79.7858037593172
460.030734948751	471.65224002589	2.95084754636542	62.6451792748908
460.503022903867	339.985714042173	0.229045487403217	79.7275875279983
460.512774326607	471.563519254599	2.95978428343307	62.939744336612
460.980914570883	340.089508048736	0.226689329669065	79.8685320076109
460.995741588565	471.479058992722	2.95864794521091	62.9502414566718
461.458334176427	340.195892108989	0.214179760300339	80.1682235164865
461.477391243814	471.391246951002	2.9483100384748	62.667746288152
462.035127320038	340.32695850873	0.193364792017414	80.882089918925
461.955715520955	471.292429453033	2.93104633939565	62.1838392249426
462.516676135335	340.417416689936	0.182486536796599	81.3518605183704
462.53376948373	471.149986182703	2.90919723297324	61.7531982608099
462.999656643339	340.501692263586	0.180546462692222	81.4472823622567
463.009063758892	471.040234797814	2.90201238217384	61.6378217067984
463.481917562238	340.587386736607	0.188543268235186	81.1263984749557
463.485003347566	470.932649383385	2.90567361413521	61.6644314592533
463.96092857022	340.682556352932	0.206490130354475	80.48434948691
463.961525665939	470.823962213954	2.91913906774373	61.8236453724375
464.540423996284	340.825599582259	0.235379482628112	79.7589021698893
464.538796239052	470.687962004894	2.94151092886376	62.3125004145573
465.014152063265	340.940175133881	0.250532144270739	79.5659466318565
465.019156403618	470.593865304042	2.95417326945557	62.7333426824159
465.487241411785	341.05365769307	0.253049911698394	79.6019704975014
465.501539125071	470.507559372999	2.95830455011436	62.9157356173086
465.959951128875	341.169605457169	0.242626165256386	79.8398551257192
465.983931511214	470.421522091362	2.95378612142062	62.8124766425492
466.540462560888	341.31972334867	0.219944147051315	80.5619148733034
466.464338203136	470.328354016466	2.94069517680806	62.4736721623972
467.017443411309	341.422138380245	0.208544593539844	81.1628872958178
467.042126115146	470.191488651931	2.91733151866989	62.0098158645081
467.49597368713	341.51771679009	0.208694215244714	81.3658644104052
467.518127806309	470.080450189246	2.90308564856066	61.8723521810113
467.972729493486	341.616573281613	0.22016605364281	81.0940882061982
467.993612161119	469.971968039144	2.90036655128208	61.8116666516908
468.444380836729	341.729438909178	0.24057272940148	80.4774947379521
468.558791444595	341.766390382053	0.246712019612272	80.304365188616
468.469039086636	469.862813799462	2.90990652195925	61.8520049202505
469.027956865113	341.891620631282	0.26480979100458	80.0555376617019
469.047134900712	469.722718284508	2.9343536960302	62.1472455502769
469.496857476758	342.012093590691	0.270112332835865	79.9494526939037
469.525494913548	469.624355916781	2.95188137308753	62.5689629666959
469.965601337452	342.133186831889	0.26213163565969	80.0076563223376
470.007483354651	469.536887845389	2.95905878186224	62.8111259834879
470.550333972644	342.296847920198	0.239912150794688	80.4718391288718
470.490095721988	469.451717961833	2.95532825038505	62.7631739287531
471.022426198822	342.409358078126	0.228586919143318	81.0223132743629
470.970852876786	469.360985563542	2.94289033428721	62.4245926226057
471.496547318103	342.513718652661	0.230525007175467	81.189340325208
471.550531733147	469.227245107203	2.92016527670462	61.8106055774585
471.447790652942	469.256510133498	2.92473981507679	61.9190027523167
471.968279666454	342.622169035619	0.245002448668148	80.8752307433411
472.025603694536	469.114088059404	2.90539692495966	61.6168822177966
472.433334172914	342.747855503497	0.268199275396449	80.2404924911318
472.557616647558	342.792786581583	0.275313919164468	80.1368399209512
472.501139014022	469.005079600728	2.90104169143285	61.5707287661551
473.020886950954	342.92646878323	0.291793146395915	79.9812301514778
472.977128669133	468.89709707238	2.90815880886167	61.6729481767609
473.484006103333	343.055919075713	0.293524286273872	79.9294646961506
473.453505729874	468.787121235988	2.92513208917296	61.8936137032956
473.946059869202	343.189314625712	0.281802153545352	79.9891882565415
474.031999152218	468.655985388017	2.948885171931	62.4592051359441
474.536252708217	343.368329214697	0.259801066525198	80.6315648789275
474.513445422003	468.566961301177	2.96063222699307	62.783338233876
475.004141069141	343.484945972947	0.253895434734634	80.98697680898
474.99674504543	468.483605864139	2.96326706750367	62.8422695095304
475.472009598112	343.600422003138	0.261418072078074	80.8556104811695
475.479759895964	468.398633396712	2.95640810409409	62.6301000478515
475.934067249177	343.73016286023	0.281188752000313	80.3345948036711
476.064689139022	343.780389797166	0.288591564995927	80.2099867928908
475.959996955444	468.304552315715	2.94040621163412	62.2157559315161
476.523898025741	343.921243054255	0.307633951029813	80.173597362478
476.536808681259	468.166868010124	2.91477337944779	61.7826401948688
476.982283553201	344.057260474677	0.313007301806897	80.21540651999
477.0128883763	468.056690459508	2.90089960803465	61.6729122860311
477.437967416532	344.199115880706	0.304598243857512	80.3131624910249
477.574806221424	344.254887464232	0.299263053177002	80.3860113364794
477.487900399455	467.94748885338	2.8983624024931	61.7027843953903
478.031913806364	344.395487024145	0.286551943634276	80.9948823056809
477.962526318265	467.836044883358	2.90834111472237	61.8710686534957
478.493305109511	344.521764229113	0.285203327415309	81.1797325178807
478.541166935417	467.69308693404	2.93213391016647	62.3920157813706
478.952428226786	344.652155495181	0.296826123719978	80.8065767746849
479.019816581159	467.595487289857	2.94806375765595	62.8632295740585
479.5455732643	344.860937211183	0.323693349022166	80.3172918014722
479.501518649247	467.507416508412	2.95538680383054	63.0513597292886
479.99827466383	345.005197621311	0.332615314321467	80.2746552625948
479.983739606703	467.420676523812	2.95351798767995	62.8970589762076
480.449944232004	345.150654230793	0.327400731933633	80.2189452294089
480.464282587647	467.327626083171	2.94290076045397	62.4731729422477
481.043944619556	345.364662107481	0.307810154507219	80.6215880339905
481.042176920062	467.193044604099	2.92236492110035	61.9155213151363
481.500100821658	345.499690594473	0.30401608839553	80.8924624880004
481.518663191549	467.084362104197	2.90917578949044	61.7276847670945
481.95481637035	345.6358320199	0.315200809134115	80.6663437786796
481.995087527744	466.977957651683	2.90525328326524	61.6704078106551
482.549502623435	345.858676115834	0.343591626842787	80.3601450431799
482.471314294533	466.870725137956	2.91214229492436	61.7559431218968
482.996348871894	346.010203401788	0.354329206319046	80.4852358118292
483.048628638742	466.732103165448	2.93378887289738	62.0933266360862
482.94767209822	466.75952259162	2.92925974571103	61.9618467441822
483.440898061939	346.16392751746	0.350963872562476	80.4902532918967
483.527084070905	466.632438787167	2.95068211815575	62.5651067149287
484.036968314645	346.396442456389	0.336015988948724	80.9704163159466
484.008990491687	466.544406545002	2.95882889281929	62.8334870487416
484.485333073454	346.540521788797	0.337645061196176	81.0612951916672
484.49179459022	466.459667290818	2.95724717865061	62.775907400208
484.92833394947	346.693211835054	0.352496282410723	80.5722465541183
485.086754014537	346.771641904501	0.360793141634323	80.3532923315659
484.973277675527	466.370520409616	2.9469124420389	62.4013720872987
485.523982956483	346.938122420342	0.376388802379794	80.4212838231713
485.55289970024	466.240939693138	2.92473640127559	61.7063980590372
485.451310075748	466.268938040721	2.9293972140234	61.8519425752037
485.962401577787	347.096465697866	0.378373648005027	80.3344790610462
486.028521263931	466.12768635142	2.90786839326535	61.4744034784739
486.557813310625	347.349334794371	0.364541060874912	80.4631697941159
486.504164190383	466.018405797579	2.90044905413983	61.4101301544052
486.998293288619	347.504441381066	0.360830270258637	80.7276379559586
486.979545541384	465.909925156172	2.90427285994827	61.5016741013832
487.437138313615	347.66110371876	0.369807352526827	80.4304787428768
487.454847865384	465.798922421071	2.9187792036309	61.7219611599101
488.032534674839	347.919787077979	0.391327006862627	80.3953714559393
488.034121416602	465.663058855488	2.94306859062176	62.3193056122297
488.465767411538	348.083004733931	0.396820130886281	80.4620943819815
488.514512433453	465.57153117859	2.95681169037462	62.7313963722104
489.061416182733	348.351813244398	0.390119147828747	80.6253920148873
488.997380311041	465.486874784701	2.96100618133901	62.871405476448
489.493553728719	348.515326640507	0.39177968892065	80.888938940113
489.480088268566	465.401148169451	2.95411973304321	62.6938289514013
489.921271061543	348.683428690849	0.402963850652375	80.4784369495196
490.094638095968	348.783450269496	0.410217391821523	80.2910116089491
489.95960706381	465.305922636022	2.93676963690803	62.2603100675679
490.516764066324	348.962228348138	0.420846627853928	80.4704622894129
490.537257821385	465.165299316789	2.91044691543408	61.7787603577517
490.939995773416	349.134442116146	0.421457451211059	80.2920283537504
491.012430454982	465.054216669642	2.89904318740887	61.6253313221641
491.534991245472	349.421651074782	0.417087390976267	80.5851448435261
491.487520535841	464.945128061197	2.90083644113344	61.6118956909392
491.958372763404	349.591566155179	0.4254354479174	80.6410078722112
491.963564866695	464.835210487006	2.91519549444423	61.7424156399262
492.551363556648	349.891325366373	0.447778310493597	80.5605300115821
492.540485346744	464.698128908183	2.94163794175696	62.209228251573
492.966214333504	350.07025211131	0.454223520389305	80.6373259019106
493.020786935312	464.604456053563	2.95785218347019	62.641345019422
493.557761490541	350.381214562271	0.451756298192256	80.6357587764675
493.503962994948	464.520075369999	2.96415092995152	62.8307239530088
493.97033115837	350.560185381906	0.454944211343933	80.7121733923802
493.987477014038	464.437053507381	2.96090758286183	62.7182894606301
494.562051809665	350.878327282347	0.471227025396704	80.4124767391864
494.469251095783	464.348173503817	2.94925213049217	62.3511315463602
494.967355905553	351.063050770427	0.477196453790597	80.4672494776187
495.046994184726	464.218562264706	2.92731959230168	61.7809989248061
495.556866287198	351.391492556274	0.478058773840557	80.4496729877732
495.523930869002	464.109030967748	2.91158471059461	61.6018057058552
495.95942851774	351.576537490969	0.483103619709744	80.5481388595496
496.000508236218	464.002274963081	2.90451350741983	61.532470622655
496.546801684294	351.913930321991	0.499245752815866	80.5108154050968
496.476218207498	463.894825593208	2.90700094214508	61.5783339983782
496.942233583125	352.104456613262	0.507020380710969	80.5186580431425
496.95084437002	463.782944704843	2.91905709932772	61.7214124950002
497.526095069466	352.453980798592	0.515586316846952	80.7575464450997
497.531674296903	463.64614825048	2.93863418285697	62.2446238576628
497.913358044334	352.64942573903	0.525917806110999	80.5290629287608
498.114367461877	352.805595974672	0.533319016028736	80.3549943287104
498.011185999639	463.552693128714	2.94959467922915	62.559524802018
498.493589037051	353.010663734788	0.544106498142025	80.782946381894
498.492683554369	463.464898213678	2.95320336382525	62.6082060846166
498.865139174494	353.220423410061	0.550529168699318	80.2619044928588
499.071586285936	353.38399173537	0.553505885412622	80.6448350638423
498.974156436057	463.375333767324	2.94759602617754	62.3630838324703
499.446727251764	353.584904992083	0.559431512151977	80.7216562110596
499.554092369755	463.248031091379	2.92790536027658	61.7446675224419
499.45285344912	463.275570236101	2.93234824873418	61.9067114840418
500.019605706222	353.969699150144	0.57343942185425	80.7331194648601
500.030107537619	463.134914439946	2.90994165012692	61.5152470871086
500.382443718563	354.178629215671	0.580935682016241	80.2990831369168
500.592833801224	354.360523666998	0.585765011396155	80.4348151742148
500.505885477685	463.026090344019	2.90148913228098	61.3878011387675
500.953588502792	354.568408760934	0.595331058303153	80.657935942893
500.981750793212	462.918397227614	2.90581370278547	61.3798433677526
501.517055256583	354.975734737593	0.614120073091744	80.7403769947676
501.458269986877	462.809026123042	2.92123407552663	61.5037016426097
501.86180778673	355.192907699745	0.622772322998488	80.2377322868579
502.078384375926	355.391978776945	0.628455371466002	80.5745087571532
502.035922759413	462.674926283769	2.94532370681624	61.9720687730879
502.422515324947	355.604739537049	0.63673650336762	80.5650537426239
502.641877781502	355.811469199263	0.644655993379421	80.2133456716573
502.516849626072	462.583404194496	2.95773712746493	62.323856238052
502.974488663364	356.033149535839	0.654845658557725	80.6802483578667
502.999741275406	462.498713514296	2.96092935513914	62.4223403347161
503.520793598025	356.474048670404	0.673216994623611	80.6770031070931
503.48241610562	462.413278990595	2.95489579524681	62.2333719963768
503.835975645815	356.700219469571	0.684031230514558	80.0859929190538
504.062507301987	356.924968926674	0.692648871055687	80.5996910826158
503.962623856484	462.319573218813	2.93978373038605	61.8262233793867
504.37490571374	357.147150704979	0.703196050151659	80.3585914585275
504.599304406119	357.384828376092	0.710888806822991	80.5267686331956
504.540060209326	462.181480713055	2.91486567114876	61.3565131151025
504.905295797938	357.607854561611	0.720729006804693	80.6022742798643
505.131183491063	357.852691738112	0.728575927052613	80.4613367408206
505.015819818828	462.07034945975	2.90174417262055	61.2409215245888
505.428183856433	358.079231411077	0.737727361800118	80.7719992026647
505.657346021208	358.328796661102	0.74458738421252	80.3975868883276
505.491334719709	461.961643108247	2.90065470551792	61.2381775418716
505.944737209576	358.559256249794	0.751415536253151	80.8618730843389
506.177662575715	358.811563624973	0.756602043630154	80.3282970418109
505.966910669763	461.852298888048	2.91130676353882	61.3354297986479
506.456707303432	359.045516586626	0.760684485133507	80.9078169002804
506.692515069417	359.298545007303	0.762893870031982	80.2809623942697
506.545262851887	461.711606880348	2.93312130127183	61.6877446073943
506.966413170042	359.535040082817	0.764347601388928	80.936310280898
507.204838484967	359.786862941008	0.765766259850875	80.2244299148212
507.023756925344	461.612348275536	2.94655967790504	62.0930724349346
507.474966357558	360.025964519251	0.76760693069376	80.9237754715597
507.716067160456	360.277308785133	0.770285054932249	80.1393495083869
507.504747842133	461.52261887889	2.95206878786464	62.2808108718637
507.981372196639	360.519033832247	0.774408694903462	80.8608427146923
508.226067740548	360.772975421408	0.782069417784696	80.0234957631704
507.986356845225	461.434703841565	2.95040723497764	62.1625058718676
508.482169906399	361.017486914408	0.793737866510104	80.7234381753581
508.725483700806	361.288673188097	0.814965792450408	79.8204321646429
508.466589589846	461.341343917041	2.94034709568943	61.7678729401521
508.967193514914	361.529169379564	0.842559718397996	80.385396988982
509.200028400247	361.838488984547	0.889641688561853	79.5083796180816
509.047178930494	461.202394562145	2.91326536291539	61.1006300112877
509.413531324232	362.064283752953	0.931544210521772	79.773599446592
509.624058179359	362.420370901377	0.997760292783961	79.3819580378224
509.522327869874	461.083482334798	2.87890980779026	60.6215577219373
509.786771685398	362.624217470642	1.03908769296312	79.1423158495282
509.978575617273	363.010418784172	1.11224489716873	79.6346999467657
510.15559502565	363.437735855953	1.18896143862835	79.785612291512
509.984958405007	460.955543923272	2.82004238843006	59.7946939241108
510.381291620663	364.036127692321	1.28728265720344	80.6405299933963
510.497682452607	364.500605491994	1.33345307180959	81.0186078734728
510.600780302775	364.976671670134	1.35888217290924	80.9143357209406
510.702608389379	365.457218204033	1.36752823329471	80.4496195963615
510.599222741303	460.667550357813	2.61455000057426	57.7417519551929
510.407593261316	460.799457755055	2.70680595771949	58.4921998989648
510.833606738793	366.03341208688	1.36552763749104	79.9159995588033
510.930685791465	366.513085971853	1.36619561592961	79.6732447891197
511.02238599459	366.996051058872	1.37449204293382	79.5682843981539
511.11013022095	367.481974931839	1.39030191631703	79.6514649363296
511.19446947165	367.97054066656	1.41145422898965	79.8936765038995
511.198158486302	460.156806798207	2.23211897070751	56.533728522502
510.953005158746	460.445140343518	2.42632986826568	57.056604454512
511.28525610027	368.528680366699	1.43573602001219	80.446598967485
511.349392463335	369.018792476879	1.45268377561646	80.9301820843133
511.404101382684	369.511171116705	1.46570351352214	81.275872342221
511.45233446063	370.005155129818	1.47567477280165	81.4335107777593
511.496123238467	370.500388741635	1.48277471018875	81.3818622318346
511.537358155948	370.996494992349	1.48675366450495	81.1266244886033
511.577893903245	371.493039757972	1.48737603257713	80.6959579510538
511.619525189824	371.989629195512	1.48464643064316	80.1252710323664
511.664237936423	372.48597449403	1.47871900840757	79.4412702179815
511.713896549869	372.981966796446	1.47050621995068	78.6631078523965
511.730487707626	458.012759415222	1.62083379413572	61.4095630865184
511.698340634664	458.518676599561	1.64197331361516	61.1494481866376
511.6436280992	459.026035925795	1.71428257442065	60.2316877925734
511.536766820689	459.512377794978	1.87404462501197	58.705779448793
511.372595573996	459.928266505491	2.08030974118496	57.3230405048392
511.776434496159	373.520839233012	1.4608435475484	77.7630529467344
511.834857358603	374.015180103178	1.45417059733259	77.0683949716562
511.892684229319	374.509770731801	1.45031788225089	76.4556099216445
511.949774789883	375.004587994527	1.44928290252589	75.9825157653235
512.006150774703	375.499432872907	1.45065043279281	75.6897873129112
512.061471220349	375.994339153023	1.45499880235141	75.5598759271364
512.115159893949	376.489624259987	1.46232168591036	75.5656129994278
512.166765725793	376.985551892602	1.4718402525953	75.6657571434763
512.215936929004	377.482102693598	1.481600572429	75.8382894629828
512.235209513166	446.509097298902	1.60871204511956	61.7203463927912
512.213963290106	447.008433843857	1.61110553012634	61.5765036794686
512.19201283853	447.507642545006	1.6130705820753	61.4347371721522
512.17023328715	448.006671096471	1.61303703237036	61.3120549256671
512.149264413798	448.505740671613	1.61168570792499	61.2206819566247
512.129306685018	449.005017918794	1.61098906098207	61.1433330721601
512.109469520254	449.504387578269	1.61207986603367	61.0730003856732
512.089113461894	450.003658314879	1.61425223450616	61.0089548083204
512.067937148574	450.502779165421	1.61629945439402	60.9704936440803
512.046318579843	451.001846480808	1.61738250503518	60.9559355168419
512.024575901154	451.500954451589	1.61775040961664	60.9593123953086
512.00282243805	452.000109188318	1.61802721042718	60.9583755684213
511.980825872748	452.499239558946	1.61866574349602	60.9500864428395
511.958431415337	452.998291774908	1.61901550503199	60.9324522944713
511.935933829009	453.497312093845	1.61827611380996	60.9234976798536
511.913797874551	453.996390242317	1.61645130706868	60.9307714616558
511.892299822835	454.495523777789	1.61489384680684	60.9661541046198
511.870957007412	454.994615938226	1.61443586694987	61.0188279191941
511.849341427169	455.493651006944	1.61463641169969	61.0799507384295
511.827136402911	455.992724028712	1.61443044935092	61.1316398445153
511.804632272096	456.491897384812	1.61385168755422	61.180094597135
511.781598907097	456.991009082154	1.61374697458517	61.2360580868649
511.757688260686	457.489474411339	1.61521110887755	61.3077226241141
512.265991830437	378.017726463383	1.49114660061416	76.1775714129822
512.30574535242	378.514134891401	1.49866933458292	76.4777694922454
512.340996819048	379.011094271744	1.50515478707165	76.7429775834601
512.37267440948	379.508546018382	1.51003782411541	76.9678184410289
512.402053192324	380.006389432474	1.51302418453175	77.1593321548911
512.429980612869	380.504474716037	1.51474249735181	77.3201162031955
512.456959086895	381.002700691145	1.51614476130797	77.4373511533698
512.483076164277	381.501046043984	1.51749776786625	77.4930623626926
512.508534455113	381.999477085416	1.51853437559316	77.4771069548124
512.533637259183	382.497954351108	1.51912385180116	77.3885822655434
512.558642518048	382.996491668079	1.51948038832428	77.2320838436286
512.58371210486	383.495142210837	1.51983482390127	77.0186037032641
512.60883895262	383.993926285659	1.52009653961887	76.7664026158429
512.634257297869	384.492756392437	1.51979871823272	76.4951468693119
512.660297171891	384.991460917326	1.51844326059479	76.2163466322746
512.687757277162	385.489848786874	1.51581848701087	75.9324672804385
512.717213699484	385.98785580347	1.51234634677333	75.6400168048188
512.749325890321	386.485592449165	1.50876223623593	75.339387890203
512.731972633958	431.007834876879	1.60722898441978	62.2399763715503
512.713072199593	431.507137159781	1.60574137488294	62.4121243171171
512.695188366386	432.006563527355	1.60395003187899	62.5886707265682
512.678373123311	432.50615111302	1.60279612307969	62.7474736954875
512.661971955135	433.005850136033	1.60277994539486	62.870006044937
512.645600994928	433.505524044211	1.60359126123239	62.954328048197
512.62893554771	434.005016662222	1.60421751781828	63.0166158462401
512.612385309378	434.504303020049	1.60375042312489	63.0818674511256
512.596425194071	435.003503650572	1.60206154811637	63.1633788453802
512.58156214406	435.502790140603	1.59993701821116	63.2535225220266
512.567687370675	436.002230839664	1.59835057636473	63.3302367333064
512.554457336164	436.501783056315	1.5977064723275	63.3780697763371
512.541368317548	437.001369225592	1.59779552764433	63.4025928934648
512.528145162189	437.500948944844	1.59833070449166	63.4259465504277
512.514554585991	438.000504978687	1.59925291909059	63.467757127653
512.500425681344	438.500015405208	1.60059829993761	63.5280860493777
512.48560171202	438.999454547679	1.60213534455092	63.5844864256049
512.470109343543	439.498835298614	1.60325770648194	63.6044693547992
512.454269263589	439.998229347612	1.60342066770658	63.5643551275719
512.438475812684	440.497711421086	1.60271814009406	63.4621660520216
512.423004989452	440.997283732124	1.60191788239777	63.3174388089307
512.407649909731	441.496855662	1.60183980254232	63.1596830592035
512.392087680571	441.996336651891	1.60255349279391	63.0126197446315
512.376006595471	442.495724498817	1.6032822990511	62.8842082683436
512.359686973884	442.995113400947	1.60320348636444	62.7656067757443
512.343412248974	443.494564860964	1.60242759301349	62.6424018947847
512.327424292179	443.994026852921	1.6019720376917	62.5057163293768
512.311149926427	444.493368499316	1.60278536688739	62.3594244080193
512.294081955972	444.992580157589	1.6045866915598	62.2124700451132
512.275770941586	445.491810294715	1.60621269438547	62.0704206149377
512.256621876763	445.991165316116	1.60721025536688	61.9255852666896
512.751551507009	386.515288150007	1.5085519212804	75.2404617173851
512.786644484579	387.013351788766	1.50553102768751	75.0044477964288
512.821627907664	387.511142189648	1.50312386271154	74.7725240229397
512.856211853116	388.008869398879	1.50117487436433	74.5442861017976
512.890612571619	388.5066673364	1.49953474138151	74.3390288241065
512.924784184229	389.004562465527	1.49836245557693	74.1680078547728
512.958923418211	389.502489966905	1.49743433525398	74.0522412493956
512.993024116132	390.000419706858	1.49715887649488	73.9901864026728
513.026907617811	390.498417837419	1.49813580216482	73.9872489115156
513.060124518883	390.996582762216	1.50080394742814	74.0339533895816
513.092267650178	391.494905373439	1.50428067749333	74.1349345244159
513.12340643684	391.993304717227	1.50782495565483	74.2741760627709
513.153599511249	392.491832178178	1.51125583140321	74.4336341801589
513.183066734637	392.990603179493	1.51480769178259	74.5735579961915
513.211731591703	393.489559608775	1.51796853195787	74.6809675500498
513.24011383351	393.988435835097	1.52032696538581	74.7589138782573
513.240268807084	419.509560026486	1.60922186930637	62.9606018671049
513.218354139809	420.009281815333	1.61256846749482	62.815904395177
513.195031692729	420.508845566887	1.61638341866647	62.663623635938
513.170802138696	421.008000697473	1.61888265526779	62.5029607109719
513.146456093766	421.506788349474	1.61902356460662	62.3408136443682
513.123212609286	422.005468938811	1.61701531123719	62.1710078608404
513.101495737545	422.504256612702	1.61428038554833	62.0043727877039
513.081273674565	423.003231944604	1.61224896637666	61.8518891968814
513.061805253827	423.502363790391	1.61181590039878	61.7347084331683
513.04236248135	424.001588969158	1.61293468470718	61.6485221690453
513.022212022473	424.50083726113	1.6152140906764	61.5904971551939
513.000959980645	425.000037331611	1.61795014821712	61.5480631192493
512.978454216498	425.499117260496	1.62058292693747	61.5249223260593
512.954830773543	425.998040336862	1.62231575835776	61.5143485682534
512.930554510777	426.496856163542	1.62265802722337	61.5228554818524
512.906160747018	426.995698664589	1.62150273802362	61.5496148443654
512.882221105507	427.494717336517	1.61954266570551	61.606304558784
512.858866684438	427.993972096941	1.61717133204501	61.6853894640086
512.83636265684	428.49341913313	1.61447127048211	61.7759635925024
512.814678526308	428.992937811019	1.61157246594146	61.8503187314972
512.79389067736	429.492419352113	1.60935098044526	61.9059692740988
512.773317683497	429.99179491171	1.60830301069417	61.9558234839035
512.752643623059	430.491073665295	1.60796349429672	62.0316966143914
513.268415583038	394.510807733425	1.52206126328754	74.9677509901867
513.293751839329	395.00966826383	1.52357145967988	75.11618322752
513.317793800169	395.508540272706	1.52519536349834	75.2910056465158
513.340715255135	396.00739648266	1.52702769357093	75.4943039310396
513.36233184151	396.506271390698	1.52907186473558	75.7187732139262
513.382724728789	397.005205283735	1.53121293664402	75.9408638671477
513.401875215731	397.504239478941	1.53308246821238	76.1319585550493
513.4201298104	398.003374920239	1.53442933781801	76.27327928423
513.43771120641	398.502588059875	1.53535481461658	76.3655699763708
513.454837166484	399.001846621526	1.5361795694748	76.422806089022
513.471477632566	399.501141598437	1.53708924495349	76.4595109335284
513.487635208163	400.000480884826	1.53803804749494	76.4819551655848
513.503320881263	400.499874964116	1.53888674987223	76.4898138594457
513.518623973541	400.999318692117	1.53956458323916	76.4826173657036
513.533693840078	401.498790828801	1.53990724766936	76.4602303457552
513.548849386788	401.998265896185	1.53926795471176	76.4112910051621
513.56488685715	402.497755803676	1.53668160674898	76.292766707762
513.582817795479	402.997441458416	1.53219706633493	76.014989241888
513.603160672469	403.497854839753	1.5284574799957	75.4498936848234
513.624432066344	403.999872917158	1.53035686633552	74.4720813346222
513.642633119454	404.504030309026	1.54121950370848	73.0240999498306
513.653772823287	405.009355466756	1.55833222506055	71.1816259374556
513.656735213583	405.513444613845	1.57473241208542	69.1673652855982
513.652545562696	406.014356629881	1.58765566582867	67.2941284989535
513.642261782598	406.512195877826	1.59835742516861	65.851062769174
513.627075803508	407.008711559567	1.60483638069845	64.9647065614185
513.610089835731	407.505686821449	1.60492446594485	64.5597794616874
513.594036905614	408.003768976791	1.60141208485244	64.4539197102777
513.579786258393	408.502752134753	1.59831869357535	64.4780268821431
513.56656665435	409.002212739355	1.59725560488106	64.5268196811004
513.553467890896	409.501833966822	1.59792947195175	64.557470274993
513.53979604873	410.001440888265	1.59952020733942	64.5680449794627
513.525345076502	410.500966038962	1.60129186703336	64.568843350961
513.51016314405	411.000400751177	1.60265825386158	64.559546899026
513.49456382675	411.499784754895	1.60314785189188	64.5277629733947
513.479001377598	411.999196291767	1.60247132975727	64.4647018193117
513.463965403083	412.498709062766	1.60082147847556	64.3788966043711
513.449755499874	412.998321683195	1.59912623015437	64.2928309826756
513.436092040627	413.497935768069	1.59857818366105	64.2242890880108
513.422355410313	413.99745677818	1.59942149522964	64.1703140629264
513.408009771887	414.496901463669	1.60052024129575	64.1092327639127
513.39326284275	414.996378820639	1.6006866011927	64.0187806815911
513.378464423033	415.495936236212	1.60013567913643	63.8975491780126
513.363821627233	415.995518259922	1.59996186153812	63.7680012479875
513.348892722972	416.495040134681	1.60077224469322	63.6589116941337
513.333347703362	416.994465776926	1.60231415337569	63.5798379467726
513.316763402107	417.493782585357	1.60404746882463	63.5149661493095
513.299243031825	417.993030383386	1.60545975439981	63.4349778590455
513.28077122185	418.49226469721	1.60637347047797	63.3224254424955
513.261663700308	418.991455282921	1.60724209924093	63.1778953505305
