277.745337364675	399.003232970168	-1.55562253749655	63.3170624874425
277.736425383923	399.503814588176	-1.55260070366104	63.4028216596507
277.725935380504	400.004201587158	-1.55010319319359	63.506452110568
277.71479815746	400.50411086258	-1.54958416251814	63.609266425717
277.704070965116	401.003566007544	-1.55155993106905	63.6952558896792
277.694946754788	401.502927465336	-1.55480245197407	63.7633128152216
277.687403275277	402.002489756373	-1.55765236798373	63.8224696452894
277.681144144112	402.502245843849	-1.559374032526	63.8834614521317
277.675418312831	403.002067307439	-1.56000948667557	63.9435828169171
277.669856732079	403.50195199886	-1.55959435896579	63.9910958510684
277.663795223631	404.001967010935	-1.55823422425798	64.0147178490916
277.657023744596	404.502098017908	-1.55648049182999	64.0171497873005
277.649397304299	405.002245337405	-1.55512365943363	64.0130138169497
277.641385916101	405.502313497872	-1.55466609637368	64.0207104167271
277.633379596261	406.002231808198	-1.55531704382255	64.0470014494549
277.626072254734	406.501974823259	-1.55707720396448	64.0835393528967
277.619815356252	407.001605372832	-1.55949357424152	64.1145012867596
277.614762827929	407.501281300009	-1.56144371065903	64.1351328681039
277.610247276813	408.001155465981	-1.56175096163253	64.1578970437534
277.605417577523	408.501256746408	-1.56014115611923	64.2026357868154
277.599435524811	409.00144349663	-1.557591241131	64.2758487264143
277.592342765142	409.501519287828	-1.55566645442943	64.360970506711
277.584670228792	410.001415585096	-1.55525162104935	64.4261799131159
277.577170785813	410.501230485916	-1.55581898918209	64.4468550309145
277.569974761022	411.001082299582	-1.55623736677869	64.4223918260003
277.562898658451	411.500996790497	-1.55604809060513	64.3778614334639
277.555642151363	412.000920258692	-1.55569765340227	64.3470994598591
277.548316975937	412.500805310191	-1.55583742951443	64.3508390820583
277.541187615621	413.000658523622	-1.55666827461539	64.3899075401336
277.534564172359	413.500518941657	-1.55782552236854	64.4580742169916
277.528470248959	414.000406455396	-1.55884910816734	64.5510360876076
277.522834883269	414.500313391556	-1.55960836051661	64.657221337561
277.517533053762	415.000228697176	-1.56019948594904	64.7483759629505
277.512497783711	415.500152695838	-1.56064149791158	64.790353642015
277.507609812175	416.000087861672	-1.56086467300943	64.7651138783362
277.50275849707	416.500031154841	-1.56086961142146	64.6826846083043
277.497851414372	416.999975183338	-1.56070489430899	64.5774426316501
277.492823009259	417.499912352417	-1.56037840657816	64.4922497137825
277.487616542785	417.99983898594	-1.55991501951814	64.4547616270808
277.482181633818	418.499757769261	-1.55937662761456	64.4565957321049
277.476488376514	418.999672569336	-1.55872801649686	64.4567893028719
277.470429641731	419.49958088077	-1.5578983510901	64.4142689025453
277.463983669458	419.999484543106	-1.5572162029222	64.3215092619342
277.457358381476	420.499402593996	-1.55737935911891	64.2082389234019
277.451077654448	420.999349272919	-1.55855319821766	64.1160255921701
277.445417528823	421.499296649928	-1.55986117309087	64.0675732689983
277.440193359038	421.999202555779	-1.56017767783295	64.0542118845786
277.434763734931	422.499067092424	-1.55924790994757	64.0489476300176
277.428736214823	422.998932673826	-1.55784000875151	64.0303526723135
277.422084745499	423.498840201713	-1.55699167326545	63.9969216612695
277.415312720545	423.998812100357	-1.55727074886947	63.9597057505264
277.408861395889	424.49883346066	-1.55837132392824	63.9234887907544
277.40294245795	424.998815892174	-1.55915398305183	63.8786652329807
277.397005337623	425.498625639397	-1.55848644533322	63.8160655627033
277.390407487906	425.998240579323	-1.55662690136168	63.7433197586897
277.382867014495	426.497841858763	-1.55528803316561	63.6828094842592
277.375134744207	426.99766861685	-1.55581566363584	63.6529113266679
277.368018830191	427.497767341872	-1.55778244522212	63.6551528845027
277.362057321547	427.998011004117	-1.56004777290117	63.6700513694186
277.35734395526	428.498450593919	-1.56328839490116	63.6647163673449
277.355442301942	428.999874452454	-1.57234519839372	63.5856575105243
277.362217143014	429.504116834939	-1.59971072544276	63.3083619293872
277.393755840846	430.011084558933	-1.67306865841241	62.6428371318394
277.477933990308	430.505343009012	-1.81614851449577	61.6983742055096
277.624018269613	430.945122121779	-1.99636592092037	61.1351858676824
278.220799632717	375.514246839328	-1.50592328785433	63.8838315155261
278.195112734161	376.006351730562	-1.53551921602151	63.888458965908
278.180933940788	376.503108190398	-1.5497943553021	63.8055038418818
278.171827318358	377.002153508719	-1.55473252664762	63.6866242925154
278.16362863138	377.50237908661	-1.55396200416669	63.5825205752055
278.154399482095	378.002910871293	-1.5508883713115	63.5166190883596
278.143696483285	378.503049190283	-1.54868575459042	63.4972218662926
278.132648485403	379.002659948846	-1.54879683686259	63.5027244050224
278.122033458306	379.502140417674	-1.54982283994744	63.5205619749969
278.111868877125	380.00186215302	-1.54968214030607	63.5328172301936
278.10128763438	380.50180326015	-1.54812402749375	63.5362453087013
278.090104026781	381.001730555575	-1.54692639812029	63.5171358722974
278.078811846759	381.501522173529	-1.5475887666511	63.4764899813368
278.068333710043	382.001247838589	-1.54966494287866	63.4119411341759
278.058723716571	382.501019724217	-1.55088674816891	63.338810945268
278.049180110546	383.000872287489	-1.54960228156429	63.26114858114
278.038549650237	383.500740174914	-1.54645597956114	63.1920539731914
278.026610876802	384.000540680432	-1.54405210505863	63.1291071623664
278.014241789701	384.500279060886	-1.54456585664029	63.077988733548
278.002910545696	385.000049467431	-1.54814482674517	63.0337551127554
277.993563541949	385.499909324415	-1.55273797925713	63.0097005737647
277.986103163045	385.999828310599	-1.55612615219603	63.0094245891145
277.979678070317	386.499758091737	-1.55729304683151	63.0380037937085
277.973267030911	386.999674295125	-1.55644939040939	63.0727972332184
277.966109704032	387.499559724566	-1.55422797991289	63.0972588789435
277.957781888053	387.999406146936	-1.55172924360237	63.0892094470263
277.948476594265	388.499242473947	-1.55016982985421	63.045461633954
277.938698180773	388.99909738848	-1.54993744587644	62.9603509289324
277.92890286429	389.498932635953	-1.55008391193767	62.8584444604793
277.919007553743	389.998695918251	-1.54998945810747	62.7672908715966
277.909070888089	390.498447797428	-1.55019343227006	62.7147433098752
277.899365811596	390.998302583441	-1.55146401910533	62.6899029274361
277.890417156001	391.498245585348	-1.553163190641	62.6842245875581
277.8819821986	391.998099026853	-1.55370711195449	62.6935978082477
277.873320051211	392.497702443831	-1.55197596871862	62.7383278901247
277.863197826283	392.997044645119	-1.54829524869989	62.8191049063241
277.851064949757	393.496289635364	-1.54422333017201	62.9266991799693
277.837024800443	393.995715665969	-1.54197709759781	63.0289701344393
277.822480283456	394.495594494078	-1.54297659790476	63.1122431060545
277.808881311026	394.995950317858	-1.54674033064899	63.170942294491
277.797414718417	395.496510484792	-1.55112184345822	63.2201173305244
277.787806364415	395.996985572356	-1.55446394798751	63.2584849520101
277.779680311447	396.497360124455	-1.55670514336227	63.2815718506212
277.772422025569	396.997706321007	-1.55846047967646	63.2725326936898
277.766016126094	397.497915823624	-1.55957450117472	63.2399293483673
277.759737909811	397.997781814626	-1.55949861588713	63.2044373202139
277.753106083595	398.497249872381	-1.55809813185998	63.1998357999464
277.99100468947	431.507676152145	-2.29066835952655	62.1993421527924
278.215940245937	431.7525735303	-2.42779639219719	62.8715293756505
278.661258078172	373.581073403999	-1.11550004867842	64.0097324875612
278.501099372619	374.000399762814	-1.23306513754258	63.8246876194695
278.370013846418	374.469590862853	-1.34861331376641	63.6953940209652
278.278068124827	374.970397389817	-1.44309587520466	63.7911203171853
278.517223817978	431.976120624075	-2.55253342139945	65.1987174486485
279.230313982101	372.679051170287	-0.912617656218746	64.8512761058303
279.010494476196	373.007207508246	-0.970269476170659	64.9702085291116
278.795419187065	373.3847402904	-1.06086408957904	64.0258282058661
278.892026242724	432.174893209054	-2.64671885352218	66.9684098500011
279.097727890652	432.314832562341	-2.70084757750958	68.0302541666419
279.666427682369	372.144545448633	-0.854193141511593	65.594368578224
279.442789829006	372.453267884761	-0.883219548801261	65.6701985285294
279.507289556479	432.485059524688	-2.74750847467703	70.1065782115956
280.135700857362	371.626117858452	-0.818674839293068	66.0709844746966
279.909393437194	371.918993560585	-0.837178107789181	66.0674775423019
279.933716128776	432.641170909723	-2.76340668697601	71.3222451626864
280.62293173331	371.120421930582	-0.791921212235722	66.4173418216463
280.394125945664	371.399379591031	-0.806053290897252	66.3646668517971
280.541634401011	432.906260637628	-2.76191808999528	72.613551623328
281.122190592415	370.624496878222	-0.771469528330732	66.6846562617439
280.891844614897	370.892179345774	-0.781627355790002	66.6557889288314
280.972464881647	433.062334272398	-2.75817458548048	73.4220181002754
281.629941770776	370.135122434002	-0.760470547936252	66.885660216565
281.399912122201	370.397096218328	-0.765351072124493	66.946373564071
281.400736774736	433.22681617719	-2.76153578758263	73.7718969839982
281.576051266289	433.320488148194	-2.76495792429978	74.0400013309165
282.142458159995	369.64909174425	-0.755878880536417	67.1024846398142
281.911569298343	369.908005440817	-0.758282835941922	67.2388251245455
282.007747430048	433.481571329217	-2.76686270424677	74.7742201099012
282.656948791201	369.164340345174	-0.75449430475367	67.4324675241
282.424222699626	369.421118318126	-0.756111660396634	67.6281213168564
282.441927804956	433.638147286915	-2.76052935271331	74.8407388622274
283.172036984138	368.680599033878	-0.75323332960857	67.8674928012092
282.937020798725	368.934495191477	-0.75548476271927	68.1457477562589
283.040110290057	433.905413844574	-2.74257666988615	74.8689707723913
283.688385728038	368.198801986096	-0.7510254789205	68.299488055293
283.450409575571	368.448176387378	-0.753376883318517	68.7251884469968
283.470213774881	434.070000924035	-2.73843535794739	74.9610627871669
284.207396866263	367.719311861795	-0.748689014330972	68.6862251275649
283.964678667941	367.962897122189	-0.750336851481689	69.2567601233942
283.894563936965	434.247843257814	-2.74279365642062	74.7403220865923
284.066718418601	434.342084646141	-2.74577523444811	74.9895959927034
284.729066538836	367.241509498841	-0.748733464155545	69.0363891005775
284.47977123612	367.478751356351	-0.748450323297498	69.7465486357742
284.496765812077	434.507638555732	-2.74687869063499	75.2639876009903
284.994944446772	366.994697184151	-0.749280648764432	70.1584126825893
284.925449876142	434.675218838477	-2.74054870550381	74.951789453357
285.097475652089	434.772682176397	-2.73613186541689	74.7658004158335
285.51003603543	366.510580345095	-0.748606981056672	70.4793144687227
285.266429716492	366.756117549958	-0.74962871397163	69.6124556425848
285.521218984468	434.950495778309	-2.73103293650545	75.0086404393487
286.026151143717	366.027808384511	-0.744989891357942	70.7419156075607
285.788023464094	366.276664681361	-0.747295664150177	70.0090856352449
285.949727645238	435.11833567026	-2.73619805111078	74.9296773441623
286.54395433991	365.54695389533	-0.741641286988049	71.0584846148736
286.30989039803	365.798430756141	-0.743757400714833	70.4352395794404
286.545471658151	435.390732929703	-2.75183990293114	75.1138363834671
287.06286787135	365.066992781904	-0.742196907171256	71.4265148601478
286.831391088474	365.321231581162	-0.742602576543083	70.9576672537623
286.978508502822	435.551671767377	-2.75287506078347	75.1776733438771
287.581804977653	364.586855152667	-0.743249155449094	71.7860101575016
287.351428052097	364.84309424955	-0.74402850935992	71.5101196376372
287.406126884256	435.724074485018	-2.74399373765506	74.7114199076928
287.576297890202	435.819902454088	-2.73875956709266	74.7293170272512
288.101278735228	364.107548724211	-0.742372478049048	72.0868361765336
287.870813094284	364.363664128456	-0.743533860433902	72.0209958147096
288.003677312003	435.991350307233	-2.73369720334965	74.8810198860137
288.62168809605	363.629435465901	-0.741637935853342	72.3657068291531
288.390292510625	363.88401524213	-0.742490701452187	72.4904377762837
288.431584675973	436.161279324361	-2.73815163061934	74.7456487458183
288.602504848154	436.256174384721	-2.74280654705871	74.6466005485319
289.142915241948	363.152115574851	-0.743003058172983	72.6186338914525
288.909602714045	363.404264225444	-0.742594031981523	72.9398145249259
289.028531060826	436.432027653198	-2.74997812874626	75.1212937636017
289.66401974092	362.674927653624	-0.744387695905096	72.8323846085089
289.428161209304	362.923784191549	-0.744405061701313	73.3328704560467
289.460545640046	436.593591864342	-2.74762130326043	75.0675488573525
290.185893770073	362.198893185658	-0.743586646201241	73.0282260726355
289.94622737972	362.442758496851	-0.744488519733119	73.6652990100585
290.056412388247	436.868305567793	-2.73384336531862	74.7532166840006
290.709471906705	361.724950908437	-0.741311086130358	73.2571977264536
290.464624566101	361.962226757577	-0.742800965457983	73.9915257817035
290.484300274044	437.036768790563	-2.73261508364775	74.7917946385884
290.983974298962	361.482822820315	-0.740491398573772	74.3217582846775
290.910323930371	437.212143366518	-2.74104590851872	74.5389758682705
291.080393131078	437.307874940954	-2.74619593309731	74.6498923742148
291.503606732263	361.003868157833	-0.741590725377306	74.588787489337
291.510006087199	437.475963078438	-2.75222548303649	75.0039574166703
292.022584705767	360.524191736578	-0.743600658176969	74.7677986430118
291.78334779248	360.768691897877	-0.742621934682823	74.0655754549087
291.941722120557	437.639175248364	-2.74710098052989	74.8148302695701
292.541222431353	360.044376033986	-0.742360820025581	74.8762516445221
292.305976140064	360.292524626884	-0.743568018659108	74.3341821069525
292.536675964681	437.914128298542	-2.73231140591728	74.7401335295618
293.061750886594	359.568195377586	-0.730541329730599	74.9238134984722
292.830075182543	359.815594209732	-0.737605137645311	74.5544193494208
292.965144829327	438.081612455668	-2.73285336300588	74.746406137229
293.588633945326	359.103546876811	-0.703430971989299	74.8774485214059
293.361455665204	359.343173912807	-0.717997008980837	74.7582244869236
293.56041741658	438.35600726747	-2.74755579316087	74.82893575697
294.127604249265	358.662207782781	-0.662408384345588	74.7061698904928
293.904334330309	358.883253262797	-0.681688630603764	74.9597512776701
293.991809779133	438.519549558338	-2.75114335194351	75.0627295808024
294.458294347207	358.444127251386	-0.63775585902478	75.1487793200595
294.420897335324	438.687351414367	-2.74384367440328	74.725770935961
294.591991155703	438.784420413051	-2.73827490727677	74.5949488612227
295.019671896302	358.028889820796	-0.597515628488273	75.2016968638154
295.016900054099	438.960665296499	-2.73042183914168	74.8241333103873
295.589861840079	357.643597069832	-0.559517223459546	74.9960929910805
295.382199151667	357.817772452139	-0.574456187121438	74.9189214970978
295.444532343295	439.129557512383	-2.73324951651081	74.7524709150442
295.965406972122	357.442247305689	-0.540598980245143	75.2539904945487
296.040255854603	439.403615013259	-2.75034268870949	75.0320235330678
296.546032758717	357.081436421715	-0.5182321259678	75.0405533070839
296.473374211972	439.564262454512	-2.75394199607684	75.0891689228385
296.939637426283	356.888832574218	-0.501594413253063	74.9506681971146
296.901480362466	439.737968183728	-2.74722508135903	74.6005654713085
297.070471790963	439.831542605192	-2.74239927735876	74.6527309303334
297.52779823518	356.554366152269	-0.473601820373702	74.9279499229688
297.499618445601	440.000910704817	-2.73704594457829	74.7323051182202
297.936272191938	356.370884423558	-0.461319443533606	74.7163150193586
297.928452810433	440.17092767318	-2.74030668596612	74.5024653636541
298.097803998032	440.265450215637	-2.74348257783947	74.4061285595588
298.527784401846	356.058704757425	-0.448428549066691	74.6471483583501
298.524858043832	440.440744637122	-2.74683237771731	74.8024809199407
298.945968822216	355.881657657312	-0.432862818221375	74.6464665271852
298.955580947747	440.60425611965	-2.74013634255833	74.6878996922646
299.540817036257	355.595123847901	-0.401907390246324	74.8393810949713
299.550180710242	440.885413677446	-2.72321716337163	74.4333526662454
299.971626452592	355.431767120507	-0.390849699850505	74.9093410099347
299.975667618414	441.055818550913	-2.72429194933684	74.4274293809572
300.56819438491	355.167356076543	-0.392622768046552	74.3519365071572
300.402296406774	355.259300453145	-0.390603196996124	74.404316555713
300.398613555405	441.237059530201	-2.73733008746619	74.119414112955
300.570540704921	441.332761709526	-2.7445457495538	74.3353787663508
300.999831963459	354.999577992158	-0.390586416380771	74.4099327405161
301.000901267635	441.497825185502	-2.75535153204071	74.6043504944906
301.436756613701	354.836049424239	-0.378046641627271	74.2151916271142
301.433402027901	441.661360520785	-2.75392835669377	74.3588563539495
301.60301304169	441.75197024094	-2.75003334315833	74.1249737097132
302.032201858734	354.588155101187	-0.350300747532733	74.3380375978637
302.029428251181	441.929611370652	-2.74159319547165	74.4024502801785
302.478949042306	354.440469501682	-0.339984628147299	74.29698196722
302.460380374179	442.09449785175	-2.7407569761976	74.422109793062
303.075814955445	354.216921505518	-0.345147145630366	73.4208652077186
302.927067367151	354.288164049868	-0.341685919366001	73.7290478245297
303.055998151495	442.364955234974	-2.75210459038777	74.5334786988192
303.519362220775	354.056633314997	-0.350104104423637	73.2945089224499
303.488853491468	442.526871582636	-2.75385312788304	74.6877524472628
303.969248275439	353.907369046905	-0.34354276150583	73.0534119425823
303.918558952244	442.694973381312	-2.74590201805161	74.2808920932235
304.088414638032	442.79086674966	-2.74031750644108	74.1609991363269
304.560092881761	353.689635047616	-0.31809484382151	72.7733279325715
304.420439358794	353.751808994025	-0.325444558279026	72.7605228590268
304.514569112211	442.965746564337	-2.73261492163615	74.343635967636
305.014387760821	353.546725664852	-0.300505381899529	73.0068324476502
304.942944358044	443.134341563814	-2.73554622806972	74.234095297994
305.47464907274	353.416193811475	-0.294846889902225	72.8507002920827
305.53877130858	443.407250113939	-2.75014209818071	74.513436381259
306.068405156161	353.222861198865	-0.305231474967738	71.987781896406
305.933736720143	353.278919988313	-0.301081747678607	72.2808125940415
305.971473184738	443.568302102204	-2.7519922068554	74.5904291198968
306.522863496268	353.075064673772	-0.314265566675493	71.830196999408
306.397748652473	443.743461919921	-2.74455567911043	74.1928746003435
306.5685634156	443.837690332954	-2.74049696204078	74.3255082437136
306.981453819279	352.93786096561	-0.311701117714725	71.650384584672
306.9972572694	444.006508253284	-2.73756420885414	74.5179023746122
307.570836712272	352.749524327054	-0.290812895055154	71.3412235224287
307.441822748655	352.798671496278	-0.29707742416008	71.4765909381317
307.427756153163	444.175672261206	-2.74860225976816	74.3536886602372
307.594014045742	444.266181578122	-2.758570532421	74.2970501818472
308.030227138376	352.61048417471	-0.270251815688906	71.6864030231289
308.026535938673	444.429007778091	-2.78992632773455	74.5738911733243
308.497633928962	352.491082448322	-0.258419827909414	71.7279876063359
308.476826809897	444.570541157424	-2.83212830858485	74.2620144692537
308.96766376296	352.375234659953	-0.257394145540718	71.2563077325928
308.944218186816	444.708381872231	-2.88219161717224	73.5582284337762
309.55441955771	352.203531271167	-0.272356153108742	70.1342337805668
309.527755671646	444.855834689854	-2.94681860175136	73.128224780491
310.018859886843	352.071038730805	-0.283801827117657	69.6412039821169
310.008603127245	444.935068152117	-3.00020623477136	72.9671133335227
310.485588458985	351.944864191275	-0.284223710547828	69.2268708994465
310.500815836198	444.990685834808	-3.04493064586907	72.9609602325613
310.953350233077	351.816445557454	-0.271391694493914	68.9565454255034
310.998253230369	445.028846584733	-3.07357525304139	73.0315817153809
311.535478427071	351.648989700557	-0.24069969034282	69.1633301496878
311.497216409978	445.057407432207	-3.08624300778363	73.1260641811374
312.009385928987	351.541296160147	-0.219008301856481	69.4603807721197
311.996245475785	445.082701275727	-3.08908020901688	73.2149123535453
312.487792212165	351.444281610211	-0.207198581527841	69.4305919503131
312.495106495488	445.107852783749	-3.08862751148564	73.2955716174884
312.967293429811	351.347383772436	-0.20754310716265	68.9942356079331
312.994024930414	445.133541063212	-3.08931598131688	73.3567563912059
313.546663939873	351.208418426516	-0.225252316381161	68.0708146732428
313.493206707245	445.158845100919	-3.09236464424382	73.4146777646024
314.021277280489	351.094612836599	-0.24212272698843	67.5482773060975
313.992615745567	445.182932562199	-3.0968335052443	73.4860049491923
314.496326629625	350.983614316811	-0.249189955487282	67.0775075956074
314.492052989187	445.20534750809	-3.10062263187208	73.593643599176
314.971489218728	350.871013298121	-0.242942364835007	66.7513137431717
314.991264733474	445.226992373676	-3.10228314739545	73.7317557450136
315.547473307488	350.725144628946	-0.219132611073478	66.7298199747094
315.446905092971	350.753457169693	-0.224306772644438	66.6463144218437
315.490092139687	445.248873922219	-3.10186609296861	73.9006375765945
316.024612119828	350.621654556545	-0.196492968593369	67.0783364136116
316.008852522064	445.271440910317	-3.10093812755034	74.2315157764261
316.506490911656	350.53333182068	-0.180089420731358	67.2817193455001
316.508205137514	445.292857110234	-3.10131975311753	74.4990137649845
316.990909941103	350.451870283145	-0.172131238155513	67.1794851636839
317.007254418146	445.313370705446	-3.10347346674717	74.7650072671904
317.475912098002	350.369990535713	-0.173557980812314	66.7467741765791
317.506191161213	445.332185514327	-3.10638700307237	74.996176811985
317.95953205842	350.280404811137	-0.184518479620375	66.0872783779064
318.005233840821	445.349452797721	-3.10889757483355	75.1692300473876
318.53071898193	350.157299817461	-0.204297466122394	65.4206233640431
318.504481749265	445.365414700136	-3.11068209386681	75.2857048907228
319.011458311886	350.058453957654	-0.214915343674659	65.0874019721523
319.003898131786	445.380525077583	-3.11205064397542	75.365589907748
319.49227584039	349.960503481768	-0.215777279764989	64.9103239135336
319.503404019443	445.394876372145	-3.113169723658	75.4356574940294
319.973346661822	349.861862798635	-0.206263433870832	64.8823575434903
320.002933874764	445.408715463958	-3.11405179127429	75.5131771328954
320.54366926831	349.740066068626	-0.184858940706766	65.0911414307891
320.455133133431	349.761057293757	-0.188702592821699	64.9884575342826
320.502475137876	445.422085136141	-3.11474944535012	75.5995555498442
321.026366063731	349.650955735815	-0.166181334295882	65.4757382930301
321.002045050898	445.435144067395	-3.11524202040997	75.6850861167582
321.512489065734	349.574185446697	-0.152479842760467	65.7728202609608
321.501654827864	445.447993780814	-3.11529052886958	75.7640741929515
322.000655419583	349.503989999025	-0.145397534883374	65.8995810132807
322.00127531701	445.460952161601	-3.11476902340604	75.8405230617928
322.489532582382	349.435579881218	-0.14480987800898	65.8228240272689
322.500867203611	445.474220223931	-3.11394171023695	75.917052944483
322.978031071301	349.364546539243	-0.150260214160325	65.5503453545005
323.000417914892	445.48787421379	-3.11321328813587	75.981645684792
323.46519571467	349.286234094973	-0.161256529061986	65.1288226468014
323.499935389113	445.501826936004	-3.11261818187432	76.0104567418355
324.030874753007	349.179470063721	-0.179082272309974	64.6567637741928
323.99940848386	445.516115873265	-3.11174807209869	75.9837759300092
324.515712550989	349.089290385439	-0.192645876383732	64.4304028925259
324.498812608867	445.530985553053	-3.11030924643891	75.9009951155326
324.999820822046	348.999004815373	-0.199625193992682	64.3241335970169
324.998157671454	445.546634126023	-3.10873620071209	75.7851569347923
325.48322174801	348.907639913287	-0.197611878111702	64.3795665448634
325.497508128464	445.562945375143	-3.10794734505333	75.6723572390433
325.966864007913	348.814657434561	-0.184991580245216	64.5843470489928
325.996935121758	445.579370290888	-3.10830530877772	75.588834764618
326.533591860616	348.705663034811	-0.161801589135378	65.1191399547542
326.49643090138	445.595556662084	-3.10908907375588	75.5294232557221
327.020211396155	348.629104693378	-0.144554126767498	65.6286313737784
326.995933001844	445.611504579843	-3.10935210199099	75.4575224171776
327.50947880339	348.561936102182	-0.13484835514859	65.9907473343583
327.495429466572	445.627656559741	-3.10905414437426	75.3330765164334
327.999798097067	348.498678395242	-0.132967990912279	66.1252455324206
327.995026679247	445.644035970049	-3.10906567683371	75.1408492930043
328.490043056863	348.435084166907	-0.135931220734573	66.0034672687388
328.494824937929	445.660442652172	-3.10990431335367	74.8967897258706
328.97984948833	348.368091112074	-0.141273119351957	65.6554056830515
328.994716562043	445.676453361939	-3.11074349025896	74.6278281467344
329.469009629233	348.294947822701	-0.148896589058156	65.1680528659382
329.49432235339	445.692622911774	-3.10982841240513	74.3535286479332
330.031150762255	348.198383319019	-0.161213952354172	64.6336521672021
329.993301627483	445.709961579135	-3.10648497895917	74.0816354684313
330.518222674932	348.115500685969	-0.17212911926991	64.3963368706782
330.491671425488	445.729719010694	-3.10206827838107	73.8254723860218
331.005288910671	348.032971139627	-0.180350486675577	64.2893991862132
331.01062885879	445.752913863974	-3.09853970042956	73.5214657230798
331.491713889561	347.949401044695	-0.183587497753393	64.3371764580202
331.509983976965	445.777377307839	-3.0969048667903	73.3967652529257
331.977494696793	347.864104369845	-0.178911791018776	64.5284366044907
332.008864932586	445.801405207642	-3.09664877422677	73.3076073477256
332.463392699387	347.776818179999	-0.165730243466978	64.8505109820097
332.507479349749	445.824762991754	-3.09708716634257	73.2419736633124
333.026956848627	347.680484059001	-0.144749547866341	65.5490807579428
333.006086870483	445.847112130452	-3.09782544482413	73.1852544119641
333.516115358485	347.612466598647	-0.128966900201333	66.1670442047522
333.504919222463	445.868724947404	-3.09824052762403	73.14385272545
334.007320401496	347.552590107644	-0.118520665539879	66.7278616321384
334.004066896063	445.889851631359	-3.09776797050535	73.1091877854013
334.49961991871	347.497227107474	-0.113673724978952	67.1686913684841
334.503405156842	445.911238952485	-3.09598480180822	73.0778539719021
334.992307809378	347.443391665722	-0.112709720087772	67.4258878117563
335.002724770177	445.93338239888	-3.09335340608958	73.0341654068799
335.484949665694	347.388696565299	-0.114396974865487	67.4731071605512
335.501877611094	445.956589129018	-3.09087243132527	72.9873623746571
335.977179512723	347.331185835553	-0.118266706734045	67.3469724868123
336.000866115005	445.980498401183	-3.0898009074593	72.9424094946438
336.46864830832	347.268901665688	-0.123914184256558	67.1275626692434
336.499804146744	446.004448538349	-3.09054762906536	72.9115693958135
337.026271427807	347.189167025305	-0.131850680629656	66.8870453803884
336.998825557057	446.027727671811	-3.09276599916763	72.8809447935765
337.516861846455	347.120602040872	-0.138847937473433	66.8711234443908
337.497994652785	446.049990794481	-3.095170043289	72.8530951129388
338.007475157399	347.052827175987	-0.144502316503288	66.9489681070428
337.997267335351	446.071494810089	-3.09663104485948	72.8343554233331
338.497859301425	346.985057912807	-0.147314007847014	67.1645683531893
338.496511499321	446.092810356876	-3.09653101830537	72.8547775221548
338.98807895144	346.917214079735	-0.145762350402732	67.5376125488647
338.995554468048	446.11473780387	-3.09530151134189	72.9241047975527
339.478445856978	346.849517821972	-0.139619139367168	68.0701902712706
339.494298353409	446.137635262709	-3.09379969270163	73.0518657795972
339.969201122327	346.781928099908	-0.129698329353155	68.7250188664573
339.992838892945	446.161634533106	-3.0931948027676	73.221221363702
340.525787453765	346.705991342804	-0.116137858780185	69.6394244080148
340.491520730798	446.18609569419	-3.09427350961597	73.4135640642173
341.017992926036	346.648465035294	-0.104706906223796	70.5482052101927
340.99069602184	446.210362188997	-3.0972613773537	73.5911641418525
341.511483946919	346.598399466306	-0.094356424887421	71.4030732530287
341.490393015158	446.23343689142	-3.10113894804783	73.740895608886
342.006081156364	346.554161541497	-0.0856945349031653	72.1418863252385
342.008904003397	446.255885408931	-3.10428600297621	73.9654832104764
342.501541686467	346.514148114492	-0.0797601023537571	72.7246434157605
342.507998661559	446.27538133743	-3.10530167801969	74.1302783578919
342.997474515086	346.47648267634	-0.0770755340582284	73.1472794808272
343.007353799648	446.294588062819	-3.10512880056721	74.3161186118386
343.49352039803	346.43946394422	-0.0770484082100504	73.4334895975572
343.506572273927	446.313459313884	-3.10565636186019	74.525744826932
343.989523999618	346.401940094732	-0.0785078738296213	73.6105382589088
344.005608657463	446.331527730665	-3.10767586621424	74.7381634646574
344.485482416618	346.36317393694	-0.0806403466192896	73.6915571782916
344.504813370614	446.348239383009	-3.10968767396636	74.92953464482
344.981376822078	346.322649073492	-0.0834771745362856	73.6745963130692
345.004409153103	446.364252011367	-3.10995899703748	75.0873322784772
345.477028742729	346.279396375768	-0.087692734409685	73.5565659521374
345.504235765241	446.380373270641	-3.10863004170004	75.2194136113951
346.023902998986	346.224633345271	-0.0946676562795623	73.1974859231608
346.003980171622	446.397158478909	-3.10714377818978	75.3416208478451
346.518405479485	346.172067966148	-0.102494082263646	73.0554820410474
346.503493200254	446.414318871484	-3.10653429484578	75.4605914628866
347.012781499222	346.119068590781	-0.110285398787953	72.906509822922
347.00280517631	446.431402638198	-3.10718855685815	75.5629067738047
347.507019975136	346.065090543389	-0.116852946618427	72.7964983752714
347.502041822151	446.447728376401	-3.1091497123391	75.6244706378007
348.001105177973	346.010179016936	-0.120675843842441	72.7521786058897
348.001342497631	446.462855555453	-3.11184175852728	75.6327886737186
348.495070934356	345.954691593101	-0.120838594147836	72.7998982412226
348.500783785492	446.476724066082	-3.11403417422728	75.6053067285127
348.989198950882	345.899317872363	-0.116719734097159	72.9403211019688
349.000331237821	446.489854022322	-3.11493115115872	75.5819303758914
349.483928611904	345.844845110365	-0.109222924543952	73.1684604036019
349.49990878451	446.502798906536	-3.11493610301001	75.5930995635849
349.979431347666	345.791508741626	-0.100196285740912	73.4508641191001
349.999490826629	446.515746517455	-3.11499700038408	75.6331454755055
350.520847350302	345.734650731805	-0.0912060683491319	73.8789085456636
350.49910193311	446.528561223439	-3.1154560976811	75.6660061024378
351.01627204961	345.688613280854	-0.0847034426893898	74.29076443462
350.998739025193	446.541177557011	-3.11570058072341	75.6554726370328
351.512405204943	345.647076242686	-0.0787942993216518	74.6765374619657
351.498333420018	446.553956168065	-3.11494006615175	75.5907093011721
352.008980306168	345.609302740313	-0.0728423029143857	75.0282964445207
351.997814384553	446.567379737774	-3.11325945621768	75.4885944061834
352.505973830044	345.574841072344	-0.0677264968916456	75.3391960914179
352.497188272453	446.58173997057	-3.11160163366163	75.3743290041946
353.003322233969	345.542759149318	-0.064328530297764	75.5932641429921
352.996535395186	446.596793713568	-3.11062541476687	75.2595211769226
353.500920532757	345.512166088961	-0.0623913483270825	75.7603443347951
353.49590486959	446.612368882903	-3.10992775825222	75.1366606678226
353.998696219476	345.4823494027	-0.0614175439309218	75.8074267827326
353.995272963632	446.628472599633	-3.10868736424653	74.9869790522935
354.496528164341	345.452596331742	-0.0618009419097024	75.7253208741897
354.494579426096	446.64558532788	-3.10666124781462	74.7953214469754
354.994203109978	345.422020700971	-0.0639136136801446	75.5423436659244
354.993789928966	446.663906127238	-3.10441404185266	74.5619863712938
355.491599019166	345.389784083873	-0.0669831071601677	75.3063993674888
355.492906923219	446.683530795539	-3.10272051352566	74.3102446699765
355.988825823893	345.355657032135	-0.0698675776711948	75.0536051941173
355.992026124564	446.703926818589	-3.10209832630641	74.0743410188269
356.486019271668	345.319509746144	-0.0724452491040845	74.794178124098
356.491282573336	446.724757748496	-3.10235233906886	73.8803160048198
356.983141969082	345.281174788778	-0.0755099606179312	74.5171337740439
356.990676463951	446.745601177828	-3.10262462187356	73.725869988949
357.519020659449	345.235409540147	-0.080245310384574	74.1308378311049
357.509123614169	446.768419411262	-3.10163164976865	73.5371828956779
358.015577584775	345.191018384787	-0.0853222992501932	73.8862504241315
358.008535698759	446.790739867862	-3.09918297845605	73.4271780881502
358.51201966063	345.146469370385	-0.089814421888144	73.6361614435029
358.507942890221	446.813928550125	-3.09634896577099	73.2926634887225
359.008362000266	345.102106552592	-0.0926290999467587	73.4051266546923
359.007057056464	446.83751310847	-3.09477082261947	73.1327918086558
359.504710948382	345.058095376526	-0.0936786934365417	73.2402666964822
359.505892593604	446.860943304005	-3.09483497396274	72.9705181907245
360.001177368526	345.014749436726	-0.0929644773629185	73.1700997874108
360.004687639644	446.883527895248	-3.09577070918858	72.8170686948028
360.497828120393	344.972208865693	-0.090924695975451	73.2119228600005
360.503626972327	446.905376191437	-3.09638528370749	72.6883361740966
360.994720029641	344.930586436631	-0.0876554556774026	73.337416600677
361.002743697315	446.926724963359	-3.09635123472882	72.5776394078431
361.491888043926	344.889945130941	-0.0836324175069203	73.5143462130563
361.501957566636	446.948022185483	-3.09583691529131	72.4862625749547
361.989339556009	344.850163059342	-0.0788347566588177	73.7030275077916
362.001184148589	446.969435479254	-3.09515948336262	72.4047039238094
362.487107109131	344.811467786292	-0.0733119994004193	73.8969400738105
362.500355364069	446.991218384166	-3.09409206413329	72.3474586836498
362.985143977941	344.773894864987	-0.0673774267959939	74.0943361199528
362.999425027703	447.013581881823	-3.09277617527803	72.3267465460304
363.514215499471	344.736144247495	-0.0619417501485919	74.4339769715399
363.498408576115	447.036567838349	-3.09174794585898	72.3707759350282
364.012143845798	344.704402864472	-0.0583849560665847	74.7328105036064
363.997389141151	447.059912563626	-3.09177886967166	72.4810995742622
364.51037269168	344.674927802719	-0.0558349040720589	75.0388648464175
364.496432997697	447.083124678658	-3.09280141045087	72.6487937408553
365.008659052532	344.647162703139	-0.0531926159082947	75.3447582074622
364.995538060751	447.106006027923	-3.09436550167318	72.8274289901236
365.506965588899	344.621283221073	-0.0500096828429855	75.6440226704332
365.49471741375	447.128445200762	-3.09596483618668	72.9787128080035
366.005387519556	344.597231690411	-0.046759806924907	75.9254889418495
365.994009674709	447.15064586626	-3.09758776855561	73.0724448492425
366.504015203068	344.574810718263	-0.0443808835567965	76.1693950519527
366.493408249323	447.172500718509	-3.09913144837424	73.1295942858699
367.002817525817	344.553350403851	-0.0433206387704705	76.3497298497974
366.992785097353	447.194231835417	-3.10048615805492	73.1857983268006
367.501700699724	344.53229961769	-0.0431631412820739	76.4523106477108
367.4919931594	447.215795742424	-3.10145530369236	73.2866062659021
368.000596723432	344.511322984937	-0.0431472012465118	76.4892655016287
367.990977574057	447.237630791772	-3.10223116530084	73.4395586948236
368.499496135823	344.490419328059	-0.0429247578143506	76.4915889329217
368.508612395538	447.259837882856	-3.10317925850828	73.7502754715298
368.998421525012	344.469643917267	-0.0426033406801713	76.4827588387146
369.007999926738	447.280061397613	-3.10444386655911	74.0085456928713
369.497419385014	344.448980462246	-0.0423081225023539	76.4587465816906
369.50732908301	447.299200081698	-3.10580212192002	74.2513935158478
369.996525201464	344.428426267483	-0.0419732941819325	76.3975975764594
370.006631363291	447.317529476953	-3.10692571834988	74.449519079164
370.495699444387	344.407923237793	-0.0415318592067192	76.2876523960374
370.505946476382	447.335062773363	-3.10767346016412	74.5950065581542
370.99488819908	344.387544526222	-0.0409989157538308	76.1366992517547
371.005306908782	447.352186276127	-3.1080732839862	74.7051426779849
371.494120215766	344.367201489844	-0.0404711606495029	75.9535514305067
371.504747586017	447.368981920544	-3.1081050816908	74.8120526669963
371.993448159068	344.346919749011	-0.0400950390383242	75.7368366771306
372.004227910074	447.38575079304	-3.10800226753984	74.9319373859196
372.492775420376	344.326424335202	-0.0400926637424367	75.494170357121
372.503661897166	447.402317874798	-3.10832029145236	75.0512809093016
372.991965252765	344.305642602557	-0.0404862149408962	75.2501607470848
373.003006018163	447.418446046408	-3.10955007539186	75.1401720614905
373.491032930871	344.284233649494	-0.0411654820867949	75.0273373345232
373.502326040875	447.433666735353	-3.11146376763973	75.1884674257003
373.99008221837	344.26221066485	-0.0420289333482426	74.8233581533522
374.001720928511	447.44797047934	-3.11317109825347	75.2179049801959
374.510538692954	344.237654301927	-0.0433151194743919	74.5579843606758
374.501232998998	447.461613681771	-3.11389869815857	75.2558900133859
375.009629696192	344.213537835977	-0.0449026895565356	74.4167455285379
375.000809703431	447.475114452638	-3.1137479131822	75.3046036570863
375.50867926794	344.189149388005	-0.0467388919752751	74.290854483306
375.500379650173	447.488665761357	-3.11355116705619	75.3446607653897
376.007594544156	344.164628347594	-0.0485493746892986	74.1748006628751
375.999924791124	447.502201327665	-3.11379175854778	75.3598844869423
376.506407234851	344.139839636333	-0.0501464540059524	74.0748745423684
376.499457071358	447.515646019367	-3.11388294685461	75.3499123423303
377.005209455703	344.115084804408	-0.0510413491429281	73.9938606910619
376.998952928502	447.529309423805	-3.11298572565841	75.3211503443265
377.504037083348	344.090530530304	-0.0509645500302013	73.9506717111589
377.498378789629	447.543677083835	-3.11125671019969	75.2728311985479
378.00291214967	344.06663089395	-0.0499746817254705	73.939874703298
377.997774715621	447.55886607732	-3.10991631055167	75.1972960928298
378.501852313631	344.043469471026	-0.0488397594493042	73.9517697881749
378.497260216615	447.574455209795	-3.11003741049604	75.0923799831636
379.000867547472	344.020958223139	-0.0480362071200508	73.9555788308194
378.996899207864	447.589727441118	-3.11127079966476	74.9651212319398
379.49995235441	343.998809569181	-0.047523738444122	73.9448221233705
379.496568016456	447.604556050285	-3.11201961804761	74.8174478757336
379.999118111771	343.976999986031	-0.0464672542236867	73.9179286352313
379.996083067525	447.619428561928	-3.11116940599769	74.6390979548628
380.498399603155	343.955869818316	-0.044310251719443	73.896070300808
380.495400612362	447.635190677079	-3.10918002408528	74.4274354533773
380.9978236172	343.935857647926	-0.0411428279116527	73.8813968789111
380.994583731012	447.652074202205	-3.10707434568698	74.203070126932
381.497366074418	343.917218768767	-0.0380755589077848	73.8829422505527
381.49362355289	447.670205944525	-3.10503160387407	73.9967205816037
381.996922556603	343.899586635109	-0.0360539137298878	73.8988413446885
381.99254560882	447.689497326688	-3.1029494799525	73.818152442804
382.49637024479	343.882458724699	-0.0353151625698033	73.9489374758003
382.491595647147	447.71009417864	-3.10140569505605	73.6504545026615
382.995690955063	343.865240696355	-0.0351323816757401	74.0396298554654
382.991082528682	447.731381959178	-3.10134510037258	73.4696305569598
383.495061960353	343.847974637944	-0.0346001181381007	74.1748316233214
383.509393676523	447.753769389537	-3.10270455739661	73.1978928400646
383.994704439431	343.830874323994	-0.0328962230375911	74.3267662315459
384.008104846046	447.774810381	-3.10418656024483	73.0535547209023
384.494656957572	343.81473472455	-0.0299611339201756	74.4764086983731
384.507312108734	447.794910819277	-3.10433313799446	72.9405165270482
384.994704477166	343.799882704192	-0.0265801857035762	74.6057560704222
385.006940371213	447.814899200075	-3.10230387593656	72.8560038179939
385.494594339006	343.786461116387	-0.0241273107549622	74.7263028767032
385.50670050742	447.836114845066	-3.09827521773801	72.7919490336565
385.994235252035	343.773550850681	-0.0234718668415946	74.8463969587514
386.006238038953	447.858957247437	-3.09380959321688	72.7237799258885
386.493777235945	343.760437119791	-0.0242729077876439	74.9802391008665
386.505324551081	447.883229805664	-3.09089747109257	72.6463805608412
387.005817034166	343.746283209062	-0.0248800993489528	75.2152826071885
387.004080062024	447.907679009341	-3.09087240888134	72.556350845036
387.505177644411	343.733225877163	-0.0237083136649502	75.3797835426844
387.502828537377	447.931247899184	-3.09311658651451	72.4800108830768
388.004456284098	343.721304625822	-0.0208840909759936	75.5250560279993
388.001793266404	447.953311268773	-3.09588975087304	72.4302664128675
388.50388984281	343.711112379685	-0.0182227323164537	75.6429511562692
388.500958336931	447.974260638251	-3.09720533037707	72.4129398966886
389.003551686423	343.701923081155	-0.0170406555033682	75.7307647054862
389.000188955665	447.994982934965	-3.09639216932926	72.398937794981
389.50331380149	343.69321467201	-0.0167545965196295	75.7971750824922
389.499357779702	448.016418291846	-3.09409740771632	72.3805512274079
390.00301525412	343.684705762861	-0.0159475531965016	75.8562550817703
389.998407957128	448.038969095794	-3.09195341539363	72.3628686258054
390.502636897887	343.676964551865	-0.0142220235935855	75.9273963199927
390.497369282007	448.062361130423	-3.09107267584252	72.3796556743781
391.002259229083	343.67011431234	-0.0122855486894405	76.023037716879
390.99633463382	448.086044502617	-3.09185185632262	72.4379552098793
391.5019630984	343.664184494174	-0.0109511526544245	76.1418143799004
391.495396017528	448.109390801239	-3.09357067861294	72.5386894323519
392.001783443781	343.658650415996	-0.0104475965356072	76.2627080344878
391.994526190472	448.132355278849	-3.09519099200465	72.6583668100132
392.501721295043	343.653304637203	-0.0105416114780897	76.3599460781086
392.493575998054	448.155163432269	-3.09574586041433	72.7881467287275
393.001737201462	343.647812963444	-0.0108816096318253	76.4199146450022
392.992424134841	448.178581779094	-3.09542875982568	72.9120976937732
393.501760351701	343.642252825553	-0.0111820267404065	76.4548405472888
393.491202434759	448.202745892255	-3.09531276904878	73.0365906600369
394.001718098566	343.636581145356	-0.0111140466523453	76.4907936021999
393.990207939887	448.227543318202	-3.09659793943867	73.1619570380768
394.501578594087	343.631185769746	-0.0103187190511943	76.546164182326
394.509583016993	448.252822277297	-3.09944070528134	73.4007089858594
395.001358897545	343.626356844973	-0.00870438347359604	76.6167570272355
395.008197805406	448.274492235954	-3.10267834554665	73.5884497115126
395.501120490903	343.622502413513	-0.00681605084633489	76.6886026385153
395.507141210419	448.294164580383	-3.10538236123813	73.7714635334711
396.000942428316	343.619394428618	-0.00566406335194769	76.7524431953292
396.006399187625	448.312523739785	-3.10726427555926	73.94163165423
396.500868409817	343.616571020805	-0.00587120085255208	76.8063675487285
396.505829433868	448.329796987415	-3.1085695347792	74.0958478092874
397.000838976323	343.613377979476	-0.00672603436746677	76.8472927109819
397.005336775239	448.346417033859	-3.10944303350746	74.2298051188738
397.500726640611	343.610030477422	-0.00649001944358952	76.8733938252113
397.504915266859	448.362544530735	-3.10956181337187	74.3429508371905
398.000478805368	343.607288335686	-0.00419100599908246	76.8903455902463
398.004490537755	448.378733575703	-3.10894812139407	74.4366432813906
398.500184510827	343.606085706775	-0.000815152764348631	76.9129503641259
398.503931755639	448.395044920842	-3.10848680602754	74.5142204439833
398.999975476958	343.606374617827	0.00171065591675516	76.9509209505342
399.003210055758	448.411231437339	-3.10930084146949	74.576176644597
399.499905025639	343.60749758565	0.00231102428062961	76.9961553271651
399.502471532892	448.426519281739	-3.11154477893767	74.6225667267093
399.999924873013	343.608467247168	0.00143526815087971	77.0263200855538
400.001870426169	448.440549854143	-3.11416370765319	74.6557024810238
400.499955225452	343.608949223521	0.000333069996320437	77.0295090589461
400.501438422274	448.453468723436	-3.11574650085149	74.6839804405572
400.999971896091	343.608961464019	-0.000175981322063574	77.0168693426354
401.001086174721	448.466050243363	-3.11568757626826	74.7151726533695
401.500009190372	343.60888407762	-0.000181113611286307	77.009068537729
401.500708481575	448.478958063629	-3.11446760076219	74.7424397049229
402.000080080978	343.60876720598	-7.29149470963186e-05	77.0136657936327
402.000260401571	448.492556278658	-3.11292852948634	74.744838569777
402.500121435103	343.608757808205	0.000159828356972134	77.0252589839993
402.49975603215	448.506835715608	-3.1115716757479	74.7116384511461
403.000046430225	343.608922307001	0.000855328722766092	77.0366701643116
402.999224322794	448.521648059692	-3.11074198571517	74.659213982686
403.49982630179	343.609645893964	0.00218890082268824	77.0458385904594
403.498710338956	448.536636778128	-3.11091007361992	74.6153058285962
403.999509422154	343.611124198712	0.00401603585862062	77.0511311321092
403.998269624199	448.551265284052	-3.1121750762631	74.5915529265661
404.499184140854	343.613607991236	0.00598281704270634	77.0494929480156
404.49790604315	448.565206798579	-3.1137744965259	74.5749837010512
404.998939087301	343.61697311892	0.00763523254038125	77.0369049079517
404.997544784767	448.578563090176	-3.11456890377738	74.5406125232822
405.498818356723	343.621065757005	0.00860111507106209	77.0121996942916
405.497087022544	448.591973071586	-3.11396919059172	74.468641923322
405.998787912769	343.625445987747	0.00891966365722316	76.976079272617
405.996489857875	448.606026494534	-3.11227119842532	74.3540946222889
406.49874508281	343.629991756979	0.00910424310762328	76.9298709518292
406.495766622003	448.621196373324	-3.11012860845083	74.2072677603657
406.998616575175	343.634676047835	0.00967588122632973	76.8722410413483
406.994937552548	448.637527726887	-3.10789497523716	74.0452340993211
407.498431798397	343.639815662457	0.0106173360746778	76.8020067390734
407.494003251283	448.655184556431	-3.10560835722794	73.8818070609291
407.998285422953	343.64538279129	0.0113985844208553	76.7217393889509
407.993065139354	448.67402440254	-3.10373780987692	73.7191147398258
408.498208450542	343.651285947607	0.0116428158572935	76.6424570876112
408.492349273634	448.693823670667	-3.10311587751971	73.5524519440553
408.998102394684	343.657200164418	0.0117716239926011	76.5751968999928
408.991963653915	448.713771663735	-3.10378256014642	73.3774550700723
409.497811944683	343.663411575775	0.0127374186843409	76.5195484437558
409.491652327724	448.733686785752	-3.10445878071116	73.1986428250508
409.99732169622	343.670339099072	0.0147374713908708	76.4605021548455
410.009080737683	448.754577754661	-3.10433324995007	72.9441292048408
410.496819642181	343.678415289462	0.0166482409772932	76.3870169910551
410.508215939576	448.775423543101	-3.10397452550529	72.8225173498443
410.996522581788	343.687147205205	0.0172809267798734	76.3031725857614
411.007422199259	448.795707728427	-3.10372647261609	72.7098213329597
411.496447055608	343.695992643848	0.0167478517721049	76.2248799848725
411.506909902872	448.816000889253	-3.10212592805594	72.6072669573084
411.996461912034	343.70442013277	0.0159616610740105	76.1621520354151
412.006684477411	448.837171209165	-3.09813250099206	72.5052890535794
412.496460891686	343.712634401655	0.015542715811058	76.1173932148712
412.506286711143	448.86027013318	-3.09316822217917	72.4086890180855
412.996394748118	343.72072123595	0.0156516752287573	76.0831905001101
413.005345717426	448.884770226793	-3.09023769235139	72.3106369991856
413.496156216916	343.729194688036	0.0164984927821294	76.0442094432963
413.504013628926	448.909425458608	-3.09061928796294	72.219090565334
413.995613643151	343.738357252072	0.0182675095937474	75.9750069299277
414.002737511987	448.93294844294	-3.09293023223629	72.133688526074
414.494745299229	343.748877125246	0.0206367137123936	75.8590001999223
414.501746958048	448.955396051672	-3.09411837683615	72.0696632046317
415.006279477329	343.761049842458	0.0226079576858398	75.6889365254557
415.000906067838	448.977817423136	-3.0925490787688	72.0314232324032
415.506447517311	343.773468019862	0.023095384623623	75.5294205473387
415.499937067533	449.001420000065	-3.08927079922813	72.0382025156223
416.006309988474	343.785412383029	0.0222210936841145	75.3469086231142
415.998783492573	449.026278458181	-3.08748850613168	72.0876605350556
416.50615415159	343.796697425153	0.0212940997757169	75.1398968620409
416.497737757733	449.051087091229	-3.08984171409632	72.1752784624001
417.006159442926	343.807521401319	0.0216558287937298	74.8905849490043
416.997197533267	449.073812093745	-3.0970870687118	72.2694612722508
417.506207337568	343.818829326423	0.0235527394021817	74.6069102539142
417.49739868454	449.092332085829	-3.10834652820744	72.3451596895401
418.006086092863	343.831058294753	0.0261669321821879	74.3089099621965
417.998460076889	449.104788437923	-3.12376818763108	72.365983308743
418.505733932064	343.84445262307	0.028541211976558	74.0284899160382
418.500408793659	449.108589535894	3.13845780068088	72.3233043187649
419.005264436082	343.85858966371	0.0301462588877266	73.7649836628343
419.002673806436	449.100830302313	3.11251311800313	72.2211626195353
419.504802554038	343.873205415093	0.0310595153965069	73.5084893270643
419.503953409791	449.080368152452	3.08618338331318	72.1003661838925
420.004391797171	343.887926376799	0.0314859417643719	73.2355804046556
420.003267790528	449.049009148298	3.06510927826688	71.9907185860022
420.503991636063	343.902689161217	0.0315312925454329	72.9421996975195
420.50077632561	449.010064127949	3.05160312417866	71.9328399815747
421.003548535082	343.917301504072	0.0313465957347925	72.6197614543163
420.997262280838	448.966709353543	3.0449403921303	71.9495213622686
421.503029694287	343.931880228777	0.0315016043806688	72.2762591293043
421.493318292241	448.921099281218	3.04309542054193	72.0611130048705
422.002431052917	343.946674803553	0.0325640619879452	71.9139231887941
421.989166344476	448.874347328994	3.04455640285644	72.2529613042227
422.501750993254	343.962211017352	0.0345964643753399	71.5544588589367
422.484931482564	448.827031212468	3.0479449850824	72.5079353612438
423.000990614142	343.978802462828	0.036913051235815	71.2153342991505
422.980877870176	448.77919645794	3.05304299416484	72.7884199008863
423.500165916395	343.996453424697	0.0387102457558934	70.9296490496574
423.518176261969	448.728688732525	3.06032084102047	73.2110840696467
423.999305579556	344.014834547839	0.0397400176614651	70.7073320645982
424.014341236383	448.688189784851	3.0676678256813	73.5290722303008
424.498390772673	344.033744960919	0.0407998034842585	70.5406229501814
424.511172960791	448.652259811224	3.0738899841423	73.7793509861776
424.997312509578	344.053553823147	0.0429712188914737	70.3807054949536
425.0086054232	448.619410109481	3.07778287294591	73.9811601814584
425.495943279425	344.075023236143	0.0465351099096258	70.1915128449957
425.506351190218	448.588380778008	3.07967208508156	74.1711210083989
425.994298002817	344.098755135747	0.0500278662065654	69.9543983737741
426.004180126107	448.558288663038	3.08072763505391	74.3670746761533
426.492648582491	344.124284530066	0.0513456387365948	69.6919533301758
426.50206162183	448.528895984781	3.08150344284941	74.549073496719
426.991328647043	344.150424559117	0.0496082171036186	69.4257783990101
426.999991241944	448.499877522413	3.08150743539007	74.6688405687419
427.490349876729	344.175815213916	0.0464184722344275	69.1831230778431
427.497846167089	448.470523882835	3.07981872005645	74.6815944710923
427.989281829328	344.200441564823	0.0443997741301272	68.9681908867689
427.995419619842	448.439761440908	3.07611743667446	74.5714334260258
428.487669466012	344.225240753626	0.0450466433085386	68.7884646202356
428.492571418384	448.406551929232	3.07107123111183	74.3503007808382
429.01466163505	344.253207087209	0.047683266257031	68.7911859737744
428.989303340231	448.370337143247	3.06562551294284	74.0413420615182
429.513506261736	344.279079222443	0.0499023573442326	68.7345328777603
429.485663730832	448.33070655584	3.06030234514967	73.6695301688888
430.011840834779	344.305212574739	0.0502166678578125	68.7096972833047
429.9817618819	448.287557025107	3.05558732236958	73.2607472550211
430.510001507067	344.330513748529	0.0487878673859052	68.7008546234493
430.52132806759	448.235581127898	3.05168896051109	72.7614942328245
431.008378271158	344.354656503875	0.0470104469772303	68.6837018431055
431.016555925014	448.187018500289	3.0494665795847	72.4767516453912
431.507094171713	344.377837004562	0.0463309755812028	68.6374467780621
431.51207277212	448.140048496006	3.04749426756016	72.2365486426316
432.00597537679	344.400896397403	0.0471652086622171	68.5465478746496
432.007964582203	448.094084952242	3.04525363225165	72.0420354655234
432.50478042334	344.424393672394	0.0489018613468683	68.3951012306246
432.504060967343	448.048361865898	3.04344168446917	71.9084579867254
433.003372035053	344.448626500665	0.0506752575260608	68.1658202585756
433.00022922512	448.002733529043	3.0430065456444	71.8443117358809
433.50177155891	344.47352603012	0.0521158823148126	67.8588298902966
433.496365103199	447.957016810527	3.0430474785867	71.8769848371709
434.000062049757	344.499076484181	0.0533413463394765	67.5031631729665
433.992292529981	447.910709838321	3.04294589092847	72.0137922768729
434.498303083287	344.52530890516	0.0546357777251142	67.1396388754694
434.487900218348	447.863295476473	3.04323811783113	72.2518385864419
434.996478815223	344.552366577639	0.0563403228788836	66.7912514008383
434.983327833475	447.814455754913	3.04566345735215	72.5468827296557
435.494496394019	344.580626946429	0.0588434009381745	66.4531175664476
435.478973863793	447.764710690971	3.05076825036662	72.8587742621997
435.992272201143	344.610580097339	0.0622594602744118	66.1093074480467
436.017494675826	447.713306505309	3.05847912681914	73.3282792318966
436.48982745874	344.642792869294	0.0661235324571194	65.7571891298158
436.513508415447	447.672390747464	3.06589026289547	73.6749293389128
436.987300010719	344.677379397693	0.0697245737425772	65.4111650499482
437.010126991117	447.635864205403	3.07230229448107	73.9777318581067
437.484747795822	344.714464192959	0.0728250559170199	65.0848225825752
437.507410311718	447.602664487157	3.07664504637156	74.2366629104552
438.018178610722	344.757545173288	0.0760241554307198	64.6918414849636
438.005133022868	447.571427014149	3.07892236734066	74.4388285023884
438.515165032699	344.799796745935	0.079656997173597	64.4594945916061
438.503002366286	447.541268800725	3.08006643896327	74.5691867274303
439.012278492469	344.841806599367	0.0842179077751958	64.2281600768825
439.000860746032	447.511658886957	3.08074531590925	74.6257204673822
439.509231016865	344.884554246347	0.0894778067640587	64.0287372278753
439.498666660996	447.482206881538	3.08051425032554	74.622660457963
440.005866722245	344.928261995263	0.0938813320461509	63.8905435683122
439.996363270085	447.452239630955	3.07875762689892	74.5762529456067
440.502247033529	344.972610125316	0.0956867865482098	63.83730720132
440.493911567258	447.420944473431	3.07576046137184	74.4875975376039
440.998672732234	345.016555770728	0.0937757812443262	63.8551380336437
440.991334907391	447.387787294709	3.07227335360414	74.3385871096324
441.495454203099	345.05917223693	0.0893454594769882	63.9322768257946
441.488591978244	447.352309478996	3.06859700561646	74.1055412863925
441.992588963246	345.100319443414	0.084855167127183	64.0562127760045
441.98557747689	447.31425419524	3.06483600742489	73.7805929757963
442.489668291019	345.140847988364	0.0828080867452783	64.2421009605523
442.482230641028	447.273165484188	3.06115596456448	73.3901644792439
442.986224147482	345.182490661753	0.0829176006413018	64.4958861738042
443.018890072805	447.224247974192	3.05678963090199	72.920675133896
443.482312592447	345.226231951848	0.0826466450026351	64.817960347078
443.515205389795	447.178044528076	3.05148675803407	72.6385942346192
444.016396435997	345.274020556821	0.0788459942072426	65.3196794581281
444.011468141115	447.131389538095	3.04506102255093	72.3924036700488
444.513217788247	345.313443927559	0.0721656166964892	65.7388049823698
444.507432961472	447.083653058642	3.0395169654465	72.1937544002105
445.010301320958	345.348209047627	0.0643619704867841	66.0936980701541
445.003146575803	447.035321862184	3.03715778786628	72.0581745480158
445.507916638661	345.378833085224	0.0582471045618811	66.3857124546628
445.498854142134	446.987045222801	3.03769293195581	72.0213514206715
446.006023480706	345.407018441805	0.0556245707403497	66.6386726928377
445.994665160973	446.939264099654	3.04006527010417	72.0859864306774
446.504362093019	345.434511283696	0.0564756064870853	66.8585328989255
446.490593250973	446.892096785326	3.04365432366424	72.2406137535893
447.002600973866	345.462613064926	0.0588803766227343	67.0122334699389
446.986693299705	446.84540179573	3.0484765450672	72.4476591533482
447.500610575825	345.491461950041	0.0602366775461075	67.0566867247086
447.482920188717	446.799063597248	3.05345247643449	72.687332340956
447.998541045334	345.520444971435	0.0595407750561326	66.9833024210858
448.019932307401	446.748172984321	3.0581437887021	73.0406573884409
447.979030195872	446.752290613723	3.05779545471872	72.9405498361829
448.496558912969	345.549068871048	0.0584008201030007	66.8290107361766
448.516503797381	446.704878763964	3.06161804793954	73.4016947221663
448.994599812634	345.577672576805	0.0589386153796735	66.6469061642137
449.013265355367	446.664536233061	3.06511313617889	73.7641805749572
449.492462536717	345.607340485916	0.0617617923272992	66.4713337743193
449.510190698466	446.626949016548	3.06871067492015	74.1150961687282
449.989986621391	345.639146133167	0.0665107711930877	66.3048923087428
450.007284311514	446.591712693284	3.07216930131972	74.4288585399938
450.486987506147	345.674386799891	0.0733418137644442	66.1321552898945
450.504560513089	446.558601357871	3.07542386569145	74.6752414792359
450.983204671106	345.714536987361	0.0826995368772352	65.9428572861195
451.002060010043	446.527255994919	3.07836440185741	74.83025947401
451.519885506622	345.766768825242	0.0953541182887579	65.7054950689784
451.499797307103	446.497244884526	3.0803469011918	74.8823348104539
452.016086905917	345.820529660542	0.107464932287051	65.6742624121242
451.997662250627	446.467800226711	3.08076726487713	74.8286785509735
452.511528655676	345.876555220195	0.117673701229088	65.748761138681
452.495502054796	446.438034212187	3.07970150706077	74.6711678043365
453.006350820043	345.933809818616	0.123852277881543	65.9520614216614
452.993235366653	446.407258385261	3.07761912198978	74.4154623299399
453.500847263392	345.9912486958	0.125088886401223	66.2928322938867
453.490798452677	446.374821066234	3.07459914237437	74.0731684794461
453.995413433879	346.04778566264	0.121396879884427	66.7462617969804
453.988047537517	446.340083348799	3.07024694780325	73.6659248349686
454.490306284724	346.102823730546	0.114389291173449	67.2986168437396
454.484708663385	446.30190600796	3.06413551131309	73.2316608921465
454.985481682999	346.156449008797	0.105807154506704	67.9296602769065
454.980518560974	446.259159282461	3.05650913694409	72.8189570127277
455.480727663299	346.209001442786	0.0971124797700339	68.6159385525664
455.518331322902	446.206044561354	3.04791160162989	72.460567353251
456.019222525376	346.265257849405	0.0885112268792643	69.5259338892934
456.014159239734	446.156267147535	3.04236062040823	72.3004435273353
456.515892926463	346.309915442914	0.0831787180210425	70.2328239652448
456.509596405535	446.107115026034	3.04081952362396	72.1985596716902
457.012618957502	346.35122364126	0.080193436831283	70.8043502233032
457.005164758801	446.059861426029	3.04294969551667	72.1209484579686
457.509361138363	346.390639657178	0.079723483392973	71.2372680995507
457.501212205923	446.014623039106	3.04571916258496	72.0756170380192
458.00610871859	346.429764770313	0.0820102829890167	71.5438920894396
457.997598101759	445.970502990909	3.04682666148191	72.085388710361
458.502686636492	346.470153936132	0.0873832138159248	71.734915927722
458.493948336719	445.92619630225	3.04634646373668	72.1844571551562
458.998708234608	346.513592264158	0.0957872025524675	71.8205112463818
458.990042944352	445.880797552017	3.04627390558621	72.3630436809259
459.493740502927	346.561832847922	0.106477922369956	71.8185238713871
459.485847462342	445.834105743925	3.04755187688201	72.5980350585259
459.987559355251	346.616346293087	0.117764255524537	71.7550811107019
459.98140124242	445.785935887159	3.0504936729033	72.8529969634183
460.480237669073	346.678371587481	0.127855330089087	71.6621054788427
460.519365584345	445.733151131003	3.05549575275574	73.2565787389391
460.971742667632	346.74919616467	0.136442334199614	71.5814860794064
461.027341587467	346.758343970291	0.137437250506694	71.6536845564657
461.015545295124	445.689583338237	3.06150354531751	73.6155514747484
461.519762824662	346.830718184938	0.145591506990159	71.8255839467674
461.511983962395	445.650486658741	3.06808022570824	73.9411596931359
462.011900046213	346.902106670793	0.153413869975668	72.0789341868099
462.008895827462	445.615224616922	3.07392490024723	74.2045619267344
462.50323479486	346.974215156429	0.158595014293856	72.4551374269386
462.506282060749	445.58291444767	3.07786347129967	74.3938770880822
462.994016162409	347.047403516993	0.157958535115338	72.9720677559003
463.003946309928	445.552239426101	3.07953850724127	74.5211962994198
463.484917013364	347.121300915663	0.150739614523195	73.6269291620623
463.501680910375	445.522119808454	3.07932389411688	74.6033408711721
463.976132558168	347.195683535142	0.139149596107863	74.3684571111171
463.999369364138	445.491739042588	3.07803943271454	74.6377937444166
464.524409527333	347.277262161805	0.126308817117555	75.5071596599348
464.497000966746	445.460652802471	3.0764211532073	74.6058798214424
465.018141690301	347.338661670224	0.119029281783117	76.3395691991337
464.994574982566	445.428578253395	3.07451118635002	74.4907869280265
465.512209838842	347.395723311219	0.116080585644039	76.9736436713363
465.491987320175	445.395020128609	3.07166070137011	74.2866181197838
466.005960397321	347.451345712859	0.116879643088586	77.352894425907
465.989047592683	445.359264635884	3.06736100013202	73.998384819656
466.499008810213	347.507787691463	0.120277289537805	77.4650276885115
466.485605623154	445.32030401446	3.06202631247493	73.644624989619
466.991250960438	347.567016678352	0.125658565241043	77.3460195135911
466.981739135613	445.277642392992	3.056995973827	73.2555301335829
467.482605582738	347.631030717538	0.133385941288222	77.0618051036677
467.519823590538	445.226216590295	3.05307948421465	72.8106856084672
467.9727018566	347.702280639536	0.143764113869384	76.6851774995041
468.015545531603	445.179032271311	3.05115839932933	72.547648738008
468.529174270976	347.794888127936	0.157962892770318	76.3995378092716
468.511416752279	445.13329115479	3.04941966402202	72.3227539866072
469.018155815426	347.87529169273	0.168976456207331	76.2787701226672
469.007504249889	445.08832727705	3.04695364084671	72.1404060531426
469.506542906769	347.956114444015	0.176277699478304	76.2760532593784
469.50366738387	445.043223555529	3.04425048606926	72.0167280025857
469.994203299155	348.03803383396	0.178010117922112	76.4150277640139
469.999809653735	444.997758108351	3.04287833985457	71.951383626715
470.48121546944	348.121437797724	0.173318378148211	76.6999965083855
470.495919868719	444.952018700286	3.04312309318417	71.9618363811246
470.967970658262	348.206753157477	0.1622943541578	77.094845284499
470.991962629518	444.906029894367	3.04451791883282	72.0582271331685
471.528686258577	348.302366513038	0.146444810878156	77.8915934475321
471.487848935663	444.8595834044	3.04623730355811	72.2541592733462
472.018276706249	348.37230151807	0.135280951263062	78.4569634370232
471.983593615974	444.812132429804	3.04887979628699	72.5231437439786
472.509108849647	348.436064972569	0.128942633471427	78.8321375231692
472.479494025189	444.763786434602	3.05338483550319	72.8293421609726
473.000373236603	348.497419843721	0.128794250407657	78.951129221622
473.017173396918	444.713778346853	3.0601959083322	73.3012855846355
473.490957091545	348.560304898891	0.135303049670556	78.794918449381
473.513756646542	444.673353253703	3.06617218180491	73.6252133411348
473.979810233097	348.628799703798	0.147590178390772	78.3945924913889
474.010846776518	444.63635323318	3.07035367181449	73.870234363606
474.466359167247	348.707013845346	0.163000421838299	77.832104788564
474.508148294813	444.601652150002	3.07295802737025	74.0465939622959
475.032040302211	348.814716892059	0.180758569323068	77.2655027762845
475.005455814473	444.568530176845	3.07537913811039	74.16975299646
475.516549475973	348.905161605392	0.191208304190874	77.026891517485
475.50286089738	444.537027933418	3.07831865490533	74.2470028525407
476.00093538214	348.994695998625	0.196220133349925	76.9623125081147
476.000524798749	444.507094062887	3.08108061814571	74.2763016419487
476.484867050172	349.084895173068	0.195280796142698	77.1036195874068
476.49844644055	444.478204551041	3.08228767790322	74.257227976179
476.968266744242	349.177209597167	0.186763770638805	77.4142232982342
476.99644799781	444.449324028524	3.08130764729574	74.1960800065751
477.5359711173	349.289819056428	0.170625137841946	78.078793486543
477.494327227568	444.419391163068	3.07873937358412	74.095308777839
478.02192098014	349.372429926743	0.159724750113494	78.6828825761072
477.991933561943	444.387742174958	3.07528954515676	73.9413264308714
478.509098171885	349.447615281989	0.1548024538523	79.0666173602073
478.489078153811	444.353643772011	3.07070633938375	73.7108994948907
478.996394872294	349.520445827234	0.156030212572183	79.1322050367415
478.985560890266	444.316228468539	3.06453296227802	73.3901471304117
479.482813949792	349.595699602611	0.163181188397113	78.8580799520339
479.481307376442	444.274213749196	3.0572038098859	72.9928729084275
479.967196887311	349.6785797307	0.176592209519863	78.3133043099136
480.020315128286	444.221636260366	3.0493434516858	72.5038625088105
480.539829041733	349.797973722748	0.199069894048425	77.6064721914899
480.515891298941	444.171699072942	3.04361927825249	72.2096073850424
481.020311444848	349.899399705607	0.215252761445147	77.3409032447414
481.011179359456	444.122125672861	3.03989886140418	71.9919981535026
481.499976695806	350.000113313336	0.223598444420391	77.257183271732
481.506548327663	444.073030583246	3.03798216716892	71.8755995079988
481.978789157146	350.102157394984	0.221946857453421	77.3493895104198
482.002169182709	444.024701777141	3.03803129671379	71.8411400722823
482.456903494689	350.207796892441	0.210423320677176	77.5896697370576
482.498028459133	443.977200719418	3.03978407728843	71.8703731731778
483.032630326963	350.335934874753	0.190852322256738	78.2519022942487
482.994034719702	443.930490443026	3.04280649936207	71.9441301245245
483.51489385908	350.425058937539	0.180558519313288	78.6800018660299
483.490040386824	443.884243617359	3.04570060278957	72.075917241912
483.998256510021	350.508671191244	0.179313213962486	78.7794529924114
483.985846428905	443.837561811711	3.0478836538271	72.2723440266326
484.480596392986	350.594163617209	0.187814855680425	78.5175215495307
484.481379168895	443.789673890919	3.04991433968888	72.5417787844692
484.959611686355	350.689339164253	0.205650557871577	77.9880952057493
485.0196864171	443.736179073973	3.05409817719267	72.9951884825373
485.538684667001	350.831465019866	0.233999515149487	77.4375791083333
485.515601240343	443.691866532579	3.0603617769766	73.4272871735106
486.012912116437	350.945168387316	0.249502427128083	77.3298264676174
486.011824309687	443.652395451745	3.06816465986449	73.8144019006251
486.486195843232	351.05806227278	0.252192015633344	77.3759337849051
486.508709866056	443.61745781204	3.07486419541125	74.1245628029032
486.959018728472	351.173814779278	0.241209923734082	77.5538930129615
487.006218544405	443.585554893307	3.07861067977462	74.3409219014104
487.539662231995	351.322904510935	0.218153187578786	78.1715358997601
487.504024987265	443.555207599913	3.07991289560803	74.4562021738396
488.016898271255	351.424343664483	0.206919061369099	78.6731917597049
488.001868489323	443.52545404724	3.08042131131694	74.4686107132639
488.495571214228	351.51945591376	0.207902012672509	78.8037225377522
488.499705736204	443.495992195684	3.08077094264862	74.3859390895145
488.972049530422	351.618418988381	0.220882656721704	78.5054426275598
488.997545766872	443.466485373282	3.08038882397666	74.2306817860544
489.442735587349	351.732135435631	0.243360627961932	77.9244232923238
489.55884559576	351.769912355794	0.250075496356118	77.7679730998429
489.495326078407	443.436316551684	3.07866770245289	74.0370115520519
490.027164584177	351.897121121347	0.270532777995509	77.617090844886
489.992935631164	443.404787979456	3.07560627437829	73.8342031257067
490.494555502404	352.020286124563	0.27841728773669	77.63182548672
490.490252471507	443.371135264378	3.07147222642388	73.6271371261849
490.96086172154	352.145411999046	0.272560744192752	77.780232041691
490.987170209817	443.334737498717	3.06646806149352	73.395638179795
491.54734972537	352.318383483156	0.252865528789722	78.3445618621066
491.48358860441	443.29470826358	3.06077501337468	73.1214393130967
492.016997052652	352.43524695872	0.244927374706819	78.8677032466489
492.021172356307	443.246009928168	3.05454232926974	72.7116758240494
491.979530486304	443.250467359388	3.05503465308548	72.8094162295098
492.487612870323	352.546212665167	0.249654180143975	78.948629467627
492.517269347023	443.197356841167	3.04957061807152	72.4880183329436
492.95429163964	352.664987367319	0.266589458153222	78.5609584893896
493.013192648076	443.149450328493	3.04577439311437	72.2693469556633
493.543715470415	352.85267781713	0.297512410377273	78.0938231008303
493.509104827494	443.101915174422	3.04228895823068	72.0682606641826
494.003330975191	352.989079183263	0.310309037582435	78.0733091606328
494.004932532719	443.054347459261	3.03913483258409	71.8918337558765
494.461022262793	353.125925799805	0.3093461342429	78.1132974785086
494.500580787011	443.006357363104	3.0373129832372	71.7709575460238
495.05276506792	353.327117387601	0.292657113067678	78.5069376556306
494.996226694586	442.958187466297	3.0380811923268	71.72754298251
495.512642179197	353.458913328051	0.287071945274244	78.9129086952416
495.492095021141	442.910305687627	3.04113823089846	71.7871430799065
495.972847372905	353.586504159591	0.294658718793649	78.7991246241144
495.988200689355	442.862908991246	3.04582160385016	71.9395746296659
496.425787109317	353.729006500386	0.314640693607575	78.2487183860809
496.569451077519	353.79172346145	0.323060007893744	78.141061777246
496.484551889286	442.816133550413	3.0514420534964	72.1700375642939
497.019390668337	353.943559010166	0.340554398071467	78.1363255744804
496.981262154016	442.769881299367	3.05807802565076	72.4475565143414
497.468222441935	354.090776841215	0.344990472919526	78.119294522108
497.516430050443	442.722939792508	3.06552776008366	72.9064986481908
498.063205339559	354.319291641193	0.334124269581425	78.2922197703537
498.013396490224	442.684783415574	3.07130169384145	73.2843454437656
498.511584724863	354.467351733407	0.332122723283794	78.6692974863627
498.510969250572	442.649906610157	3.07476024183345	73.6277261591654
498.959193825484	354.611962008528	0.343187743853289	78.5103561775416
499.008764149761	442.616679770674	3.07584565690821	73.9303887826011
499.555715243156	354.856282372145	0.373928749920429	78.1235884840347
499.50649417476	442.584151710794	3.07563003444288	74.1831392860395
499.992681266755	355.018259418826	0.388440956399022	78.192050376274
500.004070912269	442.551889313419	3.07549702656145	74.3595830784833
500.423782345975	355.185334501509	0.392736157685205	78.0394196377018
500.591455264493	355.277763415135	0.391759663497177	78.0272401132849
500.501576196824	442.520022268074	3.07604444931133	74.4333884456743
501.020740805833	355.450776169162	0.394130465164037	78.5193310856157
500.999108651502	442.488611106609	3.07696822559237	74.3991114465709
501.450026615383	355.614942856105	0.406315316800944	78.4611127848487
501.496708393672	442.457513600542	3.07761269452662	74.2704545555748
502.044345081576	355.903750252728	0.434794161759095	78.3822182701903
501.994366843834	442.426365746247	3.07750802567876	74.0670411956195
502.461913007953	356.07990963778	0.447816797976216	78.4402137500595
502.492052272549	442.394576551284	3.07634465056282	73.8114507808562
503.054039357389	356.390981042589	0.457005662740589	78.5106438828222
502.989675831029	442.361495211088	3.07370423469859	73.5273062850825
503.463171114018	356.571868723947	0.468877023813727	78.5964091587711
503.486998939448	442.326049112944	3.06919087384744	73.2277098710557
504.052004862404	356.904575590079	0.498731663429649	78.3940474619969
503.98375838912	442.287195787795	3.06318008794004	72.9077272442935
504.445924409317	357.095797133775	0.515188953126034	78.3628866994465
504.519929519929	442.239311617922	3.0563093866755	72.4724380923969
505.026799694961	357.455038298601	0.537879092656269	78.4802322219482
505.016473004051	442.191920717999	3.05092718854707	72.2112961295178
505.403018302722	357.655572849295	0.557956309400875	78.1947567517557
505.610067402139	357.829615979466	0.574169891664264	78.0837268176663
505.512707183483	442.144681333432	3.04644079463775	71.9638378112143
505.972221526173	358.040568123885	0.599646402752763	78.3875555274311
506.008705371235	442.097518682704	3.04224228711114	71.7470440356852
506.531560210434	358.458560576768	0.644511601341741	78.2648724023082
506.504480716049	442.049831663128	3.0383492324499	71.595417327502
506.856730964409	358.676937931809	0.671993341362278	77.6756507396742
507.082225923835	358.904624794509	0.698101946887098	77.773742061402
507.00012777524	442.001425269326	3.03589233615699	71.5317510930069
507.384569251499	359.125420694485	0.729815598962917	77.3428135810772
507.617133670301	359.383325518203	0.767380019675721	76.9237210379134
507.495760346516	441.952368527644	3.03550806955928	71.5825358471027
507.883374882107	359.608109051544	0.806888487471556	76.4663146595169
508.110628512272	359.909047607185	0.863008607989534	75.8293326583558
507.991412219418	441.90299332632	3.03779221369915	71.7377640137419
508.33518474952	360.125354293171	0.906087336815031	75.2122623348553
508.549099294892	360.467671471363	0.970827171915498	74.8833878440749
508.487102569777	441.853771886603	3.04227832195333	71.978964063403
508.921433276466	361.041121193261	1.0709328201883	74.2363006028909
509.107162423644	361.451998125308	1.13428371519416	74.0814800831535
508.982843024961	441.804764830835	3.04810113760295	72.2701222260199
509.374743384035	362.045741402699	1.22257316962333	74.3694923025989
509.516064427066	362.494748996587	1.26394162231943	74.5575117917698
509.649644883143	362.955242406026	1.28613723749252	74.3041760641274
509.47858499481	441.755912910346	3.05387654953429	72.59841784822
509.836318728978	363.545387626613	1.29455216786307	73.9612348806733
509.9610789291	364.010137220915	1.30142187974541	73.9389903115361
510.078988822698	364.480598842116	1.31475992785004	73.968243304816
510.196551121985	364.954294216023	1.33590593880568	74.0790315316592
510.016942256867	441.706358873765	3.05966191833247	73.142636826204
510.338830643732	365.534362841635	1.36538866802034	74.5888664462712
510.432186286367	366.013818862442	1.38313523552461	74.9123876387573
510.516765185486	366.496709804571	1.39293965663757	74.9254018043037
510.599781198275	366.980951638544	1.39440735993618	74.6240120173626
510.687750255314	367.46482417363	1.3881359462886	74.1003303837741
510.513563679731	441.665529749691	3.06521898428687	73.547347475336
510.807977845814	368.036699086813	1.37527926074847	73.4809499290358
510.904720148651	368.517864246659	1.36809022180243	73.2086968315041
510.997942045304	369.000376510987	1.36817772911764	73.0502040315793
511.089648681599	369.484022612413	1.37517731454892	73.0522794754799
511.181416428777	369.968474859853	1.38863833502155	73.2234652809257
511.010717144997	441.62843967147	3.07121453234226	73.8216023266547
511.289034508887	370.534039155576	1.40906726904331	73.7634631635418
511.366300801998	371.020797927555	1.42514385839488	74.3363961555907
511.433564575933	371.509909465374	1.43779116686188	74.784600620628
511.494617596859	372.000768327486	1.44622742066756	75.0108255368098
511.552797820491	372.49273018433	1.44983900370679	74.9743475738863
511.61151144335	372.984911350196	1.44783664907215	74.6898879213754
511.674470483366	373.476267414991	1.44002654981678	74.2194385695595
511.745534602792	373.965852309658	1.42771266667188	73.6599920424065
511.508781264755	441.594318540933	3.07432072521519	73.7965650296578
511.758103301535	374.035421685158	1.4256211093092	73.527483357305
511.837623539499	374.524261203174	1.41241700140613	73.1826386276063
511.916108759647	375.012612755404	1.40395940164335	72.9407288896986
511.993702375919	375.500935787152	1.4024598596941	72.8320447398261
512.070171526259	375.989846904558	1.40800210209274	72.8530801348435
512.145495834636	376.47963050937	1.41844802238448	72.9898963289965
512.220338591239	376.970111518128	1.43128818920663	73.2014049638218
512.007313915338	441.559155014663	3.06399009063398	73.1713322353719
512.301173442455	377.525182640304	1.44541257029042	73.6773873979647
512.361839247334	378.017029076546	1.45584304391311	74.0759685108421
512.41614463908	378.510052056656	1.46400475160861	74.4161108761515
512.466263971106	379.003940165188	1.4694216741064	74.6568325985431
512.514128574422	379.498382305129	1.47168314589903	74.7457940065417
512.561818863676	379.992985005941	1.47057818862291	74.6363621835443
512.611583919747	380.487275401062	1.46593941178001	74.3211855140422
512.665613260406	380.980787181566	1.45826820785044	73.8488552117956
512.726128083102	381.473175487187	1.44881679813733	73.3074898313174
512.50209732119	441.510892474373	3.01402013104329	71.5483887947106
512.803653243209	382.024947685042	1.43837356065121	72.776564943274
512.871807534248	382.516299563185	1.4317644784293	72.5076585628697
512.938518767612	383.007749040612	1.4286820541966	72.3360934394331
513.00419090841	383.499479500655	1.42894199590386	72.2694953813802
513.069110964987	383.991575271222	1.43256200460861	72.2954705651275
513.133549646239	384.484072220408	1.43905470225511	72.4109488025756
513.197911391083	384.976943448914	1.44788405154431	72.6004214970245
512.975727421984	441.423689941916	2.8803710254682	68.8157031102777
513.26894967396	385.525103586013	1.45881449349672	73.0078512729196
513.324615372644	386.018537855057	1.46820777030704	73.4347808558301
513.373717843621	386.512766006496	1.47762328585311	73.8386612317724
513.416833330582	387.007702973262	1.48854283789659	74.1700755052618
513.453484478817	387.50368153139	1.50209324689012	74.3967458631053
513.482933413558	388.001057042147	1.51786233211789	74.5177289537271
513.504767927768	388.499787762269	1.53350255683066	74.5647085084636
513.519770831589	388.99939213667	1.54593194459609	74.5827898778296
513.529978853556	389.499324637016	1.55316977542698	74.6050313969852
513.537852398567	389.999284131785	1.55562673536224	74.6359310308063
513.54516913677	390.499221446691	1.55581107283322	74.6525027408199
513.55236369907	390.999191554298	1.5562134999647	74.6247144370635
513.559187309509	391.499206600111	1.55739626068646	74.5413220545462
513.565438923753	391.999200299721	1.55844354477863	74.4201266392386
513.5714505113	392.499101788973	1.55859827443137	74.2971667418705
513.577582460235	392.998909185887	1.55800310661358	74.2054972810996
513.584075088815	393.498691583896	1.55740837876721	74.1595570357594
513.590649329574	393.998551838555	1.55762275300497	74.151775267662
513.596887105986	394.498565263581	1.55896707416163	74.1607149176802
513.602259158066	394.998724133759	1.56092608217267	74.159791373344
513.606823000169	395.498914520555	1.56232405643317	74.1261277534712
513.611030047662	395.99897290583	1.56214589159865	74.0510278813581
513.615801047928	396.498786445012	1.56032786849182	73.9517458490697
513.621649129267	396.998383968889	1.55777564677713	73.8615865434195
513.628751533431	397.497944245345	1.55568120264229	73.8002560275169
513.63654640344	397.997693911822	1.55497591346017	73.7530587742385
513.644379820567	398.497743435293	1.55593996856493	73.6900444282198
513.651410939974	398.998012127921	1.55796988220195	73.5958765154917
513.657502999881	399.498288654124	1.55982805898225	73.4815492645886
513.662872869766	399.998390078737	1.56043705892647	73.365569537806
513.668405497929	400.498257001831	1.55949562088703	73.2554471325681
513.67462825796	400.997929326189	1.55762767465732	73.1434941620697
513.681924071107	401.497481723265	1.55588868720967	73.027951722181
513.689861269667	401.997028306297	1.55504145087476	72.9212920589847
513.698118607805	402.496719241808	1.55511387457839	72.8404813226662
513.70612104359	402.996670815859	1.55578305454829	72.7850341016424
513.713813402892	403.496871490064	1.55679107196039	72.7409084858495
513.720856813988	403.997198444544	1.55797968150093	72.6907291585895
513.727440130768	404.497465217023	1.55894424052472	72.6294292142446
513.733639225393	404.9974618872	1.55898458861376	72.5595072430761
513.740349644255	405.497020996271	1.55748012230966	72.4902126133504
513.748161948912	405.996179372223	1.55471043605357	72.4276390865199
513.580413095011	441.104254714301	2.46112173054374	64.1822866918689
513.381567126305	441.269888918445	2.64161632867245	65.7189614653315
513.75821310456	406.50457067048	1.5519342709229	72.3109905739291
513.769098158119	407.004622808037	1.55072282336265	72.2936971138427
513.78006105891	407.504151348394	1.55141704717475	72.2795413482395
513.790016681898	408.003417265632	1.55318653076567	72.2414502257642
513.799019391341	408.502774249982	1.55458712431694	72.1699441921084
513.807375682052	409.002457236097	1.55469318649038	72.0626868641346
513.816002786565	409.502448586877	1.55365908114881	71.9439742684779
513.825031867466	410.002530598613	1.55266340833669	71.8305335367175
513.834304903708	410.502460034606	1.55289939125311	71.7457290727894
513.842922904417	411.002178288928	1.55461895844808	71.6919548158513
513.850580107766	411.501842225466	1.55666417484876	71.6723726418727
513.857373563508	412.00168573726	1.55748652711298	71.6707064957423
513.864297397363	412.501810913712	1.55636049108419	71.6851372709822
513.872035814156	413.002088282279	1.55399179872479	71.7048602041501
513.880949077768	413.502251380265	1.55180302567805	71.7227056454604
513.890467781398	414.002152898758	1.55093904223791	71.7099506415625
513.900017513652	414.501860572126	1.55138401625791	71.6636895277004
513.909065568289	415.001529229768	1.55237291482011	71.5932230439095
513.917655559893	415.501243879145	1.55319908715521	71.5265032056392
513.925800407079	416.001016473068	1.5538171015863	71.4629925091419
513.933643640209	416.500843198044	1.5542964609609	71.4043630373363
513.941260664749	417.00074054145	1.55426129544952	71.3442261857293
513.949184086484	417.500708054174	1.55293915680249	71.2957291994623
513.957991140869	418.000686206018	1.55059308273746	71.2561640294851
513.967885254339	418.500588466726	1.54877811892197	71.2299046075205
513.97821639373	419.000403007391	1.54881801246712	71.2058636325862
513.988213135252	419.500200218702	1.55004225509689	71.1895101432066
513.99765826127	420.000036102064	1.55078122536518	71.1792183717034
514.007017219616	420.49989189731	1.55020927446271	71.1929044041025
514.016756566713	420.999717348734	1.54924780594559	71.2352241699863
514.026746511534	421.499516801062	1.54931431042311	71.3109666773276
514.036396319141	421.999358062369	1.55088694910247	71.3911277579538
514.04519524417	422.499276099335	1.55287587114477	71.449564898588
514.053293487071	422.999232041094	1.55401914530364	71.4547869251466
514.061104561653	423.499189890746	1.55416361493574	71.4108174289097
514.068963187761	423.999144645534	1.55411485285797	71.3334256711189
514.076765176009	424.499081078037	1.5543079784267	71.2646327311578
514.084513657984	424.998959930671	1.55447901579477	71.2259006968377
514.092319662956	425.498757754433	1.55389270857344	71.2275815413292
514.100762865691	425.998467950497	1.55215000950884	71.2434582782332
514.110268914913	426.498094257071	1.54964757649313	71.2560762228319
514.1210448549	426.997680502528	1.54777755675164	71.2533177183029
514.132367023174	427.497339232835	1.54782161169516	71.2586715941005
514.143398392503	427.997148649072	1.54961799051998	71.2886814982244
514.153497012583	428.49706975059	1.55147481930138	71.3536548396627
514.163078072084	428.997038864441	1.55235413968828	71.4269398126024
514.172334685903	429.49711655691	1.55297984024408	71.4890282455098
514.181251858046	429.997359436093	1.55436619931947	71.5251790208727
514.189325028751	430.497618940246	1.55589331786166	71.5504107868434
514.19702922485	430.997588719325	1.55614729980588	71.5759133039679
514.205029153438	431.497121300379	1.55470798039735	71.6250373397855
514.21423015714	431.996413052474	1.55263297613665	71.7006601974936
514.224443588107	432.495866177162	1.55123415464241	71.7934490051109
514.235398221601	432.995673646109	1.55098640811786	71.8654176079723
514.24633871418	433.495673698505	1.55146844046613	71.9016218707023
514.239420754142	440.059176798806	1.76593516879201	67.7691130394523
514.061997469284	440.530339961561	2.07204661031855	64.8186904981147
513.85428738658	440.878276439392	2.28742467013262	63.6032774447237
514.256884957747	434.004013611779	1.55269718690175	72.0061317438912
514.265911053509	434.503507132276	1.55508935409365	72.0290323382122
514.273511315702	435.002921354779	1.55797713743421	72.0593720563883
514.279772702592	435.502630285869	1.55928285005759	72.1019795382264
514.286048426712	436.002748802308	1.55837229168879	72.1610491303466
514.292778877521	436.502875248566	1.55756445759493	72.2440555739213
514.299388565464	437.002644542278	1.55924175210734	72.351411420688
514.304519448085	437.502188537975	1.56251733872862	72.4820926141498
514.308313136772	438.001669477313	1.56434993919781	72.607037318699
514.311676992041	438.50049152089	1.56394194893528	72.6073029280127
514.314556019024	438.996865423087	1.56876949577879	72.1975711705589
514.309088556859	439.487303870201	1.60363322978755	70.9574208646216
514.269674788968	439.961606028225	1.71870239847729	68.6402964632821
