0.000953079713265916
-0.00200939124762898
2.50037238836321
-0.00918165014009725
-0.0262212957188097
2.50050274197401
-0.0224061047767768
-0.0799679251213946
2.4142301585964
0.114887116061841
-0.03450395489433
2.24196583200633
0.358937782027318
-0.035223350539872
2.03637858870802
0.599209661464598
0.183635330229328
1.78066246091212
0.856737055418816
0.322686109604777
1.43351995623981
1.14710638435969
0.367390570116465
0.986703814707345
1.26675866223343
0.415123939964738
0.50206872964734
1.31171154204948
0.382098477865066
-0.000317509415526673
1.2201266976234
0.370755812373656
-0.355369069467144
1.16688890897861
0.339424759296155
-0.618091769629229
1.1515052658178
0.303291824314031
-0.826114607911843
1.09866769612613
0.245791938259956
-1.07911618204776
0.984229980377085
0.198593916654447
-1.34015469356518
0.697443937835198
0.189781522427174
-1.64345936176321
0.315246097431651
0.209183746249694
-1.8610065374888
0.185944732917573
0.276192108419713
-2.02382885202454
0.115411753414519
0.31765859883167
-2.20033026441972
-0.254724633777569
0.27008721763632
-2.35630454738471
-0.538358194159086
0.206200439433079
-2.49273201703376
-0.769436372718776
0.0700513226165106
-2.59414305254176
-0.683557023115055
-0.0745902039433043
-2.79926360376682
-0.583016249597794
-0.215336506231558
-2.97738664533963
-0.537050463545619
-0.479156744699813
-3.14902993662548
-0.794663607459401
-0.627653302005431
-3.22066676545499
-1.17539931223499
-0.739425539388728
-3.23885318283679
-1.45043858138191
-0.640011940172227
-3.28451930061042
-2.03449127874338
-0.392419390799763
-3.09374597647136
-2.48081688154567
-0.190120533419506
-2.83958164287059
-2.92187019510616
0.068248632197746
-2.45296887717378
-3.21405146844186
0.213713088944278
-2.05368951328107
-3.4789097077773
0.298570538322987
-1.5604654139475
-3.56722974757908
0.239466668172874
-1.23636593452262
-3.47805886658363
0.219584393290484
-1.29937210990548
-3.49950596525677
0.263383405469068
-1.30700547742417
-3.4978177534502
0.352358296508748
-1.61274906566128
-3.24795728333253
0.457139742181016
-2.09448959821619
-2.62090805935183
0.656731571192056
-2.70559847209269
-2.09342461270567
0.769984178917637
-3.06166573862214
-1.68201792498837
0.938743515640639
-3.28040510531329
-1.88073811818863
0.465554253078526
-3.29057084365293
-2.31082897472607
0.384513812310327
-2.97959126805508
-2.69165637234862
0.535577993689795
-2.53583083616007
-3.15293383711735
0.414553688309672
-1.8656586981145
-3.29627222495556
0.324524230657231
-1.29597759960536
-3.36315817791584
0.188038618641176
-0.616901178496794
-3.38429203507241
0.0975598109439293
0.275278762594729
-3.31704112553852
0.0930672744160161
0.683689539261559
-3.32891388901484
0.137403645421171
0.628072674131589
