268.165721079529	368.050541858168	-1.27168432968248	62.0678359576538
268.074514482389	368.511101239185	-1.4616210294636	64.6085201611591
268.042392157775	369.002524499144	-1.53971147621817	66.2592851257118
268.033434738508	369.500558770202	-1.56264220271965	66.9641358404467
268.031261546726	369.999987390055	-1.56943679340894	67.1560668045422
268.031362355597	370.499815555964	-1.57226993794763	67.1585561817117
268.032432191507	370.999773716112	-1.57343510738877	67.0959984515569
268.033870851565	371.499767446411	-1.57387183426139	66.999934004193
268.035544337167	371.999761409424	-1.57428944283776	66.8853382013224
268.037485830555	372.499744062457	-1.57490044733689	66.7693636585088
268.039753686202	372.999713633857	-1.57543965805181	66.6651788960855
268.042160850166	373.499682424463	-1.57550233179508	66.5770023384637
268.044446693548	373.999672413886	-1.57498327056277	66.5039052422714
268.04635823024	374.499690499204	-1.57428648190212	66.4459283570971
268.047993189587	374.999713271491	-1.57400621148945	66.4051009118755
268.049585602264	375.499721503626	-1.57427334571561	66.3823636551518
268.051355578191	375.99972852633	-1.57461201546018	66.3768664782937
268.053183441709	376.499756028734	-1.574613085687	66.3884330567893
268.054967199722	376.999792473114	-1.5744419753692	66.4184941797791
268.056664189788	377.499804919111	-1.57440164478648	66.463573180415
268.058390426336	377.999779671324	-1.57436011706316	66.5067957636225
268.060033313612	378.49973656305	-1.57396072089339	66.5209223002143
268.06146635336	378.9997020201	-1.57322966712797	66.486787675624
268.062593101701	379.499679957611	-1.57275281036965	66.4075190530574
268.063730750549	379.999650402462	-1.57317497753525	66.3041532435839
268.065271665282	380.499602993321	-1.57450646903617	66.201995557548
268.067545568805	380.999547003414	-1.57607262028267	66.1224463623328
268.070462330804	381.499457960463	-1.57740744399932	66.0717726672198
268.074176829622	381.999152506879	-1.57961816215256	66.0162485356271
268.080076243224	382.498054416311	-1.5872260103469	65.8416253385927
268.093706646985	382.994481348385	-1.61309005941535	65.3152910586536
268.130330975048	383.482625101099	-1.68663472395	64.1640688595861
268.218913465497	383.942400940956	-1.84017978563584	62.4571080034424
268.491735469048	367.493408255664	-0.848894974745872	59.0137867721071
268.2747358976	384.079813555889	-1.90826492024111	61.6572650720228
268.484977792795	384.509013185244	-2.13468052948451	60.6392888058427
268.692376627884	384.829426829973	-2.30488749645657	60.262612605634
269.032577741817	367.065733098732	-0.45639612513814	60.4488885992411
268.95757423748	385.049951679069	-2.44720339749432	61.1140888563456
269.477461023223	366.918500440142	-0.222670175666635	63.1679540833803
269.531258581298	385.440736036862	-2.66584973898582	63.0393845866133
269.977954701867	366.84494820568	-0.0847590298958231	65.6921315666204
269.949769979665	385.615555329503	-2.7398295961819	63.938547689589
270.486807765645	366.814663247461	-0.0358826313546274	67.2360326008429
270.547220885376	385.863179021254	-2.81795226432502	64.7658363512461
270.992222075272	366.799828035655	-0.0215542061294796	68.0275600383999
271.001167826198	385.996205308665	-2.85493883076499	65.0220561130544
271.494704315509	366.790143270465	-0.0160315629128599	68.4650106143419
271.4672029107	386.119407049776	-2.88132343553251	64.7620493622474
271.995968600909	366.782716665552	-0.0125323142004229	68.7699174092182
271.940013549314	386.245923681602	-2.89746850684827	64.2316826509229
272.053164946286	386.282257978687	-2.89975907060095	64.1592173516781
272.496828913149	366.776960678532	-0.0099015009732222	69.0180561094995
272.522604743799	386.395290491707	-2.91305943689159	63.9321958781169
272.997392328261	366.772244136831	-0.00820812430829658	69.2304237221633
273.000816039162	386.495687913496	-2.93157369985159	63.8000921719855
273.497644414706	366.768225294027	-0.007478207938361	69.4118863077264
273.485573087498	386.587147147735	-2.95576731852085	63.8010259789814
273.997725435054	366.764326446864	-0.00725386151288519	69.5677597332444
273.975074497685	386.671145652445	-2.98276178403382	63.9301616777077
274.49779467798	366.760604556017	-0.00705835175075503	69.7032894124642
274.467783708596	386.748899044561	-3.00867240960372	64.1407893799331
274.529593996996	386.758867417372	-3.01169800973743	64.2515669699947
274.997848761026	366.756893517834	-0.00683315026402168	69.8317080389806
275.019822441466	386.820740642162	-3.03180385926729	64.607971252369
275.497831178267	366.753367347599	-0.00666883345719329	69.9652704767384
275.512978136288	386.871880287757	-3.04650930228027	64.8961618052191
276.001664247594	366.749770075695	-0.0064314828069935	69.9327478226474
276.007981177586	386.915974737098	-3.05611958701728	65.0842156019472
276.501605338505	366.746155898032	-0.0060068998593074	70.0803474597131
276.504029492917	386.955989035018	-3.06135178645058	65.1634511137726
277.001548982729	366.742696045978	-0.00558922870945757	70.2157734943172
277.000537583871	386.994024879787	-3.0634654764391	65.1390988693812
277.501522133032	366.739521295037	-0.00540949732598255	70.3258104072633
277.497212213275	387.031458445421	-3.06408966648934	65.0204117166405
278.001492610137	366.736306680833	-0.00536950736225825	70.4167111511777
277.994054420478	387.068918880154	-3.06454776967752	64.8167478731638
278.501437154965	366.733251042609	-0.0052012818117392	70.492187308749
278.491194745859	387.106511412666	-3.06543768890436	64.5414988941124
279.001385552372	366.730272821519	-0.00479471809799602	70.5669302891067
278.988671643743	387.144316305871	-3.06646148855003	64.2182243739142
279.501350066869	366.727685624322	-0.0042033977620645	70.6433879924124
279.486328350221	387.182469095697	-3.06682672414188	63.8773185550981
280.001273534252	366.725387634923	-0.0034722955842535	70.7277856984238
279.983833972403	387.221774438544	-3.06566824531191	63.543643428493
280.501138167089	366.723632973653	-0.00263830775978984	70.8153751870792
280.517908259385	387.267134159223	-3.06245605439389	63.162392319996
281.001030234678	366.722258431836	-0.00181873707777753	70.9181235404796
281.014592162298	387.310579655944	-3.05847259550922	62.9328340828708
281.501036168171	366.721379186368	-0.00119549952415596	71.0451383682008
281.511203843761	387.353559233092	-3.05517204506547	62.7064469598802
282.001124299327	366.720650294529	-0.000949301567600396	71.2068583484635
282.007783636675	387.396134899252	-3.05333421674639	62.4955232122824
282.501207600854	366.719992216632	-0.00126552596607283	71.3833039452163
282.504533361537	387.43799101755	-3.05293047201037	62.3146391814812
283.001238040314	366.718901464161	-0.00216609013453444	71.5496706281547
283.00149701537	387.479229177711	-3.05311427664578	62.1897756047719
283.501195543668	366.717314448241	-0.00328044882292974	71.6754377654621
283.498565714899	387.519975333248	-3.05400214184238	62.1230548100641
284.001041528733	366.715142374721	-0.00387772709159381	71.7563515848606
283.995723996843	387.560205495377	-3.05629951229367	62.1130063241728
284.50077381492	366.71301205992	-0.00349069342762266	71.795032144877
284.493167056547	387.599504754637	-3.06096634974698	62.1389904190564
285.00046817564	366.71126690558	-0.00237739479325603	71.8115781098989
284.991042049168	387.637150264114	-3.06718234687114	62.1948803832074
285.50022586383	366.710292860306	-0.00121718426523179	71.8147361423942
285.489154112283	387.673081605716	-3.07304592778576	62.2709719123121
286.00009058866	366.709786348534	-0.000498628035391992	71.817037660136
285.987133464552	387.707824341995	-3.07683737598255	62.3766845401583
286.500053459227	366.709623088961	-0.000284177349015289	71.8163957252818
286.484820817683	387.742656887455	-3.07912147897565	62.5174221143836
287.000109957302	366.709390592833	-0.000409830839167519	71.8201373945543
287.013091745989	387.777671656989	-3.0820079389129	62.8370498390583
287.500294473342	366.709097489455	-0.000774075475739836	71.8294963679464
287.510859030473	387.807767185196	-3.08650573531385	63.1120645013503
288.000644937414	366.708430036824	-0.00144577778354765	71.859635448403
288.008680839572	387.834620717704	-3.09200810493839	63.3876132770275
288.501126661389	366.707349395853	-0.00250717096866352	71.9148861940139
288.506861739399	387.858508007719	-3.09681161759105	63.6346293989433
289.001581212226	366.705505687326	-0.00377014738871105	72.0008251976372
289.005527791158	387.880134661021	-3.09978305021794	63.8421282018201
289.501786330882	366.703104587729	-0.00463700047626452	72.1019700483147
289.50454412521	387.900607521279	-3.10108158587617	64.0152563830934
290.001596980713	366.700423883624	-0.004394172092475	72.2076915206109
290.00367486575	387.920463299541	-3.10167088941033	64.1588888074806
290.501082573101	366.698329185865	-0.00287965820618386	72.3004809826251
290.502773772739	387.93983475674	-3.10263771401606	64.2638274986834
291.000501151053	366.697220660541	-0.000762065146877808	72.3790617224328
291.001868121754	387.958361571937	-3.10442652487915	64.3163210400141
291.500132585584	366.69731113673	0.000958524204360993	72.4398743072811
291.501042392508	387.975870311398	-3.10637544782217	64.3130430812524
292.000112195705	366.698022802545	0.0016617349839469	72.5008182078594
292.000311651035	387.992633506308	-3.10717588055617	64.2631851443936
292.500400234928	366.698889412881	0.00129382192926429	72.5788747669542
292.499595174816	388.009456108181	-3.1061773675803	64.1811572036292
293.000828757912	366.69922322771	0.000204801554304844	72.6961954202706
292.998795548144	388.027118258428	-3.10402110559259	64.0826267575098
293.501169098733	366.698929781721	-0.00101251350162638	72.8445930199422
293.497860009978	388.045928383989	-3.1018049216942	63.985794875899
294.001227506889	366.698001207401	-0.00165976600944196	73.004005046135
293.996771065995	388.06582783227	-3.10004378637961	63.909606654742
294.500974474321	366.697071075873	-0.00134461306041015	73.1372814074916
294.495569757724	388.086540179644	-3.09882193009049	63.863034266269
295.000571401754	366.696510404769	-0.000270542512300348	73.2304231747221
294.994415670044	388.107820328505	-3.09840751079023	63.8331706267579
295.50025306522	366.69672394574	0.000928742840827911	73.2834022270422
295.493547148682	388.129139713276	-3.0992008734596	63.7894356498791
296.000166756213	366.697441726248	0.00166948792993362	73.3253972700695
295.993064371503	388.15006308212	-3.1010753105129	63.7073523739348
296.500309629132	366.698447183785	0.00166957110593507	73.3774315963215
296.492827358787	388.170116182362	-3.10330928752965	63.5861103206965
297.000561845529	366.699168063692	0.00100811073937731	73.4551389618104
296.99252924112	388.189449984817	-3.10499889505318	63.4482201485613
297.500778016777	366.699483731492	6.0958044240066e-05	73.5454733202054
297.491898041834	388.20833129686	-3.10549730012388	63.3218561959105
298.00086405471	366.699230892542	-0.000650978392334244	73.6401929378955
297.990831142095	388.227644913214	-3.10449297915326	63.2268427688354
298.500808785291	366.698812102381	-0.000759537247712468	73.728856914018
298.489513702846	388.247968999626	-3.1023299080822	63.158547370014
299.000660492778	366.698436867115	-0.000227849821981802	73.8184025656409
299.01012216982	388.271653186967	-3.09972784784257	63.0522241024265
299.500493345807	366.698545560632	0.000620146327818019	73.9047515243063
299.50910355655	388.29478284706	-3.0978396836703	62.9822543263265
300.00037274659	366.699029192835	0.00127494061402168	73.9896017413535
300.0079193535	388.318071812431	-3.09664455589346	62.8688723790186
300.500339003231	366.699806947449	0.001308944015903	74.0624662061776
300.506803440866	388.341131633213	-3.09578802490272	62.7378675857241
301.000384222124	366.700343910091	0.000694579669952324	74.1243370826387
301.005827007533	388.364204055818	-3.09490483839608	62.6453662316381
301.500447371521	366.700533743407	-0.00012202377899888	74.1708859628994
301.504915606766	388.387219663814	-3.09419780660852	62.6208425126439
302.000456393421	366.700271326203	-0.000559713035168109	74.2148267192421
302.003963927993	388.410222369786	-3.09378220125828	62.6687439252395
302.50041534982	366.699974584816	-0.000532685605592364	74.2611655223785
302.50296552499	388.433007849345	-3.09342816778391	62.7545025248229
303.00041158511	366.699625051039	-0.000537295350318409	74.3173338861835
303.001957335548	388.455854762252	-3.09232764360471	62.8505526451335
303.500503792434	366.699247672385	-0.000915631429603631	74.3700064919906
303.500934239607	388.47919664423	-3.09040614208436	62.930977068324
304.000615236893	366.6985841692	-0.0011958319245953	74.4166556936565
303.99984434766	388.503388970396	-3.08846527616314	62.996275204405
304.500590702484	366.698089068774	-0.000518311747668111	74.4571164202341
304.498680078229	388.528239831976	-3.0877130401138	63.0420887658883
305.00035540635	366.698229764004	0.00130063098709566	74.5107159994621
304.997528873438	388.553164045342	-3.0886424419118	63.0786416849805
305.500027108805	366.699547340545	0.0032173579835594	74.5800474931564
305.496559534674	388.57743825388	-3.09165661429291	63.1093028929866
305.99984933142	366.701506092056	0.00368045459390086	74.6594278629723
305.99593841081	388.600101334971	-3.09654467720902	63.1557053692142
306.499974722746	366.70323528796	0.00214424393503893	74.7206505525729
306.495622959388	388.620595135597	-3.10186517441414	63.2293207505292
307.000303826999	366.703725517882	-0.000228029660003321	74.7542811588005
306.995281695311	388.639158468314	-3.10491373623273	63.3445731651393
307.500589800948	366.703148837417	-0.00180862176704346	74.7614655148619
307.494540119197	388.657415807625	-3.10440608676864	63.4919662378831
308.000666352772	366.702004895363	-0.00204029393292693	74.7639370103426
307.993336103029	388.67682583695	-3.10172367110695	63.6642970892759
308.500545599719	366.701080155546	-0.00144082349793587	74.7670328554043
308.491886121836	388.698185483824	-3.09942826331916	63.8411065606854
309.000346062882	366.700474076407	-0.000671396690272041	74.7767469152086
308.990446675533	388.720931520907	-3.09869659476557	64.0150769244973
309.500184198686	366.700340800404	-4.1480325954431e-06	74.7869875614944
309.489177593423	388.744553569697	-3.09948424483772	64.1748143242669
310.000107011313	366.700465756409	0.000582828973577975	74.8056100991825
310.009554828804	388.767854019979	-3.10162705838249	64.4348297808184
310.500104644589	366.700975325096	0.00110501244760055	74.8322694195714
310.508238642672	388.788170784122	-3.10498782704671	64.6044215571115
311.000153167146	366.701644566038	0.00141298722696	74.8737078241954
311.006797228533	388.8061067528	-3.1092560786105	64.7622564897156
311.500243976441	366.702450390164	0.0012689819765087	74.9200806861215
311.50554019211	388.821723407297	-3.11339979311833	64.9115118194719
312.000367019297	366.702954493528	0.000606704287841072	74.9669562757338
312.004745079941	388.835375462782	-3.11599153529334	65.0535718618996
312.500480908951	366.703096025481	-0.000282909369803485	75.0003472067877
312.504416966353	388.848296915668	-3.11622588256492	65.1870500726452
313.000520706935	366.702734920928	-0.000863909761523893	75.0230307714703
313.004262019538	388.861440992255	-3.11482991963069	65.318026812272
313.500470264024	366.702305811849	-0.000823392138576619	75.0360107271874
313.503914944427	388.875212994961	-3.11402202225749	65.4563934710961
314.000402793949	366.701944458565	-0.000384397264111614	75.0555822668697
314.003267312718	388.888640914649	-3.11582406922199	65.6047229836175
314.500431108618	366.701875037138	-9.1976392239303e-05	75.0876314825552
314.502520452602	388.900496857502	-3.119986363182	65.7506556872449
315.00060122338	366.701729876986	-0.000309557933460445	75.144906914122
315.001972262454	388.910188736996	-3.12372733419964	65.8782784800627
315.500838797775	366.70139567978	-0.000913644332842793	75.2248216533118
315.501761691325	388.918763910563	-3.12431820252946	65.980355752515
316.000994743434	366.700636587305	-0.00138221387173197	75.3288488008958
316.001791922781	388.927862785243	-3.12155966245401	66.0602354804542
316.500976120256	366.69984096368	-0.00124420231726532	75.4429063856595
316.501813086226	388.938716857604	-3.11749085688608	66.1236899860565
317.000815342329	366.699225964595	-0.000500203463939349	75.5606025923377
317.001622731925	388.951290498197	-3.11446474517732	66.1772861830302
317.500618495181	366.699169345887	0.000308199691994679	75.6631634828424
317.501207159242	388.964756099129	-3.11380552579596	66.233011106908
318.000460040691	366.699377928271	0.000539950092806148	75.7391183118862
318.00071426125	388.97793049774	-3.11543648394382	66.307069327938
318.500348937973	366.699616997807	2.45071188654235e-05	75.7684166642619
318.50029253113	388.990003884638	-3.11813980691289	66.4064600693917
319.000256405075	366.699421403456	-0.000742276856128475	75.7546033944852
318.999977224634	389.00084330502	-3.120264946283	66.5158036863497
319.500169086358	366.698989493205	-0.00107309787985172	75.7103431626043
319.499707963597	389.011020597342	-3.12080364378393	66.6021906002606
320.000102904268	366.698489502694	-0.00068321185770623	75.6692493149195
319.999425590837	389.021289093576	-3.12005876314317	66.6379434921845
320.500077490694	366.698418466184	0.000188353827331142	75.6489480776979
320.499127339366	389.032009469674	-3.11909832126414	66.6211925597163
321.000085566241	366.698750507068	0.00105680938611135	75.6620189286046
320.998834960263	389.043100262045	-3.11867247952606	66.5746477402006
321.50010429535	366.699530548318	0.0015305581509406	75.6964222068318
321.498549000928	389.054242264648	-3.11881380456683	66.5228237020677
322.000122507314	366.700338968374	0.0014748168684908	75.7442675053469
321.998253220917	389.065310158749	-3.11909946444962	66.4684121227489
322.50015459703	366.701061182602	0.000971837230457589	75.7898675041867
322.497950717544	389.076323372381	-3.11912247522303	66.393166610178
323.000219119597	366.701339703776	0.000213213699480918	75.8342972127203
322.997664792147	389.087514171893	-3.11884080455395	66.2844950037035
323.500308884339	366.701246798987	-0.00061819016420547	75.8706070567048
323.497421424003	389.09887405341	-3.11861426039456	66.156292588814
324.00038092881	366.700635284745	-0.00135847730198475	75.897257040191
323.997215181963	389.110308912805	-3.11885420755293	66.0404682211291
324.500393384451	366.699780236429	-0.00181974004996635	75.8986136945212
324.497005053236	389.121459912064	-3.11954382684812	65.9589664042732
325.000342089912	366.698735626746	-0.00182026628159181	75.877742398331
324.996734507932	389.132352616968	-3.12004765291083	65.9068193637933
325.500270050814	366.697920577616	-0.00134642873254748	75.8435061749296
325.496398674496	389.143186950333	-3.11969701273955	65.854346759307
326.000240823211	366.697352218179	-0.000689185266719759	75.8230610329345
325.996067911263	389.154560592538	-3.11858374534876	65.7682329562129
326.500303383654	366.697149904282	-0.000310882130894585	75.826165958661
326.495842396957	389.166521312871	-3.11773237961863	65.6351641141151
327.000441769943	366.696910920578	-0.000457892337057032	75.859684447257
326.995716390394	389.178819807797	-3.11801372351971	65.4779977959559
327.500554563927	366.696570130849	-0.000810799544991621	75.9103321160482
327.495502694877	389.190772954587	-3.11884388510667	65.3388334320119
328.000521231338	366.696051688505	-0.000696342021793886	75.971685948035
327.994931887169	389.202702448288	-3.11833852891136	65.2454226016305
328.500344848783	366.695884472637	0.00012842652659324	76.0278748181128
328.493969773752	389.215460525493	-3.11559804168407	65.1878494767494
329.000179162342	366.696187524578	0.00110455901020628	76.0774769482531
328.992956919735	389.230169329328	-3.11213010339501	65.1381965434651
329.500174160422	366.696984819507	0.00148064202892416	76.1150468300961
329.492360181857	389.2464579916	-3.11030533867162	65.0751948855375
330.000325905896	366.697695813179	0.00105468215376997	76.1524362188231
330.007093149903	389.264456596386	-3.11078777209575	64.9479735625655
330.500523881079	366.698084495096	8.95395048807041e-05	76.1925126037615
330.506028998956	389.280851315723	-3.11253906666841	64.8927933883408
331.000679165082	366.697776968611	-0.00108632233305601	76.2417058739482
331.005189614394	389.296032951221	-3.11432139534333	64.838037189087
331.500764999817	366.696903458384	-0.00213715629669534	76.2886122014181
331.504638183716	389.310000285222	-3.11561318389867	64.7814282225682
332.000774375921	366.695491167418	-0.00264711635857661	76.3345805911965
332.004300017382	389.323345062714	-3.11606771449602	64.7283641800783
332.500709623553	366.69408219209	-0.00236169308802682	76.379107571977
332.504137323408	389.336461768259	-3.11521514761199	64.6708424072058
333.000593511603	366.692931896551	-0.0014663183300422	76.4333727508567
333.004110045835	389.350334648061	-3.11265609499837	64.6090460025115
333.500472496617	366.692404757176	-0.000491542379298754	76.4882195330503
333.504059953564	389.365494687068	-3.10926355734388	64.5354155409395
334.000384941051	366.692262945084	7.64497301103123e-05	76.5352210221208
334.003741867627	389.381978266976	-3.10712086352389	64.462609224094
334.500334152259	366.692390898919	0.000105276070891493	76.5562349121801
334.503093194191	389.398548857265	-3.10802272129535	64.3997035392124
335.000287117378	366.692382537435	-0.000190181310408057	76.554064884314
335.002314491662	389.413918242892	-3.11144556502383	64.3636364236497
335.500221107665	366.692272317442	-0.000553837401651145	76.5313962252127
335.501679846048	389.427366535665	-3.11491425817233	64.3460648778835
336.000159924287	366.691881159642	-0.000912347289657646	76.5039571438485
336.001299149765	389.43964515848	-3.11578812143722	64.3395379628756
336.500161274818	366.691359030395	-0.0012631175475464	76.4737198693588
336.501072062578	389.452070038768	-3.11393175376181	64.3271676358358
337.00025546682	366.690585816592	-0.00149271144744301	76.4519498614859
337.000817449423	389.465470063835	-3.11181278394527	64.3133131648028
337.50040086646	366.689840095003	-0.00141860249563113	76.441176597954
337.500483955876	389.479288608093	-3.1120156292156	64.2961532695146
338.000505821371	366.689147636457	-0.0010411927230921	76.4532296726781
338.000161799793	389.492428719008	-3.1144685806678	64.2865440105586
338.500520318036	366.688746040186	-0.000671547306244412	76.4826952726432
338.499917295344	389.504289605865	-3.11716060819157	64.280717700766
339.000483037438	366.688344144844	-0.000759888062872133	76.5272453433062
338.999716497796	389.515257838862	-3.11818830480721	64.2833053827618
339.500467673337	366.687771021352	-0.00148740575599819	76.5697210248124
339.499488541089	389.526227323051	-3.11737751020348	64.2842704632958
340.000489700587	366.686608649798	-0.00250719842830073	76.6031864689259
339.99919605841	389.537843783953	-3.11570083886575	64.284592965798
340.500496638049	366.685042207561	-0.00316725244692809	76.6134313549571
340.498847290653	389.550308657962	-3.11415995510177	64.2758448232275
341.000438961864	366.683279057053	-0.00300685194132214	76.6053285045783
340.998474982199	389.56345880595	-3.11297378439773	64.2700510638849
341.500350779364	366.681919295612	-0.00208778986167721	76.5867126039781
341.498125695371	389.577134532346	-3.11240123337611	64.2764345352083
342.000324591923	366.681077944672	-0.00092310495129318	76.5887811415416
341.997856445999	389.590872938849	-3.1128384078943	64.3168848440769
342.500397969735	366.68084902815	-6.79011566451086e-05	76.6304026255483
342.497644052039	389.604275883209	-3.1141496894472	64.3916082150336
343.000499261242	366.680822540863	0.000211764499830572	76.7187961626038
342.997341846557	389.617133985459	-3.11508377472406	64.4983134547911
343.500552723125	366.680857968894	-1.56412130041793e-05	76.8234677821978
343.496837093308	389.630027899629	-3.11485823150648	64.6130499116438
344.000570664728	366.680625283131	-0.000515620976208937	76.9194022870016
343.996260016108	389.643332236578	-3.11419807823005	64.7211713241611
344.50059449644	366.680199426207	-0.0010402879085138	76.9890706747151
344.495869285337	389.657074343026	-3.11449541684596	64.8035440549939
345.0005908356	366.679490158693	-0.00132103459992059	77.0435927923813
344.995771187626	389.670499955641	-3.11599216899567	64.8662045438252
345.500483266391	366.678822128117	-0.00116445528315418	77.0831674143182
345.495821340574	389.683279722547	-3.11796761146867	64.9160723145005
346.000259592694	366.67830008414	-0.000585329564578958	77.1075407627448
345.995845727145	389.695141833574	-3.11972480181805	64.9704740389862
346.500027166176	366.678235529	0.000119345936370327	77.1033992652362
346.495816162752	389.706409048482	-3.12118676046825	65.0274853786932
346.999945478817	366.678424242095	0.000469519116035522	77.0840088800915
346.995841697177	389.717001337821	-3.12242954984106	65.0886190354424
347.500092524232	366.678678337845	8.39329999604894e-05	77.0697458815285
347.495974318501	389.72725457647	-3.12333835683454	65.1443826383306
348.000381370154	366.678409853643	-0.00103219198384686	77.0878290954129
347.996101577732	389.737209694542	-3.12356694827766	65.1955029912404
348.500626489683	366.677492548546	-0.00230826827366117	77.1308034785297
348.496001309761	389.747506606572	-3.12313705694651	65.2331606913735
349.000684161538	366.675960095534	-0.00286690788106396	77.1844599770587
349.004080107869	389.757853256762	-3.12249329916107	65.3577081527444
349.500543608039	366.674510724014	-0.00231390213607149	77.224914438374
349.50442757277	389.768232028028	-3.12207192750951	65.3978985612678
350.000309321561	366.673516406496	-0.00117591294339834	77.2473604774424
350.004704048499	389.778610988682	-3.1217725760567	65.4450172173043
350.5001262309	366.673185716718	-0.000391837460301685	77.2419663274119
350.504683249928	389.789165050355	-3.12153445403837	65.5077818276525
351.000085977911	366.673019643608	-0.000463818062521946	77.2165139416368
351.004306373749	389.799601043382	-3.12164643517845	65.5863907212457
351.500169634875	366.672724880964	-0.00108761144151794	77.1772502293201
351.503725592013	389.809846158437	-3.12231741914458	65.6649906030182
352.000269558001	366.67203925532	-0.00149596546517689	77.1477811929392
352.003205875981	389.819524213928	-3.12313337198333	65.7231232407535
352.500298608807	366.671358891056	-0.00114143757483504	77.141073784498
352.502894756183	389.828868847731	-3.12361449247731	65.7491076966514
353.000259755083	366.670932291666	-0.000163025890593602	77.1754441558655
353.002745781712	389.837905771055	-3.12387222886955	65.7573184299803
353.500208872124	366.671064885175	0.00074637685935597	77.2436044604919
353.50263751117	389.846801298934	-3.12437220459865	65.7794658873632
354.000188401419	366.671421451927	0.000882846873181843	77.326225137777
354.002523333262	389.85528798975	-3.12515510709539	65.8412809949785
354.50022423869	366.6716918817	3.60440204358835e-05	77.3803283971915
354.502419174968	389.863468180626	-3.12574617050479	65.9398723359012
355.000322595745	366.671331769673	-0.00135746568826645	77.3906881624695
355.002339171733	389.871435150502	-3.12566893313783	66.0511536005794
355.500432810462	366.670372371464	-0.0025110289034447	77.3637443257982
355.502260445902	389.879607625511	-3.12507660445323	66.1495219330137
356.000457029829	366.668950203012	-0.00282184312180744	77.3308568949427
356.00213998363	389.887947937752	-3.1247344127264	66.224107878277
356.500360958465	366.667661538543	-0.00226409823666049	77.3014899790382
356.501930055688	389.89624125421	-3.1253481058134	66.2764804141155
357.0002233162	366.666711427571	-0.00132425235397592	77.2848147278909
357.001627747126	389.903911049355	-3.1268733436673	66.3131624897274
357.500142376231	366.666289058373	-0.000513855679588967	77.2787312866121
357.501310373868	389.910772299754	-3.12851481960011	66.3398542382855
358.000141051145	366.666116961591	-8.41728780561991e-05	77.2913956412819
358.001105408387	389.916949735939	-3.12925221075093	66.3636914342434
358.50020699182	366.666096276224	-0.000169149147690761	77.3143287626135
358.501072723497	389.923129643636	-3.128588008052	66.393980661742
359.000335502089	366.665801703271	-0.000808092201735422	77.3497670560781
359.001129131609	389.92985887192	-3.12706092540717	66.438726570403
359.500474336213	366.665148227998	-0.00157418693716651	77.3950195014499
359.501109376584	389.937284413417	-3.12612996849607	66.4955781582184
360.000504497544	366.664146778738	-0.00166235336531984	77.4578920207382
360.000931731559	389.944682937777	-3.12715124427723	66.5489911728634
360.500374935954	366.663415060416	-0.000833358324383232	77.5235402619776
360.500673464424	389.951117207321	-3.12992704886544	66.5789145390522
361.000183850061	366.663166851982	0.000114123859123066	77.5771370895836
361.000474434054	389.956126156727	-3.13249962926838	66.5741311454246
361.500065297828	366.663350632552	0.000266700458682855	77.5947388388176
361.500398847813	389.960342906816	-3.13306158758862	66.5389844544063
362.000043072824	366.663371125356	-0.000353043196762505	77.5785565662263
362.000403035716	389.964784770832	-3.13166136782422	66.4902792507187
362.500055540118	366.663084402363	-0.00109502619519709	77.535924211951
362.50040602667	389.970144699866	-3.1295316318494	66.4437687519664
363.000067064575	366.662388967229	-0.00158673267811825	77.4897193768227
363.000378298772	389.976552132886	-3.12719568807421	66.4012899000439
363.500104266471	366.66153256126	-0.0018872844802954	77.4455275778304
363.500333625251	389.984431018495	-3.12290641224181	66.3472916785792
364.000195996233	366.660464790985	-0.00209994425822812	77.4138614689596
364.000145590249	389.995924136091	-3.111187731881	66.2461941872211
364.500318417494	366.659383043201	-0.00217042947947135	77.3924289943425
364.498820021945	390.017127950783	-3.0816759770808	66.0427835410343
365.000409638585	366.658254667479	-0.00206556557243034	77.3878976220087
364.99222911151	390.059646098498	-3.02255764032484	65.7174362444808
365.500445928544	366.657264449682	-0.00193301679357527	77.3913155266206
365.469648016834	390.137149240354	-2.93298757677812	65.38541043012
366.000466382407	366.656223848456	-0.00205352102102242	77.4018431602809
366.064886675602	390.322678874767	-2.79954089509291	65.291748878833
366.500505185017	366.655082412382	-0.00252790514242953	77.4077263570545
366.502649698347	390.494403279487	-2.71755276881714	66.2064736600808
367.000518171	366.653611454709	-0.00298307120291353	77.410211598649
366.90610614025	390.668952386549	-2.66623881781981	66.9858529949849
367.107379304134	390.808296708733	-2.65662103015676	67.3841419289304
367.500423430983	366.652138697142	-0.00265858684476106	77.4038220392975
367.497808800862	391.003676078659	-2.64219954038472	68.8944138551222
368.000204440763	366.651091814095	-0.00110717728622429	77.4025167435262
367.881218318711	391.192563835893	-2.63752605384883	69.5606193512419
368.091848906283	391.346580194082	-2.64085689459185	70.1187403243413
368.499967059815	366.651104391446	0.00103467879900523	77.414420460216
368.47807618838	391.536178151472	-2.64017667334003	71.3355355688987
368.999862917645	366.651986476443	0.00229456896571929	77.4511789243281
368.859071816373	391.730207657989	-2.64116542463044	71.7086390201534
369.070987236416	391.880329269007	-2.64324010294304	72.3750386504008
369.499936176232	366.653127038823	0.00180895402714948	77.4946241936299
369.460336603591	392.066515803626	-2.64027805211826	73.1905993548419
370.000080201504	366.653629387301	0.000204699525025577	77.5243481543026
370.050658355259	392.414093057338	-2.63199773013329	73.8400753514076
370.500206026249	366.653360072953	-0.00140141815904014	77.5155461372468
370.439144439621	392.603135697537	-2.62941392757353	74.2021900158924
371.000353541729	366.652331591452	-0.00265428295599079	77.4796035425213
371.026749950139	392.953970650964	-2.62910134623985	74.7564439483757
371.500545671767	366.650794994736	-0.00365449852298063	77.4373800943879
371.414572069731	393.146855560952	-2.62474375771813	74.6892779347397
371.616619661314	393.299072011686	-2.62132487561939	74.5980105231606
372.000654565972	366.648771586575	-0.00415748173423036	77.4161057724427
372.000220337626	393.499620422059	-2.61782028032932	75.0418569505
372.500551176647	366.646752031877	-0.00368265320026723	77.4100074760145
372.382731985134	393.70259246663	-2.61977283951127	74.6679592729088
372.584045021509	393.854150688026	-2.62193931880778	74.932082816906
373.0002936002	366.645150967596	-0.00226023263328494	77.4141741180307
372.972136846092	394.04837296124	-2.62306686515272	75.1357966015661
373.500079751844	366.644408061848	-0.000653452425843835	77.4211022920147
373.554879326647	394.405091683734	-2.61844942531446	75.1040310426348
374.000049279659	366.644264978208	0.00021176459305528	77.4440126068031
373.942573558703	394.599460645416	-2.61850901688175	75.0800028379411
374.500169484517	366.644339319886	-2.31295124946638e-05	77.4795380260768
374.525740531316	394.954985971562	-2.62446108477077	75.2259165179323
375.000294302132	366.644040432763	-0.000950881596283751	77.5204622458077
374.913984217384	395.15083885966	-2.62434715636569	74.8682955232834
375.113147840425	395.302662941137	-2.62145687110678	74.7326535255639
375.500343329355	366.643312741805	-0.00188897106406992	77.5431483308589
375.498431860879	395.502731107149	-2.61918865268938	74.9760638173911
376.000374933691	366.642145403015	-0.00246340755171384	77.5518095012844
375.88080858118	395.707342345026	-2.61936627613688	74.5029193350988
376.081489389744	395.858179238721	-2.6201836973382	74.77210771907
376.500457178081	366.640839759955	-0.00261589686692787	77.5616451272849
376.469410473916	396.053151167779	-2.61938776478235	74.9315804985096
377.000537862226	366.639477098965	-0.0023763926754426	77.6003070484905
377.050975396792	396.411910891407	-2.61535739348141	74.9364943263317
377.500512523489	366.638354555979	-0.00182823318281001	77.6606728345695
377.437838216467	396.607165217394	-2.61666486170996	74.8894127995607
377.640272364126	396.757696163316	-2.6191798789896	74.6262967700366
378.000356909655	366.637502548134	-0.00115376424795342	77.7236324184026
378.020979513143	396.963823448466	-2.62161351560853	75.1324115327687
378.500153349179	366.637054343764	-0.000613346231615647	77.7567050612052
378.406259148332	397.161221343626	-2.61919509331407	74.7857698410256
378.607209928213	397.316462182889	-2.61558187505316	74.7442677537706
379.000012441106	366.636781247297	-0.000430600144662456	77.7566331855762
378.990599348372	397.516092742969	-2.61203239575465	74.9741622986639
379.499997411009	366.636567588617	-0.000695930700516627	77.7292553157886
379.368648240903	397.725436009835	-2.61248233831226	74.4381447255104
379.571652411912	397.876896889628	-2.61352590336472	74.7958503374414
380.000090388785	366.636072284616	-0.00132891453443292	77.6989880795031
379.95783257319	398.07250834013	-2.61415903496632	74.8436311421571
380.500214679896	366.635271367547	-0.00202501050710981	77.6721607289644
380.538549353096	398.43376376105	-2.61289146456051	74.9015557986014
381.000291691742	366.634129511557	-0.00236695259328891	77.6581007439107
380.924055217836	398.630718858798	-2.61459340236429	74.789296385807
381.124592525454	398.784379354533	-2.6175363824311	74.671437225628
381.500300220659	366.632994686413	-0.00215778364520353	77.6528805814655
381.507483140927	398.987052721999	-2.61916896307482	75.1469182970969
382.000278151663	366.631990216792	-0.001636207358959	77.6652342919273
381.890737787111	399.188496193404	-2.61662404535506	74.7427602408621
382.091229542687	399.343189782491	-2.61416609476335	74.8770875106301
382.500267332021	366.63127916988	-0.00118544423303961	77.6894270167017
382.476434681984	399.540542023814	-2.61357503709511	75.0365472263305
383.000261210683	366.630694166134	-0.00092679271230391	77.7228301966332
383.057624064116	399.899713626021	-2.6193378186625	74.9361471994584
383.500223898244	366.630304473727	-0.000681850202450153	77.7457668847171
383.446495263759	400.093733710152	-2.62114047376965	74.8471880564223
384.000149159404	366.630046923244	-0.000363193503638618	77.7549136646612
384.028511004165	400.450216091621	-2.61814961858726	74.8570034633655
384.500097152731	366.629972665168	-0.000331410691844751	77.7464412858276
384.415199383609	400.647565034805	-2.61930973053969	74.6069484607385
384.614726768087	400.800254450175	-2.62121129600201	74.567414318942
385.000144152575	366.629668380039	-0.00110972559151395	77.7331362044015
385.000016160776	400.99997194193	-2.62226550308256	74.9742778251254
385.500278508926	366.628810005406	-0.00254710486385772	77.7133963776879
385.382729537137	401.202982502658	-2.61950288940738	74.5636117921291
385.583721936113	401.355226505169	-2.6172362953607	74.808362430002
386.00037508205	366.627207613008	-0.0036111972748938	77.6939073984927
385.970278744075	401.551306115375	-2.61478973104263	74.9845904610396
386.500329282594	366.625416716648	-0.00341932675815001	77.670655761244
386.551473605394	401.911235798272	-2.61647028638117	75.0066621691267
387.000181414084	366.623939667655	-0.002316112220937	77.6525980879351
386.938313839163	402.1061449269	-2.61568388875171	74.8916642752173
387.141123979061	402.257785585587	-2.61414729479736	74.5450418268709
387.500081365195	366.623029276752	-0.00154134302892559	77.6365905732805
387.51982862944	402.465854778854	-2.61385168167746	74.9803176997772
388.000139598213	366.622154108955	-0.00198696578339715	77.6297551571511
387.904367112077	402.665787194786	-2.61695888341794	74.674558196816
388.103542637674	402.819467080326	-2.62013231496711	74.7382882689511
388.500311500925	366.620834206681	-0.00328762708358288	77.6261480422615
388.490143727981	403.017201736382	-2.62176333604659	75.0817642172207
389.000433968175	366.618869112864	-0.00415637718926842	77.6280511827782
388.870931293136	403.223893321849	-2.61884908364433	74.6135630093477
389.073041409785	403.37374410612	-2.61672305098105	74.9816468579338
389.500409072004	366.616861959151	-0.00366475481006872	77.6260399730228
389.459948942787	403.568835927269	-2.61569715409557	75.1122491693712
390.000295479431	366.615368387827	-0.00214666416240222	77.6302032962143
390.041918199248	403.927772290494	-2.62005621982215	75.2553894961362
390.500201399303	366.614711721586	-0.000668492275286914	77.6457799899485
390.429231954877	404.122158804639	-2.6197938599617	75.0880772750724
390.630891510343	404.274395033629	-2.61768887079056	74.8172599031608
391.000156511129	366.614555248626	7.03517590140809e-05	77.6826308671349
391.01213910172	404.479013906973	-2.61561220300712	75.1853209942353
391.500130283185	366.61461954211	0.000200612824646509	77.7249520125789
391.396067556574	404.680408129813	-2.61724005570102	74.764026027862
391.595622702085	404.833900044478	-2.61839503566789	74.8741360870091
392.00010787702	366.614662394477	0.000254594384617741	77.7655984360282
391.982253676928	405.030795296658	-2.61896977221825	75.0904297917675
392.50010180522	366.61483167452	0.0004329186360398	77.7944407480948
392.359827257417	405.241834917649	-2.61591106990425	74.5531156583435
392.564066459088	405.389752782865	-2.61416950171254	75.0019711670043
393.000109907444	366.615060959693	0.000473974903984953	77.8172096834191
392.950185519815	405.585416563717	-2.6127714959844	75.0826393740025
393.500105019718	366.615316829675	0.000246671239302374	77.8255685908392
393.531480281962	405.945849664069	-2.61592358108255	75.3255322070733
394.000060267221	366.615423230878	8.21681093851868e-05	77.8253334555981
393.916916437881	406.142920225066	-2.61452038908197	75.0971747876176
394.117163963898	406.298534830838	-2.61331946396647	74.9791110227808
394.499981535211	366.615546407126	0.000192294069738996	77.8168107404837
394.499726001616	406.500473133229	-2.61406781004377	75.3331267069013
394.999916585493	366.615639349561	0.000128207207440136	77.8075556844863
394.881826704338	406.705573565368	-2.61903312720178	74.9066594459881
395.082048750011	406.856463944905	-2.62294486182945	75.1899177954565
395.499935868342	366.615553526805	-0.000760043769275365	77.7826354776758
395.471297156085	407.050309355876	-2.62518312418075	75.3584341916525
396.000078109516	366.614780050885	-0.00245294607213211	77.7414746036233
396.054094249901	407.406140000951	-2.61890384271793	75.2354475575776
396.500295448186	366.613204686592	-0.00405273392155844	77.6912355505547
396.441801878917	407.600570771301	-2.61747811123147	75.1259362554201
397.000468107476	366.611033295449	-0.00453323519284299	77.6644503742871
397.024080801236	407.958417019828	-2.61813660182663	75.2262793265621
397.500505872883	366.60898402725	-0.00365820848814701	77.6737758328849
397.409523439543	408.15633021978	-2.61635499011417	74.8692754332118
397.609392428233	408.311520090064	-2.61417817685309	74.7989806905685
398.000413748113	366.607479147998	-0.00217379285601129	77.720182870073
397.99319840158	408.51175180551	-2.61378618364161	75.0627224616305
398.500260831705	366.606675703762	-0.00101842028087574	77.7738783077287
398.373643756141	408.719551132114	-2.61827534227292	74.5578938612611
398.575145721417	408.868994824446	-2.62119328989251	74.8991522367075
399.000110104994	366.606243671977	-0.000480913963991273	77.8153651156138
398.964095507622	409.062757792412	-2.62343436929337	74.9729554569824
399.499993469494	366.606055808525	-0.000149942329392256	77.8283925622403
399.546361186356	409.419328531062	-2.61888499990894	74.9212403991466
399.999927816088	366.60605214806	0.000381457661484727	77.8244071912971
399.934133566002	409.614520943665	-2.6180197263029	74.7945701283504
400.134984914398	409.765096434228	-2.61918642941355	74.534071240218
400.499940630988	366.606383300348	0.000823398109943713	77.806419394976
400.516949882701	409.970534765355	-2.61995604602586	74.9745085230396
401.000052923504	366.606739843285	0.000389619971654569	77.7803592325753
400.901990751991	410.169719097538	-2.61780156701627	74.5786374069776
401.101973578511	410.324374963686	-2.61534248447256	74.6020169194382
401.500226904971	366.606672473949	-0.00112950569312829	77.7368529954992
401.486484969718	410.523205046694	-2.61442698233971	74.8609499472143
402.000362407404	366.605720466527	-0.00287716018078523	77.6917073468965
401.864132178996	410.732950044992	-2.61647617575205	74.4306328406485
402.068323658225	410.882281189986	-2.61860759715007	74.8947119401292
402.500390606403	366.604084939241	-0.00387367372955432	77.6645525949145
402.455510543416	411.076503205336	-2.61738673352857	75.0428270808867
403.000333690532	366.602104192325	-0.00398992763820914	77.6777825574367
403.036774919979	411.436862627883	-2.61253852989403	75.1647020471144
403.500249361275	366.600209326431	-0.00361420746939696	77.7133714229477
403.422318086694	411.633937750129	-2.61442937784065	74.9707788246718
403.622467660732	411.787936348241	-2.61698113014339	74.8163566984676
404.000167555471	366.598510092047	-0.00302734613892986	77.748855637382
404.005808944996	411.98987349886	-2.6203955953021	75.1766353537785
404.500116961649	366.597152268132	-0.00248420988563659	77.7611930857369
404.390294797745	412.19195448393	-2.61954005157181	74.6840123010521
404.589355018782	412.344164017976	-2.61772349996028	74.804530087194
405.000140298163	366.595943228954	-0.00243239400018661	77.759118961011
404.976524674956	412.540968210348	-2.61726628042211	74.9467461919479
405.500234425307	366.594658118706	-0.00301575733832652	77.7484871483043
405.558543475125	412.897841252586	-2.62253616881985	74.8798406282125
406.000317429853	366.59301579347	-0.00366767551281183	77.7431797918088
405.947633684909	413.091001486472	-2.6226694142517	74.8257393195513
406.500315601643	366.591239261589	-0.00357372972402365	77.7405185012606
406.529975322423	413.448501506073	-2.61563358537397	74.8334899343324
407.000237441827	366.589693292007	-0.00247104050405338	77.7506900345649
406.914744519606	413.646217988886	-2.61368377739783	74.5451529751496
407.115461696441	413.802185402301	-2.61341705014727	74.4425061049746
407.500131220576	366.588857891583	-0.000769956525535133	77.7718426311224
407.497874493855	414.003644035362	-2.61241614468614	74.7354969273194
408.000023079728	366.588804370759	0.000791276443834875	77.8024391401847
407.877390641735	414.210429797337	-2.6103487497108	74.1840832752127
408.079020512882	414.364627853556	-2.60947656089257	74.4285096275667
408.499938799306	366.58937860739	0.00147703837275336	77.8141464844032
408.464284742943	414.561552587506	-2.61268925316374	74.5160879261043
408.999924111473	366.58997842381	0.00088289378905091	77.7907810122976
409.045800562926	414.920017766078	-2.62326889390143	74.6282856565069
409.499990681927	366.590090402164	-0.000635954755691817	77.7261153091118
409.434928885684	415.113626839565	-2.6236123910047	74.5660614772762
409.63621571273	415.262427017611	-2.621658464535	74.296134871658
410.000077778496	366.589412864569	-0.00207462665105346	77.6520551207801
410.017875442911	415.46899801158	-2.61755629821447	74.801773834729
410.500127674362	366.588260274611	-0.00270625844533647	77.5977994496273
410.402639271872	415.668283252533	-2.61697862888868	74.5376980276961
410.602353521148	415.82269666831	-2.61838490925062	74.6219588309026
411.000155942424	366.58694829149	-0.00273116190208064	77.5886354922373
410.988190651311	416.020454677983	-2.61911611427724	74.931357830801
411.500203032552	366.585686547334	-0.0027646659020682	77.6116660328071
411.368210271015	416.228678000175	-2.61765789549117	74.3860357940456
411.570352529962	416.378008757857	-2.61647261859561	74.722522364656
412.000255593316	366.584319219764	-0.0029989256437736	77.6499333768921
411.957982883088	416.573183665812	-2.61742104679924	74.7582474661801
412.500261319551	366.582889654126	-0.00300659009516203	77.6779887889657
412.53995984876	416.930102476024	-2.62257815964004	74.8430840011839
413.000198077941	366.581556804943	-0.00237391904180558	77.6952100994181
412.928474858596	417.1245430871	-2.62131137477889	74.6797254179006
413.129252014235	417.275984217398	-2.61867938185993	74.4469857372671
413.500108713303	366.580666688045	-0.00137481939998644	77.69929115978
413.51122140427	417.480643175449	-2.61545579481952	74.8619847701526
414.000064482351	366.580143465486	-0.000894181348340454	77.7009257090584
413.894239965719	417.682249858126	-2.61488107742372	74.5027092714397
414.094374348492	417.837140857427	-2.61551462045319	74.6457340743649
414.50009875439	366.579637656163	-0.00150035238084031	77.6945107761972
414.479938679542	418.034596119304	-2.61427400496055	74.878591912482
415.000171139825	366.578635410298	-0.00271440173986559	77.6819523369478
414.856013926852	418.248045945164	-2.61151223860266	74.2962800363008
415.060436527556	418.39604328767	-2.61066929984547	74.7548828052945
415.500209142652	366.577171969103	-0.00334543867376602	77.6532761900711
415.446667398907	418.59203270959	-2.61353771527124	74.7216321332864
416.00017360887	366.575684547809	-0.00259126233720853	77.6144375159514
416.028758066949	418.949989659732	-2.62237592898503	74.8538273919805
416.500080388911	366.574857699217	-0.000803478890804816	77.5652333079496
416.416193474238	419.145852640154	-2.62248442042481	74.5540078972486
416.616158235069	419.298513512538	-2.62016470672722	74.4233486928515
416.999981254328	366.574852253463	0.000740147552526103	77.5202565071548
417.000328032443	419.499431342956	-2.6175863210248	74.7476446245582
417.499943601905	366.575338493796	0.000989512391620179	77.4812993322195
417.382514785259	419.703624289177	-2.61811153106982	74.3143394376799
417.58324496264	419.855640328112	-2.61912855099831	74.5727268359799
418.000013242844	366.575597676896	-1.61271505398385e-05	77.4587812505107
417.970571252166	420.050879401971	-2.61863038106148	74.7282037559543
418.50016425655	366.575255283668	-0.00139776867941816	77.4492182335545
418.552084281755	420.410551374173	-2.6143345624748	74.6518233574448
419.000301966748	366.574265695147	-0.00234861400644017	77.4591112615191
418.938239375866	420.606107261896	-2.61494037828995	74.6014250128734
419.141067993123	420.756652560681	-2.61716315406251	74.3111110481713
419.500348782668	366.572969884712	-0.00268560279390671	77.4786834372714
419.520741694152	420.964193070314	-2.61909415296679	74.8576816639832
420.000305800665	366.571581917093	-0.00269191346610667	77.5025903298859
419.90585488036	421.162204093153	-2.61709981134058	74.5668627915108
420.10614557607	421.31748719058	-2.61490126945126	74.5548145798478
420.500223591831	366.57029440182	-0.00256611834349142	77.5110034170431
420.489956022637	421.517271976811	-2.61369213681769	74.863379813777
421.000138565374	366.569148159487	-0.00220011715725819	77.5048382491372
420.869213372967	421.725659872837	-2.61600774628323	74.4119115931909
421.071568778177	421.875917526164	-2.61829024680318	74.7980821034267
421.500058166102	366.56832287165	-0.00153455300981118	77.4879882738558
421.459441007229	422.070448696511	-2.61854103713919	74.9187152569661
421.999985606346	366.567815346142	-0.000942984612598485	77.4809358103083
422.040794110938	422.429108756364	-2.61613854318932	74.95513943515
422.499944879435	366.567493592373	-0.000969563987443159	77.4844903997971
422.428406542768	422.624835830438	-2.61933412740065	74.8040099370278
422.628364687608	422.775385190358	-2.62261862356885	74.5994365964972
422.999965671689	366.566938885979	-0.00175375703141847	77.5021856900258
423.012543517088	422.977996331589	-2.62692539231425	75.0379183533048
423.500039066156	366.565922692044	-0.00275593870858544	77.5232633236648
423.399790049932	423.175889579888	-2.62718396603919	74.6569539234777
423.598928316031	423.326187860019	-2.62701580616696	74.7064447817201
424.000107705388	366.564481675008	-0.0030987409158956	77.5483334013664
423.987990244902	423.521415874289	-2.63189815401933	74.9812954191384
424.500125173611	366.563133912356	-0.00226859351634659	77.5645850254886
424.378159540142	423.725204437735	-2.64844812971825	74.5394055205244
424.573797106627	423.859516528951	-2.6612521572641	74.8615504217473
425.000104153284	366.562351454565	-0.000669938851292369	77.5709964172919
424.98011639726	424.040685282811	-2.69019613483138	74.9228459203996
425.500094494241	366.562312927657	0.000549334930064167	77.5589266555025
425.397102914244	424.231673180675	-2.72233053868292	74.3931776805337
425.572010364055	424.331036274009	-2.73545960681778	74.5817778927507
426.000125027714	366.562541937073	0.000399111287531724	77.5369659155619
426.002358434121	424.493811073217	-2.7702751932925	74.7654770479641
426.50017039104	366.562423234908	-0.000951899896341294	77.5050931299151
426.449004353954	424.648551312882	-2.80921881832635	74.8386682773894
427.000176371491	366.561611079255	-0.00224676129912576	77.474572644976
427.043826884611	424.855862601797	-2.85807379738771	75.4507168222704
427.50013115592	366.560441394435	-0.00250656458804066	77.4436798796723
427.506133635863	424.979093019432	-2.87500454918431	75.8225432416071
428.000081817685	366.559329417136	-0.00201561017056098	77.4226194089529
427.971167786304	425.098519807319	-2.87334327995091	75.7886430819852
428.50007068491	366.558474087391	-0.00160172306354717	77.4102494328503
428.431010346912	425.231101706944	-2.85751161498965	75.4712893904353
428.565686649181	425.282897370621	-2.85141196332927	75.4588323279032
429.000084250686	366.557698916928	-0.00155568500917095	77.4158186517301
429.02395607117	425.422027255606	-2.83692962640331	75.6243335851382
429.500084411261	366.556918911868	-0.00166238612375296	77.4348501186452
429.482976270587	425.555503183842	-2.83630149785341	75.8101467890677
430.000061259346	366.556047774888	-0.00183719628194434	77.4739053912465
429.941701029808	425.693619940941	-2.85040805486333	75.9869521588152
430.500036929021	366.555073725588	-0.00219184459948842	77.5249985370381
430.534864750709	425.878394986091	-2.87503879353465	76.665148182249
431.000032271866	366.55388068434	-0.0026992556194644	77.5834456819555
431.000973714813	425.996597016299	-2.88066080892184	76.901594036084
431.500047881915	366.552511337401	-0.00308365259946579	77.6270750089922
431.466281045742	426.11586898791	-2.87223505524683	76.708768781308
432.000067313483	366.551053915864	-0.00304814597716034	77.6531180059245
432.059755056952	426.303240316776	-2.84815171531837	76.3005826028933
432.500072345334	366.549746673833	-0.00251835189543854	77.6613820705251
432.518084423323	426.440837150398	-2.83779319841672	76.4118681363613
433.00005639303	366.548723581318	-0.00169699790274577	77.6670350015733
432.977895079531	426.573397870179	-2.84252194127092	76.60761723531
433.500031847959	366.5481008761	-0.0008477794080115	77.6669181736376
433.439071148184	426.709802097806	-2.86336073250348	76.8808022513719
433.567497083273	426.75697435649	-2.87205284895124	77.0538734937794
434.000020342174	366.547828004789	-0.000149983639671596	77.6671474704076
434.031223257716	426.880807676084	-2.89964665033185	77.7687258191777
434.50003247045	366.547845502496	0.000257610799188042	77.6635780919697
434.503428076487	426.985951381813	-2.92226272231337	78.1598716265575
435.000059546367	366.547937978477	0.000194089280235534	77.6570914832541
434.981599623298	427.082569906916	-2.94080826649768	78.1087639679437
435.500091866764	366.547889193402	-0.000437073853077501	77.629243255066
435.464854179261	427.17693184219	-2.95618132807766	77.7340742604289
436.000130231434	366.547416216796	-0.00149845276961704	77.5835771461901
436.036626298753	427.290245615289	-2.96987615080301	77.2684838108922
436.500170145071	366.54642043917	-0.00264588227858448	77.5318505011405
436.519525895752	427.3725982771	-2.98055377245489	77.1085547756615
437.00018920393	366.544920421578	-0.00351391904281282	77.4978263489956
437.007391734692	427.445917490115	-2.99111623940544	77.0566020335035
437.500170494402	366.543175292228	-0.00383133926068525	77.4733682574781
437.49841763912	427.512767370814	-3.00253528780442	77.1004530819061
438.000123459082	366.541447973227	-0.00355663645288312	77.4500348785828
437.991583752134	427.574552162898	-3.01531932202459	77.224433564595
438.500074025375	366.539980229242	-0.00295676328698016	77.4159467313369
438.486535603753	427.631817709441	-3.02968818454265	77.4024974671289
439.000042949274	366.538747134639	-0.0025044643353387	77.3826543293648
438.983010361174	427.684582719724	-3.04417110904864	77.6329477880457
439.500039292135	366.537597361954	-0.00248953069977976	77.3531906942808
439.480494804724	427.733289602004	-3.0573144787658	77.9021483453717
440.000057910413	366.536312679965	-0.00274432668976171	77.3411721342514
440.015924943926	427.77927115385	-3.06874246597982	78.3840715777813
440.500079063071	366.534929564058	-0.00274436197973644	77.3465614982635
440.512347473351	427.814876760093	-3.07715683261729	78.7614871307252
441.000081813965	366.533665879253	-0.00216802390852485	77.3737568354003
441.009401474111	427.845741175174	-3.08446973590979	79.0983628774524
441.500067703955	366.532793850087	-0.00137409889573775	77.4050076565539
441.506971176066	427.872725665523	-3.09109544290813	79.3726849986143
442.000059641671	366.532220078952	-0.00118426011018042	77.4306605966716
442.005102754723	427.896353962946	-3.09661672872622	79.5812311112755
442.50007160956	366.53157573745	-0.00187418434141946	77.4377463759512
442.503724181479	427.917465980972	-3.10085429107504	79.7386174004937
443.000085941837	366.530544439978	-0.00265326637919175	77.437693255967
443.002664632585	427.936573220763	-3.10436212742068	79.866580628279
443.500075867176	366.529319149892	-0.00253914083591786	77.434752334508
443.501800194789	427.953978829684	-3.10768004304925	79.9800934661957
444.000040270121	366.528328813243	-0.0015678190265265	77.4363328290467
444.001100090116	427.969786750754	-3.11057245474036	80.0846889494087
444.500006092889	366.527795820532	-0.000822766226064991	77.4271070317441
444.500535576147	427.984373921845	-3.11255313118854	80.1766528177348
445.000003743498	366.527354764231	-0.00132850298371161	77.4046542090324
445.000059653865	427.998170712593	-3.11372294843174	80.2409528586384
445.500037055936	366.52643590647	-0.00283688677553491	77.3700759459653
445.499645628549	428.011444325765	-3.11471061812839	80.2550679703976
446.000073857128	366.52482789488	-0.00395914693421948	77.3487069394375
445.999292775644	428.02419833211	-3.11592954694916	80.2039282100512
446.500082350935	366.522991963907	-0.003683365492641	77.3491522287721
446.498989540312	428.036370389329	-3.11721158259396	80.0936789963532
447.000062267449	366.521518231582	-0.00242921143729102	77.3723914669761
446.998711410621	428.048058923889	-3.11827214532792	79.9485934709842
447.500033661771	366.520630152823	-0.00131903731722084	77.3938197155494
447.49848330127	428.059289430722	-3.11941508953916	79.7940667467808
448.000015237941	366.520076235005	-0.000924480937162302	77.4071811915479
447.998396656779	428.069866163942	-3.1213166339251	79.6419087452951
448.500013979677	366.519567033814	-0.000949066772467835	77.4149630079108
448.498489998613	428.079307958537	-3.12384313715026	79.4911462249443
449.000022583113	366.519009552683	-0.000885087033155421	77.440934903452
448.99863378642	428.087622673599	-3.12573118323946	79.3391831136589
449.500028276951	366.51851547547	-0.000661712761113666	77.4842482503336
449.498676509916	428.095292884997	-3.12621514321609	79.1859029335664
450.000024378043	366.518105262923	-0.000646114456391152	77.5330042273874
449.998643041133	428.102950853044	-3.12615697482092	79.0290244954413
450.500015468901	366.51763870739	-0.00115270601441948	77.5546861578131
450.498664962516	428.110471971701	-3.12682330361715	78.8609439666635
451.000011820138	366.51687889541	-0.00202322915466083	77.5432775662809
450.998773489135	428.1175291146	-3.1283126833961	78.6798816828561
451.500017297146	366.515781195406	-0.00265357139929849	77.5071335816464
451.498907409152	428.123769336054	-3.1299788589287	78.4947670678132
452.000025289137	366.514562351147	-0.00251952447165056	77.4796268186242
451.999053048086	428.129287896687	-3.131550273464	78.3152518763391
452.500029650023	366.513582890051	-0.00172603661240389	77.4752159047164
452.499234295257	428.133984625832	-3.13313899774672	78.1391230646992
453.000031347903	366.512964802473	-0.00106647014375501	77.5023939457003
452.999409074324	428.137981150365	-3.13461551788852	77.9613181877431
453.500033684986	366.512442021118	-0.00137361812760322	77.5422206008025
453.499515415085	428.141283604754	-3.13569735824036	77.7861262583084
454.000035390568	366.511508147998	-0.00270304989882619	77.5780568040403
453.999591656788	428.144210457181	-3.1364293932763	77.6292502017208
454.500031446879	366.509911407473	-0.00406805135492627	77.5846703317338
454.499765005684	428.146670840985	-3.1373207935997	77.501942304118
455.00002118866	366.507942588218	-0.00423259190849628	77.565491871703
455.000127148158	428.1485484095	-3.13892651175408	77.4012689295707
455.50001110536	366.506257387614	-0.00301672385030247	77.5320507225767
455.50064360638	428.149298679625	-3.14133295111255	77.3088151544196
456.000006232458	366.505235131287	-0.00159928910475193	77.5115505799217
456.001169277855	428.148790895867	3.13919107729759	77.2064133805696
456.500006266663	366.504658174961	-0.00114714736452275	77.5077140361644
456.501535406951	428.146975145944	3.13700523966962	77.0892192799436
457.000007512508	366.504034967556	-0.00157536287932873	77.5225890526464
457.00164795584	428.144361269423	3.13575866685752	76.9722797919066
457.500006358276	366.503165520745	-0.00195063301858129	77.5412309895673
457.501519729971	428.141340050543	3.13563305826253	76.8739669822106
458.00000330421	366.502239515141	-0.00170941789189478	77.559117277295
458.001260957764	428.138599271319	3.13658126834845	76.7965141413157
458.500000922323	366.501538842688	-0.00107144583037086	77.5615355735758
458.501020560522	428.136443293763	3.13803329788641	76.720432142145
458.999999993425	366.501128937816	-0.000642668226324051	77.5510108458682
459.000928699514	428.134986224538	3.13888460622221	76.6299819880151
459.500000089571	366.50079819415	-0.00089118172299205	77.5271605429978
459.50103517057	428.133556797895	3.13826966762184	76.5331636733376
460.000000193223	366.500190475647	-0.00187507406661734	77.5056935491201
460.00129768648	428.131494154967	3.13622844949775	76.4560317185504
460.499997669744	366.499034805583	-0.00316812334685124	77.4905901304906
460.501614737365	428.128111897719	3.13344967743006	76.4140995558815
460.999989916048	366.497331006331	-0.00410725726229151	77.49516879537
461.001884135959	428.123359842164	3.13070403260582	76.3991200821345
461.499979254069	366.495353398964	-0.00425878718592917	77.5156528425512
461.502019141257	428.117350154202	3.12867259830251	76.3876048547516
461.999973769235	366.493464218324	-0.0037250951233098	77.5470099678963
462.001975013541	428.110712059117	3.12790649377323	76.3657404251158
462.499979029045	366.491889007301	-0.00293520987680279	77.5626108996417
462.501770165042	428.104035682356	3.12857406008958	76.340042259108
462.999990766743	366.490657960535	-0.00228546249160901	77.5537481968756
463.001485421665	428.098019328519	3.13027330035064	76.3284178341985
463.499999413343	366.489660272221	-0.00188036409578881	77.5210683120687
463.501201173462	428.092892276144	3.13228672533036	76.3409674572798
464.00000029592	366.488807736076	-0.00158209509356983	77.4914209373252
464.000968641841	428.088716526231	3.13395914507894	76.3739343154514
464.499996541516	366.488077878093	-0.00126823821018546	77.4753525793424
464.500813880904	428.085152880384	3.13489311786022	76.4128542342528
464.999993925429	366.487487432872	-0.00104271860409196	77.4760922526908
465.000749894727	428.081897107623	3.13497743205436	76.44001065066
465.499993497697	366.486959642356	-0.00112938768481214	77.4720303902523
465.500752426341	428.078517550302	3.13443548563223	76.4415060318128
465.999990856039	366.486338782599	-0.00159983347668979	77.4572553275648
466.000764603747	428.074884897023	3.13375680584593	76.416083024359
466.499982819372	366.48548708779	-0.002104088822113	77.4308777111548
466.500741091195	428.070968764256	3.13340282034218	76.3751796527962
466.999973054851	366.484516140439	-0.00205892461716205	77.4141313332368
467.000686823097	428.067024133037	3.13353639558915	76.3329152430833
467.499968130517	366.483739159556	-0.00126203059226262	77.4140134366664
467.500631130855	428.063202431868	3.13403071112981	76.2945095346903
467.999968659513	366.483417981095	-0.000259937840283313	77.4385515117344
468.000592480873	428.059670418076	3.13460929944694	76.2575750256476
468.499968443255	366.483433885353	0.000113636705160858	77.4763131876716
468.500566765818	428.056340248579	3.13496933542432	76.2225586568757
468.9999644239	366.483389354705	-0.000444511465798255	77.5235042754052
469.000545186938	428.053086178423	3.13487063463334	76.2006078063855
469.499962133719	366.482936915143	-0.00135829447862379	77.5636402500272
469.500525483218	428.049611874814	3.13423032980908	76.207830420574
469.999970930067	366.48215535724	-0.00172326727691921	77.5906727347649
470.000513533542	428.04573006998	3.13316947341478	76.2504495655842
470.499989919539	366.481400750364	-0.00135573140275622	77.5905308191011
470.500507727202	428.041276953072	3.13196303084692	76.315614274675
471.000001832882	366.480879642194	-0.00107401028859803	77.5700725309305
471.000493509848	428.036315710155	3.13096692641495	76.3785599404367
471.49999136389	366.480326823351	-0.00164615004708805	77.5360051676747
471.500451184016	428.031012288977	3.13056412024698	76.4174981716129
471.999963344028	366.479348356523	-0.00285022013780668	77.5088843882571
472.000376619188	428.025736714034	3.13097313584118	76.4235436614388
472.499935528077	366.477815014612	-0.00382760133256448	77.4904400944373
472.500285629709	428.020811690012	3.13196404098365	76.4023393052535
472.999922781302	366.475981512559	-0.00409196859721194	77.4838617696573
473.000201766778	428.016384559499	3.13286779415008	76.3694475821283
473.499926246309	366.474127819339	-0.003884292779816	77.4767345564877
473.500137308468	428.012243669238	3.13306915081552	76.3400455185365
473.999937023013	366.472364882011	-0.00370392157969288	77.4680907417672
474.00008880571	428.008016286812	3.13247050897045	76.3165396743424
474.499949597072	366.470628830143	-0.00357251494306702	77.4489902767652
474.500040636442	428.003372213342	3.13144856134414	76.2847398160732
474.999967046911	366.469014784665	-0.00306540588136158	77.4263480413958
474.999975516092	427.998214406617	3.13050357752101	76.2248564740207
475.499987228564	366.467734281235	-0.00210760215445368	77.400058538487
475.499888184826	427.99266242999	3.12998578612661	76.1305205949434
475.999995856415	366.466896705493	-0.00134891464832189	77.381291164192
475.999794304955	427.986963166684	3.13003130937892	76.0190752699986
476.499984946989	366.466249694541	-0.00128404420851915	77.3669579397979
476.499723599831	427.981426333948	3.13069040791376	75.9214819064922
476.999969350348	366.465554970187	-0.00149277468399222	77.3617487025486
476.999697924625	427.976369754863	3.13200379374644	75.8579904402835
477.499970391613	366.464848603825	-0.00119243490752031	77.3583981747532
477.499713303029	427.97210626246	3.1337516480715	75.8258214217489
477.999988594208	366.464432633495	-0.000372877310188555	77.3610535925481
477.99973818435	427.968673521621	3.13523555874071	75.8122128127976
478.499998728949	366.464331571317	1.86426710338289e-05	77.3617889250346
478.499734230335	427.965758559749	3.13566992577678	75.8119366160165
478.999975671158	366.464136350304	-0.00094083828438336	77.3604142574427
478.9996804615	427.96272873938	3.13484720683204	75.8255670642399
479.499919362068	366.463216326459	-0.00292194470335229	77.3450522060107
479.499589452819	427.959111363323	3.13337094267971	75.8471470514303
479.999855948375	366.461453090424	-0.00438341039555674	77.32205337576
479.999498869321	427.954784934015	3.13220249206055	75.8615988506051
480.499817836091	366.4593651001	-0.00416567349201454	77.3008127498206
480.499438526698	427.950084725524	3.13184831539314	75.8533543869625
480.999819172546	366.45769502694	-0.00274592597192568	77.3110730606886
480.999401752556	427.945343487907	3.13211749134518	75.8151181663875
481.499848935545	366.456669739035	-0.00148598920135456	77.362052200884
481.499380675912	427.940854770764	3.13279888585129	75.7512960550723
481.99989028251	366.456051477824	-0.00118380131466455	77.4438888006589
481.99939823437	427.936805257126	3.13401217814806	75.6769966161827
482.499931271493	366.455410841921	-0.00166760556891463	77.5101240097058
482.499454412798	427.933472106582	3.13548787810374	75.6089713165587
482.999961951925	366.454546442071	-0.00239721752568736	77.5318157669497
482.999464515764	427.930670876505	3.13610851287064	75.5517043262277
483.499971777454	366.453376473551	-0.00304626706503696	77.5025818999823
483.499336698254	427.927742816399	3.13482779167193	75.4932392679184
483.999957879669	366.451953508288	-0.00353411189237079	77.4528401566731
483.999079734425	427.923698168823	3.1319117928914	75.4204744634751
484.499934031713	366.450335858199	-0.00364171722192287	77.4030123943703
484.498801720887	427.918160287028	3.12893004646182	75.3344167788041
484.999932531661	366.448833836352	-0.00287210351553276	77.3714091752877
484.998622128536	427.911460053236	3.12753117072044	75.249834884617
485.499988529466	366.447932173387	-0.000784792005144067	77.3541621015371
485.498590662634	427.904629619847	3.12824929150174	75.1812114141697
486.000117137462	366.448288379171	0.00261088926513862	77.3511279141781
485.998647886866	427.898459067585	3.13021493631551	75.1314517099354
486.500297279252	366.450395524829	0.00697846017892121	77.3480874335622
486.498688730806	427.893288151042	3.13198271166329	75.0909771318268
487.000478267591	366.454658718687	0.0120170139622762	77.3431385832988
486.998650024622	427.888675089119	3.13266721989435	75.0485952713916
487.500598171152	366.461316791937	0.0175312834067103	77.3297302570059
487.49854646514	427.884184077892	3.13240559478054	74.9982708647415
488.000600120096	366.470588577498	0.0232877386657163	77.3174172521649
487.998434309946	427.879435496185	3.13194641355525	74.9390506458823
488.500440210521	366.482475956866	0.0287298051030203	77.3044631046092
488.49837860682	427.874607346717	3.13191418863061	74.8690010115103
489.000096419032	366.496710333075	0.0331020553908139	77.2939774505675
488.998408117446	427.869819048632	3.13231318645215	74.7858644649625
489.499589025768	366.512649703056	0.0357056773611597	77.2749242342995
489.498486604832	427.86526428068	3.13263497950571	74.6881693327237
489.998991676931	366.529451221586	0.0364285489353805	77.2538770216035
489.998517763273	427.86064759396	3.13235615575682	74.5786776994579
490.498394636021	366.546350419653	0.0356918486911183	77.2390094246284
490.498429730407	427.855767673139	3.13140888776841	74.4631736748418
490.997837455681	366.562829887157	0.0343046362837408	77.2518072973851
490.998234135815	427.850266805244	3.13019349939488	74.3526035104946
491.497291422915	366.578812156296	0.0329773364021615	77.288980777246
491.498013552253	427.844266044013	3.12921694856718	74.2582469070493
491.996722961349	366.594465620051	0.0322103723892689	77.3382157929038
491.997850496145	427.837813454272	3.12878213723312	74.1871999551588
492.496143934789	366.610195549541	0.0319413461027262	77.369045911934
492.497801453934	427.831354205123	3.12906734815776	74.1337450286277
492.995608639607	366.626137541785	0.0317298429831551	77.3720973248533
492.997875293045	427.825119293733	3.13011101692378	74.0825560125788
493.495157679906	366.642275963391	0.031079344389433	77.3473296692539
493.498017298795	427.819583540667	3.13153701362992	74.0143681609177
493.99477740455	366.658244884068	0.0299800694261206	77.3173332245002
493.998096708776	427.814584314429	3.13247167163813	73.9199652660159
494.494396400036	366.673951602304	0.0287979437810529	77.2951409330801
494.497987584359	427.809841466743	3.13219842919342	73.8011519947139
494.993952117315	366.689348483528	0.0280035773638615	77.2978111502163
494.997664387973	427.804548603059	3.13079839895688	73.6689665179994
495.493446950184	366.704818402673	0.0276781857617853	77.3275299114408
495.497249120913	427.798484625507	3.12905959941111	73.5325086375156
495.992955587441	366.720455316672	0.0275054406046076	77.3887759561743
495.996908205837	427.791489320679	3.1277120728604	73.4003815370039
496.492532896566	366.736392159429	0.0269855779912899	77.4659007402122
496.496692933107	427.784005342035	3.12686259169766	73.2762560328697
497.007448830935	366.752288395353	0.0258948620733798	77.9309949431604
496.996500424045	427.775993628166	3.12615442429761	73.1614589309884
497.507111132056	366.765025788867	0.0245386028079308	78.0060586491947
497.496315092961	427.767700815692	3.12565222520688	73.0521870440227
498.006811406988	366.776952638298	0.023319236934101	78.0424489539405
497.996335543116	427.759183915189	3.12610477679352	72.9531358190466
498.506459994321	366.788382487556	0.0225957575252547	78.0590591709375
498.496730516697	427.751371602393	3.12809171089147	72.874902258892
499.006068348508	366.799477189225	0.0223729798649939	78.0795339306683
499.002668179613	427.744484386462	3.13106050935344	72.7534239605906
499.505670497795	366.810515904328	0.0223379768672468	78.1080703980129
499.502189250593	427.739376851431	3.13351914917124	72.7352811863541
500.005269808537	366.821407519279	0.0221821240114988	78.1375318043881
500.00215477889	427.735127138065	3.13437729373697	72.7181488348615
500.50486710783	366.83214977038	0.0217590531381313	78.1599198138905
500.502309221317	427.731063673485	3.13379231306393	72.686161728528
501.004521335963	366.842554419259	0.0211661318710963	78.1681460701983
501.002363467332	427.726416665341	3.13272917924756	72.6528630206929
501.504287641097	366.852702420351	0.0207052913940006	78.1481819795666
501.502420479332	427.72124988107	3.13124053574432	72.6279508551299
502.004153316331	366.862676718167	0.0207113459587803	78.0888154341991
502.003360229554	427.71446477607	3.12644604769166	72.6000724152511
502.50402075643	366.872790259184	0.0211868406667501	77.9917065592875
502.506902324772	427.702501347024	3.11052289059752	72.4599799834622
503.003785161353	366.883108419811	0.0217077306054858	77.8722804274289
503.014325787428	427.674669276028	3.06533002649446	71.9898833418154
503.503407848596	366.893590846226	0.0217774324557552	77.7497158426735
503.519557940343	427.609717969753	2.96002776399964	71.0109899054478
504.002952362134	366.903940124036	0.02131371564986	77.6428849894389
503.995227501429	427.485721035312	2.79637942115791	69.9093705463063
504.502523740757	366.914046099446	0.0207423471014444	77.5657292443868
504.606684333265	427.156281778014	2.53598555579023	69.3043309857457
504.400603819484	427.31652405152	2.63061392702373	69.3280402421452
505.002190403753	366.923934396198	0.0205845568226435	77.5204496879137
505.163442218758	426.641549201998	2.26524692603096	71.2668660639761
504.932676076268	426.928954865122	2.37661960934334	70.5079211532188
505.501929601882	366.933853436177	0.0208553457277119	77.4908537824851
505.583005182025	426.052526936108	2.124342043762	73.2432292868151
505.380310273327	426.413663666228	2.18363068269289	72.3079949364424
506.001671494518	366.943839943002	0.0209866000514689	77.4464514624063
506.132732313424	425.071489235967	2.06578129426155	73.8171037706808
505.943080110008	425.468562667598	2.07245462737916	73.9406368689777
506.501378275157	366.95374117393	0.0205203170711334	77.355939088551
506.665246806186	424.089738508744	2.06947184573897	73.5018478332209
506.472212165665	424.484982585746	2.07008162472765	73.8076237048587
506.270499956905	424.876244521916	2.06731146214903	73.4736175579782
507.001072192289	366.963311465506	0.0196995256404335	77.2039999331269
507.197204604474	423.107475312289	2.0674025107503	73.4779396770088
507.00202079502	423.501100990957	2.06602236923379	73.8338194292458
506.806521968575	423.894838465048	2.06772832877253	73.4251376615875
507.500784127913	366.972577481914	0.0191148883780213	76.9996756049746
507.732113284904	422.123220714219	2.06105939275728	73.3364052579143
507.530990979938	422.516711805409	2.06731685963851	73.7888413461681
507.338865137083	422.912271926294	2.06878897622605	73.5554692692166
508.00051987341	366.981739180474	0.0190602467053794	76.769044520099
508.053926427811	421.528210837839	2.0549367644694	73.6924790785974
507.866447838909	421.929596075859	2.05750235999582	73.5934820040921
508.500260560824	366.991057535312	0.0195089500907784	76.5335919643759
508.57727206162	420.541486154567	2.06622765753731	73.5124521811745
508.388082588181	420.940666986968	2.06288278843372	73.443443379212
508.999977247714	367.000744900099	0.0204065473106041	76.2906192995915
509.105149418036	419.557339652458	2.06683195184322	73.705762604709
508.917055227954	419.954990580917	2.06483664033832	73.6630369618138
509.499646182053	367.011002231381	0.0216242663560958	76.019867598063
509.637082528978	418.573707285828	2.06593199157289	73.6160729898803
509.446592190031	418.970983026133	2.07018113172183	73.800786946259
509.99927363704	367.021924805005	0.0227766832687769	75.7143724673245
510.162341088455	417.586074313763	2.05916485715524	73.3820035942515
509.97228166455	417.985291164987	2.05761255267978	73.7483447169608
509.774216443791	418.379258130403	2.06244027348851	73.3700166301844
510.498901120944	367.033367975375	0.0233955869520758	75.3960868380826
510.691138284673	416.602568307609	2.06425265757546	73.1950888251055
510.496050891794	416.997885141848	2.0659621242873	73.5075669308325
510.299749230284	417.393093423183	2.06251497789157	73.2065430565124
510.998560684545	367.045022404337	0.0233218780111419	75.0910979903456
511.218803217173	415.61798576226	2.06430755950739	73.2781198408771
511.021393753774	416.011482577176	2.06048798567072	73.6668542858396
510.830022314661	416.409056440259	2.06157963475732	73.3018380053129
511.498226345657	367.056603577151	0.0229880770391746	74.7977903172522
511.548237493646	415.025975528183	2.06798518095781	73.6802034343734
511.357603658121	415.423113933483	2.06672315350676	73.4795437643671
511.99782591	367.068217559675	0.0231904256348124	74.4915281384
512.0734264943	414.038988848294	2.05969108260769	73.5281742158447
511.886144682527	414.439437038152	2.06075556622853	73.5509925371396
512.497330808046	367.080206888803	0.0241544009546827	74.1574662640215
512.601701575674	413.055201686512	2.06926366303664	73.2077033547045
512.411998777553	413.452484404091	2.0683630764549	73.2709869510695
512.996814412707	367.092847858365	0.0251605197775676	73.8115530570923
513.129154817045	412.069620152326	2.06053638309456	73.3829842661682
512.941381203563	412.468356150425	2.06158331120438	73.4233508700851
513.496394173901	367.105913816925	0.0255059408798583	73.4888442392407
513.6564699759	411.083913045945	2.06403596761432	73.4629901816449
513.465773252065	411.481600116962	2.06428730025504	73.6304567236807
513.264664475785	411.873451453999	2.06168899904073	73.1162527865581
513.996079521037	367.119138259335	0.0254021951092503	73.2130722243948
514.183868663459	410.098729840262	2.06511652727714	73.3182763888001
513.990727659462	410.495041638981	2.06169133032583	73.7374966077616
513.794979909003	410.890446718457	2.06230692786522	73.3480922730666
514.495746199093	367.132423514281	0.0255881664025708	72.9746364481551
514.718546772647	409.118019274893	2.06686397975154	73.0544960036878
514.51867485074	409.510124694923	2.07034075572804	73.4866531216412
514.324555667159	409.905038986947	2.06864471479643	73.2727229670652
514.995258263424	367.146147626646	0.0264298591448603	72.7395975905468
515.24942619292	408.133429039589	2.06286879512515	72.9567637987538
515.046146836619	408.524694202411	2.06106900560133	73.4731815311829
514.856987314274	408.923115824696	2.06377378821383	73.2829087789523
515.494617400769	367.160545438663	0.0275358161739865	72.473210224408
515.571922342259	407.538547792601	2.06389602952787	73.3847402056743
515.383083510624	407.93730668592	2.06451422077349	73.2891456719952
515.993959671992	367.175721280206	0.0282510788022578	72.1587338089563
516.095323200816	406.550892856959	2.0597453092019	73.4617221149461
515.908675124738	406.951334707789	2.05813654297354	73.4556320044555
516.493436613194	367.191326680304	0.0283897356370783	71.7997514449307
516.623145903045	405.565900164867	2.06556870076843	73.2686205115146
516.433488310754	405.964253410139	2.06715938937488	73.4172658728654
516.993039844667	367.207289407225	0.0284576223885083	71.4168647686786
517.148299039877	404.57853246195	2.05999623690013	73.1354625511266
516.959230214108	404.978409875563	2.05846678153611	73.4031332035383
516.757808348501	405.37094265505	2.06277174322883	72.9524714801975
517.492594998182	367.22361695007	0.029012158222541	71.0302592254223
517.676934448678	403.595085865634	2.06483112289852	72.9224071694851
517.48345007366	403.991129845712	2.06674583868293	73.2407137367333
517.28495039782	404.385394735397	2.06302594949624	72.897997480613
517.991894939468	367.240786986287	0.0301152224969822	70.6473713090799
518.204302387343	402.610279968571	2.0630649368301	72.8185514648989
518.008911114626	403.004791126112	2.06010306858937	73.2448710928793
517.816437801197	403.401408999766	2.0624749645862	72.9257853904768
518.50976429818	367.258396567249	0.0313902318498545	70.5367858291397
518.738277886702	401.629298354765	2.06685732634807	72.772180126188
518.535620694279	402.019357088558	2.06892502254761	73.1624440171585
518.34382946945	402.415325555434	2.06617628607947	72.9246695325229
519.009369584601	367.274595052457	0.0323836514458047	70.1982906794681
519.063682239642	401.034270540994	2.06379208288934	73.2785541530718
518.875144061649	401.432623528194	2.06446150568377	73.1267520372357
519.508660837836	367.290856108508	0.0330517995226693	69.8898853016511
519.593022586573	400.050108345711	2.06854901282302	73.0392486394695
519.403482893432	400.44794250688	2.06893307427663	73.1034656855581
520.007742272118	367.307168043469	0.0332921140230922	69.6394576989197
520.121197984957	399.06531644695	2.06434534755243	72.8570042711522
519.932657123534	399.46376440573	2.06371138853439	73.0328129838548
520.506799409387	367.323158070172	0.032894866425548	69.4374378663135
520.652867286256	398.082674440724	2.06783718276392	72.6412952866223
520.460847538824	398.478765542873	2.06969438343497	72.8753551615468
520.257302694513	398.868497546914	2.06695646252973	72.4874643054127
521.00591498138	367.338687041886	0.0320990622961006	69.2674520438413
521.181294305951	397.097194194816	2.06134674461163	72.5525039962184
520.988679937725	397.493923465893	2.06125425560081	72.8946593195882
520.79253058706	397.888183211246	2.06499557642173	72.5085022266806
521.505154547549	367.353715110006	0.0318330558519495	69.1185822523371
521.709305863158	396.111303317526	2.05859586394668	72.5489507361874
521.51293948275	396.506920556944	2.06230765690695	72.8483014288868
521.320042681071	396.903417319304	2.06267800270155	72.5380183180375
522.00458939863	367.368903640915	0.0330845136319765	69.0074655005165
522.233143192195	395.123475660345	2.06166115805349	72.565710141213
522.033694393998	395.51777187778	2.05597850072921	73.0293656058397
521.845057398891	395.918194042064	2.05577377816878	72.7515079191365
522.504168562594	367.384888988659	0.0354897353788728	68.9368038207664
522.558737930063	394.531454616398	2.06813116589543	72.926762123352
522.368332482533	394.929853949422	2.06532675954141	72.8089503994027
523.003715951805	367.401915150749	0.0373526860738013	68.8946941034842
523.088635710178	393.547559240523	2.07028833863488	72.8411271808004
522.899133370647	393.945884732546	2.06575715689142	72.8891994916369
523.50314506273	367.419300496679	0.0372993468267517	68.8384433333503
523.635289065578	392.57056929811	2.09909815177645	71.3549354039606
523.437223247138	392.966266104596	2.08933896981789	72.3128390996467
524.002514998037	367.436290003535	0.0358088331723735	68.7367508506017
524.223844320338	391.619647814117	2.21174577307735	64.7942172730901
524.001778933657	392.00096171616	2.1399881305222	68.735861443825
523.787712722941	392.384596489216	2.11157089392725	70.3460837286809
524.501885336537	367.452501680261	0.0341568047340766	68.5717197606951
524.696081011828	391.147077208972	2.49505876024097	57.74093316504
524.433553363111	391.454441824462	2.33951082251739	62.5925290641734
525.001258817483	367.468095302192	0.0330140002476554	68.3644548687838
525.012399790044	391.01387688433	2.67966516335111	54.8069247980762
525.500647695931	367.483312630852	0.0324442587222313	68.1443318774984
525.415758331245	390.846372443271	2.78712308018222	51.5464286617372
526.000058269881	367.498492550747	0.0325851124544605	67.9506431046336
526.032832692635	390.635601052447	2.91761921709025	50.648199905245
526.499448802409	367.513961923749	0.0331658337593401	67.7949945119707
526.506250182409	390.555208482957	3.03299102907582	51.0471893823051
526.998795386874	367.529779698848	0.0333326054292828	67.6753066213377
527.000948077124	390.519165064138	3.09468172042125	51.4026507783741
527.498152809056	367.545605493269	0.0323894236302254	67.5626514830354
527.500066315916	390.502756855057	3.11664517227563	51.533774936325
527.997571740569	367.560967668998	0.0307513762151457	67.4372282779803
527.99989550422	390.493092530965	3.12441429422316	51.5552248851631
528.497019536324	367.575782502512	0.0293095611897735	67.2814797062289
528.499846502217	390.486205913387	3.12885497006371	51.5447832754654
528.996454325149	367.590208203735	0.028439136182911	67.1052100481733
528.999856462183	390.481373681775	3.13332351396405	51.5318351179343
529.49590298199	367.604486163924	0.0278202481455277	66.9202698108603
529.499919270854	390.4787375947	3.13829104977439	51.5154709203147
529.995427436442	367.618595762076	0.0272067961717098	66.7480116424384
529.999989855584	390.47820588502	-3.14106758132173	51.5027002693237
530.495023343885	367.632654602414	0.0267376180599156	66.5898704891714
530.500008346997	390.478719869291	-3.14050667422469	51.4915287828097
530.994606254005	367.64678404066	0.0267218953539692	66.4459422278505
530.999950295913	390.478568457248	3.13933534007124	51.4850457182752
531.494104077294	367.661349930053	0.0270866351597004	66.3012809865645
531.499818079761	390.476234037149	3.13369935754536	51.4703667488943
531.993556088847	367.676376217921	0.0274033171665739	66.1513543261042
531.999628437257	390.471341012176	3.12861917273162	51.4431163525399
532.49304987971	367.691851322555	0.0273336688944659	65.9906764916595
532.499450239951	390.464675951999	3.12628680020369	51.3987972389592
532.99262621774	367.707427516067	0.0269216392290508	65.8344604109779
532.999392662678	390.457669096816	3.12708826152751	51.360179789324
533.492297862049	367.723016553855	0.0261337269742846	65.6935097267733
533.49951176756	390.451607562521	3.13047187197411	51.3501036229011
533.992132279821	367.738156755716	0.024673454945019	65.5748188374999
533.999752282792	390.447609789327	3.13583403726162	51.3870030928321
534.508089390738	367.75258869758	0.0223934766081673	65.7521613475148
534.49998071538	390.446328174603	-3.14118303422499	51.4497414128514
535.007422635648	367.763667749058	0.0200836631710649	65.6456543529641
535.000088663591	390.447692094362	-3.13646472752502	51.507832408902
535.507078370936	367.773720288474	0.0186022455382059	65.5130631231839
535.500072278696	390.450486417206	-3.13505300679986	51.5304724931353
536.007018898277	367.783223340751	0.0184069759811594	65.3627310982944
535.999993168078	390.453149901273	-3.13710458464434	51.523690486117
536.507052180224	367.792919254562	0.019217975987299	65.2002365856301
536.499883954778	390.454226500266	3.14145395823796	51.503980749472
537.006996201394	367.803023294498	0.0203557124864584	65.0235487058615
536.999723611954	390.452801503807	3.13537273208836	51.492096996967
537.506818001628	367.813642366686	0.0212808521301784	64.8211100430223
537.499498416708	390.448466759838	3.12950482655458	51.4758595923352
538.006621485719	367.824509655171	0.0218573405108362	64.580459736121
537.999270624744	390.441861553563	3.12612215825787	51.4363326248026
538.506438530339	367.835571079467	0.0221674230704607	64.2926609693431
538.499159794347	390.434467345819	3.12657333346159	51.3532163697183
539.006188797544	367.846641098763	0.0223432508332255	63.9615355031019
538.999209479015	390.42797047903	3.12963070564121	51.2433277686644
539.50582042797	367.857798097791	0.0226350364027185	63.5998138352466
539.49931092994	390.422945484195	3.13256968999921	51.1380476284043
540.005395953264	367.869062972931	0.0232386520817119	63.2186742586321
539.999327751804	390.41893903341	3.1335717679738	51.078823052556
540.504943174376	367.880607281333	0.0239130735082778	62.8192995550905
540.499250066686	390.414937487431	3.13288735699915	51.0758738129484
541.004414759619	367.892268968952	0.0241204688089785	62.4046641179566
540.999196372822	390.410560297752	3.13205660952477	51.1208100916689
541.503815346882	367.90388349093	0.0238362260748685	61.9895725915257
541.499265704843	390.405985813432	3.13235391128922	51.1777639226241
542.003267341772	367.91536228351	0.0238379275961653	61.5925226884042
541.999412405328	390.401866477154	3.13365348561478	51.2187839140553
542.502849883727	367.927129867042	0.0249489885610646	61.2162261206142
542.499497277378	390.398367560319	3.13502039035667	51.2205561473708
543.00248983259	367.939722962335	0.027224416078449	60.8458977868581
542.999441248472	390.395405368027	3.13572591213281	51.1919241427212
543.502030882709	367.953581332052	0.0299561234245665	60.4662154419549
543.499282056555	390.392463044073	3.13554795301724	51.1514229287029
544.001403217918	367.968677048974	0.0322829660879459	60.0788321029261
543.999129559077	390.389250656888	3.13467487175748	51.1288003358044
544.500674426145	367.984701076838	0.0336680118988579	59.6995672575488
544.499104893017	390.385561219393	3.13403548209257	51.1300330458721
544.999951139004	368.001142860292	0.0339309382445169	59.3358548486272
544.999248977351	390.381937389913	3.13461044015384	51.1528199419621
545.499260062868	368.017546925517	0.0333675016646848	58.9722612727572
545.499403799986	390.378768199277	3.13560030887841	51.1788779252385
545.998557964707	368.033746183257	0.0327771485596821	58.5851861867608
545.999279288679	390.37575439448	3.13444537116006	51.2051642724161
546.497797079596	368.049953050811	0.032964613218522	58.164710370714
546.498770209433	390.371347847113	3.13030130045693	51.2299464134005
546.996938241291	368.066670862166	0.0341903222770215	57.7152138896189
546.998147285668	390.364764931222	3.126016681663	51.261368364804
547.49596832299	368.084303487757	0.036131131613727	57.2449664053236
547.497861033855	390.356761748152	3.12540692049767	51.2891507453086
547.994935440495	368.103131158037	0.038273488207685	56.7659867045559
547.998147003697	390.349611752161	3.12920514631547	51.307671709317
548.493959793983	368.123063159485	0.0400879923725774	56.2958348059339
548.498800866839	390.344823569218	3.13477707992044	51.309433215751
548.993143162344	368.14390543412	0.0410652780372005	55.8481634251974
548.99940577812	390.342639797843	3.13894566246198	51.3042463682226
549.492499539299	368.165123387072	0.0410493641825511	55.4207307814613
549.499737289194	390.341830876213	3.1406484440155	51.2959868805579
549.991885137293	368.186555021331	0.0409032181336453	55.0025251204045
549.999863942886	390.341503544808	3.14087561619329	51.2938757530327
550.491008604384	368.208431809584	0.042289982317858	54.5863056436058
550.499881527504	390.341044255259	3.14060198255294	51.2932769240195
550.989489650431	368.232143784954	0.0465766571346275	54.1748503156062
550.999691732591	390.340301025131	3.13932059578885	51.2955921868559
551.513612021193	368.261094141321	0.0537772482504803	53.7287262839888
551.49912209438	390.338333858574	3.13599407150155	51.2939768589343
552.012782815247	368.292182432015	0.0608082170499621	53.3956585148317
551.998189456886	390.334263178887	3.1308980496194	51.2902442919433
552.511169004086	368.324866024395	0.0653036303839848	53.0954665945058
552.497207379329	390.327459163908	3.12606806052244	51.2766231212391
553.008875231106	368.357880730045	0.0666710094003758	52.8477810321806
552.996645361448	390.318778942425	3.12381219227466	51.2559353935927
553.506457073478	368.390086792701	0.0662105184365713	52.6652939843266
553.496773083548	390.309605705054	3.12491010533553	51.2309535444324
554.004436770903	368.421504589547	0.0660631524439173	52.5503362248832
553.99733083916	390.301689078702	3.12841512569647	51.2132725201018
554.502884614484	368.452835646737	0.0680262920755929	52.4466994289398
554.497419017286	390.29587085016	3.13309781128027	51.1672315743695
555.001110142833	368.486116313149	0.0756672201374196	52.224311301374
554.995131862683	390.292339603208	3.13494403484937	50.9500127562454
555.496710069512	368.526608570075	0.10043764587166	51.6363120118153
555.48678188945	390.285706168624	3.11458549642901	50.2575007701475
555.981707042213	368.588603875701	0.171881438777687	50.4223742966555
556.049471478784	390.230866533545	2.9958658599118	48.4688333794122
555.963835594824	390.254398364617	3.0278078033282	48.8345259035611
556.431655682567	368.699428738156	0.327665985260366	48.6146983895049
556.601774301651	368.788470431633	0.429495696391564	47.6801821206426
556.540321894158	390.094572949575	2.74463607511735	46.2799008190659
556.990317467574	369.012457038143	0.656401427564238	46.4058267636623
557.175585349334	389.650991209411	2.32862386958287	44.5418896260339
556.924585372205	389.897229133215	2.50677154195131	44.8823678370066
557.452630023767	369.525287856723	1.01588500011906	47.0388893235868
557.632107035233	369.961649339824	1.29605278353209	48.8579045129053
557.72540339236	370.470654963679	1.48920216714226	50.7311386713496
557.747341010765	372.500975858371	1.57814492270258	52.3473003449047
557.743806716207	373.000860573928	1.57570637194798	52.3918775699667
557.741873395449	373.500881075584	1.57312374369747	52.4262456694752
557.741000976678	374.000992582074	1.57158070748654	52.4413345892972
557.740723948249	374.501045186563	1.57139013115639	52.4260374263239
557.740111235894	375.001067402027	1.57229289611793	52.3796637423684
557.73893310642	375.501212601699	1.57378311828104	52.2951894599207
557.736776900607	376.001562333942	1.57535398300834	52.178658206345
557.733933206999	376.502081748547	1.57674212396564	52.0366851768592
557.730275811095	377.002644260476	1.57796526519692	51.8857019679161
557.726147061507	377.503010636575	1.57895263220914	51.7356448292572
557.721506043203	378.002909693369	1.57946092212636	51.6131739645182
557.716855579014	378.502303353486	1.57942017900047	51.5453705076209
557.712237510771	379.001478304573	1.57890939889552	51.5527405952757
557.70818532924	379.500794519118	1.5777131069303	51.613817893553
557.704937346768	380.000413889753	1.57560718966197	51.6914057365129
557.703059491586	380.50033832607	1.573242736393	51.747864049873
557.702035861808	381.000569590595	1.57230963173192	51.7798505887477
557.700939441277	381.50110411223	1.57390242186593	51.7920128186041
557.698372931086	382.001803526823	1.57716538814136	51.7872516902747
557.694223291379	382.502357235941	1.58002797590702	51.7426510146042
557.689008888686	383.002455203357	1.58096399831392	51.6481291012859
557.6840446141	383.502032604389	1.57981575186459	51.5141379291768
557.680022256237	384.001299529939	1.57734824504598	51.3826008039658
557.677536117715	384.500545864637	1.57446645339304	51.2856491903323
557.676341296667	384.999977894183	1.57210475350317	51.2460858493125
557.676084504779	385.499741767269	1.57116072639592	51.2589872229407
557.675726528088	385.999932302501	1.57192082264568	51.3115848595083
557.674778258147	386.500476350854	1.57334591071271	51.3698475409991
557.673164493109	387.001389991557	1.57389003498077	51.3890767411655
557.67128034169	387.503609972455	1.57506978501903	51.2624556783568
557.665315162845	388.00965322795	1.59047855782835	50.7584804348498
557.637134125215	388.520036092245	1.66497995621021	49.5097461446617
557.544403135714	389.013716669412	1.86820972613337	47.4823008462718
557.369204716166	389.427235687512	2.14887271183028	45.5554974018702
557.754158125756	371.007495777815	1.55859868478113	51.8888251099995
557.755128402707	371.501101882571	1.57471565220782	52.2487697899136
557.751642194622	371.999113601011	1.57860013000181	52.3527078647568
