292.747932236208	373.001715686558	-1.56436022478735	63.6358179150635
292.744897461881	373.501393223845	-1.5662034139947	63.6320369631863
292.742592253546	374.001194835445	-1.56727351492451	63.6442132767572
292.740777931488	374.501088968346	-1.5675628656949	63.6479941504527
292.738962764177	375.000981322379	-1.56779750801266	63.6256531067915
292.73747305886	375.500851938356	-1.56819179034261	63.5697816408487
292.735976226445	376.000735688618	-1.56805876164085	63.5051620863414
292.734278713149	376.500642022547	-1.56704890361077	63.4518982732048
292.731821679815	377.000544377506	-1.56592535495599	63.4233011515961
292.729059107683	377.500484055084	-1.56552620636673	63.4052721795584
292.726121627217	378.000581034994	-1.56555572233572	63.3913213425316
292.723252844803	378.500881471472	-1.5652161795438	63.376473533626
292.719919517225	379.001255275983	-1.56427694419309	63.3691829128488
292.716117271822	379.501526915192	-1.56306922724123	63.3593416411741
292.711602440083	380.001612567191	-1.56199457789655	63.3388262673309
292.706824886967	380.501498567651	-1.56162178942283	63.2951131146062
292.702101018183	381.001194188059	-1.56249745578835	63.2381454386708
292.69826276393	381.500817836591	-1.56431488546288	63.1747269816905
292.695243344246	382.000588395023	-1.56569801139791	63.1171381642586
292.692715772057	382.500626284581	-1.56576329717532	63.0625682901221
292.689910945935	383.000790740562	-1.56529358591933	63.0235548150943
292.687146606756	383.500830238589	-1.56581327070899	63.0086232814196
292.684964143466	384.000690353388	-1.56793202983623	63.0300306496588
292.684385589543	384.500669411495	-1.57138369468296	63.0872570097553
292.686025070572	385.001300927112	-1.5765356954983	63.2305837776495
292.691506819427	385.503074263213	-1.58531873260819	63.5935535251137
292.702726932388	386.006159099388	-1.59799016107134	64.4035619395336
292.719602948072	386.509986824608	-1.60568929450191	65.8176604466633
292.735770266217	387.01206137203	-1.59708899632025	67.6999079456743
292.746566363569	387.507816205858	-1.58758932767015	69.5080365487058
293.105484475287	368.547627232952	-1.15761892237019	63.0213055299843
292.960576978804	368.988634293973	-1.30328420523241	63.3328244534818
292.859288574883	369.477362809062	-1.42427974366743	63.7364095520796
292.803401477847	369.984960245259	-1.50187738016651	64.025172331805
292.777708911766	370.493298461626	-1.54118092625215	64.0805246606808
292.766638661673	370.99753923091	-1.55743178500645	63.9905614084343
292.761049263862	371.498591834857	-1.56208278951902	63.8702963373125
292.756462177327	371.99838026455	-1.56245646935575	63.7804594201325
292.752057312857	372.498188298555	-1.56281225249234	63.7257530368818
292.763760661305	388.005157785561	-1.62209525906006	70.6820520209371
292.825436974212	388.528749313394	-1.74096945151117	70.9738821592668
292.958734854433	389.015079436425	-1.92263336736246	70.9986180363859
293.130718323258	389.421157294392	-2.11122600741613	71.2656896882798
293.681684738877	367.67391480622	-0.806235117083781	63.2527006289346
293.460824892249	367.970288969451	-0.921041075428667	63.2340300452594
293.315618109046	389.641483009801	-2.23385193013933	71.3546864230634
293.55440829703	389.942386418783	-2.39762623087554	72.7278766028898
294.179143256259	367.233097435887	-0.650667056177991	63.946458085912
293.953442278145	367.447526258651	-0.717004681712691	64.0813670268421
293.875628998935	390.16594926821	-2.52153592016765	73.3622019850007
294.093206140801	390.350578456186	-2.59568621506827	74.153705205613
294.510126134467	367.014963286174	-0.585549331139546	64.8588528954316
294.480066093704	390.538455404568	-2.67198064568361	75.0969474880636
295.084634721533	366.650100623979	-0.511344726668921	64.9577273194108
294.882276491665	366.804726073429	-0.535828303291698	64.7207035279199
294.899415099056	390.728693962768	-2.73698144023221	75.2756607921048
295.071709193234	390.824215757766	-2.76133988814153	75.6467537671725
295.48045517627	366.461854527295	-0.473645300178814	65.2509193282304
295.508265091316	390.977367262812	-2.8018738294466	76.0191056532919
296.071712027158	366.159913910359	-0.417722828089308	65.2209850874636
295.891534633783	366.268038354397	-0.43474768439293	65.0033652593664
295.959412273457	391.12059718536	-2.8222165475733	75.7676578502955
296.497226215128	365.993346924271	-0.388958149974745	65.3897521780609
296.552939688446	391.333686835327	-2.82628547908659	75.291592043465
297.095997105453	365.747217367586	-0.370101855209046	64.8851342263739
296.933185069046	365.829854141519	-0.372698058311956	65.0714181110813
297.008156785929	391.472960343303	-2.83326851678996	75.2607289179647
297.530027223607	365.581070056071	-0.361832970965213	65.0403174459023
297.470246248085	391.605613772456	-2.85338542877627	75.2785105462569
297.975266031272	365.430136869144	-0.347222833984306	65.1247426882303
297.937614605384	391.740059333669	-2.88608766984286	75.4317314504379
298.054876337014	391.778787532363	-2.89541744638583	75.6372968489227
298.569128321755	365.211812726905	-0.311925588477087	65.340830370581
298.423892526234	365.274849868975	-0.322184414438818	65.1735855502335
298.525242853625	391.890480622687	-2.92512134682989	76.1806376683364
299.022906870823	365.073578496232	-0.287900912935284	65.8035089812976
299.002999499466	391.98629894357	-2.9422255931798	76.4324543094645
299.484908675554	364.949472111858	-0.275714916234468	65.8937377501748
299.48363144388	392.077157982148	-2.9472355141405	76.2990125959213
299.948446194907	364.82198716843	-0.277246246493625	65.5862818469828
299.964237099839	392.171925973037	-2.9421990477998	75.8428921804089
300.538413769877	364.633161074067	-0.291134440402616	65.2944262648232
300.541245450438	392.304696219232	-2.92803837771601	75.216147290876
301.000646245416	364.502273970449	-0.293120335626048	65.3047741541078
301.018761115281	392.409468970803	-2.92003339230397	74.9581028244751
301.464864900213	364.373430175851	-0.28121069615773	65.3963739310947
301.497905885387	392.510361177279	-2.92088502732743	74.8196902337999
302.051286906412	364.199637189219	-0.249092871111056	65.8193809945225
301.97844375103	392.609979698141	-2.93057390342997	74.8461008296078
302.521231912848	364.086574374447	-0.22620888624531	66.3045373408662
302.460307671527	392.710364007272	-2.94828966992277	75.0246703698963
302.996780095097	363.98635319967	-0.213955260726171	66.4726023035648
303.030332806866	392.824459320107	-2.97265903488368	75.610173558427
303.47410628276	363.887722965747	-0.213784593666017	66.26064630609
303.51601561183	392.90275533892	-2.9890313124684	76.0142728670931
304.058465952549	363.748037679341	-0.228549383261488	65.6183612338058
303.949636140987	363.780034607805	-0.224664681504551	65.7799912027289
304.004355124116	392.972535584932	-2.99905067437612	76.1867483228673
304.530528620077	363.630164455609	-0.241727929589133	65.4098785693772
304.493936915196	393.038931229187	-3.00186292354919	76.0860564565296
305.004280899706	363.518543972768	-0.245258323028758	65.3247374507563
304.983323692998	393.106715640322	-2.99748127337521	75.7291574514241
305.479594962852	363.409192308212	-0.236727303241895	65.3801327254059
305.471252789457	393.180559630765	-2.98688115215804	75.1825236595061
305.956320450664	363.298987212989	-0.218015788776216	65.5785358210582
306.037183257141	393.28269561997	-2.969444467436	74.4938347691027
306.533746490315	363.167616628312	-0.191353764674515	66.1794867013251
306.522181651978	393.372259718971	-2.95644888249145	74.1796752382715
307.01554290217	363.079187016959	-0.176717271421866	66.6188530164595
307.00687965142	393.460482592296	-2.94947152730416	74.0175957032307
307.499667327653	362.998278592552	-0.170671700094983	66.8011857062098
307.49166975104	393.548310707802	-2.95029387358891	74.0228985725875
307.984328076005	362.918191847984	-0.172479805872492	66.6642486715267
307.976892216542	393.636496176517	-2.95883611560012	74.1988518003281
308.468115366743	362.832695994959	-0.181305419154426	66.244910342427
308.462643690483	393.725936199874	-2.97358496787542	74.5044364922938
309.041903749895	362.712079424717	-0.198100480920535	65.6068813865261
309.02710287492	393.824391539058	-2.99128950259667	75.1763490652924
309.521900331694	362.611635105206	-0.209122907227632	65.3256529484763
309.51586358216	393.895698577146	-3.00161521446796	75.6052537368676
310.002764558696	362.514270507259	-0.212644753486066	65.1839823976548
310.005866742362	393.961240935174	-3.00642146364152	75.8001028360064
310.484410468726	362.418037528498	-0.207440987641606	65.213561221563
310.496184171515	394.025083664795	-3.00603752886917	75.7240741710793
310.96687741344	362.321415441618	-0.193731337427789	65.4249420246756
310.985993195539	394.090905469153	-3.00063062711006	75.3903955584537
311.535165199889	362.206608247655	-0.170473817112062	65.9965858676987
311.47449056582	394.162519318128	-2.99013748648269	74.8519321409037
312.020655985172	362.125798371663	-0.153385208761261	66.5653466397264
311.960710289712	394.244556531382	-2.97530179042607	74.2140676310899
312.040313155908	394.261432579124	-2.97242440047245	74.0858676588618
312.5087763827	362.055020036832	-0.14199261765766	66.9657584983571
312.525467278479	394.35202000961	-2.9576731514167	73.7209408151763
312.998332550259	361.989335205885	-0.136816933441199	67.1080359580465
313.010223341315	394.441245817968	-2.94859742977372	73.5088816095454
313.488259116977	361.924323003957	-0.137872649531031	66.9788453296263
313.494780780735	394.5299422929	-2.94752393154786	73.4644221695521
313.977433732772	361.855635973457	-0.14558816665554	66.6224937237655
313.97942785261	394.618923910773	-2.95425394460168	73.5857263690505
314.464779615728	361.778687561818	-0.15872562662248	66.1190660438131
314.46437393337	394.709244162069	-2.96780071587613	73.8405694461925
315.029406273751	361.674013052156	-0.175721725410083	65.5931688713678
315.0299404735	394.812059571579	-2.98630619613783	74.4756780221177
315.514642540627	361.587144988801	-0.184283652834365	65.3129753565725
315.517822458578	394.885859764723	-2.99851612185014	74.9882050619823
316.00033303753	361.502015540525	-0.185476902293503	65.1491779011665
316.007311693642	394.952602912787	-3.00537043311711	75.3280734043189
316.486607233025	361.417689939103	-0.180209893686911	65.1385941511419
316.497463537096	395.016495330641	-3.00669411968315	75.411706249688
316.973150136577	361.333256581266	-0.169877026280814	65.3008539678404
316.987463785761	395.081334314402	-3.0031453323051	75.2052233397227
317.535213461578	361.233584034537	-0.152757412142991	65.7543873932699
317.476772855315	395.150639359835	-2.99579327367583	74.7363121045206
318.023151248306	361.159137997435	-0.137505583186029	66.3003792894248
317.965416389355	395.227695372504	-2.98727260868941	74.0973021430924
318.513177606268	361.094859454329	-0.124254285371871	66.76841828457
318.526403453309	395.324425293	-2.98382852622876	73.4560954470674
319.004982716002	361.037511352426	-0.115179169651924	67.0635829516477
319.013351491707	395.398186134486	-2.99513606860277	73.0452512907554
319.497888248357	360.983652499695	-0.111673245552534	67.1382156939609
319.504029051067	395.460450088237	-3.02195481225396	72.7382370903863
319.99097982865	360.929875784433	-0.113633007404814	66.9958213948213
319.999486796945	395.507621036503	-3.05911080255799	72.5695940819876
320.483443769061	360.873117591174	-0.120025930319142	66.6838355304894
320.498702612469	395.537264318388	-3.09729264813517	72.5031563404553
320.974718762891	360.810553508097	-0.129655531786204	66.2738190995425
320.999486346448	395.550678994798	-3.12749469932191	72.4819540479549
321.532333548011	360.727173266689	-0.143176336967892	65.7600645834296
321.500264472645	395.552423454086	3.13672215105982	72.4599474082985
322.021662190127	360.65022004587	-0.154809688516543	65.5259219479727
322.000609909044	395.547472914965	3.1268433454814	72.4466111029768
322.510751117671	360.574054310131	-0.163368848148202	65.3392358445359
322.500646927745	395.539322065804	3.12230719147855	72.4487300956653
322.999688579269	360.497852084288	-0.1669203769963	65.2098724986858
323.000531347286	395.529785196956	3.12060117501639	72.4721479361403
323.488742342599	360.421392955158	-0.163580631999911	65.1610275328618
323.500358237066	395.519908529384	3.12044301442766	72.4934242959951
323.978351096434	360.345085812486	-0.153134873966015	65.2395553602212
324.000179908828	395.510133561826	3.12078136541044	72.5009416723888
324.468895595239	360.269531246859	-0.137473734182514	65.4577278847806
324.500009541353	395.50054356594	3.12110713822957	72.4794267002256
325.023497584466	360.191700313799	-0.119691045516679	66.0091285187612
324.999847698909	395.491113775941	3.12151044268308	72.4428561980008
325.515905250574	360.134396585089	-0.108095329747666	66.4525030181876
325.499701715452	395.48187507184	3.12191523096859	72.4014855016537
326.009622737093	360.083237819832	-0.10101051195069	66.7939475777323
325.999556551217	395.472671827379	3.12151938117405	72.378885446422
326.504028157848	360.035365834191	-0.0976207498464199	66.999236412593
326.499378556807	395.463044194584	3.12019692554274	72.3751359970207
326.99873064523	359.988758213629	-0.0971526803538293	67.0596613545417
326.999181055026	395.452828411378	3.11907775496076	72.3959573079328
327.493444573355	359.941739574047	-0.0990434482459414	66.9663785464886
327.499031228734	395.442367687295	3.1193053357076	72.4320370965372
327.987921827115	359.892740728299	-0.102980411932186	66.7125178737438
327.998961022865	395.432275982298	3.12044368060399	72.4920242826584
328.48190571788	359.840208270028	-0.108859645574428	66.3183282687138
328.498915909282	395.42265801755	3.12153059963816	72.5696297521322
328.975048440799	359.782258302226	-0.116590061321321	65.8490761699744
328.998824137344	395.413451309148	3.12232461699452	72.6617960151956
329.525492548584	359.708430462942	-0.126199066979212	65.3622091691565
329.498662553423	395.404525534404	3.12330646652497	72.7423236894451
330.01742784632	359.642183252246	-0.133214734594393	65.1424132474012
329.998468441927	395.396113242634	3.124578429142	72.8041055609533
330.509406039136	359.577115902208	-0.137533861335579	65.0151896777436
330.498316590024	395.388225215108	3.12590576578722	72.8414873601392
331.001541201799	359.512772830769	-0.139090250879174	64.9622220897215
330.998264559402	395.380931613736	3.12688390656847	72.8695357523829
331.493943476065	359.448916472856	-0.137128372770243	64.955995864656
331.498257497388	395.373850590479	3.12710465561456	72.8873071035899
331.986768517826	359.385547410493	-0.13131925554782	64.99615263267
331.99814472557	395.36661280429	3.12614775266309	72.9086585389588
332.480036505101	359.322702117691	-0.122458634362183	65.0869645594341
332.497858676048	395.358520343276	3.12429520816574	72.9428870725387
332.97337660412	359.260255191899	-0.113227073553782	65.2554556372722
332.997531771713	395.349487416141	3.12247878694044	73.0144333413501
333.520681577695	359.195508166151	-0.104661762193997	65.7002599106538
333.497312700829	395.339590860382	3.12147245608235	73.1212775550811
334.015100463309	359.143856622728	-0.0983868545240078	66.088405482459
333.997160121927	395.329378942088	3.12113259987209	73.2543580482071
334.509922555638	359.096729311911	-0.092235759858029	66.4023515381963
334.496954769804	395.318896416371	3.1211623228905	73.3809026353032
335.005289304174	359.05347339267	-0.0865344848438119	66.5621115677654
334.996749391342	395.308508072361	3.12171622558454	73.4868041609648
335.501233847466	359.012897277215	-0.0827505629220545	66.5473825513861
335.496688052512	395.298378340811	3.1231179216682	73.5609240502444
335.997492415947	358.973411399146	-0.0819483636451815	66.3930806018188
335.996768450673	395.289104052435	3.12494615571432	73.6134332320213
336.493647550003	358.933282352529	-0.0842466476418143	66.150278546225
336.496832412038	395.280517537722	3.1264161864508	73.6421611321067
336.989345808596	358.890901146773	-0.0890748014117798	65.8555340010635
336.996773606428	395.272519598199	3.12701415057466	73.6566429588543
337.484451980114	358.844992415759	-0.0955225379390812	65.5250278413354
337.496599370621	395.264408118783	3.1268204792353	73.6614671530659
337.979022856793	358.794304992832	-0.102666422532689	65.1674152534319
337.996358623827	395.256083085168	3.12616129410802	73.6793503917848
338.524780632006	358.73060805959	-0.110425784956451	64.7293801258717
338.503604961408	395.247113151587	3.12540481759936	73.7876769490425
339.018311073204	358.67086197992	-0.116240939023825	64.500510194699
339.003522648007	395.238235647696	3.1247775857689	73.8816490947947
339.511960680366	358.612614452097	-0.119652808726985	64.310572991541
339.503477913065	395.229006795378	3.12431921708434	74.0015774978127
340.005807702598	358.555818479887	-0.120255707217028	64.1696345626509
340.003490320063	395.219724206994	3.1238955228994	74.1329630839184
340.500055219054	358.50054657933	-0.11839423712397	64.073635767692
340.503524296393	395.210167938763	3.12345503484914	74.2590837559229
340.994675377092	358.446286449444	-0.116034650749298	64.0388140989952
341.003508760966	395.200558852452	3.1230894478532	74.3746774355319
341.489205683676	358.392009992382	-0.113967101138759	64.0785862328323
341.503363269595	395.19080573895	3.12308899657281	74.4831870981939
341.983242149662	358.336782141805	-0.111501957597528	64.21219139945
342.003058801658	395.181352192891	3.12372238751702	74.5965581429255
342.476998390629	358.280002419348	-0.106869588536547	64.4246819415724
342.502617760398	395.172386364251	3.12513809647703	74.7219869918603
343.021402738291	358.21820127786	-0.0989197282821589	64.8385315286756
343.002132594969	395.164446688359	3.12717669986986	74.8570503102401
343.515935537763	358.169302228944	-0.0904885732746342	65.1894557429184
343.501743212957	395.157586594584	3.12938157388216	74.9828431453883
344.011229166637	358.126028516164	-0.082360809244142	65.4795142166767
344.001585969446	395.151864024727	3.13104529793523	75.0734448588105
344.507369884068	358.087169821736	-0.0757087028651973	65.6905171313267
344.501678607932	395.146680758643	3.13155549810972	75.1110479040342
345.004193762291	358.051528474755	-0.0711868417042067	65.8191062839655
345.001890594499	395.141511634563	3.13075467667337	75.1079588964871
345.501420549485	358.017734479761	-0.0689289648498246	65.8704790337816
345.502030238516	395.135636536612	3.12910564936895	75.1047924291798
345.998751111491	357.984555713762	-0.0687927126422846	65.862836944192
346.001991044988	395.128951667872	3.12746042530839	75.1480177568866
346.495918645329	357.950906809081	-0.070435228251407	65.8189562752604
346.501795553927	395.121556028821	3.12662666566768	75.2584773522343
346.992810381469	357.915915404035	-0.073369592984954	65.7401879216454
347.001556120673	395.114072515251	3.12686396987304	75.4223074261861
347.489513564382	357.878956161183	-0.0770652921804928	65.597007742904
347.501378786229	395.106859101934	3.12778664788029	75.6002914644204
347.986147339988	357.839340532623	-0.0812545386775304	65.3574169690353
348.001301705554	395.100190175819	3.12872499498212	75.7518600341559
348.482708892411	357.79652778013	-0.0858885727287315	65.0213955429258
348.501270095091	395.093878804065	3.12932952915294	75.856209123304
349.021902347597	357.744703143472	-0.0916164617094997	64.5291052989206
349.001196318008	395.087876698393	3.12975483698153	75.9231595663994
349.5172940795	357.693717142884	-0.0973014636492315	64.2322081119906
349.501045955813	395.08210900839	3.13034790135607	75.9794219872703
350.012831149934	357.642840260362	-0.103135318601947	63.9787372167393
350.000871229695	395.07678482595	3.13126045769914	76.04034283323
350.508348811668	357.591749259735	-0.10837233560304	63.772106584439
350.500739391902	395.071953041791	3.13231352370531	76.092362442032
351.003702981357	357.540163532214	-0.111902005468537	63.6108323979836
351.000673906139	395.067627344553	3.13307309510464	76.109853619202
351.498918431784	357.488370651778	-0.112344811520495	63.4850058463797
351.500656877034	395.063475713032	3.13313146475668	76.0867156591091
351.994106733022	357.436794346702	-0.10968003406589	63.4164617438414
352.000667657912	395.059157276597	3.1323512985496	76.0492208966448
352.489482447211	357.38592352482	-0.104081026353639	63.4247303599239
352.500690451346	395.054265736901	3.13097951352358	76.0338339592557
352.985467774644	357.336402786881	-0.096330097080197	63.5174633333447
353.000701900345	395.048709819314	3.12956610483755	76.0526881634521
353.482357041931	357.288536250186	-0.0873848505828348	63.6556274214095
353.500662739568	395.042588088494	3.12870846364308	76.0864826295321
354.018047220086	357.239299500943	-0.0788800813725487	63.901186577781
354.000554176748	395.03628797305	3.12870476329411	76.1163731927523
354.514726848856	357.199194043552	-0.0738883273879134	64.1027196294134
354.500408657016	395.030127634935	3.12931249563808	76.1508716148113
355.012124174241	357.161977819125	-0.0714385454875646	64.2988133627328
355.000284857814	395.024289646884	3.12997174717357	76.2110018586084
355.509622405477	357.126309896358	-0.0699245306287137	64.5154453967534
355.500206799613	395.018673425061	3.13025750867546	76.2999735944067
356.007021350818	357.092043229138	-0.0679810057666977	64.7582155720206
356.000153507932	395.013091410896	3.13006238848207	76.39993047321
356.50444414671	357.059319583549	-0.0652925722467859	64.9994118854264
356.500094600799	395.007337765435	3.12952482288038	76.4896383683276
357.002062712001	357.028275802042	-0.0626502413766356	65.1932563234735
357.000018314749	395.0013202306	3.12891231257596	76.5557337430001
357.499890842056	356.998471091403	-0.061026972433329	65.2992092650813
357.499929547872	394.995096081921	3.12865561746167	76.5941719754486
357.997823687401	356.96916554168	-0.0606848272771269	65.2959173444513
357.999841613892	394.988932358746	3.12917982697055	76.6097399935019
358.495778938703	356.939684658323	-0.0611183223767758	65.1790566178278
358.499767433096	394.983198984613	3.13035884963016	76.6128920434423
358.9937697333	356.909618282332	-0.0617215165817461	64.9543973601585
358.999706612615	394.978009009934	3.13138889714455	76.6107204209548
359.491799832832	356.878811812501	-0.0625945602864331	64.6415059631343
359.499645805689	394.973116891986	3.13157645836697	76.6009680719614
359.989683111118	356.846774610831	-0.0645925524035507	64.2814671578909
359.999570883481	394.968091541156	3.13102310655	76.5770380885916
360.487154914517	356.812831032671	-0.0682869336074245	63.9210524658338
360.499477689063	394.962747944329	3.13028133679516	76.5382325157955
360.984115700549	356.775832818975	-0.0735246781392778	63.5806483046685
360.999370549803	394.957068774492	3.12969000789515	76.4936847379534
361.517989475481	356.730775698779	-0.0800434604459491	63.1791237615463
361.499264586239	394.951189527212	3.12931921532011	76.457070086633
362.01482793435	356.686370016349	-0.0858898804685789	62.9242115255665
361.999176758172	394.94516762641	3.12915531851463	76.4381968994148
362.511354088025	356.641766336312	-0.0903221950087627	62.6908748727228
362.49910746635	394.939105428974	3.12899181860568	76.438679946571
363.007710425081	356.597197490192	-0.0929640417655591	62.5144425676752
362.999030651602	394.932855017331	3.12847944706402	76.4543109048896
363.50413007223	356.553161834846	-0.0937895433932392	62.3981601770545
363.498937282652	394.926292647554	3.12768902068327	76.4783383385985
364.000741486692	356.5097290631	-0.0935117416362102	62.3358881456198
363.998858293407	394.919348020228	3.12723185922276	76.5034155137786
364.497489484337	356.466804273103	-0.0923294155213791	62.3129844756046
364.498812880963	394.912350840554	3.12740550645023	76.5230370081737
364.994271947885	356.424234310543	-0.090206946117868	62.3404120512702
364.998744863652	394.905429755147	3.12771307041906	76.5351791995609
365.491141687273	356.382029258925	-0.0865593786292079	62.4199044646045
365.498596868687	394.898623024299	3.12778856663855	76.5400258697929
365.988272491755	356.340544762848	-0.0817368535488791	62.5492729448793
365.998409670766	394.891813000792	3.12809831449314	76.5345136290932
366.485648002902	356.299705296954	-0.0767935600235201	62.6976092945589
366.498286700459	394.885340980052	3.12907511608767	76.5105067218555
366.982977747876	356.259168958671	-0.0731492974728802	62.8434628540326
366.998256414449	394.879329490757	3.13014646955296	76.4651338790834
367.514871713044	356.217495168237	-0.070539432778778	63.1053441363374
367.498254274861	394.873716094403	3.130417318583	76.402906462364
368.012380308448	356.181555542029	-0.0677989494744886	63.2875210951245
367.998207764226	394.867934689108	3.12979511695645	76.3274017717577
368.509791587762	356.148087504413	-0.0636603222556027	63.4588432642546
368.498114420059	394.86179178571	3.12888282941891	76.2351775073954
369.007382106532	356.117477198634	-0.0589438920032701	63.6191859811394
368.998019365999	394.855138541565	3.12819373976121	76.1298471324204
369.505353170966	356.089355262788	-0.0549251878876191	63.7637179578815
369.497964036281	394.848292206352	3.12797186321903	76.0262548515315
370.003673157115	356.063196057544	-0.0520019925899421	63.8884073266397
369.997933369917	394.841386047412	3.12829541317914	75.9377726273875
370.502199713514	356.038387647314	-0.0499476246310059	63.9872995203109
370.497877724697	394.834813540432	3.12892706660871	75.8623198825493
371.000826150802	356.014501031791	-0.0487611116552338	64.0446670813859
370.997760443311	394.828427398031	3.1292638354624	75.7983407202855
371.499490090606	355.991008825612	-0.0484737885441146	64.0360191630623
371.497615580994	394.822143469914	3.12899799982386	75.7539516688565
371.99816692618	355.967439053976	-0.0488364001967521	63.9458328789248
371.997518886963	394.815550661795	3.12849893134711	75.7367347238081
372.496828515642	355.943456636225	-0.049724119490349	63.7836735906534
372.497517469041	394.808842064784	3.12831552748953	75.7346487730333
372.995366561657	355.918670145241	-0.0514203916993216	63.5786918961938
372.997575198428	394.80200675997	3.12850416940692	75.7308046322387
373.493628244359	355.892642056208	-0.0541209722407534	63.3584156665531
373.497642093488	394.795374236294	3.12886141138739	75.718726247988
373.991573054873	355.864791596498	-0.0575225064876162	63.1324329430647
373.997680686638	394.788801681785	3.12924289640199	75.7052861094345
374.489391794154	355.834876573849	-0.0609879646153968	62.8915363421685
374.497602683292	394.782459557269	3.12934070983637	75.6892892789568
374.987366115002	355.802674252316	-0.0640129782933496	62.6227819494624
374.997247689056	394.77581869236	3.1285234159409	75.6601601569019
375.485646153245	355.768431744575	-0.0662194292769142	62.3219969762487
375.496596253687	394.768536182359	3.12667106899565	75.6034122949484
376.014744523598	355.729118823595	-0.0677907801093633	61.9419152257684
375.995912166129	394.760022007103	3.12474118292058	75.5207204656323
376.512133868696	355.692569443276	-0.0688278558787767	61.6782090875646
376.49558102303	394.750822866358	3.1240609508904	75.425818852364
377.009838461127	355.656915371496	-0.070268688631234	61.4335395173993
377.00417746106	394.740843724023	3.12502055672583	75.2395646610557
377.507672739447	355.62173174276	-0.0724240407722889	61.2261303560906
377.503455620667	394.732074305046	3.12677779789501	75.1884795402148
378.005487178272	355.586268656336	-0.0752550851441901	61.0754619365726
378.002900412034	394.724173608421	3.12811011616275	75.1588409354261
378.503226743914	355.550255019391	-0.0780638302295441	60.9707361813264
378.502581665775	394.716968918768	3.1285884094285	75.142955751612
379.000874270497	355.513515300597	-0.0803314936360943	60.8976550582156
379.002383294493	394.709805711684	3.12854719177915	75.1447802761256
379.498454286187	355.476168125347	-0.081307028744064	60.8328320412909
379.502327792854	394.702681417379	3.12793634278189	75.1487310882821
379.996022966389	355.438458361207	-0.0807711138014809	60.7795738007703
380.002607045836	394.694832225839	3.12578632600809	75.1404590518119
380.493642248654	355.400714808306	-0.0785050680120884	60.7444200412255
380.503198334893	394.68556722075	3.12186570576186	75.0934053116437
380.991351000287	355.363419635204	-0.075050846857942	60.7482886889694
381.003661130004	394.674192901865	3.11794093919424	75.0156614539667
381.489131272884	355.326676296042	-0.0710708333050029	60.7951207981816
381.503554209054	394.661631206077	3.11650350402605	74.9294585499466
381.986976087257	355.29052883571	-0.0674241227625816	60.8928391264628
382.002872693265	394.649244587192	3.11838732704348	74.8786410480754
382.484928429568	355.254422187822	-0.0641962419519688	61.0335883457063
382.501992430708	394.638629683808	3.12254369945862	74.8747154642275
383.012344745928	355.218731213872	-0.0610493352210678	61.3383721131353
383.001338099252	394.630181580967	3.12670821300779	74.9118408865119
383.510260302222	355.187628716734	-0.0579750588860238	61.5703613959246
383.501172573769	394.623423119027	3.12847289039038	74.949526658267
384.008457607111	355.158810060688	-0.0547764370099183	61.7792193709285
384.001473850071	394.616609767633	3.12655592463994	74.9642965814179
384.506902551872	355.132030446701	-0.0513743651965932	61.9594640348186
384.501900041914	394.608312871286	3.12239410809649	74.9381275111575
385.005513803956	355.107387031055	-0.0476259747202901	62.1232105165472
385.002022864452	394.598134127057	3.11931302134111	74.8869556493482
385.504237314386	355.084812892342	-0.0436536265310634	62.2833277015343
385.501744861143	394.58735305573	3.11946418786834	74.8214864122339
386.003086292309	355.06426186882	-0.0400710300623948	62.4406763397194
386.001329495083	394.577228036111	3.12165007032435	74.7638873525092
386.502075576232	355.045296945213	-0.037446567304753	62.5787581738055
386.501044002992	394.568156064475	3.12305967559462	74.7095695289928
387.001202459871	355.027416543348	-0.0360162621406638	62.6694497490463
387.000926427651	394.559223288819	3.12204496392423	74.6642150289094
387.500427405332	355.009948053081	-0.0360197777205859	62.6857122388681
387.500857497273	394.549497047855	3.11947767077804	74.6238727502291
387.999653476486	354.992099578891	-0.0377572753335701	62.6158280514266
388.000724800874	394.538663510307	3.11741543654225	74.6007641193323
388.498755872145	354.973060866994	-0.0407831754676489	62.4698824198608
388.500517317837	394.527375216082	3.11733085799124	74.587760715988
388.997705854134	354.952486466498	-0.0436253192593737	62.2730773323821
389.000294047921	394.516455632701	3.11893337135977	74.5926893363143
389.496624722481	354.930790616251	-0.0449741799178178	62.0528761037493
389.500106460791	394.506413985992	3.12099416948289	74.6054235950803
389.995631553199	354.908641980414	-0.0448836055344513	61.8287630402209
389.999953665787	394.497139622932	3.12225867792302	74.6150121045496
390.494712717415	354.886523829989	-0.044448466867453	61.6066291392184
390.49979710362	394.488099664406	3.12216117703069	74.5841821316446
390.99377245059	354.864221432219	-0.0447210807100892	61.380622434105
390.99960853872	394.478624063488	3.12078258270798	74.5161794000341
391.492750687485	354.841332923924	-0.0460289607826165	61.1392728829249
391.499417189053	394.468231098087	3.11893564859497	74.4484183902554
391.991609053244	354.817192591772	-0.0481296494793382	60.874652287015
391.999309821559	394.456898086483	3.11729250981095	74.4614710449254
392.490326624625	354.791580966293	-0.0504182962062951	60.5886938730395
392.499342452254	394.444727113434	3.11575667171456	74.608405978886
392.988891576324	354.764266929109	-0.0523646810701774	60.2997264246993
392.999459141322	394.431679995488	3.11337310251375	74.9283783004312
393.512108679727	354.733579509904	-0.0538002625444309	59.9736557600467
393.499573785768	394.417327717246	3.11028192787567	75.4219019377153
394.010613960158	354.704002967257	-0.0548571917338548	59.7819981511864
393.999775899743	394.401915706006	3.10865300589112	76.0885798052655
394.509083376022	354.675141830283	-0.0557741751266495	59.6001589299184
394.500413046213	394.386896654429	3.11213283859265	76.8968066852795
395.007458915516	354.646769598448	-0.0564981870609746	59.4163685860048
395.002003828496	394.375703782631	3.12411261333822	77.8125615771321
395.505811141212	354.619023943682	-0.0569640961866314	59.2253038325848
395.504972659417	394.373523557932	-3.13412206285117	78.763630461902
396.004293602564	354.591531935287	-0.0579775487223864	59.0430499556118
396.008774366028	394.388619348066	-3.08969170312002	79.666218038715
396.502972501423	354.563809128298	-0.0600706663909106	58.8747817214375
396.509571334495	394.431347373637	-3.02069987294033	80.4476864520081
397.001705366327	354.535107706433	-0.0631029024316154	58.737086052117
396.99790423113	394.509482863793	-2.93348184264503	81.1625232809363
397.500267768874	354.505141102305	-0.0659984230150241	58.6403786777015
397.461589596781	394.622309784978	-2.84539344468292	81.8485018986728
397.998566637288	354.474028084675	-0.0679545514933258	58.6010425051115
398.059622622544	394.858947321092	-2.74520367264661	82.8236118341425
398.496765373187	354.442289700585	-0.0679604081263133	58.6073569377395
398.483977347475	395.032736705774	-2.68901905917122	83.5712970697881
398.99515773279	354.410777311138	-0.0656455282725653	58.6442095272386
398.881348813278	395.223249680942	-2.65380839474426	83.3675830660845
399.076055288814	395.360253372795	-2.64160643409629	83.699295471003
399.493847156668	354.380162573989	-0.0617713235584189	58.6868042201425
399.470552590402	395.5524701036	-2.62978341821512	83.9393223674631
399.992606492228	354.350655551652	-0.0584672915904394	58.7355344453938
400.054332354767	395.904618211758	-2.62607811643579	84.025267421008
400.491154746291	354.321471043173	-0.0566987902701738	58.7929309267828
400.443877408987	396.097708968715	-2.62228154712345	84.0294671396602
400.989618852681	354.292088349542	-0.055536334132831	58.8656250758006
401.026053954573	396.455114464159	-2.61506124956865	84.1882092866863
401.488445703579	354.262324926819	-0.0532637081436674	58.9340258527198
401.410984240063	396.653262140185	-2.61625035698885	83.9261080907089
401.611366523938	396.807594682433	-2.61872171249282	83.8932053325723
402.010311030491	354.232854971258	-0.0495057901768516	59.0803912080057
401.996008815103	397.006922730185	-2.62158298840726	84.2869762077974
402.508599080227	354.207738937912	-0.0457976916914027	59.154749523796
402.378702916822	397.211092454933	-2.62071021823333	83.7522908446766
402.579459001742	397.361714289612	-2.61932104488453	84.0100964037519
403.007404151881	354.184757986873	-0.0431891775086313	59.2303800851822
402.967167016056	397.557339721147	-2.61883103146783	84.1551270871984
403.506608097376	354.163009468445	-0.0416134478375794	59.32882677385
403.549198702604	397.913748407494	-2.62226049031169	84.1809666713153
404.005900640538	354.142276380932	-0.0402158354093613	59.4526978123644
403.938275400546	398.107833269647	-2.62109985946208	84.098789154096
404.140103242153	398.255949948493	-2.61932429853035	83.720397962686
404.505138507043	354.122450064122	-0.0386451194780997	59.5831462504578
404.52056397702	398.464270495563	-2.61769012362046	84.2800227859273
405.004394089392	354.103519746129	-0.0376279271947375	59.7022680055891
404.906466051308	398.662811314111	-2.61937313700532	84.016970425716
405.105441984024	398.815529206841	-2.6220150386152	84.0517563587382
405.503666749902	354.084940493202	-0.0374921950180282	59.8074566380635
405.492236900977	399.013607550969	-2.62305993488119	84.4343980951404
406.002858110984	354.06653375357	-0.0372135753678251	59.9061156107185
405.874994417755	399.219024232666	-2.6203335536652	83.8432948227129
406.075323575599	399.36861003513	-2.61805613604125	84.1349367087506
406.501979435741	354.048596325536	-0.0357126003473929	59.9968726239381
406.463277932723	399.564039321244	-2.61836731989816	84.196774038207
407.001180907568	354.03173467936	-0.0333579335553994	60.0597317276969
407.045451926296	399.920486404644	-2.62400347849261	84.2271342906631
407.500547087692	354.016032371592	-0.0313960003156666	60.0644202846174
407.434696385913	400.114111231449	-2.62361620802278	84.1142950016612
407.636215764772	400.262486889659	-2.62171483550728	83.765172639323
408.000035115265	354.001080710884	-0.0305558035461925	59.9946385744434
408.0177051371	400.469203998124	-2.61901605493918	84.2957334838793
408.499554546145	353.986268967307	-0.0308072096736492	59.8640091113785
408.403524359907	400.667888866288	-2.62030849938806	83.9653373757721
408.602847219587	400.820589635557	-2.62231048112455	84.0043985840484
408.999025598282	353.971079164267	-0.0318809690846274	59.704479475682
408.989709701514	401.017984968687	-2.6237933474397	84.3289357261415
409.498412735897	353.955220554133	-0.0332566946953287	59.5420599132894
409.372060506726	401.223858351175	-2.62143097595123	83.7092579177006
409.572964071027	401.37275204172	-2.61910810754669	84.0092653225912
409.997768142798	353.938700593722	-0.0341450311047039	59.3836140137984
409.961064065683	401.568012184422	-2.61817328052972	84.0574457693949
410.497196537046	353.921916129343	-0.0341309352925663	59.2196266116756
410.542890204933	401.924935393915	-2.62181711994024	84.0816697518511
410.996717497267	353.905148852259	-0.033647166812229	59.0347488379237
410.931630772835	402.119348139454	-2.62136198617852	83.9450767418836
411.13255721352	402.269024452934	-2.61999381952423	83.6381447059542
411.496245680723	353.888500683231	-0.0333254404081379	58.8211953983863
411.514449796841	402.474849850735	-2.61887962283796	84.1733991956531
411.995699478062	353.871736177696	-0.0333103394596767	58.5915293075287
411.900164623482	402.674206729792	-2.62071304603166	83.8516336749239
412.099042993832	402.826543886949	-2.62297752898315	83.9388297338265
412.495057721248	353.854828981033	-0.0335955998706249	58.3732597875079
412.486752615074	403.023216767318	-2.62358878194509	84.2335220682046
412.994289190736	353.837458847212	-0.0345435391565791	58.1864989505992
412.868358738518	403.230451185746	-2.62025361040227	83.5448268390163
413.069682662681	403.378891303923	-2.6170865083473	83.8552554121009
413.493380165485	353.819359980186	-0.0362193043713777	58.0285930768405
413.457343274352	403.574211510467	-2.61704445479588	83.7806417405777
413.992403737821	353.800104632686	-0.0379141460491069	57.889289515141
414.03895925579	403.932034995677	-2.62071943805182	83.7287404448168
414.491511373411	353.780006581467	-0.0388153718564985	57.7649302588929
414.426931581297	404.127348715843	-2.62006838968498	83.533494352162
414.627415455644	404.278270502989	-2.61882482547395	83.2829656326704
414.990782856478	353.75924058818	-0.0391148614272627	57.6550268266349
415.009757781127	404.483060639624	-2.61757301285461	83.816535304831
415.509276334844	353.736660774778	-0.0395967782665199	57.4853560468822
415.394279547535	404.683678173043	-2.62059627577732	83.4948479240636
415.594000679824	404.835881828375	-2.62378413142879	83.6683132032855
416.008286066032	353.71455096903	-0.0406731697856993	57.3767157619195
415.982155242981	405.031231574831	-2.62611301194723	83.9666247559716
416.507301209942	353.692553504167	-0.0420971935432958	57.2119440056097
416.363568779956	405.239142661305	-2.62368951501759	83.32275189521
416.56567076238	405.385345768626	-2.62084605880194	83.6883485294269
417.006301434422	353.670345299738	-0.0436639436565032	56.9940361369133
416.954240702071	405.579949078721	-2.61889248863437	83.6372227117247
417.505365910259	353.648029611288	-0.0453264761244309	56.7419400820687
417.535938336232	405.937331969341	-2.6188981917734	83.5899285400867
418.004557297981	353.625283995253	-0.0473183773571689	56.4969311058822
417.923315177501	406.133463626005	-2.61753864055842	83.3095026730798
418.123396948106	406.286028144111	-2.61593586845276	83.059849616954
418.503834334076	353.602046814421	-0.0494461381883724	56.2861654407159
418.505759977943	406.490006307182	-2.6159316304869	83.4752043044929
419.003061099618	353.578130756387	-0.0513908171139246	56.1297342055834
418.889396055675	406.692491539968	-2.61916758527893	83.0608563364878
419.089053886533	406.844493280536	-2.62195982939152	83.2603308983926
419.502160840611	353.553788372823	-0.0525019303829295	56.0191851342931
419.477082705458	407.040047903565	-2.62283780115921	83.5103523765668
420.001174607655	353.52932128919	-0.0525492820252111	55.9456105017163
420.059439338008	407.396466612325	-2.61795395368818	83.3550684806479
420.500202824387	353.505184365704	-0.0515413074203426	55.8879269143496
420.447655485437	407.591397020291	-2.61823764451755	83.3235028881741
420.99930193644	353.481617214789	-0.0501391146554274	55.8374731872861
421.029782990973	407.947700877874	-2.62241281952076	83.394772210863
421.498472267963	353.458592776572	-0.0489067623509988	55.7774747896935
421.418179430077	408.143737082699	-2.62147774851682	83.063929100469
421.617072491088	408.295228210628	-2.61950184569606	82.8565343446234
421.997703656952	353.435872588212	-0.0483721586971332	55.7066593782788
422.001465010833	408.49743849919	-2.61858901239937	83.2283873989982
422.496964973194	353.413037934646	-0.0483905811660335	55.6251999953051
422.385559428795	408.700442232143	-2.62202514583725	82.7824557648029
422.585029184483	408.850617670573	-2.62499565756486	83.0274445655395
422.99616721013	353.389914387441	-0.0484836366486333	55.5594508327256
422.974434833379	409.044935474295	-2.62675035349591	83.2511526691734
423.495227418405	353.366494645713	-0.0476428028148651	55.5323016107992
423.557636428713	409.399258050234	-2.62102685430028	83.0475279387141
423.994247196369	353.343408635005	-0.0453345588313247	55.5619410072909
423.946480934443	409.593651168759	-2.6197373970767	82.9436163642135
424.493488731053	353.321184631182	-0.0417252396039623	55.628234852306
424.528618144084	409.94983936112	-2.62111601814669	82.911387115344
424.993142230466	353.300420510478	-0.0378882958992023	55.7007125065816
424.916338145582	410.146533560058	-2.61976195668164	82.5456782824326
425.115493859039	410.298800469541	-2.61764038020147	82.3532688450231
425.493090553634	353.280842519947	-0.0348785857585057	55.7451665559208
425.49934005884	410.501147571487	-2.61676503534579	82.7229371733706
425.993015386092	353.262138495026	-0.0332368226128576	55.7610356540221
425.88213854267	410.70508730703	-2.61953949197674	82.308724088718
426.082341468045	410.856018201873	-2.62265129041533	82.5969286575587
426.506860279253	353.243306501645	-0.0326327046296322	55.839531349614
426.471073746192	411.050668534936	-2.62407434552211	82.8560059842685
427.006302293022	353.225983562238	-0.0324953139820007	55.8802839741944
427.053607138667	411.406290825736	-2.61951687814917	82.7924208467178
427.505785620796	353.208863606057	-0.0322130693509468	55.9375343712147
427.442179410848	411.601049705128	-2.61844733501424	82.7310580193719
428.005357582202	353.19225612666	-0.0316553038484582	56.0015101949819
428.024182505282	411.957670469775	-2.61988451350004	82.7989347828515
428.505055618149	353.176060467885	-0.0310855479103997	56.0557605319186
428.411431812484	412.155221015976	-2.6184553400235	82.379571328776
428.609924420539	412.308323961871	-2.61645341516636	82.2187621272379
429.004790244636	353.160329772651	-0.030834686346523	56.0926921159692
428.99466580097	412.5093235232	-2.61668891481192	82.4920669795314
429.504399707611	353.144772608132	-0.0306380090667627	56.1169720737741
429.377499561296	412.715185347974	-2.62157159003976	81.9447466223764
429.577326054614	412.863826745674	-2.62482287457743	82.2469434222998
430.003830177342	353.12960481853	-0.0298533732450143	56.1444523748069
429.967490433002	413.057402369582	-2.62749246481165	82.3610891274286
430.503184199614	353.11504583172	-0.028267713261919	56.1884164264547
430.550604578272	413.411160009843	-2.62285400514295	82.195208139897
431.002622887627	353.101451971055	-0.0264764814398798	56.2479929884749
430.939926729473	413.605326833118	-2.62178604491882	82.0812997850169
431.141669518988	413.75169626398	-2.6223472370712	81.6771388828453
431.502205670318	353.088678259409	-0.0250891730355024	56.307249948006
431.522826838676	413.960008649751	-2.62274057388268	82.1982862821979
432.001888226802	353.076581550476	-0.024131669283152	56.3514931604046
431.910173402596	414.157065166326	-2.6204179686145	81.8468067807563
432.109189236222	414.309822788223	-2.61811244679166	81.738075872788
432.501617744377	353.064893670607	-0.0235022185374745	56.378809670659
432.493896895719	414.510627077879	-2.61702335959731	82.0798022923759
433.001375599612	353.053428284129	-0.0233893380932841	56.3964416774889
432.876039133781	414.716355236217	-2.61939393523911	81.6180181004715
433.076335017802	414.866273686244	-2.62182218772624	81.9472154643998
433.501126091234	353.041881005137	-0.0236015590606826	56.4109866512641
433.465264043467	415.060906684212	-2.62185967626567	82.1202745936655
434.00082994453	353.030327045339	-0.0233396953615362	56.4248805563587
434.046902505505	415.418024211218	-2.61709282483313	82.0123549307355
434.500503612764	353.019113865138	-0.022322353673725	56.4316256930376
434.435196599388	415.613505643103	-2.61814814192558	81.8402425223554
434.635782319089	415.76223555262	-2.61971725424682	81.4574486980981
435.000205402648	353.008495009696	-0.0213752648647733	56.408027343141
435.017627653914	415.96909995519	-2.62176625804464	81.9046303797209
435.499960688835	352.998218280266	-0.0212514119658201	56.322081319447
435.404342933432	416.167344101712	-2.61997120139957	81.4579381126346
435.603251257068	416.320380600291	-2.61782255447004	81.3871658596966
435.999745688595	352.987883122076	-0.021606030233211	56.1630847322894
435.988615367452	416.519820242542	-2.61763323734953	81.6660385862935
436.499519601687	352.977374366245	-0.0217442575078835	55.9613507221358
436.370257368515	416.7269649875	-2.62258273817221	81.1369848105495
436.57147427638	416.874490557274	-2.62576840486681	81.5086203217009
436.999253757846	352.966771075197	-0.0217116190774601	55.7684063483084
436.96162537131	417.067467610173	-2.6274525393006	81.6176056258235
437.498947316505	352.956105926184	-0.0218734934359427	55.6194164594497
437.544565114783	417.422283006152	-2.62023105190548	81.5515625973479
437.998623010472	352.945297362547	-0.0221241695420279	55.5158483096416
437.932670159849	417.617275606934	-2.61784380446521	81.4363556541604
438.133539722611	417.766978124818	-2.61868356224121	81.103428227882
438.498300315601	352.934390694917	-0.0223413469796075	55.4371919908658
438.515225571802	417.973361725631	-2.61982638958786	81.591027328088
438.99797196392	352.923256330491	-0.0228771411025731	55.3633684008611
438.901611521947	418.172412781389	-2.61898247515191	81.120754594397
439.100063686919	418.325739997989	-2.61657259116595	81.0656172777535
439.497657979835	352.911762924077	-0.0236812702152125	55.285645351872
439.485729763168	418.524843333671	-2.61645437329368	81.2405913479141
439.9974559308	352.899938478437	-0.0237265378011578	55.2014161734974
439.865755295009	418.733904540007	-2.61877149108513	80.6207893291083
440.067774537291	418.882107104714	-2.62016724349498	80.984357905135
440.497461225392	352.888459189568	-0.0222276776179735	55.1057248057617
440.455937929216	419.076576668855	-2.61986290746362	80.9989360039912
440.997596401259	352.877848737141	-0.0200281406132932	54.9927881752143
441.037380820123	419.43531771366	-2.61483768251711	80.9323507028986
441.497630319813	352.868116420164	-0.0189491693806921	54.859862123914
441.42400327489	419.631976281062	-2.61601794722309	80.7279355805641
441.623984413537	419.783975494556	-2.61815372395719	80.4969523510739
441.997381782653	352.858301738334	-0.0199995761275749	54.709645976088
442.00717148567	419.987442917575	-2.62090644665273	80.9284321874891
442.496883935166	352.847588411598	-0.0223788618886597	54.5489120766336
442.392791582464	420.188301362007	-2.62043513989839	80.4410922403597
442.59124205884	420.340194361241	-2.61905487761449	80.5082755120883
442.996347137197	352.835609985372	-0.02426557601511	54.3898379661209
442.978653271405	420.537489786187	-2.61971227596526	80.6994554132633
443.495989132179	352.823068781521	-0.024530180072816	54.2444488922743
443.359113258521	420.748416651408	-2.62417602077292	80.1237676410873
443.561232165919	420.891870727435	-2.62670549711669	80.5811846117078
443.995849665339	352.810553923261	-0.023687375195924	54.1175963235065
443.952067063196	421.084590130481	-2.6272615985296	80.5795774870673
444.49580481268	352.798492839925	-0.022897015364026	54.0018370744692
444.534739905642	421.439267136313	-2.61998787836464	80.5085219788956
444.995693702887	352.786501863369	-0.0227219208547209	53.8905556007173
444.922466303163	421.63534745048	-2.61791875128401	80.26213395784
445.122119804362	421.787078970185	-2.61798483257804	80.0185878859367
445.495403724718	352.774489700628	-0.0229363260564042	53.7863715339929
445.50527818959	421.990796619263	-2.61788723850926	80.4128408508936
445.994862800531	352.762104569831	-0.0233838739043227	53.7007292968601
445.889208066971	422.192990726463	-2.61627226880693	79.9110997205308
446.088512373084	422.346361245717	-2.61496942883683	80.0232228663231
446.506099233471	352.749010246014	-0.0243399321664598	53.5706994198197
446.474692926072	422.544002313006	-2.61636008322009	80.2312622792474
447.006237682187	352.73474089655	-0.0262109314219072	53.5374476508715
447.056679091683	422.90060275652	-2.62393877310272	80.2332966062832
447.506268268067	352.7196167475	-0.0289235206515833	53.4943390955108
447.44658756021	423.093750233946	-2.62421802444728	80.2411617790972
448.006101718293	352.703202696143	-0.0317346288897114	53.4326340642263
448.029073882012	423.449167142897	-2.61959897858695	80.2548625021058
448.505727029841	352.686035774587	-0.0334085614409366	53.3490153785212
448.416916974603	423.645678754563	-2.62137823734608	79.9700652378041
448.615827791397	423.7965423001	-2.62335098658487	79.8115718945239
449.005154432264	352.668751126932	-0.033198808479879	53.253820574137
449.001589380371	423.997198764023	-2.62567405115281	80.1892277061032
449.504440834273	352.652431892399	-0.0314177136101279	53.1433812878601
449.387324253082	424.198379042697	-2.62335332510812	79.7059669983331
449.586136897538	424.348909243594	-2.62112827293152	79.845692245379
450.003675502265	352.637329797192	-0.0294486175922343	53.0175651365045
449.973967484477	424.545560992082	-2.61916589682216	80.0755496516187
450.502972913604	352.623343894948	-0.0282861916506031	52.8724369351386
450.556084950527	424.901525788519	-2.62322472030829	80.078473617197
451.002408692811	352.609861601561	-0.0278041803362924	52.7266864136022
450.94590695513	425.094986782667	-2.62282816806279	80.0761380823315
451.501995331671	352.596824707417	-0.0270073912708677	52.6005721880175
451.527795201094	425.451349542067	-2.61780976139372	80.0692607079935
452.001700792131	352.584289255506	-0.0257078508225514	52.5221826727754
451.915328102357	425.648584303099	-2.61823738316995	79.7540635593229
452.113627959175	425.800779732689	-2.6196121559329	79.5803647677706
452.501513355868	352.572309192937	-0.0250479710165326	52.4962100356264
452.499003730817	426.001748396772	-2.62121508052996	79.8793754248968
453.001407773791	352.560057243238	-0.0268709260760229	52.5191115136786
452.88315156553	426.204866296845	-2.62013943004	79.2514471507836
453.082630490587	426.356180006645	-2.61811396329432	79.3812983405737
453.501271703356	352.546321413762	-0.0315897942254485	52.5639953629818
453.470017333466	426.552284034433	-2.61971383174333	79.460816936424
454.000944207064	352.530132776977	-0.0374417759164298	52.6086160277346
454.05254768366	426.90785939631	-2.62538716254427	79.4214399118077
454.50039042314	352.51171879348	-0.0415827036139098	52.6279693859325
454.442221141508	427.100986401441	-2.62340873706544	79.4118015691666
454.999744304219	352.492228590649	-0.0424288295808178	52.624912582676
455.024224358379	427.458191724383	-2.61414385623372	79.4958654668639
455.499175731003	352.473139752483	-0.0399559148782745	52.6090796292172
455.409050662056	427.656695360999	-2.61326149315461	79.1859481251504
455.60901285577	427.812074612086	-2.61425920293203	79.093284684369
455.998781301741	352.455682517148	-0.0353186682985777	52.6017547094417
455.992671103188	428.012701737955	-2.61659223405173	79.4082922964053
456.498557190475	352.440470550676	-0.0299705388163574	52.6034448935869
456.374301829686	428.218984512237	-2.61697896156226	78.8416853005393
456.57476149376	428.369741829825	-2.61689533909956	79.1051490388904
456.998404094905	352.427466801538	-0.0257214214197929	52.6139494536619
456.962467040344	428.565644560042	-2.61877838689209	79.2576688810034
457.498177616634	352.41573830585	-0.024037998275859	52.6224543598083
457.544849673912	428.921059665118	-2.62593066605979	79.3885771357538
457.997791984475	352.403991242895	-0.0254214970477615	52.6335096904068
457.935058265121	429.114070152758	-2.62520625676651	79.3341382188201
458.13641270871	429.261039829997	-2.62300897868056	78.9586796883653
458.497271315539	352.390918714592	-0.0286164764396508	52.6445142152399
458.518045418839	429.468463185852	-2.61994400377103	79.4453257106828
458.996739192562	352.3762649157	-0.0313675449427572	52.6571413106193
458.904769422445	429.666650552332	-2.62014794998633	79.0979266180986
459.103336673765	429.819159711252	-2.6210705249006	79.0537748637859
459.496318633135	352.360551369881	-0.0319413218170331	52.6601963514711
459.489866711527	430.017760707618	-2.62132133302113	79.3135471120636
459.996034635755	352.344953388086	-0.0305209180482478	52.6603930309444
459.872439368554	430.223954120865	-2.61885776148886	78.6450984832803
460.072410542872	430.373690443036	-2.61659407424173	78.8617594071114
460.495794225225	352.33000248448	-0.0284507625680431	52.6686352837131
460.460323819613	430.569492131981	-2.61828041485246	78.8221062431051
460.995486093523	352.315822945561	-0.0271958913811047	52.7032173049591
461.042284877358	430.925720006924	-2.62388261909768	78.7259379475108
461.495011086512	352.301584318888	-0.0275029069224448	52.7547752818235
461.43163660516	431.119747171749	-2.62268026967544	78.5621423320717
461.632845498828	431.268511882073	-2.62012857300896	78.2064078485004
461.994308023207	352.286565969472	-0.0293673547259168	52.805548152595
462.014176910812	431.475380963932	-2.61706973886642	78.662441016694
462.493396303104	352.269846976003	-0.0318296978279572	52.8336972207546
462.399461096612	431.674953022887	-2.61942031085553	78.2985256219147
462.598787731808	431.827617600044	-2.62196942776324	78.3349223261145
462.992455005454	352.251586090399	-0.0334947416735414	52.8479103030016
462.985872558515	432.024760223339	-2.62500149897076	78.6310705167404
463.507001036778	352.232904386646	-0.033328579828025	52.9562331027338
463.368477797829	432.23091496627	-2.62380193246204	78.1065818267443
463.569315799781	432.378181672091	-2.62291109689052	78.4411545828116
464.006191750538	352.215779975958	-0.0313824276605621	53.0277979705272
463.95885916989	432.572611153961	-2.62293675256073	78.5923941031977
464.505308238213	352.200105883648	-0.0282651626534146	53.1143991021889
464.541685174792	432.925790310233	-2.62839988868385	78.6925821002123
465.004517734238	352.186414885433	-0.0248053703655683	53.1954048473258
464.93300260987	433.118768826643	-2.62614220181838	78.5554910506842
465.133291792061	433.265738198565	-2.62228690271518	78.1586525710724
465.503925123282	352.174399338534	-0.0220768233071731	53.2561573764269
465.515260771769	433.4734182468	-2.61695751072016	78.5798101097202
466.00360200021	352.163515432375	-0.0211238766850122	53.3006449755281
465.90074497284	433.672825709424	-2.6171316175686	78.1778954831483
466.099538587702	433.826149247057	-2.62033660624948	78.1552296476494
466.503482434158	352.152663275326	-0.0217699615316076	53.3434507523796
466.487340855268	434.022614980773	-2.63016736065877	78.369685230388
467.0033739528	352.141513192315	-0.0224669583769533	53.399803505821
466.879136759537	434.226713287016	-2.64887825261761	77.7042595963335
467.072545634889	434.359367807982	-2.66325465710741	77.9147922214631
467.503127187104	352.130277306272	-0.0218952830222136	53.4741158690203
467.482342974363	434.538522773673	-2.70817658583091	77.9504611673389
468.002765226731	352.119693690815	-0.0202911881343924	53.5597411736226
467.916883914903	434.718537070536	-2.78025239728165	77.6959669135459
468.072059412794	434.791508152854	-2.81126840108191	77.9427558456312
468.502389674677	352.109924547661	-0.0186354255315156	53.6439966597897
468.520698581807	434.921351929538	-2.89627321888495	78.457431425876
469.002067462909	352.100969561506	-0.0173562900482404	53.7183358493456
468.996681648812	435.01727709438	-2.96811312194148	78.781197671391
469.501801015687	352.092604122631	-0.0162734087089906	53.7811316495638
469.487491518589	435.088431386643	-3.01562815969077	78.8346831031811
470.00157975873	352.084826824869	-0.0153907173829904	53.834725870735
469.983738024442	435.144919534899	-3.0381861803479	78.5927027943896
470.501411425862	352.07734101708	-0.0151569974732621	53.8813705345205
470.480636350089	435.196262304032	-3.0434612291301	78.1248229126039
471.001311479955	352.069741153556	-0.0160076412170304	53.9252733526265
470.976711893718	435.249162863291	-3.04002667982186	77.5462131441025
471.024557904789	435.255292133506	-3.03944930846899	77.4319488567178
471.501253772619	352.061436529541	-0.0177533456592379	53.9719850069874
471.518534251216	435.311308464868	-3.03355372695356	76.9715883364451
472.001171823449	352.052238576077	-0.0196353311165071	54.021726025622
472.012862370729	435.366588375711	-3.02870549365577	76.5746808393163
472.501012836014	352.042245648455	-0.0210266576853031	54.0639429803644
472.507502564876	435.421199088962	-3.02556555468052	76.2541382736048
473.000780313626	352.031793631447	-0.021843159962502	54.0841479145033
473.002321639243	435.47561913738	-3.02366073726484	76.0230868749167
473.500512175316	352.02109460013	-0.0221639189206187	54.0776651393778
473.497096098623	435.530219760133	-3.02344473399959	75.8813038401844
474.000246924934	352.010396475207	-0.0218981326977902	54.0565790227699
473.991785123668	435.58510815029	-3.02559508716709	75.8370409790905
474.499998802012	351.999949316709	-0.0210934554137208	54.0421358691714
474.486661880783	435.640013668578	-3.03106624645187	75.8662305640653
474.999755682623	351.989916858392	-0.0201675121711055	54.0483840569442
474.982093822625	435.694265684995	-3.03916932645309	75.9441353892305
475.499507282664	351.980267845136	-0.0194374201906953	54.0726588902614
475.478197695662	435.747592548674	-3.0485232797332	76.0340079764856
475.52123359103	435.752430469385	-3.04935160811864	76.1455551208159
475.999279779952	351.970915482457	-0.0187772116282729	54.1007618041252
476.016439336963	435.798333177534	-3.05838133260358	76.3264699030889
476.499114396803	351.961885334957	-0.0181224928539328	54.118906597688
476.512195902	435.83829860619	-3.06787854903714	76.4690008418573
476.999001915558	351.953090059494	-0.0178040866450692	54.1193654400497
477.008353776622	435.872210602795	-3.07937346051336	76.5687086898519
477.498889940179	351.944371469772	-0.0178433701909646	54.0994016813337
477.505116091471	435.899525081141	-3.09322371134582	76.6259934139415
477.998753270962	351.93564954979	-0.0175552175491063	54.0607503464735
478.00277263383	435.919677550479	-3.10753653435858	76.6443937094413
478.498608202883	351.927249464207	-0.0165302863154401	54.0097154815288
478.501321375249	435.933239800777	-3.11980779220007	76.6236758213322
478.998442954518	351.919327245033	-0.0155423089253804	53.9549727015128
479.000525208902	435.941523744263	-3.12883955718622	76.5646308752879
479.498194313242	351.911625469209	-0.0158608673767378	53.9032878939172
479.500122837743	435.946166116378	-3.1348839580763	76.4765305812575
479.997799739495	351.903281794962	-0.0179757556932347	53.8566844572648
479.999931709093	435.94841924607	-3.13864545260073	76.375247166561
480.497268611871	351.893610654472	-0.0212007040035877	53.810283611234
480.499838307054	435.949270083147	-3.14087993671131	76.2756045241842
480.996706233325	351.882265253831	-0.0241982581874735	53.75339712418
480.999772973756	435.949213216147	3.14076586969509	76.1883364544582
481.496300877256	351.86974187876	-0.025645506575879	53.6740022093629
481.499707584897	435.948487724061	3.13938457859969	76.1197910869331
481.996229837838	351.856880190273	-0.0248330597944845	53.5683639118219
481.999657448388	435.947150454424	3.13833926381192	76.0713284494462
482.49653135195	351.844906473225	-0.0220327672303869	53.4447511122097
482.499664757975	435.945559535978	3.13825019507309	76.0384178499184
482.997006184917	351.834454110898	-0.0185378440597157	53.3197915663491
482.999751644185	435.944214638762	3.13939852031117	76.0124024495054
483.497310148816	351.825640288288	-0.0160451854917979	53.2068886826322
483.499877171693	435.943639220828	3.14118663787046	75.9824980131378
483.997166923754	351.817471451626	-0.01583049995544	53.1120485754884
483.999952021823	435.943797816633	-3.14076731513689	75.937782479611
484.496555126805	351.808852995502	-0.0179968256020248	53.0321272927244
484.499923940775	435.944235267598	-3.14088292646226	75.8720324924993
484.995694603621	351.798590358019	-0.0215044412240922	52.9605182552802
484.999826003104	435.944292483134	3.14118818838202	75.7906996371905
485.494874831256	351.786499375721	-0.0248663160712559	52.8885413346858
485.499734283274	435.943801487245	3.14014414984685	75.7091021769702
485.994257747181	351.772700924565	-0.0270838072904325	52.8120081159483
485.999691884624	435.942959754846	3.13985985005948	75.6412236962276
486.49385877851	351.758060925572	-0.0278460920557578	52.7293210569463
486.499671263302	435.942133701749	3.13994827775456	75.5892428035891
487.006373111966	351.742311783797	-0.0274622439613034	52.5859654186821
486.999605384829	435.941185288388	3.13931455152217	75.5442077472938
487.505790290543	351.727326471947	-0.0266232938788895	52.5166541212427
487.499472509792	435.939631335405	3.13739669685516	75.4946923638419
488.005234248582	351.712940533176	-0.0261896315341974	52.4415508130083
487.999328875738	435.9369294627	3.13488967536869	75.4345118495038
488.504759619626	351.698994541215	-0.0265728360492254	52.3512507453424
488.49925429588	435.933159646115	3.1330413342339	75.363794563158
489.004402372579	351.684835890627	-0.027640175642242	52.2480672532417
488.999278298566	435.928795461677	3.13261262443553	75.2882025123668
489.504185913537	351.670410438091	-0.0288784946864738	52.1321506470141
489.499383028262	435.924621859101	3.13367807146668	75.2189499705587
490.004065066669	351.655529171486	-0.0299265847871349	52.0161349032117
489.999541232128	435.921228022032	3.13584312818509	75.1739785724649
490.503924692625	351.640545829482	-0.0303154101497566	51.9084816514509
490.499716276962	435.919050276466	3.13830408424962	75.1695238066103
491.003633270224	351.625657071704	-0.0298779161615333	51.8324631627465
490.999845306073	435.917925756152	3.14008683477727	75.2036038674822
491.503168730898	351.611254932753	-0.0292074110219045	51.8002685354601
491.499888270942	435.91743392638	3.14071259645227	75.2509272347229
492.002622145815	351.597014122009	-0.0296875220607357	51.8131084208061
491.99986623725	435.916986447032	3.14056907182875	75.2835721177762
492.502114804629	351.582378781699	-0.0318333914742521	51.8384584927273
492.499822570598	435.916449050042	3.1403481711366	75.291883818841
493.001690966184	351.566698030774	-0.034657957138616	51.8498871683028
492.999769027284	435.915788281623	3.14026660860163	75.2837184510592
493.50131204679	351.550116409006	-0.0364137141232966	51.8311376153541
493.499698028368	435.915092536119	3.14005503197664	75.2674667840456
494.000914146672	351.533188804915	-0.0364594937135651	51.7944240598257
493.999613958634	435.91414880481	3.13942606405202	75.2428281717538
494.500476411416	351.516559349975	-0.0353643783352072	51.7482205043231
494.499528220363	435.912809988829	3.13833891128245	75.2025449023411
495.000012211931	351.500413865108	-0.0342193514105401	51.7097187347996
494.999435461102	435.910814179895	3.13698512357312	75.1404718493817
495.499548852887	351.484687651845	-0.0332897158924508	51.681205910892
495.499327583319	435.908185382288	3.13571752298293	75.0566164853834
495.999130540835	351.469362072377	-0.0323191628212697	51.6620075281049
495.999220067253	435.904979132496	3.13491407673518	74.9597817648652
496.498785609292	351.454466063362	-0.0313523800850696	51.6317704596336
496.4991594401	435.901568258464	3.13475388210182	74.8643728798572
496.998457827223	351.439776032135	-0.031556330092263	51.5875352974927
496.99918850883	435.898183908714	3.13513093479466	74.7854177767903
497.498021577557	351.424441492591	-0.0337422835206874	51.5362123588701
497.499306587457	435.895151482238	3.13585601268004	74.7310563452357
497.997407228126	351.407663977562	-0.0371842136619075	51.5038447053801
497.999446892977	435.892516997978	3.13674512647841	74.6997125747824
498.496667777145	351.389195879013	-0.0395882952780566	51.5018863842191
498.499514030074	435.890370079376	3.13743865581944	74.6810631612415
498.995958893571	351.370042412944	-0.038963689946954	51.5443726499207
498.99945524436	435.88838652117	3.13752725144306	74.6649273726826
499.495465775264	351.351668331169	-0.0349072890865846	51.6291650514518
499.499325134234	435.886360158949	3.13721541930871	74.6473404335075
499.995364365842	351.335623468629	-0.028933941547152	51.7457027527256
499.999261253465	435.884196009766	3.13743558454997	74.6317799652993
500.495720756365	351.322329481311	-0.0229630966157854	51.8542887977978
500.499372103612	435.882457395454	3.1388400516653	74.6210714763015
500.996370958014	351.311650114405	-0.0185903947972628	51.9235716386641
500.999627265539	435.881561543694	3.14096082126918	74.6115374903354
501.496832469323	351.302342797715	-0.017052263550216	51.93953579822
501.499885325976	435.881704010723	-3.14048948439313	74.5916540813872
501.996528569453	351.29293807635	-0.0189959958367316	51.9300817558216
502.000011494301	435.882374526435	-3.13990019456816	74.5535311948419
502.495218358016	351.281539168809	-0.0233299440370909	51.9355256543961
502.499965545845	435.88306558425	-3.14057096508381	74.5022608231038
502.993099547969	351.267627694373	-0.0274766825029056	52.0061697413244
502.999800135913	435.883131718374	3.1410363036528	74.4559201721277
503.490174234519	351.251718364618	-0.0285416560747792	52.1870020922328
503.499608826353	435.882407200403	3.13926455476337	74.4297004723578
504.01043362978	351.2373927106	-0.0225850504710436	52.6777041911846
503.999459476758	435.880896881543	3.13809064300362	74.4225558160083
504.512736078461	351.229578518435	-0.00452703196417976	53.4793986009999
504.499356508964	435.879074479993	3.13772186254997	74.4157873562385
505.014180471472	351.234777022413	0.0272697369572516	54.833048058891
504.99926488263	435.877098966351	3.13762166421755	74.3904992180014
505.4807980588	351.260622140251	0.0666576255820995	56.4717587878708
505.499197211221	435.875083268909	3.13738595191409	74.3410666667886
505.996880757337	351.317210105383	0.133952651259389	58.8262177361362
505.999224982177	435.872904829839	3.13728805435274	74.2769161109198
506.508134249402	351.41442237702	0.231084726074822	61.5596203470486
506.499365812137	435.870829774726	3.13753206787999	74.2132044742455
506.989250095525	351.547304280173	0.333970192320597	64.6264930247389
506.99950302045	435.868817948423	3.13761172329088	74.1665743429293
507.428528944993	351.705404297552	0.41662399264671	67.4240894258014
507.566622626917	351.799913105055	0.427639511821638	68.3105684270498
507.499504713697	435.866760523819	3.13702463955069	74.1471492448322
508.001038787139	351.997632477688	0.486894037526438	71.2147611150625
507.999357430019	435.864243038032	3.13606683707402	74.1524170640593
508.401564164315	352.194631340208	0.520082082704742	72.4973479404173
508.581246433962	352.339982473579	0.525297758904114	73.2065759875747
508.49913144468	435.861360360439	3.13539364812825	74.1648368892586
508.977059155508	352.542107077699	0.530329148785973	74.1977501375818
508.998880646351	435.858187014933	3.13517662554266	74.1653085279677
509.555674785342	352.899924519794	0.517516061664545	74.6092807819613
509.498659658723	435.855004486508	3.13513152357526	74.1422753939205
509.947725860216	353.093461004923	0.512757770052074	74.6840709208613
509.998557993936	435.851706231482	3.13507519761159	74.0936703085678
510.530758680974	353.445196455907	0.514228536564511	74.7593689484615
510.498640884911	435.848437084369	3.13513808078126	74.0233280785303
510.921847147136	353.639548124942	0.513059042850459	74.6253044756563
511.119296167839	353.785739310765	0.510251302308617	74.4571332748484
510.998864753741	435.845186722151	3.13555699768154	73.9476602177484
511.507406111508	353.986659807144	0.507404303869619	74.9456997017973
511.499129709745	435.842340372641	3.13650045789493	73.8900827892825
511.897953191438	354.183434020345	0.509081801200397	74.5892962183568
512.094586397001	354.33091957231	0.512011383381904	74.6152056374327
511.999370791677	435.840047758587	3.13793533493401	73.8657813949193
512.484491968868	354.527476819684	0.515166573395466	74.8785364399066
512.499574117045	435.83863820772	3.13951803951391	73.8668390735422
512.867414560858	354.733136901744	0.515365641041015	74.3962738306428
513.068647906882	354.879556646892	0.514652991514536	74.7367157922576
512.999722148716	435.837893464716	3.14068713630474	73.8743756747373
513.458736791606	355.072282662518	0.514869680624823	74.8108121107285
513.499786221389	435.837618426292	3.14102661360498	73.873373820683
514.042047404565	355.425898953285	0.516160233683569	74.7142030156112
513.999758360019	435.837218038691	3.14056701334939	73.8607574370811
514.433143244674	355.619168458396	0.51185467744469	74.5959076626321
514.632459187285	355.762376283811	0.508282399120109	74.2789246182194
514.499675921301	435.836529394513	3.1397389099577	73.8374036995702
515.018579862638	355.966544863256	0.504516988720059	74.7666000445865
514.99958985745	435.835340152759	3.13899349960923	73.8067374993548
515.410609759816	356.160051735055	0.50759891010201	74.4604161461529
515.608434647532	356.307356043825	0.511182836910736	74.3173890227834
515.499511501827	435.833886396126	3.13841267664064	73.7701921316499
515.996251744339	356.506622442894	0.515105805579981	74.6686544925269
515.999406968069	435.832048241172	3.13776568785436	73.7279955593407
516.382477228832	356.708013874599	0.513044002316084	74.2932960785754
516.581134112868	356.855297360739	0.50992594582733	74.5344128904009
516.499273913296	435.829925346117	3.13704615794767	73.6770798123318
516.97316117631	357.048188158353	0.507530788182932	74.8235382895542
516.999165470494	435.827418060341	3.13665684500804	73.6192669167136
517.557449553959	357.39630003592	0.510117521553541	74.7867231514234
517.499102639465	435.824933566416	3.1368222947355	73.5601791599795
517.951178709725	357.588300409984	0.509384790310728	74.8625754640868
517.999008513233	435.822508725959	3.13710096442591	73.5057647878903
518.535791149191	357.935037758187	0.502846458081609	74.9586273553157
518.498819940802	435.820196046	3.13687555390685	73.4523347971162
518.930259281982	358.125810560797	0.504118795947877	74.7734798386009
519.129353372059	358.268822713444	0.507759061171482	74.4315908600984
518.998605707296	435.817533489759	3.13613770593477	73.3925876477651
519.515094404776	358.473310244511	0.513117115411544	74.8584307442304
519.498519566031	435.814581009211	3.13557424967999	73.3209827557549
519.903527460062	358.669546139564	0.514600360219792	74.5727830212719
520.102433864075	358.819704631727	0.513030721551801	74.5659675053983
519.998636559128	435.811449080205	3.13586170516963	73.2421299703033
520.490730288666	359.016360620124	0.51176567465504	74.9171627743309
520.498875729231	435.808774232011	3.13691961445957	73.1638031791355
520.876449568886	359.218855341879	0.513226388950752	74.4022089252271
521.075650086565	359.366152473921	0.515171078914549	74.6167923334723
520.99904610875	435.806567062969	3.1378134586786	73.0932187471576
521.466182240108	359.560067398979	0.515091297398461	74.731449684371
521.498997187605	435.804646255226	3.13754429857979	73.0306459747308
522.0496224284	359.911410349881	0.510502237372867	74.7037339341359
521.998730477486	435.80213642258	3.13596268148969	72.9773401535071
522.442130147468	360.103127201549	0.510756009729306	74.6428887207484
522.498408836286	435.798732219171	3.13396558888232	72.9341089648018
523.025848371374	360.454276251208	0.51484296592488	74.6528739084229
522.998248566114	435.794359288914	3.13284065856333	72.9021462740548
523.416024477129	360.648914083684	0.51216922246301	74.4018545982666
523.614436761372	360.796488835367	0.509227566508284	74.2486045988888
523.498380268012	435.789894131277	3.13334730138245	72.8763720475289
524.002769867017	360.995048359013	0.505796573064684	74.6154536599156
523.998748998128	435.785961238257	3.13519110867238	72.8535741532377
524.392571005724	361.192377586533	0.507634111921294	74.1430789422145
524.590102730212	361.339490520172	0.510824473137675	74.1689332139727
524.499169127992	435.783229498451	3.13738106955683	72.8322451565572
524.980386389016	361.534912127497	0.513370993146406	74.3689777594092
524.999441561556	435.781409681167	3.13891622544868	72.8162035954116
525.364036808387	361.741844264713	0.511951621370018	73.898105124544
525.564481169677	361.884965012725	0.510168138708623	74.3017986047596
525.499454495205	435.780205470496	3.13926847203179	72.8058157117946
525.956860613994	362.076825781246	0.510173042620318	74.4526914728647
525.999241358777	435.778797856546	3.13863543455705	72.8022639908119
526.540622957098	362.427808383912	0.513479417219974	74.5094089841334
526.499012711061	435.777112635248	3.13801075675593	72.804334345811
526.932293293371	362.620611714661	0.512443254153902	74.4527460810332
527.131489260386	362.764617852255	0.509725006024511	74.1542023748929
526.999019775744	435.775242219247	3.13845432073997	72.8140953881135
527.517395555174	362.968759682071	0.506877622159076	74.6661181568077
527.499272137236	435.77399076448	3.13978045230972	72.8289268250168
527.909206776659	363.163042302586	0.508497950320272	74.339084750399
528.106060306193	363.310374420049	0.511612057225916	74.2197578113751
527.999451991891	435.773226181555	3.14043405921308	72.842928461066
528.494869925266	363.509157537623	0.514053610026629	74.5403506202243
528.499279383932	435.77246196884	3.13937176717	72.8425516963722
528.881592931483	363.711276121345	0.513184103203666	74.1380551825056
529.079385537185	363.858121113317	0.511735132660426	74.3796413053464
528.998857915618	435.770725655309	3.13748285283051	72.8206406851691
529.47096039476	364.051673949445	0.512635724129201	74.590940420539
529.498564645328	435.768257853231	3.13644853176174	72.7779993761286
530.054312291486	364.40452925235	0.518401601954892	74.4287926519476
529.998652147573	435.765494353121	3.13675399342631	72.728677819207
530.444371994855	364.59782801263	0.516116672294899	74.3358778748956
530.49900626884	435.763168600593	3.13746579811276	72.6881851100977
531.028831043631	364.948897682126	0.507754832081693	74.3345870850449
530.999257790632	435.760960964172	3.13748815291374	72.6701971847303
531.420572195049	365.141388514664	0.507006801639626	74.0483422790348
531.619838872676	365.28738560884	0.509226933068812	73.7892468372303
531.499160247719	435.758624307839	3.13657887414098	72.6733489328929
532.006393412618	365.488647321554	0.511893889147464	74.1519548988405
531.998782102061	435.755539702456	3.13524864295084	72.6852933882421
532.394981038872	365.686462401717	0.511142501694156	73.8031979741424
532.593113400129	365.834576340615	0.509474187054783	73.8760486128865
532.498332598853	435.751871756139	3.13405334541091	72.680606212629
532.983535548557	366.029201161751	0.509032364901025	74.1434661000944
533.002237469582	435.747310906929	3.13315952461408	72.5491219670747
533.368211878983	366.233405093672	0.511524006913012	73.5963339470646
533.568721952772	366.378532320589	0.513158114083292	73.8680258198437
533.502533487058	435.742459591088	3.13274818504809	72.4711592547965
533.959912989773	366.571364730917	0.512182396172782	73.9550298439411
534.002494095184	435.737518835829	3.13319426060515	72.3709425989945
534.544228426597	366.919771852084	0.504068250359727	74.0468971486634
534.502184194389	435.733271978607	3.13463264635989	72.2715864095822
534.939260815838	367.110413834098	0.5041477415058	74.0636657234308
535.00191832152	435.72988876639	3.13654151284388	72.1916638921038
535.523562864977	367.457543463983	0.511137027221838	74.2830304473743
535.501919002667	435.727639188939	3.13814512265276	72.1132824662181
535.914916325312	367.652071594117	0.512854451253102	74.1510944217436
536.112006958405	367.799791565262	0.511409189942409	74.057682024345
536.002047888388	435.725971864044	3.13901039227562	72.0210223667403
536.500535870779	367.99904777904	0.510842438817071	74.4747869024465
536.50202278975	435.724698542806	3.13909855161801	71.9037453125745
536.88816682535	368.198100073352	0.512505080618293	73.9733378879687
537.086860070396	368.34723689535	0.5149846188741	74.027805678348
537.001776454487	435.723169004874	3.13843612057073	71.7775151989814
537.476253331792	368.54190902681	0.514048896440855	74.1059887356506
537.501502514787	435.721221076134	3.13713207925325	71.6504958352235
538.060659270422	368.892050848122	0.508492298248135	73.8804806803599
538.001410755988	435.718366964498	3.13557472218957	71.5359838358242
538.453339041018	369.083263945545	0.508556235420955	73.8790882810209
538.501508609804	435.714869647428	3.13444518565037	71.4339351253055
539.037309539121	369.433731288453	0.514155101273214	73.8375031785368
539.001587796016	435.710954365536	3.1345514210499	71.3561142338219
539.428463945869	369.627193570492	0.51307220134835	73.7004271293433
539.627501867105	369.77265499617	0.510818314119198	73.4477999115656
539.501409501741	435.707685671351	3.13653998224288	71.3010728224025
540.013682805787	369.975581112397	0.5085577804991	73.9253518460844
540.000909212023	435.705852418361	3.14026389861173	71.2703343803899
540.403697080208	370.171249889795	0.511333736684951	73.6013850499744
540.601569058476	370.320108340341	0.514012349069707	73.5676126395735
540.500273250902	435.706244524877	-3.13901995810306	71.2492222993113
540.98982037734	370.517988996599	0.516426856500515	73.901976849947
540.999851432528	435.708114865818	-3.13741833376823	71.2386403704158
541.374568540407	370.722269088342	0.513259232647915	73.5027271883878
541.57396530152	370.868108133518	0.510189198136388	73.8323751863616
541.499939450804	435.709992837906	-3.13951321587146	71.2348946702067
541.966270145815	371.060277726203	0.5083700364277	74.0273723703523
542.000595982372	435.709867575778	3.1389743596176	71.2373625421383
542.550343849174	371.410617994168	0.513821418143234	73.9540356279692
542.501711807399	435.707217817673	3.1343212470932	71.2089020733499
542.941431452167	371.603416119191	0.515920903423344	73.8870597804232
543.003597565546	435.702410614078	3.13148708352721	71.0735161002289
543.524558460672	371.957897023131	0.522638946641244	73.8291256251075
543.507777080929	435.695827641731	3.12716491357892	70.6325295599207
543.905275206749	372.154450279364	0.543831579951895	73.1896386094251
544.11447004462	372.328274802694	0.575095391546069	72.6995104379353
544.016898992024	435.6810600728	3.09981079694753	69.4903856729519
544.468525284981	372.541550570129	0.637075918367348	72.1451207484213
544.719072460696	372.761713141836	0.722016185276824	70.5987302555185
544.527275148829	435.631603573588	2.98493743852828	67.1925882793319
544.984758391727	373.0135927626	0.837758423882459	70.2352726419111
545.227982551423	373.355858291863	0.999591274635974	68.9343576840605
544.999673227193	435.499200031137	2.72406869092714	64.2244179860585
545.368967831796	373.565613385083	1.0925758423274	69.3490934238119
545.532246341061	373.990265499898	1.25993975412163	70.0428472854834
545.645105456754	374.477264395635	1.41808400657355	71.2711688366122
545.700308496383	374.985846269977	1.50928009864374	72.2797808742655
545.723329016954	375.493496591801	1.54545592206037	72.7846107734231
545.733294048646	375.997173820047	1.55853190667709	72.9925421853889
545.738551720073	376.498667163531	1.56372752621266	73.0741146247668
545.741706978457	376.999225066957	1.56604082081162	73.0955610060985
545.744160942626	377.499265054908	1.56675959750263	73.0727611779788
545.746491286242	377.99890965715	1.56612170148079	73.0385344342127
545.749608988073	378.498361979445	1.56455400372318	73.0209013852906
545.579143347425	435.071813246813	2.31432818125991	61.9956817619955
545.361620988224	435.304328187272	2.46955565953326	62.203430554042
545.753442191573	379.001893225801	1.56287015741593	73.1215576014202
545.758056670559	379.501884943105	1.56204684743146	73.172226857588
545.762644760436	380.001665280953	1.56242832717873	73.2239000697016
545.766918626864	380.501425232954	1.56338310925835	73.2582262823081
545.770648617489	381.001320387989	1.5638522149658	73.2703231138945
545.774427249508	381.501312616957	1.56363961544121	73.2559303605626
545.778187913379	382.001242751452	1.56363935521277	73.2159675644902
545.78182436726	382.501103445489	1.56442936869545	73.1578545962942
545.78486813533	383.001112855128	1.56525707708956	73.1048920265518
545.787806442628	383.501399373989	1.56511230965787	73.0832060960705
545.790996997412	384.001760556305	1.56406629037958	73.1089165240371
545.794856069578	384.50187430273	1.56313481662863	73.1710675136277
545.798882094917	385.001661289412	1.56309544776086	73.243547053277
545.802802200559	385.501323171395	1.56375139666632	73.2986951718659
545.806287171454	386.001116461813	1.56423458653073	73.3243661327965
545.809792590333	386.501136200568	1.56392377873847	73.3224195331582
545.813541682893	387.001288546579	1.56295766844628	73.3069470412679
545.817869469222	387.50142620882	1.56202878725134	73.2909151569759
545.822408246799	388.001479578479	1.56176314153028	73.2832547112033
545.826927951391	388.501447561144	1.56229441985885	73.2849917916352
545.830960870514	389.001343101205	1.56322811217103	73.2967561129672
545.834617944261	389.501187944674	1.56401730711267	73.318765088371
545.837934599553	390.001035641398	1.56432209498816	73.3530293028392
545.841319027121	390.500943470897	1.56415846621046	73.3988744294058
545.8447917533	391.000921807944	1.56382302465679	73.4564662538992
545.848459382307	391.500916515063	1.56374839638938	73.5239769730974
545.851961631186	392.000863949951	1.56419199394467	73.5972790575417
545.855196554685	392.5007651268	1.56494744085051	73.6674709219852
545.858013605361	393.000682317678	1.56546199105417	73.7272986229363
545.860744320144	393.50064409793	1.56549194959247	73.768805959912
545.863422031577	394.000609210495	1.56540192253737	73.780028794338
545.866094117324	394.500553777333	1.56561958528036	73.7473238893314
545.868485542342	395.00052668594	1.56608310477294	73.6764437013657
545.87068258038	395.500565241548	1.56653929516874	73.6009745480132
545.87263788526	396.000625082879	1.56690145073292	73.5651069140683
545.874557135582	396.500649269401	1.56704990752273	73.5889216011336
545.876493820449	397.000651465668	1.5667184843605	73.6558574280133
545.878795531338	397.500676654226	1.56588375004814	73.7287801418286
545.881491811993	398.000729760104	1.5649992949329	73.7839045510498
545.884587734513	398.500785155726	1.56452550390698	73.8234292883176
545.887778507598	399.000832352981	1.56440201435798	73.8603735499371
545.891059867477	399.50087154544	1.56430111322909	73.8961495307113
545.894340626942	400.000888218547	1.56412399034401	73.9223824566914
545.897705031068	400.500854272271	1.56401461880899	73.9326455887484
545.901001935537	401.000757886119	1.56407986061313	73.9276669451504
545.904236637273	401.500620276456	1.56434464536381	73.9087417926433
545.907230454028	402.000483724982	1.56486340037057	73.8754757692178
545.909930576968	402.500376266703	1.56571550040309	73.8287371568736
545.912108493946	403.000298839061	1.56682574842372	73.7768585709396
545.913794166237	403.500246363468	1.5678253393749	73.7334725595724
545.915091244626	404.000225541285	1.56821506920925	73.7086667120881
545.916438623456	404.500241921676	1.56780765940661	73.6993703673807
545.918089587592	405.000285822437	1.56690461604827	73.6922086765415
545.92024367935	405.500343984074	1.56592836292235	73.6764611096088
545.922821234784	406.000408427632	1.56506031711912	73.6570254315015
545.925841281831	406.500462451419	1.5643705005578	73.6487305311428
545.929119135486	407.000481405022	1.56400277510699	73.6573282209992
545.932507784327	407.50046276187	1.56401463491772	73.6725199242825
545.935777573276	408.000435335366	1.56421035437111	73.6872494371289
545.93896227697	408.500422491794	1.56438512321287	73.7130020162106
545.942056169042	409.000417745208	1.56454605568746	73.7669424429383
545.945120814057	409.500403633454	1.56472705430942	73.8472923818656
545.948101389759	410.000376395715	1.56483008507523	73.9292694784008
545.951053733139	410.500339232044	1.56486318480044	73.9827008666039
545.953880164056	411.000289864649	1.56514875588439	73.992906534252
545.956417853589	411.500225961235	1.56602116413137	73.9685508252612
545.958389785012	412.000160616912	1.56730518318069	73.9337504489812
545.959826189419	412.500124607681	1.56823148410242	73.9108945040333
545.96109280637	413.000145419156	1.56796924986802	73.9064547712809
545.962865075191	413.500210470253	1.5664169211142	73.9098191996272
545.965530688867	414.000262360654	1.56448353928559	73.9056392922483
545.968976910846	414.500255849703	1.56335347862265	73.8885421426383
545.972626776176	415.000203911602	1.56343446301724	73.866541530587
545.976032064534	415.500149916857	1.56411953213094	73.8472437260418
545.979115467084	416.000119944155	1.56451054910138	73.8212676525346
545.982139499898	416.500108258878	1.56441459386034	73.7685715795194
545.985199953708	417.000095769842	1.56447735908216	73.6866931961966
545.988119749855	417.500075762331	1.56508546853661	73.6043722635556
545.99072812454	418.000055652337	1.56569799031044	73.5576753933341
545.993192508728	418.500040172537	1.56570120705703	73.557594830499
545.995779726997	419.000026072047	1.56528753051249	73.585856522894
545.998552332965	419.500009445602	1.56503090491124	73.6152824368922
546.001362938233	419.999990934813	1.56512508153481	73.6282916818589
546.004043155994	420.49997414324	1.56552489911365	73.6225758017097
546.006420873603	420.999963940112	1.566326532179	73.605673660561
546.008304032252	421.499963952663	1.56745530574903	73.5829900449422
546.009681923929	421.999971359312	1.56828965995256	73.5468959438901
546.010884765596	422.499976787643	1.56807544282875	73.4810329072492
546.012487674104	422.999970225974	1.56669898625455	73.3808601557275
546.014888386165	423.499945214834	1.56491460173647	73.269216635126
546.018035300799	423.999903494981	1.56379201260952	73.1863222153088
546.021425923979	424.499859504832	1.56390073783234	73.1628333266278
546.024530177652	424.999830362687	1.56493074695833	73.1997106651909
546.027106190362	425.499816173369	1.56597101211911	73.2694556629389
546.029390908267	425.999800665573	1.56621679977903	73.3344521395784
546.03176387018	426.499778127232	1.56568226651337	73.3672529605704
546.034423413648	426.999767216281	1.56516326378071	73.35945366308
546.037146111344	427.49978477746	1.5652611762413	73.3185650736083
546.039711422855	427.999809814396	1.56569023681582	73.2601223840486
546.042118107254	428.49979859538	1.56580330076182	73.2017895817036
546.044634892148	428.999738839242	1.56548543554526	73.1592886110391
546.047321245157	429.499674579016	1.56525770552497	73.1371246063596
546.050005357204	429.999671245684	1.5656631800191	73.1191131334002
546.052310246583	430.499743812537	1.56660705081766	73.0780773916202
546.054195484957	430.999823521426	1.56725237669453	73.0038572284264
546.055980278636	431.499830995421	1.56682869553321	72.9141180039704
546.058263993037	431.999797927605	1.56540684802272	72.8239089252119
546.061281970896	432.499995996235	1.56408413078445	72.6812940022776
546.064121281192	433.001129181575	1.56716923771217	72.2803732509194
546.060571633157	433.504056342194	1.591787915041	71.200844468271
546.030256156057	434.005104950435	1.6792696891057	69.0013548363893
545.936713593449	434.478517856992	1.87450556500347	65.8871736400444
545.766837465782	434.862948180187	2.14214792241325	63.0542456861832
