280.749356485288	385.003492820965	-1.55653347284644	63.8847907485303
280.741545722887	385.503194662576	-1.55727666143897	63.8765354496461
280.734042551532	386.002919642017	-1.55778124746504	63.874115468585
280.726976825613	386.5027519011	-1.5581602557309	63.8580463788577
280.720090312402	387.002678963581	-1.55854028534169	63.8292306158169
280.713651251199	387.50262939657	-1.55902990814362	63.7854045002365
280.707559134403	388.002582525317	-1.55982851022084	63.7354872293778
280.702401363778	388.502659850781	-1.56171890041524	63.6909298402967
280.698942551346	389.003090814751	-1.56618785925653	63.7109608214671
280.699128939454	389.504110391045	-1.57453549957661	63.8994956855351
280.704480239046	390.005853244878	-1.58560122599688	64.4043115421772
280.714983025334	390.508284206604	-1.59333311858894	65.3246461680308
280.726250666529	391.011021049079	-1.58966002176312	66.6476421187535
280.73172892733	391.513291598831	-1.57282723641114	68.2051233647257
280.726351314926	392.014126984991	-1.55149991772388	69.7758075841465
280.711272859835	392.512859320018	-1.53700534258634	71.1648587384154
280.692424675946	393.009367003318	-1.53729700017317	72.2568162719403
280.678814666987	393.503970727993	-1.55618654641501	72.9878035783568
280.679755839687	393.996365598112	-1.5937225528662	73.3854586900947
280.704671247686	394.484194698029	-1.64530851308733	73.5610590167231
281.137343411728	375.043994224375	-1.26742504525568	64.503523010344
281.023078682399	375.505197441793	-1.36357132347942	64.8323509332805
280.943971538993	375.991951185361	-1.44248707921697	65.004533525157
280.894900234405	376.491345526217	-1.49871588729664	65.0589145778013
280.867631757923	376.994260902096	-1.53292641002139	65.0286124270639
280.85334096045	377.496580443979	-1.55068844354167	64.9643308037396
280.845252988217	377.997619056108	-1.55830871200658	64.9102649702829
280.839589518913	378.497902853556	-1.560561801665	64.875855201562
280.8342585315	378.997904911731	-1.56021797347678	64.8428952277666
280.828538351813	379.497852841997	-1.55901225410653	64.7881717651845
280.822222942376	379.997881735402	-1.55839920237006	64.7048239233717
280.815968150803	380.498014071045	-1.55897921253788	64.6051600790116
280.81005566088	380.998077562733	-1.55987842344102	64.5150961533477
280.804474116725	381.497891418849	-1.55979449314933	64.4527044377481
280.798384172733	381.99750444885	-1.55834286152498	64.4141131295453
280.79139916217	382.497141703683	-1.55629795829169	64.3712923519129
280.783282859226	382.996952644032	-1.55473107238051	64.2995086823789
280.774646321264	383.496895624076	-1.55422579949169	64.1976132867793
280.76584414505	383.996823790625	-1.55465520574656	64.0919704989378
280.757483756569	384.49668418439	-1.55557622249397	64.010574347256
280.771063923105	395.03483999767	-1.71204263928421	73.7340352906393
280.862658188763	395.53090931614	-1.77472806161962	74.0317815753864
280.973326974793	396.007756975478	-1.83541493100739	74.2928479188766
281.100872556111	396.465308329172	-1.89005558700527	74.2271497946156
281.580578959745	374.046079533276	-1.04354956801005	64.2255484901
281.392570176619	374.449541822685	-1.12505505685053	64.1673653379724
281.33884504631	397.063951424961	-1.94847266049198	73.8194155245616
281.503391301222	397.498596512967	-1.9663630475804	73.870198861113
281.670406134307	397.928721942936	-1.96581540458158	73.6188650735062
282.1897109235	373.152793564106	-0.889160825630763	64.1650963290768
281.970070056635	373.478420457053	-0.939675955124035	64.4584623717939
281.763458201129	398.098802347067	-1.96228474032442	73.4976743867756
281.935852037679	398.526835948282	-1.95636019478581	73.8035814299149
282.095977467683	398.958859168183	-1.96469068126179	73.5809248835265
282.644359177427	372.636597378399	-0.812775796721241	64.4623329559391
282.418373541005	372.929127629945	-0.852657632903295	64.6173273789004
282.38500169583	399.55662606483	-2.01738085709387	72.8077831125889
282.568716109571	399.960726614483	-2.07910763815122	72.0680205269823
283.137078170171	372.148690305364	-0.74776030752461	64.5080977130836
282.908897347063	372.407465596601	-0.778830918057903	64.7204716206325
282.970866744991	400.525145587931	-2.2831055017069	70.0654385774561
283.199574957802	400.780839819116	-2.42600711426205	68.6050524708717
283.65783011307	371.691851735174	-0.693866943105932	64.3099554060269
283.43309981895	371.922576630123	-0.717178519479853	64.7501963337865
283.510622181006	400.983118491668	-2.59582561839268	68.4595646590955
283.97411282333	371.466696678212	-0.667325598421771	64.7196898909312
283.931315168807	401.181122949346	-2.78521128154625	68.6249270144371
284.526055978558	371.036501245748	-0.625291490423665	64.5853351970815
284.523682741099	401.344995057026	-2.99920537001795	70.4147857813325
285.088167955302	370.632797067352	-0.590392296277132	64.2382080529914
284.877243663455	370.819844472044	-0.603639324837783	64.141873540042
285.007550106426	401.392221009508	-3.08405629110765	71.4609918935919
285.453971478816	370.42738155824	-0.568279618132174	64.3035910300581
285.502713992264	401.411501631922	-3.11614751559031	71.9714781614578
286.030582810152	370.051692570193	-0.534460005639113	64.2688248171661
286.001224728749	401.421083734704	-3.12571435956838	72.1537463052793
286.614947625096	369.704613393444	-0.514575905980357	63.8269382396861
286.416782846536	369.854070466962	-0.520308964955201	64.0138389102799
286.500773189109	401.427875196751	-3.12802596742671	72.2023489076561
287.003081528517	369.505675345085	-0.502394859654152	64.1124922610026
287.000618412139	401.434009851697	-3.12873747684567	72.2050851034887
287.590720685688	369.176564101468	-0.47499357027053	63.8351299671871
287.40044789164	369.309729976183	-0.484951574015728	63.7846972549498
287.500527911723	401.439680753733	-3.12988455325235	72.1727580622269
287.995353013737	368.990678837446	-0.46026346759773	64.0432527165205
288.000437687258	401.44465002672	-3.13191688028436	72.122691306992
288.588701068548	368.682427282605	-0.453739470810494	63.6429087353332
288.404087314529	368.803463169284	-0.454360645564552	63.6592567684626
288.500339820373	401.448534000813	-3.13450032911954	72.0726449957871
288.999517336431	368.498986253766	-0.448503052777045	63.852916267713
289.000258750782	401.451344265965	-3.13666276910457	72.0524590304457
289.593781840293	368.206487104908	-0.426539259712132	63.6841086749796
289.415179421537	368.316852126246	-0.435073091302583	63.6667513851396
289.500229140431	401.453444072318	-3.13736082062085	72.0589568286426
290.01308572821	368.029602681508	-0.412524730973898	64.0271659429891
290.000263399533	401.455674436592	-3.13613374846405	72.0867706152556
290.439687323836	367.860927084229	-0.408381061377114	63.8230454638455
290.500325939099	401.458756321963	-3.13370871363856	72.1179278869765
291.034506660848	367.580744890284	-0.410201828962185	63.709159494419
291.000350816955	401.462947426303	-3.1317164090276	72.1561606342543
291.464433719108	367.414440770147	-0.399174020987749	63.659822384575
291.500308535203	401.467669361651	-3.13156517801426	72.1951364830833
292.059906739074	367.153225983214	-0.366658348446228	63.7578847799678
292.000229693441	401.472038544306	-3.13330711670251	72.2397721728461
292.49993122955	366.999818412659	-0.35006381283668	64.0163870974171
292.500161886953	401.475378742617	-3.13571283226104	72.2760179361497
292.943739411428	366.84909064476	-0.348234901406975	63.8501903631382
293.000128053174	401.477771075166	-3.13718013626371	72.2993386487002
293.540319087415	366.607686298169	-0.36090268230034	63.7514350323358
293.500124111474	401.479855884373	-3.136884291767	72.2940950920874
293.98289694974	366.454146677616	-0.362402002346664	63.8321610495546
294.000128092194	401.482433758049	-3.13518102773031	72.2689957436303
294.57931379878	366.22022713885	-0.344454441055483	63.8758089608028
294.424518950081	366.294902072664	-0.351478483012913	63.7981563012403
294.50011740471	401.485898819342	-3.13313533184559	72.2306802991036
295.02360260124	366.067058752892	-0.329108211290323	64.3140060118839
295.000085667927	401.490207786691	-3.13157603226401	72.2024758642718
295.474835969371	365.927112091603	-0.323160934721007	64.3622679199391
295.500042588544	401.495051967406	-3.13070226581059	72.187829058464
296.072041704163	365.709927462683	-0.331178908196432	63.9742662127137
295.924046796749	365.777187903318	-0.327687294182248	64.026435710009
295.999998750221	401.500153419044	-3.13036762250396	72.1949431642244
296.519828216503	365.558559583752	-0.335065458497852	64.0640493512946
296.499961943577	401.505208778856	-3.13085039664339	72.2091550991074
296.971956377312	365.415377595225	-0.327614586905434	64.1184752540736
296.999941956218	401.509744651238	-3.13250334723592	72.2207213574669
297.56505105282	365.207159388978	-0.300965054725404	64.3307964772213
297.424340461521	365.265425265621	-0.308466238788748	64.1654469978691
297.499935543115	401.513379335154	-3.13452005061891	72.206478289819
298.022006833246	365.071386322826	-0.285292719496555	64.7513622441916
297.999912849245	401.516426818449	-3.13487195544282	72.1744049117382
298.483534887577	364.946373226746	-0.283013923694169	64.81807873886
298.499846279412	401.519956110348	-3.13280515415182	72.1403295789476
298.942764754902	364.814429350167	-0.292796282636803	64.5147621585056
298.999747055208	401.524712595057	-3.13010825276448	72.1340653842671
299.535358167264	364.61314966636	-0.309951043811284	64.3249656885379
299.499667091694	401.530401652482	-3.12910524371768	72.1499575046659
299.992875361454	364.476800427141	-0.309813582861705	64.3710173714363
299.999645384559	401.536046427448	-3.13003822833764	72.1797131136442
300.452361108047	364.340234255389	-0.295329548794811	64.4490068825386
300.499656012688	401.541097163274	-3.13142267987814	72.2039152931315
301.042878970207	364.153531330849	-0.265307951284259	64.9383734058511
300.99965215095	401.545629136786	-3.13205170422428	72.228262207138
301.50964317563	364.035203647145	-0.251879733565226	65.2997580709503
301.499625135386	401.550044886659	-3.13207604210584	72.2530668939656
301.978908003386	363.922570641028	-0.251371988220171	65.2704124760279
301.999603589722	401.554394490041	-3.13225212862891	72.2923822097459
302.445805825274	363.801539270145	-0.262181567091822	64.8832688776644
302.499607131745	401.558547718079	-3.1329166617476	72.3375954605159
303.034271025601	363.622439412822	-0.28150813054847	64.5539069042732
302.999615502825	401.56233511582	-3.133532448268	72.3798737612509
303.49876369142	363.495547584766	-0.284925994800278	64.4819179406158
303.499581989844	401.566062918504	-3.13334415789779	72.3926611503792
303.964240311923	363.369082784314	-0.275542819634589	64.5152433732712
303.999478005768	401.570153289538	-3.1321505648231	72.3799442455311
304.550767321792	363.197357926818	-0.248473659131753	64.9222988802163
304.499313199165	401.575035488284	-3.13054108927261	72.3571161110483
305.020827792372	363.083180214925	-0.230588400932298	65.4581633185193
304.999128959219	401.580621861555	-3.12927751430291	72.3584879395727
305.495084308605	362.980027082074	-0.223594616738415	65.7166838962267
305.498972299962	401.586680237673	-3.12882994420455	72.3861150965743
305.969734766108	362.876305735179	-0.228084577455314	65.5925210788518
305.998894714262	401.592701627052	-3.12934720758714	72.4345285205443
306.556018137925	362.722769351093	-0.247335172698345	65.0898149435646
306.44115334914	362.760285144692	-0.24251872040873	65.1853535565874
306.49896653636	401.59826195905	-3.13115535714079	72.4801938815115
307.025101689712	362.599468519212	-0.26143201571069	64.9673450588849
306.999247662937	401.602561420266	-3.1344736733755	72.5219490633077
307.495322091483	362.481351217835	-0.264070565062778	64.9079811845976
307.499657266924	401.605076149806	-3.13846777137992	72.5546448190166
307.966101897979	362.36284731868	-0.25430122140266	64.9427302991246
307.999945365403	401.605815973021	-3.14102921376528	72.5861875764516
308.548408261214	362.205994122703	-0.229452320103416	65.2728931551589
308.499894344613	401.606060115143	-3.14043099561517	72.6071640074358
309.022852059091	362.098986247066	-0.213094120471208	65.6998369358733
308.999518583455	401.607279876996	-3.13700986137335	72.6243576615648
309.500544701339	362.002373260865	-0.206821954026101	65.8910243688955
309.499026861893	401.610511060708	-3.13293424936658	72.6381509182942
309.978327713993	361.906226862043	-0.211527713896746	65.7658248735751
309.998667951369	401.615407779633	-3.13041336075949	72.6628113221045
310.453335712838	361.800809842929	-0.225865364954379	65.3778090819107
310.498571554725	401.621062416479	-3.13023017511983	72.6956620196195
311.035574464539	361.647074720116	-0.246939545690283	65.0103970060005
310.998676659411	401.626354418816	-3.13148715195133	72.7440542114599
311.507685247063	361.532247683038	-0.252129060486485	64.9142075355139
311.49882618334	401.63103715049	-3.13276443534021	72.798545041541
311.981560179337	361.420212975326	-0.243897649265288	64.938787026013
311.998948406691	401.635174763644	-3.13338028012986	72.8557625550116
312.457221381376	361.30772985611	-0.224043190015478	65.1233205779324
312.499079204293	401.639155868581	-3.13379745308197	72.8952355350576
313.035365190899	361.172751192641	-0.195442156923289	65.7571843215581
312.999246938773	401.642752834921	-3.13471735739617	72.9162451615301
313.516459482558	361.082252026191	-0.180560925396467	66.2561466538563
313.499366651264	401.645862934971	-3.1359409958139	72.9209534331914
313.999856376531	360.999279188689	-0.176097022726157	66.493713143917
313.999310028237	401.648446953873	-3.13639094856976	72.9334679011202
314.483158894928	360.916252623339	-0.180653599600882	66.421244633857
314.499082227665	401.651218989068	-3.13560752534787	72.9570562184162
314.964569693602	360.826321340129	-0.19254295351528	66.0940136232273
314.998842408608	401.654502188056	-3.13432287470937	72.9880370957449
315.541730034102	360.696085248669	-0.212559984869035	65.6234872773054
315.498661380761	401.658528786482	-3.13312329493507	73.0021319377701
316.019299523447	360.590133152855	-0.225142236355805	65.480031781071
315.99841208501	401.663191099364	-3.13152198160896	73.0057741216844
316.497185530365	360.486839001004	-0.228548486025868	65.4205266016453
316.498038395323	401.668908479316	-3.12953637015113	73.0171294150279
316.975349245575	360.38335920472	-0.221933729840557	65.4668606212619
316.997800874966	401.675355912032	-3.12869841648997	73.0628860063724
317.45409716927	360.277058582133	-0.2056537966508	65.6156387673992
317.497996560375	401.681726448672	-3.13036643130274	73.128937910929
318.02947954083	360.154295580755	-0.18211888327413	66.1454485530167
317.998537066269	401.686670345279	-3.13365738435511	73.1962672019979
318.512999646132	360.070336657159	-0.168320457490624	66.4794703331954
318.498998525302	401.690104029914	-3.13624433445505	73.2431507800176
318.998706512711	359.992904006318	-0.163224975905671	66.5931877942036
318.999067882034	401.692637859333	-3.1366565321321	73.2784742926041
319.484480351169	359.915553786218	-0.166843452517484	66.463507118714
319.498753666253	401.695587552229	-3.13523785183595	73.3082954584493
319.968607287201	359.832329932316	-0.17723296705454	66.1343193838146
319.998284795984	401.699388399048	-3.13333486446763	73.3474336328171
320.541987837743	359.714603726457	-0.194210908799835	65.6403284969431
320.497928227333	401.704162340669	-3.13222364268165	73.3942214103929
321.022544638736	359.615338950087	-0.205934461883893	65.4573452302814
320.997871527299	401.709111938609	-3.13244019750195	73.4590742630331
321.503722824756	359.519267295621	-0.210366341732912	65.3296558622948
321.498130566487	401.713763904303	-3.13376742578208	73.541058606813
321.985595101466	359.424068208979	-0.206059375723175	65.30821629857
321.998544373579	401.717466968937	-3.13546144080172	73.6420001957484
322.468158160148	359.328257048397	-0.192892983901688	65.4453444549436
322.498861196143	401.720479659901	-3.13663124982977	73.740249368139
323.03677204743	359.213784717119	-0.171209393573655	65.9590085169818
322.998910994431	401.723045278182	-3.13669047405301	73.8240163501294
323.522093050606	359.131529074101	-0.15605671300053	66.5467985714857
323.498714588785	401.725981771693	-3.1358718508596	73.8802018074272
324.009740543074	359.058654762823	-0.147271276449231	67.0061667604504
323.998466008369	401.729308721665	-3.13509555178322	73.9146288156527
324.498345796685	358.990007128303	-0.144698584426273	67.2153935141951
324.498362803251	401.7329952964	-3.13517683402537	73.924441717399
324.986919957452	358.921092139928	-0.147895819157351	67.124285564172
324.998454796876	401.736289876617	-3.13608603567839	73.9227783094595
325.474568266265	358.847344875558	-0.157079998259943	66.7564229527973
325.498616898635	401.739155599501	-3.13705758008847	73.9191799939657
326.043234855122	358.745298119938	-0.174401053260787	66.0676147468341
325.960244089451	358.763548435169	-0.171376130399966	66.2142607834886
325.998658473166	401.741557102873	-3.13719528594842	73.9326619036736
326.526968781096	358.651405117785	-0.189290609885312	65.7236810620431
326.498440633632	401.744366103255	-3.1360650647924	73.9601195683445
327.010691433163	358.559650631394	-0.198395880418831	65.4863285520131
326.997990039521	401.74799485774	-3.13400927301624	73.9988687619189
327.494402708832	358.468748630858	-0.199149314684609	65.3818260167355
327.502281187867	401.752831696646	-3.13214458256846	74.1369349603715
327.978349503356	358.377687587051	-0.191283138526695	65.4231269660401
328.002334131185	401.758035536538	-3.13172695341915	74.178041277698
328.462933160735	358.285610024193	-0.175604069798164	65.5982432995198
328.502005297387	401.763090582771	-3.1329541124447	74.2114135578052
329.029322418882	358.182458608418	-0.154785880677666	66.137072296733
329.001573500222	401.767161541284	-3.13467268127019	74.2405625135888
329.517137096269	358.109151054647	-0.141968925770687	66.5836971940463
329.501368317608	401.770612902142	-3.13551427470727	74.2677127195305
330.006642224126	358.042785939668	-0.13569465874372	66.8857537045899
330.001467157658	401.773829325901	-3.13518097356604	74.2966583608525
330.496750440788	357.97897780294	-0.13495183898487	66.9644911621005
330.501665867372	401.777449293981	-3.13455063935363	74.3259614009223
330.986759253102	357.914129205837	-0.138254682271159	66.7964516729986
331.001717288342	401.781125136991	-3.13461267026652	74.3574896700739
331.47611992455	357.844984090263	-0.145203523785946	66.4256582092154
331.501569750404	401.784641610403	-3.13543326804322	74.3946880810555
331.964124547014	357.767905559237	-0.15576044939644	65.9506362454681
332.001368388455	401.787603268521	-3.13618905483837	74.4461498812145
332.527027799802	357.667036824463	-0.170095410254537	65.5338847746573
332.501224905014	401.790440042157	-3.13632560639551	74.5116467565297
333.013422459666	357.582828878363	-0.179392196769154	65.3426027055552
333.001095688396	401.793197520126	-3.13625813849071	74.579894998296
333.49988807095	357.499308767122	-0.182919740233684	65.2535860737317
333.500927147413	401.795971701229	-3.13667800466022	74.628973011781
333.986324571567	357.415527654655	-0.180011448268916	65.2980589683651
334.000801573722	401.798283696297	-3.13750058031858	74.6479377256097
334.472716448209	357.330867329745	-0.170202056799422	65.4840892685985
334.500831048621	401.800300405184	-3.13797873552608	74.642470635227
335.034724549435	357.23102251715	-0.152384790823701	65.9487474569816
335.00099766942	401.802184415671	-3.13755600613937	74.6308005176299
335.522591307917	357.157178751693	-0.136323162114699	66.4625014177912
335.501180428032	401.804581473506	-3.13641028996524	74.6226076316165
336.012817450746	357.093646564603	-0.123207449574639	66.871374969835
336.00130423535	401.807510651449	-3.13521945310031	74.6186343134994
336.504842116032	357.036574091044	-0.115285273708017	67.1050351696429
336.501403500847	401.811037363847	-3.13445932015025	74.6176907496965
336.997673651235	356.982314750535	-0.113398380035947	67.1422438977288
337.001544180492	401.814770859363	-3.13406270666056	74.632446635848
337.490284015878	356.927342768235	-0.117123813764714	66.9938406356168
337.501699200916	401.818758824243	-3.13386894201603	74.6787071485977
337.981917750094	356.868386423268	-0.125540721261762	66.6908863959646
338.001754257837	401.822702616975	-3.13397551261037	74.7575753528815
338.472148275718	356.802444821382	-0.137177121236025	66.281301538762
338.501644673567	401.826560294675	-3.13446943338199	74.8459047389322
339.031832709526	356.712882344219	-0.152070704048923	65.7841030698312
339.001431197125	401.830022572617	-3.13504014222393	74.9229065058006
339.520002845721	356.633452687077	-0.162074096495107	65.5493011806102
339.501195151643	401.833316108878	-3.13533272701824	74.9873385161631
340.008274067201	356.555619790193	-0.166831744313249	65.4011269512274
340.000956982633	401.836429988551	-3.13545463472799	75.0514607335682
340.496932551195	356.479075427975	-0.165630685113307	65.3615831007018
340.500739202507	401.839515679718	-3.13577348160995	75.1174057144193
340.986123940401	356.403448409634	-0.159463646865923	65.4494389892479
341.000632035153	401.842299950355	-3.13631626154836	75.1772935990768
341.475861683843	356.328180705245	-0.149271087739391	65.6444657059681
341.50070761904	401.84491421445	-3.13667528747012	75.2228771030077
342.031697915235	356.241360883886	-0.135829724809406	66.029614702519
341.965965485415	356.25249309804	-0.137486986137014	65.9164155982648
342.000904372512	401.847406120791	-3.13652952129689	75.2569801705301
342.522487176614	356.17344013531	-0.125821390262479	66.4549506132943
342.50104592196	401.85011490861	-3.13619991109848	75.288547013751
343.014530864155	356.112782706245	-0.11859749472122	66.7944821381252
343.000995256066	401.852807060307	-3.13639465090862	75.3279203674643
343.507261714964	356.056722827685	-0.113620664813458	66.9897772463864
343.500791425042	401.855278624838	-3.13723884832607	75.3777124308654
344.000424885917	356.003350406792	-0.110503647934752	67.0208759642857
344.000616474831	401.857252848966	-3.13790228947621	75.4318559691125
344.493822525751	355.950870740845	-0.109596311658942	66.9006403621042
344.500604857603	401.859182431488	-3.13760233833169	75.4780143890876
344.987104506571	355.897352407422	-0.1118397521939	66.6572533256041
345.000728090883	401.861414310555	-3.13654487917301	75.5116383510646
345.479835758765	355.84063937916	-0.117463618263491	66.3187190244175
345.500883430996	401.864272687846	-3.13545541940108	75.5395602483047
345.971715976993	355.778209794506	-0.125698582754479	65.9175615730954
346.001017073367	401.867538056565	-3.13467868123134	75.5746241249337
346.526407295613	355.697664818578	-0.136783282302595	65.4906038195843
346.501102718004	401.871157985052	-3.13426612869805	75.6229038604258
347.01698438149	355.626680622472	-0.146283214083897	65.2762295544929
347.001090267026	401.874784173132	-3.1344420522527	75.6833742188382
347.507532785124	355.55566096603	-0.153866887827795	65.1469755856517
347.500947463026	401.87816746697	-3.13547162690315	75.7509698802062
347.997801978515	355.483903940906	-0.157357812989664	65.1243736607184
348.00071708286	401.880802800188	-3.13717826486397	75.8213987026437
348.487976919117	355.411584662654	-0.154077937226867	65.1946012049277
348.500486077841	401.882616384329	-3.13890057855626	75.8873471297148
348.978681830945	355.339400146518	-0.143879350126847	65.350146064996
349.000336117002	401.883678789746	-3.13987378376329	75.9378468392041
349.470428637828	355.26796427702	-0.129250131977886	65.579405800327
349.5003314239	401.884581512336	-3.13965024584039	75.9611277055733
350.022480287678	355.194918367527	-0.113184408534178	66.0830755843466
350.000501547659	401.885812277644	-3.13829947815133	75.9557158490227
350.515590324799	355.140416783727	-0.102542447679658	66.4821601953473
350.500786201772	401.887925287735	-3.13636802910293	75.9337282503514
351.00996979182	355.091615062952	-0.0959967568761904	66.7986931442947
351.001027231963	401.890927384706	-3.13466761829631	75.9150555198827
351.504971933788	355.045954752285	-0.0928728717294079	66.9869204610163
351.501072667903	401.894604276348	-3.13399970123382	75.9143712845595
352.000172895669	355.001595943899	-0.0922993746502655	67.0268425505129
352.000902042956	401.898223914597	-3.1347483281436	75.9374111294262
352.495318346601	354.956986563276	-0.0938760057000809	66.9226850673283
352.500635972052	401.901242033081	-3.13647627465028	75.9805377247425
352.990198396978	354.910653783976	-0.0977212572649542	66.6934571256498
353.000433499633	401.903330281964	-3.13810801642409	76.0335292082059
353.48461689468	354.86115631263	-0.103566597004868	66.3624915851803
353.500364082534	401.904840762997	-3.13886236118144	76.0827150744049
353.978448159208	354.806980561771	-0.11052569731717	65.9562741865938
354.000378702357	401.906130163619	-3.13883332368097	76.1186583201784
354.528189801561	354.738482793879	-0.118520039128784	65.4188359878437
354.500408711625	401.907571666785	-3.138436126615	76.1393989893911
355.02060773344	354.67402169164	-0.125143597536488	65.1308416668384
355.000455854455	401.909255791469	-3.13767359502058	76.1512338108265
355.513210360206	354.610989502661	-0.130783058716725	64.9124362512812
355.50055129902	401.911508006716	-3.13634654775041	76.1657506706518
356.005799397737	354.548237741779	-0.13563050665638	64.7881146628671
356.000672444961	401.914496849599	-3.13468051653489	76.1968608983135
356.498178149041	354.484956804004	-0.138554135133618	64.7427480918531
356.500744751431	401.91829685733	-3.13340515279538	76.251245087475
356.990459554232	354.42068553957	-0.138057857697087	64.7601446270889
357.000714693279	401.922435235798	-3.13328011356854	76.3198355427848
357.483051379338	354.355550874324	-0.132422845357372	64.8282884015945
357.500594671376	401.926315466833	-3.13457136074151	76.3815803094339
357.976182841877	354.290327463964	-0.122435864399454	64.9709401801902
358.000445427151	401.929261590732	-3.13679790741817	76.4227622799922
358.523241227848	354.220360693811	-0.10955274130995	65.3562742834709
358.500325229657	401.93110891893	-3.13897389488364	76.4465004548831
359.017278511282	354.166345751794	-0.100121461528048	65.777487707561
359.000260445174	401.932058518191	-3.1401588636508	76.4612582728749
359.512148225403	354.117781581916	-0.0935755854052005	66.212293794605
359.50024606916	401.93277449933	-3.13996325379923	76.466351239693
360.007427688065	354.072993634103	-0.0888769361421706	66.5984155034128
360.0002653937	401.933820679456	-3.1386747234629	76.4573318114598
360.503067668097	354.030924597619	-0.0849646407282571	66.8675255240288
360.500309239706	401.935647576617	-3.13690746821236	76.4388209021452
360.999113936593	353.990802868687	-0.0821721083649866	66.9694485891607
361.000372956758	401.938301742406	-3.13521543876536	76.4257268618646
361.495420467104	353.951464266898	-0.0815048915475865	66.8882240139975
361.500435714895	401.941708221469	-3.13403096979392	76.4320120909552
361.991706028981	353.911412393855	-0.0834686684704599	66.6383780897748
362.000467308836	401.945495757408	-3.13363912883124	76.4620988654612
362.487694109956	353.869202346845	-0.0877579299072357	66.25458299874
362.500463339357	401.949330566228	-3.13394608145778	76.5097164421999
362.983059891436	353.823359208918	-0.0939900291766973	65.7886835729748
363.000449164571	401.952938794705	-3.13440455978969	76.5621000494828
363.477414594946	353.772554453238	-0.101880573225567	65.3053292574218
363.500436798106	401.956425409353	-3.13448169726414	76.6047043729051
364.022807522573	353.708034680834	-0.112092506401406	64.8344336177005
364.000406306115	401.959945558261	-3.13423958985344	76.6276357621099
364.516622005208	353.648290058734	-0.120655873045634	64.6052866092409
364.500337819223	401.963545870624	-3.13435256410949	76.6336682687868
365.009928018045	353.588299280093	-0.126924721310879	64.4609813041388
365.000242901503	401.966847723212	-3.13550110948839	76.6414846991476
365.503151169327	353.528463338844	-0.12956790617872	64.369784949095
365.500150137948	401.969348673199	-3.1376808900651	76.6730752681132
365.996632910129	353.468903482297	-0.128844742383419	64.3238270188905
366.000081817514	401.97069891282	-3.13999758479357	76.7306792039611
366.4903928435	353.409645342881	-0.124841963561369	64.3291137220011
366.500052075612	401.9711561835	-3.14117399761739	76.7887081090196
366.984376310857	353.350900734414	-0.117757363551342	64.4170082996759
367.000069773357	401.971467528856	-3.14041147343143	76.8133136361817
367.478687620685	353.292914618422	-0.108124924179258	64.595334799416
367.500130834784	401.972610849	-3.1377706172556	76.7866513057798
368.021962727607	353.231407926201	-0.0971120244072708	64.9907380144472
368.000228796725	401.975461573855	-3.13313950157853	76.7058434874391
368.516882161841	353.182975606147	-0.0889111657654649	65.386837952116
368.50035738104	401.981529814031	-3.12381608350329	76.5541175051445
369.012576519917	353.139554895824	-0.0827510288168416	65.7726792378771
369.000220758235	401.994764084506	-3.10236221578857	76.2687210759111
369.508794038288	353.09958696628	-0.0781114586489523	66.1248739639848
369.497930005779	402.023860690705	-3.0573055345137	75.7586504753496
370.00539735252	353.062162817902	-0.0748247084798111	66.4213820017025
369.987080039316	402.081942842564	-2.98081312326412	75.0128631858451
370.502263821852	353.026365890386	-0.0728906098515235	66.6310069807458
370.454961590332	402.180767525003	-2.88139397112025	74.1712335700055
370.999269173315	352.991432707762	-0.0720558323012935	66.7248484433509
371.040323864979	402.395508567833	-2.75451856713017	73.5477167215933
371.496343406448	352.956735161352	-0.0717599697608128	66.6928082981116
371.468798264867	402.567174946138	-2.69328902469459	73.4997375146245
371.993529850167	352.921862638044	-0.0716722488223009	66.54676422592
372.058254340284	402.89059843353	-2.64851726582254	73.4430671598162
372.490875167242	352.886526142327	-0.0721044315799777	66.3100857484285
372.455518774756	403.080309015935	-2.63474658980994	73.4965531627354
372.988197332628	352.850030140199	-0.0740504896151155	66.003649674458
373.038629600591	403.432175568753	-2.62083119380192	73.4360935598054
373.485105997655	352.81130324008	-0.0783369449090741	65.638953808564
373.427027997229	403.627466515986	-2.61933296120333	73.2569281423022
373.627296693446	403.777986826753	-2.61957891246941	73.0227865571409
373.981242059074	352.768643340946	-0.0849323432615585	65.2282749570446
374.009895852731	403.982842503714	-2.61897872250569	73.4836972357219
374.519513752749	352.715440473214	-0.0935576732989263	64.7475328370439
374.393202051037	404.183276590376	-2.61446519970246	73.1643805678062
374.594050666137	404.339078953396	-2.61230504824419	73.2857041297274
375.015320303615	352.664732182164	-0.101052042194929	64.4334904249933
374.977744937313	404.53791234836	-2.61047109821691	73.6474169593265
375.510674981803	352.613614537746	-0.106604772464657	64.1727739733229
375.559104601427	404.898178014284	-2.61910669755648	73.7927276318364
376.005824137992	352.56232977004	-0.109643184486732	63.9887157525003
375.94701285517	405.091514374857	-2.62150095824569	73.8902896016708
376.501043528196	352.511331746501	-0.110109515823479	63.8732534358059
376.529634229998	405.448822142216	-2.61806553751925	74.0201805754981
376.996415470017	352.460620544813	-0.109227876516155	63.8202743200801
376.91590246859	405.645272146293	-2.61705804921129	73.8352734297824
377.116109926234	405.799070528253	-2.6175993648641	73.7106612797242
377.491791194939	352.409802933594	-0.107516927834439	63.8201138226604
377.499494242964	406.0008741056	-2.61660021110154	74.0910503183583
377.987022722366	352.358527575741	-0.104646637958749	63.8902547315348
377.881178981904	406.20477764903	-2.61320203003644	73.5733285685831
378.081997643966	406.359538736389	-2.61065277363413	73.729545648027
378.482244998492	352.306744919274	-0.0993248258430474	64.0377811812451
378.466806114196	406.556934865493	-2.61158298370559	73.8188189886309
378.977916787114	352.255256956267	-0.091499939452063	64.2594084277819
379.047945170154	406.917028886283	-2.61942960029306	73.7780997663693
379.516768912855	352.204617219084	-0.0821894708738342	64.6859942544243
379.435932635694	407.111097112996	-2.62045270996473	73.6775358453269
379.638776845217	407.260229728589	-2.61826435545309	73.3009960600275
380.012949777749	352.164305874228	-0.0752309329764924	64.9958951320037
380.018181520746	407.468714477389	-2.61441534998343	73.738475726691
380.509794260047	352.127721921118	-0.0704696272722837	65.2563662042662
380.402043847016	407.668211176154	-2.61382852004749	73.3989627677305
380.602508987833	407.824012548194	-2.61423758593554	73.3987325326631
381.007056536899	352.093712567381	-0.0670415869267681	65.4777068053339
380.986423708874	408.023348507905	-2.61467081280836	73.674949953586
381.504556100595	352.061580329671	-0.0640676617550109	65.6709836134584
381.365047330617	408.23245633103	-2.61298813537476	73.1406484395731
381.567645646322	408.38354458749	-2.61210440213476	73.4788101531799
382.002251518076	352.03100407305	-0.0618621426343155	65.8246980233705
381.953670493175	408.579894103807	-2.61273152706958	73.5614917336855
382.500093082283	352.001297286866	-0.0612135701267288	65.9055925029194
382.534964729138	408.939524900006	-2.6184315532481	73.7098271618947
382.997954693079	351.971549272727	-0.0622291146256687	65.8827278127516
382.921713895566	409.134984993681	-2.61769878576945	73.5442197663717
383.122987256301	409.288544369227	-2.61580682826729	73.3350868042708
383.495702382929	351.940983669402	-0.0640739610970389	65.7501445786606
383.504523265187	409.492225956304	-2.61451564171309	73.7258328744174
383.993322831368	351.9092615742	-0.0656358464329098	65.5280309701386
383.887150917554	409.694781980172	-2.61677218252481	73.3120067289043
384.087668574617	409.848369529	-2.61842695131912	73.4618775242553
384.490953414592	351.876547013181	-0.0664740426979492	65.2462537240731
384.47445854492	410.044260224786	-2.61938651472344	73.6070377794088
384.988702466649	351.84285320955	-0.0672617756176331	64.9284553631072
385.056248857875	410.403530169588	-2.61304699824871	73.3948860266172
385.486470210121	351.807918595947	-0.0691376407897357	64.5881577136834
385.441662250486	410.599607451487	-2.61202578022174	73.3513432048662
385.983924443086	351.770669098706	-0.0727965379857019	64.2397021328275
386.023110572178	410.960520223101	-2.6149016454586	73.5965762179352
386.517169547275	351.726359503384	-0.0780629038429577	63.8522705485257
386.406918306571	411.158594952461	-2.61306902757802	73.4088262428276
386.608261256372	411.315436589281	-2.61169589081757	73.385862498247
387.014142802995	351.683612721098	-0.0828901650779996	63.6277835267151
386.990267082108	411.51655895275	-2.60989689750723	73.77887593072
387.510985190713	351.640784708463	-0.0870788213757345	63.4408787205869
387.368263372974	411.72451440853	-2.61212158481608	73.3334385045124
387.571673728945	411.877539336074	-2.61375221973635	73.6737291963898
388.007713782214	351.597481179609	-0.0913462258134276	63.2985463564652
387.957451289128	412.072849764103	-2.61459831336244	73.7303169822287
388.504290980985	351.553410439343	-0.0953461357803362	63.1992591723605
388.538133340912	412.434780678491	-2.61099555478119	73.6631980786043
389.000687994641	351.508523013796	-0.0975136309545893	63.1500151593378
388.922872979578	412.632181277409	-2.61158341196622	73.5115494048668
389.124060755786	412.786539920253	-2.61406142351726	73.3305761979634
389.49710744913	351.463581652948	-0.0961766958867254	63.1365671636804
389.505400178729	412.990698509414	-2.61611839194849	73.8069665327613
389.993796702292	351.41947917688	-0.0921329597395639	63.1520404113711
389.888215958813	413.192458165695	-2.61525842044221	73.4083141986341
390.088801278127	413.347423431996	-2.61374702814519	73.5274563943422
390.490718785879	351.376445957362	-0.0872966355953472	63.1870739999338
390.474023613819	413.544734964593	-2.61458090610518	73.7016061436614
390.987642080663	351.33417803056	-0.0830883176929669	63.2603068867276
391.055574694479	413.903582264239	-2.6191392515761	73.6322921715704
391.484542233292	351.292028902538	-0.0788446077507703	63.3843912234275
391.44355517011	414.097997312922	-2.61813420272826	73.6030694957268
392.016997992006	351.247259803865	-0.073023106173146	63.6563686823581
391.98182698034	351.250216984703	-0.0734601907406271	63.5652970599301
392.024824438237	414.457072488858	-2.61384462080878	73.6752056839778
392.513738115759	351.210216306406	-0.06655843691029	63.9344811139719
392.410198115187	414.655380799548	-2.61666194778685	73.4380185332401
392.610065326052	414.808942452484	-2.61995241096426	73.4020360626842
393.011091815135	351.177402262666	-0.0606809262348724	64.2018428631649
392.995165035325	415.008386459803	-2.6228691927867	73.816105495092
393.509114904063	351.14755974908	-0.056898145664015	64.4418333877467
393.377557119294	415.211417073742	-2.62012065349406	73.4176733223681
393.579150405298	415.363476574873	-2.61759969418497	73.6736235641657
394.007491855121	351.119472932345	-0.0553955349026614	64.649343666111
393.96559848028	415.5592940568	-2.61466543275145	73.8602732342632
394.505871929335	351.092058258795	-0.0552037442746795	64.8123670081638
394.546803347328	415.918753254255	-2.61709420031163	73.8386726194401
395.004153932256	351.064976544723	-0.0552761002023149	64.9136775043403
394.934619922933	416.113815903886	-2.61728406275101	73.6537375817926
395.136053153578	416.2643542953	-2.61504291633631	73.2733226775129
395.502405730407	351.038153824075	-0.0549031908434914	64.9435662006576
395.515880211915	416.472557276784	-2.61319602671287	73.6477352781898
396.000728077334	351.011820019072	-0.053820682722711	64.9090109794394
395.899264881715	416.673273051932	-2.61353777113201	73.3016520330196
396.099713494018	416.828913351624	-2.61476728526216	73.3623929667099
396.499166404156	350.986141120211	-0.0523093922130384	64.83017566077
396.483670329461	417.027753170184	-2.61355933728312	73.6894925481778
396.997701540972	350.961091358019	-0.0510070318463696	64.7283602103597
396.858846459815	417.237271064373	-2.6094233187216	73.2015705883845
397.065123180818	417.390845418276	-2.60724293237901	73.6149676638542
397.496305910375	350.936449592387	-0.0502225052955829	64.6132344172999
397.447909660934	417.587276557548	-2.60730974499977	73.686865953676
397.994995085154	350.91190219826	-0.0498783316003354	64.4781809970822
398.028864203387	417.950961264567	-2.61331872684451	73.8362738090395
398.493735858166	350.887172649524	-0.0503601125046734	64.3089392587508
398.413377061818	418.148342464743	-2.61393189565856	73.5937447448667
398.614240255997	418.30386382753	-2.61330227325509	73.4450523254344
398.992305527214	350.86149042562	-0.0525662517744981	64.099858911521
398.996460441111	418.506122713561	-2.61396272047283	73.8103177971469
399.490508927749	350.834026404872	-0.056169272061256	63.8616393851956
399.378838224721	418.711155073236	-2.61901523017363	73.4019870257461
399.578935335123	418.86172905237	-2.62263600245358	73.6738906987552
399.988522532026	350.804280360435	-0.0591767373759619	63.6155142241166
399.968051201327	419.055939101593	-2.6249704176933	73.8754797492168
400.486785401116	350.772946322581	-0.0601863127921474	63.37732017934
400.550912096794	419.4117069699	-2.61926356139942	73.8378064654194
401.014171052283	350.738038371621	-0.0605773831361831	63.08906578239
400.938491893795	419.606336803133	-2.61690474153794	73.8157369248333
401.141323447158	419.755170039934	-2.61737411120487	73.4645203066896
401.512089856829	350.704681185073	-0.0625934459863853	62.9313851015287
401.520608522138	419.964260703592	-2.61755655464112	73.9841191580497
402.010409774883	350.67092859227	-0.0669268365851509	62.7814684825225
401.906223134113	420.162578663536	-2.61551325927931	73.6530387720086
402.105617311	420.317635419405	-2.61328150884937	73.5804068708303
402.508641084293	350.636120776689	-0.0717976278006754	62.6332214926394
402.489233367045	420.51854693696	-2.61242637124333	73.8774987650571
403.006450010072	350.600342090215	-0.0750802461629954	62.4873860489483
402.868125492374	420.726612877765	-2.61479489228712	73.4411108118105
403.070895857274	420.877896249049	-2.61721457358053	73.8240411180167
403.504035775119	350.564567864615	-0.0759051162246882	62.3318054649728
403.457677112836	421.072589489957	-2.61692717892063	74.0005729676752
404.001760044465	350.529250501797	-0.075771081841917	62.1748559985916
404.039167346107	421.43307601302	-2.61311677298821	74.0806871495615
404.49964600107	350.494103390251	-0.0764258862414182	62.0294633827839
404.424654328334	421.629106937496	-2.61518652069204	73.9455917854143
404.626477396906	421.782407630163	-2.61740611899584	73.7331001768564
404.997378674572	350.45823564043	-0.0784266584570083	61.9317302688677
405.00814790864	421.985930988922	-2.61986090717652	74.1690100772039
405.494773026219	350.42107412238	-0.0799683850717391	61.9008317726723
405.392089930598	422.186310747156	-2.61716311823164	73.7440060278271
405.592396741913	422.341132880599	-2.61402540463054	73.8007249446563
405.992122752794	350.383083853111	-0.0787855062536534	61.9431251234001
405.976990305114	422.539568674279	-2.61153937204179	73.9842156578221
406.489969885664	350.345457559006	-0.0735681622724983	62.0314784176755
406.557750747009	422.900268786527	-2.61580889856437	73.8642008752053
406.988549561051	350.30982806507	-0.065715874733578	62.1484868566577
406.944888702176	423.095141452567	-2.61665054670348	73.8324671880808
407.487565258754	350.276800436315	-0.0579027144653606	62.2791781469767
407.526007716263	423.455442870045	-2.61201323458534	73.8897975350918
408.012175163737	350.24483215061	-0.0522089053789547	62.5156582719568
407.910046910907	423.653980576136	-2.61171617871386	73.6502045057098
408.110607525571	423.810252629924	-2.61329926802561	73.5787946447312
408.510503560376	350.217741585838	-0.0497954092203928	62.7168510579221
408.493560935674	424.011081254332	-2.61511828696237	73.920058714732
409.00916531336	350.191914297993	-0.0493607449860325	62.9042056582844
408.874157570818	424.217106082063	-2.61479976547479	73.3919841064784
409.075689688429	424.369734142402	-2.61370939708281	73.6316178994853
409.507935212646	350.16656403367	-0.0490829846726852	63.05472256984
409.461755146541	424.565895806649	-2.61500241971683	73.7190149504757
410.006718293123	350.142109097554	-0.0474866536325712	63.1617193078391
410.043499143479	424.924999537582	-2.61925520087316	73.7645409528793
410.505536100139	350.119056876238	-0.0444420447081606	63.2409709624526
410.430332748596	425.11957740773	-2.61730597666745	73.6692056926603
410.633409282922	425.271782674871	-2.61460475670348	73.371897852292
411.004465183553	350.097825414891	-0.0411839859811683	63.3193066881092
411.012268248092	425.479081444787	-2.61085868620225	73.8582980532917
411.503510760991	350.078063604189	-0.0388366584432009	63.4109945533701
411.394343463074	425.680510837389	-2.61142604473604	73.5494181929066
411.594978112614	425.836918269078	-2.61327938440682	73.6592913731298
412.002637640795	350.059310133595	-0.0376076511576162	63.5086431185917
411.979713379076	426.034993424945	-2.61468253198843	73.9297924593326
412.501825244981	350.040982737449	-0.0374992555862509	63.5911310307216
412.35716833972	426.246937305088	-2.61363261056298	73.3671223494036
412.560655087164	426.39527364808	-2.61307361077817	73.7793643065407
413.001034254985	350.022469781757	-0.0389153454425717	63.6409053358133
412.947231131581	426.59110886007	-2.61464556744392	73.8236680983767
413.500146104329	350.002985479566	-0.0416527664198134	63.6542204613954
413.529342357207	426.949160195922	-2.62192071542357	74.0790616245359
413.999081114702	349.982194798201	-0.0441704314859488	63.6377204492806
413.916431357486	427.144277902761	-2.62108998058452	73.944181526602
414.117447182662	427.297351836429	-2.61936753943019	73.8170540261381
414.497944346845	349.960574870531	-0.0448001858425413	63.5987405885233
414.500382042969	427.499342684583	-2.61696099495467	74.2659797197696
414.996949813971	349.939076772347	-0.0432331586352627	63.5385016786974
414.882654968014	427.701978993362	-2.6172321669992	73.8946066018553
415.083688928717	427.855676429142	-2.61807134993878	74.099531884684
415.496235598285	349.918571346068	-0.0403892017717402	63.448080051191
415.470183928739	428.05139900871	-2.61665253341513	74.2502647772203
415.995782784903	349.899304724287	-0.0375747284432136	63.3099507178377
416.050948615879	428.412894780289	-2.60925488979854	73.9813899230436
416.495422855265	349.881007699134	-0.0361230080160126	63.1100916816746
416.435897257135	428.609713273844	-2.61043506155746	73.8163161375892
416.639267681797	428.761447207696	-2.61260037992486	73.4523794900955
416.994888495347	349.862674343669	-0.036904126262471	62.8547601828825
417.017329723805	428.970254625037	-2.61652949702923	73.9785744369387
417.494050095481	349.843401262565	-0.0392140535361672	62.5720858959382
417.40144161732	429.16877937922	-2.61603870326153	73.7383113868815
417.602410137757	429.324321061143	-2.61528948917862	73.7662737210163
417.993061911209	349.822720291155	-0.0412256543132098	62.2956681540599
417.98613884121	429.523799366975	-2.61433480262932	74.177367183486
418.492118383527	349.801136719711	-0.0421899514290728	62.0435523461431
418.365907944158	429.731669892147	-2.61779283623707	73.7600429201572
418.568263430257	429.881370395556	-2.62002187163459	74.1378070871092
418.991060079895	349.778653532178	-0.0435347118063828	61.8183936889664
418.956802555593	430.07527407638	-2.62065791029712	74.1929013877374
419.48960482348	349.754768193545	-0.0465480956787027	61.6137984175314
419.538153946598	430.434162226192	-2.61327209776345	74.0561759791153
420.010762720607	349.726519558629	-0.0505985069321003	61.3878186118987
419.92367657506	430.631200005012	-2.61186570593054	73.8328073276239
420.124969096088	430.785600689645	-2.61274873947747	73.596365206616
420.509623342178	349.698542701151	-0.0532894309265097	61.2617144318611
420.505663013688	430.990295432671	-2.61420102442274	74.0116045449256
421.008190716567	349.670496717107	-0.0542714593598025	61.1549880837036
420.887573790949	431.192489208303	-2.61365336320961	73.575765378577
421.088805482086	431.348234047788	-2.61245521968212	73.6908926885744
421.506738880066	349.643178810297	-0.054209693354239	61.0634002571419
421.473369708335	431.54571442018	-2.61379783761409	73.8671230061402
422.005371696691	349.616588309351	-0.0539349338614988	60.9889732277185
422.05491523152	431.904546183683	-2.62007535808708	73.7733402544151
422.504097747823	349.59074215222	-0.053721912435511	60.9168289532256
422.443543987788	432.098568324531	-2.6203937966398	73.6887386126183
423.002903211396	349.565273754582	-0.0539438217529859	60.8397106309935
423.025049796221	432.456526697393	-2.61480082556833	73.6672160986928
423.501755817499	349.539936684067	-0.0544462955969207	60.7429732285758
423.410495410658	432.654930933255	-2.61523682911457	73.4104620782959
423.610213226603	432.809036681666	-2.61720022136543	73.3590461550687
424.000626457074	349.51454503022	-0.0546638072148134	60.6317205722074
423.994389908306	433.00968931326	-2.61843900971122	73.7758458241173
424.499560097252	349.489376742905	-0.0536724915182804	60.5094521890324
424.375308599837	433.214111257839	-2.61589770428303	73.3685211582754
424.577352572383	433.367444476883	-2.61383402054654	73.6409094008089
424.998616703762	349.464930232756	-0.0514264977993128	60.3963555580923
424.962575217323	433.563893518203	-2.61153418932396	73.8334497100545
425.497780201501	349.44157331008	-0.0484731021173254	60.2991241440169
425.543293071838	433.925882651733	-2.61308272301619	73.9060180219725
425.996983590467	349.419337165782	-0.0460004796430529	60.2277410736242
425.928859859003	434.12194344487	-2.61232002777187	73.7647304365743
426.130925843266	434.275857488673	-2.61100815949335	73.4594268265434
426.496175345024	349.397685235654	-0.04474110281444	60.173053242981
426.510015728484	434.482807068127	-2.61130553683741	73.8917757704166
426.995350011378	349.37604165251	-0.0447189125150023	60.1345574850724
426.892793114506	434.684690596947	-2.61502798002338	73.5688585602715
427.092966368953	434.839048412699	-2.61864461311218	73.7125713929789
427.494526495862	349.353874709229	-0.0448166377836794	60.1079300630473
427.479334185049	435.035746567645	-2.62022413795034	74.0373909466386
427.993734237228	349.33147252205	-0.0439880743494868	60.1118813953945
427.857552006519	435.245291278262	-2.61735001975414	73.5276773153588
428.061756730225	435.393936391897	-2.61507245948419	73.9427010095675
428.492925371338	349.309154217278	-0.0422648324123861	60.1590614651768
428.44810939713	435.589022979675	-2.61447107016928	73.9637429402644
428.991981410615	349.287208526405	-0.0410139703463661	60.2573623729951
429.029686701973	435.94890936137	-2.61662768827897	74.0372720396305
429.490839690427	349.264861948929	-0.0409634151945589	60.3817812203471
429.415229322552	436.145713779108	-2.61411006836498	73.7583519878177
429.616115707231	436.301432197501	-2.61118441212151	73.566427500427
430.009131920301	349.241241314323	-0.0413439212262497	60.5945523952087
429.99716637813	436.504839718952	-2.60912828181889	73.8997933653652
430.508434584462	349.219276557196	-0.0408819094951691	60.7383513064614
430.37697066877	436.710836351135	-2.61298244591757	73.4390432288452
430.578784696144	436.864402589999	-2.6164767021956	73.702111958385
431.007562578478	349.198270618915	-0.0394285518316676	60.8704348450432
430.965711345134	437.05936454663	-2.62068749873597	73.8517452216976
431.506610280233	349.178355079157	-0.0373244674606824	61.0102587259792
431.547965364073	437.416797383212	-2.61824091497273	73.7564489188701
432.005589299414	349.159954263734	-0.0344637774904381	61.1695970858926
431.935448538401	437.611917353803	-2.61637240114979	73.6545338658972
432.137581556435	437.761929952344	-2.61585821127774	73.3043212820926
432.504500890816	349.143374548785	-0.0304897396696927	61.3344142145644
432.517063034359	437.970642310089	-2.6138711314792	73.7612414740243
433.003479117026	349.129168255478	-0.0259784473199762	61.4757319503761
432.900210727025	438.170574158092	-2.61074698210017	73.3742147214342
433.101126078557	438.328103327349	-2.60877813046777	73.3465074904091
433.502728440708	349.117031794856	-0.0226868375082364	61.5706803773304
433.483383609508	438.528311026873	-2.61049935314014	73.598727012105
434.002354319097	349.105973017058	-0.0222023548580128	61.6202837476159
433.860796328447	438.738713967491	-2.6159929103954	73.1404455374845
434.064876426626	438.887928226533	-2.61953493065624	73.5698086168713
434.502206234218	349.094539802783	-0.0239068622687544	61.6442951402042
434.452516463534	439.082050798849	-2.61976237681931	73.7151151740833
435.002001612266	349.082363165808	-0.02518190170612	61.6612933859765
435.034212187664	439.441359821305	-2.61325978399127	73.8785768801594
435.501638243796	349.070145320785	-0.0241580983026972	61.6750041402631
435.419032420873	439.6382213097	-2.61239993018502	73.7866989434475
435.620545845714	439.793316772414	-2.61441511909821	73.6563299492045
436.001256651175	349.058953278146	-0.0216433780542142	61.6834132600043
436.002128837439	439.996340614128	-2.61628605014711	74.1376028226231
436.50098779401	349.048918346867	-0.0197402960651925	61.6858655783482
436.384633376791	440.198934324083	-2.61501950716458	73.7202513691522
436.585004005051	440.353499083444	-2.61343829924533	73.8664227006371
437.000823624382	349.039439354483	-0.0195607242127913	61.6775973773372
436.970490477983	440.550948169241	-2.61285323645549	74.0451615639546
437.50068438023	349.029661242756	-0.0208575595887581	61.6492692470687
437.551602719776	440.910572831091	-2.61875507833124	74.0047706864754
438.000498476576	349.01905162175	-0.022899744359604	61.6019862055188
437.940013144179	441.104374035054	-2.62201694392109	73.9357745664614
438.142910149909	441.250453715552	-2.62410202126674	73.5131406814112
438.500216595468	349.007392877967	-0.0249359842608699	61.5527089439476
438.524150069654	441.456637067625	-2.63461500590782	73.9403156140122
438.999840644989	348.99488808873	-0.0262141965391021	61.5131898168667
438.922949890969	441.647774625327	-2.66133827228703	73.6011506592881
439.111982914304	441.775361511329	-2.68268264786884	73.3929371173127
439.499445574636	348.982084904823	-0.0261455668521185	61.473086480125
439.520756170362	441.951795948047	-2.74141003737293	73.4576168972779
439.999117704592	348.969658339506	-0.0247205745884374	61.414553495984
439.963949461244	442.105833156994	-2.82017646246144	72.8593518788142
440.498877297212	348.958118098227	-0.0225948862723958	61.3363099014274
440.548668178298	442.280917739874	-2.92594459410063	72.1621567923127
440.998690904359	348.947540947398	-0.0206235423168802	61.2543174254789
441.017776091502	442.366959352183	-3.00274032081376	71.9772403188508
441.498536172568	348.9377248854	-0.0193970392623033	61.1804155867797
441.505553121864	442.418436127237	-3.06499864028181	71.9264206108335
441.998416217038	348.928221882185	-0.0190673251370893	61.103965508259
442.001676768456	442.44521408091	-3.10264057847542	71.8989661392685
442.498329532076	348.91871197033	-0.0194046355102368	60.9975306596451
442.500614036123	442.45928753647	-3.11841817589822	71.8252574646954
442.998242407608	348.908909184805	-0.0200114229039841	60.8431297403419
443.000337470252	442.468969143067	-3.1230083399243	71.7272993915396
443.498119734231	348.898842630043	-0.0205099065905878	60.649024139442
443.500215023936	442.477239536474	-3.12546237104821	71.6303584333128
443.997942656443	348.88849717198	-0.020873144701481	60.4400565780279
444.000116224267	442.48416266658	-3.12886615517429	71.5713692621524
444.497670402321	348.877901854292	-0.0216173874858203	60.2354142867673
444.500053626705	442.489372235115	-3.13224896520913	71.5669328647586
444.997229194108	348.86660775505	-0.0232769155217936	60.04101309511
445.00002892781	442.493287181729	-3.13399889192276	71.6246894011387
445.496661765661	348.854355012996	-0.0252440441459876	59.8548975809391
445.500018209281	442.496787566665	-3.13398847144407	71.707649332276
445.996231088409	348.841271084906	-0.025781398419829	59.676827678538
445.999995965706	442.500511701582	-3.13339323450805	71.7765910550239
446.496236566526	348.828540411161	-0.0237232277961586	59.5094976038696
446.499959433418	442.504426422538	-3.13353360120758	71.7890827046544
446.996686578308	348.817219423067	-0.0198651030977379	59.3578473999721
446.999929673123	442.508078063218	-3.13459057044978	71.748110918845
447.497317068461	348.807975009438	-0.015986435570332	59.2223241137806
447.499920905854	442.511184230657	-3.13566550652057	71.6710407080362
447.997836187932	348.800323209255	-0.0133750165111136	59.1013958006135
447.999925410763	442.513916121665	-3.13585174571236	71.5944676984787
448.498008961593	348.793644651894	-0.0125767203395816	58.9917339097013
448.49993126679	442.516692772617	-3.13532185975705	71.5282883690969
448.997655482416	348.786725813634	-0.0138740855450889	58.8910324851588
448.999940133897	442.519613529769	-3.13514845394431	71.4869313640991
449.496844491328	348.778696631672	-0.016948312301014	58.7902020024584
449.499959531278	442.522327845953	-3.1361655137862	71.4694666036596
449.995959228265	348.768662501115	-0.0206718043303492	58.6744321771018
449.999983609103	442.524326962021	-3.13800871034761	71.4848184528782
450.495363451631	348.756807007502	-0.0236979462150602	58.5274896536368
450.499993883967	442.525509182444	-3.13964775468703	71.5186335461653
451.005386937307	348.742807289983	-0.025369645110159	58.2872979371602
450.999980260252	442.526171146291	-3.14027447683247	71.5659933056254
451.504871444952	348.728715320722	-0.0252504817741535	58.1229640043522
451.499946363672	442.526889838633	-3.13962140200074	71.6097093641077
452.004115748329	348.715362759691	-0.023343099367093	57.9674170079529
451.999899213239	442.52820090522	-3.13780563938829	71.6455433126935
452.503338033341	348.703686015591	-0.0205463298630384	57.8153594984928
452.499843215538	442.530528690263	-3.13543738618947	71.6519021055728
453.002920481813	348.693346615372	-0.0188927215815941	57.6600448950811
452.999785262562	442.533872849439	-3.13348140190092	71.6247415369208
453.503003450597	348.683503983153	-0.0195492651689109	57.4938905991153
453.499738104666	442.537907008171	-3.13260204211332	71.559305131806
454.00324191135	348.672909925373	-0.0215513549058213	57.3345553057115
453.999713762914	442.542130047618	-3.13254237021619	71.4780017298492
454.503221473608	348.661560849	-0.0229517254889915	57.1962102861483
454.499707281218	442.546351720195	-3.13261503900799	71.3970432135389
455.002891945125	348.649840805351	-0.0230505229851959	57.0929367024608
454.999701126171	442.55054188508	-3.13256122342436	71.3470299264812
455.502481576001	348.638451659161	-0.0225070328556016	57.0133107683359
455.499692180744	442.554681305894	-3.13305148816857	71.3356250139117
456.002153691102	348.627330342708	-0.0223264515737105	56.9449262823047
455.999709131461	442.558268842613	-3.13491798794148	71.3632996037098
456.501899684808	348.616403128732	-0.0225520315571551	56.8663095112226
456.499774830537	442.560715656116	-3.13801246283803	71.3975052418979
457.001630609339	348.605515135319	-0.0224369703402505	56.7742352363798
456.999863216067	442.561708992392	-3.14080212906924	71.4187596301802
457.501318215983	348.595113250589	-0.0212524585264932	56.6649940310501
457.499916160059	442.561855134837	-3.14159009048983	71.4105468473432
458.001016714193	348.585525313199	-0.0192752371865321	56.5525901915423
457.999891797101	442.562199001004	-3.13976091411275	71.3840427240117
458.500800856142	348.576974121863	-0.0173521760481537	56.4444225299923
458.499769422363	442.563939025558	-3.13579136869146	71.3409439129633
459.000695087726	348.569102087847	-0.0163301062535056	56.3561943337743
458.99954052899	442.567799856691	-3.13071966492795	71.2985372544617
459.500665646054	348.561479481456	-0.0164210956507242	56.2866182372756
459.49923204801	442.574035534447	-3.12618066100478	71.2657223090017
460.000649007455	348.553557771636	-0.0174492530661747	56.2363892288417
459.998950928964	442.581896021122	-3.12409631400979	71.2647363561492
460.500598152683	348.5450711326	-0.018977799566514	56.1891105056579
460.498861936918	442.589977493604	-3.12570984256817	71.2936244091292
461.000498462541	348.535862325194	-0.0205097151439949	56.1371601772531
460.999075307259	442.596470424928	-3.13060087769487	71.3477351038423
461.500361209927	348.526191177327	-0.0210902464487348	56.0689845098904
461.499527418187	442.600254306965	-3.13704237638915	71.3998297183165
462.000212599835	348.516699128467	-0.0197520464475431	55.9962703604163
462.000003097064	442.60098648696	3.14037119702553	71.439941366016
462.500088955032	348.50835590753	-0.016333991841799	55.9287131939157
462.500273709877	442.59954492163	3.13713063443304	71.4597715222542
463.000014291758	348.501818545599	-0.0121389445163476	55.8804381759228
463.000238565455	442.597327955988	3.13738335317342	71.4774540065458
463.499985023001	348.497047575157	-0.00880401768722953	55.8396038736088
463.499956128074	442.596081219715	3.14085553416591	71.4985692457944
463.999980349572	348.493414491991	-0.00715941957718668	55.795834580362
463.99957380599	442.596926271949	-3.13711597730402	71.5277681031915
464.499981664812	348.49019758209	-0.00686950147630823	55.7332974033717
464.499232742115	442.600296391417	-3.13223445152936	71.5405119662516
464.999979746612	348.486943266589	-0.00726940752102003	55.6577111654197
464.999009713366	442.605533911073	-3.1293231588074	71.5250664517005
465.499970601816	348.483409682542	-0.00801607683031739	55.5706632457141
465.498898413918	442.611686119543	-3.12884069807551	71.4769967826148
465.999951449363	348.479438016489	-0.0091260270637591	55.4819638073577
465.998861937613	442.617616581984	-3.13017191952503	71.4292829555771
466.49992724108	348.474930431681	-0.0101316310360592	55.3857569260825
466.49892053842	442.622721119395	-3.13259564365233	71.4066687013407
466.999919853453	348.470211892153	-0.00995373964217853	55.2861393537367
466.999145529177	442.626437909943	-3.13555499195733	71.422552123799
467.499948815929	348.466034325819	-0.00778650781977664	55.184630501591
467.499483929901	442.628791289846	-3.13816947637353	71.4480223510597
467.999994090514	348.463229400988	-0.00441758214952007	55.1024099007286
467.999727612738	442.630117529089	-3.13922945510259	71.4632407904694
468.500004794928	348.46183297276	-0.00205282404747181	55.0484966052481
468.499768743707	442.631388312837	-3.13875757806096	71.4570857997893
468.999952876678	348.460843945921	-0.00290082309438072	55.0242418213485
468.999757848979	442.632858480802	-3.13842256851584	71.4463152862749
469.499847629779	348.458575063242	-0.0071178314556876	55.0016657280259
469.49985727989	442.634262518848	-3.13929537590133	71.4298447393649
469.999717272524	348.453990253119	-0.0122823484767127	54.963466020234
469.99996881352	442.635093990024	-3.14013274735435	71.410822522693
470.499612284923	348.447367617824	-0.0152704202962442	54.8994453532882
470.499857247805	442.636005458557	-3.13904143232796	71.3848588194411
470.999600921139	348.440169472104	-0.0147983364965091	54.8206007624258
470.999466301392	442.637905570584	-3.13604029118885	71.372970929375
471.499700202747	348.433800048817	-0.0118642297000831	54.7231132358887
471.498992807932	442.64144576245	-3.13307356181094	71.386799968861
471.999825537036	348.428955634507	-0.00874947761437751	54.6072610468698
471.99871938212	442.645981076543	-3.13198108060218	71.4353558558087
472.499854101601	348.425183021607	-0.00722436791408752	54.4706901074394
472.498777835164	442.650594831718	-3.13307475105585	71.4959639093017
472.999751339431	348.421681583869	-0.0074743534021609	54.3379931796641
472.999059336421	442.654293730485	-3.13521706222556	71.5534069437126
473.499622129261	348.41783613263	-0.00807799101511119	54.229706533666
473.499359475354	442.657022872608	-3.13718599672976	71.5905578564089
473.999644139935	348.414007322224	-0.00730424552118197	54.1585122346025
473.999562185093	442.658847111351	-3.13848322701721	71.6148480283016
474.499896556641	348.411015733885	-0.00444426290966382	54.1025352457279
474.499605877483	442.660320602092	-3.13880633294176	71.6272025665121
475.00025054299	348.409755813909	-0.000605585921482293	54.0446911868323
474.999424125407	442.661905433499	-3.13762683410789	71.6409158272218
475.500489857215	348.410134951744	0.00226110985067956	53.9729475591883
475.499043427935	442.664541479588	-3.13512909487147	71.654259302385
476.00051425257	348.411418674384	0.00284244367103005	53.8984477497947
475.998678520616	442.668416238801	-3.13278804198217	71.6706391641743
476.500364710131	348.412377302224	0.0010734635040715	53.8234259638698
476.498595214819	442.673197805854	-3.13221435343475	71.6756144385416
477.000144328186	348.412210616257	-0.00193611738644346	53.7558557935014
476.998874656253	442.677695968536	-3.13356906574451	71.6710300042433
477.499992585589	348.410676831803	-0.00418984509182367	53.6907064962082
477.499320933412	442.681339095972	-3.13569055784338	71.6591316378271
478.000054132311	348.408676865721	-0.00382239687775448	53.6274561192469
477.999643413492	442.683855832596	-3.13740180471764	71.6607603541056
478.500346068073	348.407503125341	-0.00057543478189106	53.5523598906348
478.499713900937	442.68575293529	-3.13845897778454	71.6797082956103
479.000682421345	348.408234785538	0.00369141458783572	53.4676518189704
478.999619471609	442.687123064262	-3.13915483981181	71.7187135720299
479.500851034733	348.410693915387	0.00670519404708615	53.377433199632
479.4994488989	442.688354163186	-3.13936682333968	71.7586541355271
480.00081929104	348.414105092331	0.00758623099042095	53.2998145044591
479.999179418459	442.689665645561	-3.13849005888629	71.7912819240831
480.500688373345	348.417465951286	0.00686916386495283	53.236883308778
480.498845493739	442.691828975582	-3.13669944936385	71.8038935395875
481.000549455366	348.420363904769	0.00559376099230622	53.1938260457855
480.99864947497	442.694799816647	-3.13533601220323	71.8020658369864
481.500452531814	348.42270106029	0.00464014693600199	53.1665291140153
481.498717597793	442.698263758585	-3.13525171259682	71.7823803251838
482.000427938038	348.424859297411	0.00445381562993646	53.161998285325
481.998909015413	442.70149751075	-3.13563917315758	71.7530781442593
482.50047581459	348.427116789249	0.0049303278698333	53.1718555433579
482.499042854224	442.704748865191	-3.13553450998194	71.7122072452444
483.000563052618	348.429761206763	0.00581351649910504	53.186455276776
482.99917743993	442.708010115936	-3.13538975413748	71.6728913963654
483.500663186806	348.432891228299	0.00730721908640779	53.180929566981
483.499425522561	442.711227851142	-3.13618396156355	71.641293437728
484.000756334915	348.436939894733	0.00980427166723054	53.1491808650632
483.999672731332	442.713670041812	-3.13769396220224	71.6341751021249
484.500778534925	348.442167092623	0.0124274804500132	53.0937094937268
484.499685639664	442.715490712432	-3.1386594897996	71.6491904290077
485.00065593894	348.448212559878	0.0130028592573523	53.0393166695688
484.999414363141	442.717055869698	-3.13819624587149	71.6831104365662
485.500423054307	348.453739164724	0.0103808786192239	52.9992582476062
485.499009206734	442.71932074727	-3.1367057192024	71.7143387536475
486.000205914752	348.457604906304	0.00613827396291137	52.9829102335514
485.998630422683	442.722322994535	-3.13534819699224	71.7351288681054
486.500101281697	348.459657970406	0.0030164790616967	52.9729995590614
486.498336232055	442.726001895442	-3.13479137652443	71.7367808476637
487.000122939029	348.460875682274	0.00250479610324778	52.9553919941495
486.998154668809	442.729736012325	-3.13475755219458	71.7274332831277
487.500216224189	348.462394476493	0.00429999901461981	52.9151067162149
487.498185513245	442.733555839213	-3.13501005309964	71.7030309435507
488.000304987755	348.465080056411	0.00741161091978205	52.8637853903228
487.998567531171	442.736951333696	-3.13600496632675	71.6684485677033
488.500343009491	348.46926251991	0.0108182206809166	52.8132608608127
488.499237060035	442.739615022281	-3.13806063123369	71.625160849256
489.000324064203	348.474888818489	0.0135162194237226	52.779505262915
488.999833384981	442.740867720481	-3.14037161991332	71.598240606526
489.500258396371	348.481432244663	0.0147174652510315	52.7575668925586
489.499972555492	442.741193245101	-3.14158718134021	71.6073847442858
490.00016319883	348.488192414595	0.0142515731833746	52.752339323756
489.999605781485	442.741203345921	-3.14101611431413	71.667585204036
490.500069033348	348.494432112349	0.0122903268004038	52.7634136534031
490.499011976915	442.742080525509	-3.13908151099112	71.7556841755603
491.000004725258	348.499525984017	0.00913563455586987	52.790694799287
490.998516429058	442.744061356213	-3.13682547291285	71.8408938405239
491.499978958837	348.503023327885	0.00546390665956786	52.8106671552005
491.498249724317	442.747346539491	-3.13503432126339	71.8899737472288
491.999981050014	348.504980363163	0.00287715625260052	52.819891703446
492.00178122084	442.751310192988	-3.13398557475845	71.9892244355731
492.499989427968	348.50629687915	0.0032795369729149	52.829327544271
492.501590809448	442.755499255934	-3.1341165758776	71.9874856143138
492.999979748754	348.508565562917	0.00742507363744093	52.8594873857866
493.001058243518	442.759044804407	-3.1359231399266	71.9746461953858
493.499917074117	348.51328893396	0.013807271128173	52.8956084199138
493.500382141196	442.761377815984	-3.13878880811295	71.9488432961951
493.999766794314	348.520819618365	0.0191681928705626	52.9188476623447
494.000019804066	442.762229114315	-3.1406264114877	71.917094217403
494.499563469299	348.530057917278	0.0207619976339552	52.9105496821641
494.500255448989	442.762882640362	-3.13987277902258	71.8991632809625
494.999400743866	348.539204326808	0.0186750309402286	52.8767142031463
495.000844570894	442.764416856569	-3.13721357025021	71.9155183489655
495.499324002677	348.547059723373	0.0150588911470112	52.8193239064402
495.501280135352	442.767520582859	-3.13477973294436	71.9586295549322
495.999304936418	348.553407154337	0.0122222868901917	52.752682225617
496.001317738276	442.771361523715	-3.1340842117129	72.0067647130544
496.499290557148	348.558933107682	0.011333062315484	52.6860376003063
496.501095707971	442.775201700416	-3.13498668438973	72.0434504184436
496.999246812294	348.564484056802	0.0123102967597394	52.639588965335
497.000883159685	442.778287084568	-3.13630264954645	72.0727016237429
497.499184573483	348.570746497074	0.0140197166055323	52.6197185513286
497.500832256673	442.780902071171	-3.13709468156061	72.1049863217453
497.999154517996	348.577653225925	0.0150844809075543	52.6379880293774
498.000912557112	442.783178917799	-3.1372482223836	72.1491558265299
498.499173404928	348.584754391422	0.014814282928148	52.6892380862457
498.500997160602	442.785566320164	-3.13711199779477	72.1968951336014
498.99917972949	348.591407631747	0.0135780304435963	52.7618441629178
499.000996833888	442.787926347309	-3.13692242714471	72.2268549224008
499.499125847411	348.597410201446	0.0117578464304323	52.818578411814
499.500927032278	442.790455515525	-3.13674912234923	72.2155718368034
499.999069767054	348.602447933158	0.00929009497971189	52.8360824590944
500.000866449157	442.792930492774	-3.13668353458311	72.1652622683575
500.499063684837	348.606377023946	0.00666870145552634	52.8098823840771
500.500835796294	442.795456312525	-3.13693564919612	72.1005505394079
500.999012039415	348.609372666181	0.00577003872964186	52.7755501365143
501.000692984177	442.79758104684	-3.13799707493704	72.0445566185347
501.498766086787	348.612720647413	0.00803950979487219	52.7649044053998
501.500026872172	442.798717395732	-3.14156073451061	71.9882266159252
501.998333011861	348.617712155238	0.0125678048510861	52.7937292705147
501.997907952406	442.796302189155	3.13081960235754	71.8935620204811
502.497922211264	348.624935690792	0.0164308643333302	52.8362882943859
502.492391416768	442.784603436341	3.10378380437016	71.6993582610719
502.99780380955	348.633327097724	0.0171099575152351	52.8678615122906
503.023112485433	442.746684956234	3.04384463346173	71.2258522009067
502.979447881544	442.752118817675	3.05013651737439	71.3687501937153
503.498039865219	348.641368146441	0.0147298483305913	52.8710689659177
503.529186073913	442.667510408663	2.95420940842948	70.9471715844214
503.998364110608	348.647957271009	0.0119007109892594	52.852722362186
504.013769652638	442.550757387229	2.85735218790524	70.9636222409415
504.498447189578	348.653593508682	0.010727259080584	52.8137466375011
504.467137070837	442.410336957177	2.77753500757043	71.2112119355777
504.99823596935	348.659007341217	0.0109874364533441	52.7684605487001
505.062802208415	442.135319613905	2.70175130752135	71.6316652367819
505.497912738042	348.664769666498	0.0114351627096976	52.7296217959064
505.476245079562	441.953485894675	2.66804317534806	72.0836658973942
505.997671922311	348.670670141139	0.0116853499394911	52.7160443267951
506.064899431782	441.619114518008	2.64037966255582	72.0348209861611
505.868948515277	441.7558015744	2.6477217106537	71.7214522285099
506.497628575544	348.676759202357	0.0116533573653771	52.723988041924
506.460098632278	441.427833892192	2.63508122395386	72.1689619905755
506.997821231704	348.682580593976	0.0108098669230247	52.7472879548198
507.044681691593	441.080703393384	2.63618679193271	72.3188595142695
507.498127544762	348.687830425613	0.00917220513846411	52.770487740727
507.638387791078	440.748551458591	2.6304555638355	72.05019077785
507.438475228451	440.889502340747	2.63282736875173	72.3888352521994
507.998282858016	348.69222044487	0.00810441185595734	52.7907518470171
508.022140658718	440.53949038441	2.62664013236699	72.6501374554165
508.498151115386	348.696575060144	0.00858248524649544	52.8008700621017
508.609823167142	440.196676329569	2.63217191836368	72.4241206809512
508.412646306951	440.344291115551	2.62877453033666	72.5047651965159
508.99792644239	348.701363470708	0.00967109590334364	52.8062188850913
508.999240556404	439.998635891546	2.63606376112848	72.8209516569941
509.49791683919	348.706641769838	0.00966662450000038	52.8075494968732
509.586091356216	439.654264804219	2.63164073670956	72.4521828642389
509.389145039426	439.800615086799	2.63454350457666	72.3855219333359
509.998193151051	348.71143814263	0.00823656673451985	52.8148865971776
509.977252193032	439.459268020186	2.62854987511194	72.6517661981662
510.498518386731	348.715453140346	0.00656360329317027	52.8284680339663
510.560689410422	439.108642077623	2.62870517942565	72.5786956728905
510.360869498637	439.251100526964	2.62846409241611	72.1774362050222
510.998591952869	348.71872266927	0.00600263737753799	52.8535257724325
510.952675633698	438.915661511688	2.62679784688448	72.6732394213335
511.498302144516	348.722222041154	0.00690296847003647	52.8821974715413
511.534473167617	438.560826741255	2.61950594163006	72.7419013859018
511.997791022836	348.726398653612	0.00861878777343276	52.9067480481469
512.122845122984	438.21097743795	2.6112736018869	72.4431261980924
511.922370156866	438.364784186353	2.61564790932864	72.6647353340863
512.497331223411	348.731675490015	0.0101698701962312	52.9096132516956
512.501203951959	438.001947803647	2.58928189148071	72.8076277765722
512.99714710523	348.737553516171	0.010935506696706	52.8937471188564
513.073210551735	437.593613739792	2.4745829003172	71.9659958418075
512.858144987179	437.793245450744	2.53594134884069	72.0213806089174
513.497280274199	348.743763423174	0.0107418701303086	52.8722400869132
513.602879572176	437.088095336993	2.27332875289875	71.2614809102951
513.378984628268	437.37096379804	2.38024634088385	71.4189103676132
513.997607930157	348.749529999242	0.00968956298234823	52.8674359933125
514.195941751042	436.080468079133	1.95484094932515	71.7873167233526
514.008476290566	436.504599111833	2.05881897516427	71.6958551676411
513.812209488367	436.867416956168	2.17974638848466	71.1141854911202
514.501840389642	348.754455160603	0.00809694519379429	52.9508906937004
514.670295900305	434.539551955108	1.81087301097413	72.8652274446474
514.551042798558	435.0129835109	1.83854887177869	72.6777980584791
514.425447241797	435.47792113592	1.87128603665156	72.4280565490863
514.279854633082	435.919367593664	1.924872857893	71.9542384830068
515.001444695052	348.758336774739	0.00664976521572657	52.9790349100497
515.198249054986	432.044980196165	1.78891932359553	73.5639515993455
515.096376064057	432.52147150033	1.77398328777873	74.0312782569682
515.00439509577	433.000958665322	1.76619320629081	74.1648583764198
514.913750497093	433.48150192772	1.76759462002531	73.9209175948445
514.815678732851	433.960389978874	1.7807706131289	73.412616614792
515.501201653733	348.761734148803	0.00599415028822035	53.007656934812
515.683043794517	430.041773626158	1.801489852747	73.1014677341892
515.570538345821	430.516386146901	1.81450439625811	72.939246504967
515.459732180044	430.990516009217	1.8179814509468	72.9303169041947
515.346816033512	431.463770679811	1.81017345781113	73.0679773305282
516.00119967392	348.764946556317	0.00642889551428293	53.0365424810513
516.206577104517	427.545412436849	1.78655225968789	73.4066346025063
516.105082675886	428.022658662284	1.77148413116168	73.943147509936
516.013317688402	428.502851072773	1.76565412741183	74.2090214223682
515.922797293363	428.9834266506	1.76866459121814	74.0994130769397
515.825389837265	429.462129652558	1.77991162207802	73.6620842505289
516.501445680754	348.768733794693	0.00770488676540324	53.0669473773454
516.695479842588	425.545646729774	1.80631622596662	73.0576245203976
516.579684017971	426.018905901593	1.8201732791342	72.8664518581172
516.466948532894	426.492164815237	1.82131497768528	72.8144983106665
516.353446218227	426.965781037441	1.81050424279505	72.9251640311381
517.001776218322	348.773176617256	0.00922933283711823	53.1065476137581
517.223864028045	423.049838727977	1.78951510953462	73.3063969961904
517.119731756257	423.526033419156	1.77378165126273	73.841745977799
517.026932831457	424.005765337879	1.76594873566205	74.1529864545016
516.936609951453	424.48639885274	1.76846365003913	74.0990946382415
516.839896906948	424.964949963193	1.78150478669859	73.6895115094419
517.502022693688	348.778464852455	0.0104599652956895	53.1620156386546
517.704999403572	421.046326815394	1.79832192934297	73.2515751769205
517.59184631441	421.521084931809	1.81226005084884	73.0206838301649
517.481565367088	421.995723438066	1.81606946456896	72.9121535227428
517.370311135354	422.469847960989	1.80940111668771	72.9473911326525
517.254067908853	422.943424731402	1.79395336605018	73.1370165317798
518.002202667347	348.784179141526	0.0112758805989062	53.2318241971596
518.227057347816	418.550775071243	1.79457590203111	73.4377459129924
518.121536083673	419.026460961437	1.77517613859504	74.0252590352353
518.028709689995	419.506141915826	1.76498296144505	74.3493669997309
517.939245905276	419.987066574076	1.76541543506442	74.2981038722753
517.844483033943	420.466638736237	1.77602547751451	73.8976683222165
518.502418159526	348.790328219024	0.0118657878015267	53.2977446802146
518.730103333126	416.554516591738	1.80597698534891	72.9260789832662
518.609696256846	417.026496228699	1.82384804813266	72.7908676421093
518.493827727382	417.498505335788	1.82885861591249	72.8137776660885
518.378272007284	417.970933789361	1.82027581799042	72.9788157239375
518.258730445156	418.443870760546	1.80016504973457	73.2557330169548
519.002671453429	348.796626902746	0.0123318874996482	53.340448915235
519.147851081053	414.531644838538	1.77047268143818	73.6911961349875
519.055268953201	415.011819362304	1.76295422554046	74.0232904707521
518.966121773279	415.492662385902	1.76626703941955	73.9977883106353
518.87177461024	415.97154605798	1.77948779315663	73.6224616991875
518.762978149186	416.445697109113	1.80038053627259	73.0593359731528
519.502819593859	348.803100537847	0.0122564923697101	53.3500019552297
519.74078680887	412.054896883031	1.79696610152856	72.9787147282847
519.622853590758	412.528754680963	1.81616721986361	72.7951133486813
519.509443133179	413.002220738501	1.82209069927798	72.7482076724696
519.397352935732	413.476252627959	1.81316993393082	72.8335430140686
519.283457272047	413.951164632429	1.79375031809157	73.0484029236852
520.002713000781	348.809128367021	0.011021691866627	53.3295730761398
520.151648816983	410.033412660238	1.77959060899528	73.4905066437426
520.056340907523	410.512103116495	1.7658719570208	73.8828606794485
519.967322689265	410.993086463792	1.76245088159892	73.9425212336005
519.875614276947	411.473448744758	1.77159321851827	73.6536151809529
519.771325494859	411.949682498075	1.79154176958321	73.134684381971
520.502318740228	348.814262418159	0.00862547183999914	53.2884255210962
520.63771676039	408.031740983492	1.81362547535232	72.7449533687126
520.523833434554	408.505544740878	1.82306663630762	72.6389986756686
520.410705873039	408.97916178158	1.81960677129725	72.6788755817296
520.294450979149	409.452273847076	1.8043726160642	72.8533599622335
521.001765146139	348.817987373447	0.00605810624024721	53.2464517749768
521.168929492184	405.537794930375	1.78114773146008	73.3979393151675
521.071435445557	406.015731316353	1.76934487973116	73.8075084784319
520.980672451909	406.495791919603	1.76596541229688	73.9243765862143
520.888475359232	406.975758457791	1.7723675885363	73.6883824354706
520.785830474761	407.452962068975	1.78884222645224	73.1812484768994
521.501258735531	348.820709930669	0.00448010131988781	53.2283948702011
521.651578071486	403.535459949466	1.81125729811996	72.9006501261233
521.538257522753	404.009037734447	1.81995071945291	72.7853711637702
521.426698490495	404.482707378315	1.81658255011394	72.7702671572829
521.312846730958	404.956238107526	1.80322124341069	72.8743336158887
522.00098520292	348.822917887604	0.00431764468674485	53.2510791698246
522.179736821453	401.0384037574	1.77941706851089	73.2559147063458
522.082526786015	401.517436093289	1.76677981418241	73.7601063618863
521.992557371746	401.998420291113	1.76441406675932	73.9581511240365
521.901168725351	402.478643333322	1.77210389271047	73.7893432838377
521.79960625993	402.95559396657	1.78835079829886	73.3333906439442
522.501008429577	348.825437856003	0.005315834158027	53.3098116408759
522.661678073144	399.038167284791	1.81156832153104	72.6325835012761
522.547528038623	399.511208533092	1.82027999801001	72.4800780775871
522.435661470054	399.985042512409	1.81737542082358	72.4836709785047
522.322279467495	400.459604254533	1.80337872547291	72.6521654879352
523.001252604964	348.828585840793	0.00702478774117007	53.3882570606201
523.194009349216	396.542113596889	1.78255136969705	72.9590975595852
523.094706813778	397.020355977088	1.76896758737446	73.4895605287849
523.003619627009	397.500782608861	1.76614873200577	73.7368384210797
522.911870567125	397.980596195727	1.77354841382575	73.608508929227
522.81076592357	398.457426139697	1.78894950610438	73.1518282900575
523.501561244115	348.832740554697	0.00890837741764824	53.469706687637
523.675034556466	394.540201771217	1.80468668560626	72.3865341752843
523.561821003937	395.014275474202	1.81642676165938	72.2339184217806
523.450802241314	395.488635723815	1.81703263782223	72.2436166728189
523.338404749869	395.963000118886	1.80610667159671	72.4122085375237
524.00180130355	348.837692385601	0.0104160173231613	53.5425723965221
524.206312346632	392.045560213062	1.7879873083291	72.6997535966449
524.103665647642	392.522770861722	1.77399172402933	73.2797820881011
524.010703448291	393.002354543771	1.76894213870573	73.5686916574146
523.91881716657	393.482114512678	1.77193993817777	73.4439281539994
523.819647218022	393.960176234951	1.7831704135549	72.9686518666084
524.501909638607	348.843278476283	0.0112017701749621	53.5959704508098
524.694994471791	390.044956445285	1.80393492505186	72.3121688506257
524.579787862769	390.518704736691	1.81917300374671	72.1065421823968
524.467161818613	390.992294728052	1.82136567722023	72.0576215232887
524.353596659157	391.466011986961	1.81092725521327	72.1805763485462
525.001890873128	348.848981780827	0.0112906711701256	53.6249669789682
525.21284313933	387.548520939369	1.79044824152913	72.8626530370384
525.110807897557	388.024034177188	1.76990690716413	73.321033816182
525.020226067261	388.504286898984	1.76085770585062	73.5408798949338
524.931935065916	388.985580330841	1.76340281378733	73.4165617612057
524.837102212012	389.464845401821	1.77727036191625	72.968636284169
525.501768362508	348.854621289561	0.0108233439895248	53.6335325281236
525.636129270508	386.050964744429	1.92705317215816	72.1394865806241
525.494887427102	386.498443868362	1.87100689925255	72.3408654695561
525.367849124115	386.965449206651	1.83039186905976	72.4793928698427
526.001571271513	348.85981435473	0.00984728048588047	53.6331930566205
526.111595747399	385.074812351297	2.15012335841449	72.4482563082457
525.918415574747	385.456725320035	2.04834586173755	72.2304083369981
526.501333842957	348.86444132756	0.00842505208417159	53.6316515424692
526.538094621061	384.534987881758	2.3082505360373	73.2909873762729
526.306886523725	384.851687955378	2.21940532835922	72.359295363143
527.001105239792	348.868215400328	0.00678615711967949	53.6271520843223
527.038534626292	384.043250230135	2.41504365693945	74.0849973216349
526.796194454647	384.291514014588	2.36927342780288	73.1427309127737
527.500926502998	348.871209736091	0.00516068041632774	53.6089396808898
527.569688140892	383.584335605198	2.45346089516555	74.3900210791102
527.342241628166	383.814318145021	2.4405295061027	73.874242544218
528.000832091441	348.873374469604	0.00374851179184468	53.5674655106726
528.111381286027	383.136674560752	2.46020963663704	74.3255797283893
527.889062576527	383.364442869231	2.45823493273391	74.3084942155276
528.500855116455	348.875030396341	0.00301424552136924	53.5007448894834
528.657772529934	382.693761455603	2.45871019687575	74.0700672829992
528.432547482874	382.917153978167	2.45965859940977	74.5231220546266
529.001006090988	348.876567954678	0.0035830399869894	53.4166773602087
528.973547093708	382.467425572404	2.45809670886211	74.5773219785005
529.501201629659	348.878767667158	0.00538854905189396	53.3297282557106
529.513811224623	382.017094608894	2.45971412765081	74.5554219133201
530.001280083984	348.881898948526	0.00733058429891677	53.2604665157201
530.054974516647	381.567955327828	2.46051988943319	74.4645835765895
529.828336304997	381.787422035097	2.46048696000664	73.9221028256799
530.501141457329	348.885842796831	0.00829292704618748	53.2312191938625
530.597993280421	381.12058402819	2.46105755224898	74.2898157934482
530.375857752227	381.346914619941	2.4608207245292	74.156010552749
531.000864954705	348.889953107017	0.00814980667147031	53.2578100632641
531.144161880149	380.676982596589	2.4620801598942	73.9612131123543
530.920240938821	380.901875289236	2.4618943285048	74.3114310214687
531.500637952285	348.893912017781	0.00750936970629721	53.3354911085767
531.695490832773	380.24072496029	2.46567926105563	73.5154331149303
531.462959639615	380.45432543328	2.4645562932966	74.2775351861285
532.000603776831	348.897525790689	0.00699283021446112	53.4348986989372
532.005693764724	380.007045701849	2.46703544815718	74.1046622239532
532.500752547166	348.901016279951	0.00691303731139782	53.5154384803569
532.548523944609	379.559819022427	2.4630905963183	73.8371176788605
532.319777381877	379.776722011344	2.46561606181529	73.348677073383
533.000946888501	348.904507864323	0.00724574453339861	53.552463556455
533.091286194483	379.112158237176	2.45958038605806	73.5401779038777
532.868788431168	379.338352471422	2.46090506190029	73.421743783226
533.50104601798	348.908226434999	0.0077146935876519	53.5513171128302
533.635898356748	378.667588497356	2.46088342741464	73.221271506781
533.413153971198	378.893002021175	2.46013827054251	73.4985447515563
534.001018226336	348.912094337213	0.00799587341726217	53.5368124655579
534.185168877417	378.229974000371	2.46461166412229	72.95425649834
533.955777845068	378.445226047699	2.46290546862551	73.5710102034396
534.500926820794	348.916061129094	0.00794127658699241	53.529093506057
534.498220372509	377.99778609213	2.46562746975296	73.6372175028009
535.000844363715	348.919932319911	0.0077642016987158	53.5324797084049
535.040781397382	377.550738652706	2.4645585517159	73.6100657956685
534.810757835018	377.764641328863	2.46510219461789	72.9630185653898
535.50077788495	348.923803691155	0.00784798382987237	53.5433581054888
535.584287584158	377.105370503633	2.46612854713262	73.4857866580687
535.36211978717	377.328171569527	2.4650489382857	73.2229182824429
536.000687446066	348.927767612134	0.00831575029319783	53.5651871726028
536.131008961928	376.664943250771	2.46909446221542	73.2702411768338
535.909948976205	376.886945899986	2.46796077126075	73.4573388520894
536.50055723344	348.931991146172	0.00883527591092114	53.6078184359755
536.683604508133	376.231457130589	2.47122672177029	72.9998125460383
536.455479110671	376.443827549758	2.47069816987612	73.6029761839428
537.000431297736	348.936300286132	0.00886488111177339	53.6710987522235
536.99987957128	375.99984874459	2.4708357664783	73.6353027243535
537.500359147208	348.940449697881	0.00819407553503435	53.7365085161079
537.543646355477	375.554081162392	2.46575060465193	73.5141417203867
537.314006544657	375.767894957773	2.46827927173859	72.9313280634722
538.000350109568	348.944141754254	0.00718139776541698	53.7831737707766
538.087382832842	375.107252379419	2.46228211400844	73.2923108696436
537.863962813441	375.332326245797	2.46346897367643	73.1055551271862
538.500384781101	348.94741068829	0.00636284288115153	53.8043201006345
538.632965180802	374.662743005521	2.46098654044717	72.9754904879882
538.409334624679	374.888781502602	2.46165258615427	73.2251554052912
539.000444597042	348.950395521288	0.00603961083830393	53.8015514831383
539.182004017625	374.223155686551	2.46152285198351	72.6538832010891
538.952174584694	374.441341327703	2.46097735173256	73.2640715502289
539.500517702122	348.953384667462	0.0062420403514061	53.7690115911248
539.494296868309	373.992990777776	2.46254653387365	73.2573327716091
540.000627847692	348.956583793256	0.00694776742750886	53.6853456948265
540.038100757575	373.546829593296	2.46874017418236	73.1114004023906
539.803394592964	373.757989068476	2.46504673614574	72.4725406241485
540.500918086581	348.960417552112	0.00890920355617025	53.4898927234608
540.588175720992	373.107737589944	2.48429167570302	72.5788771477334
540.359159774079	373.326232025033	2.47685937208362	72.4653014099433
541.001633849258	348.966775000622	0.0184043023966457	53.0080601672429
541.151088032134	372.678953868876	2.49904596664682	71.3015218390163
540.916481918534	372.897566366136	2.49465249733102	71.9978875051373
541.501672430668	348.985233378096	0.0616410644550128	51.9067114795558
541.475874590243	372.471443060405	2.50405936662636	70.6953217540281
541.989671301485	349.043442049608	0.19082917565903	49.964087945057
542.035627094153	372.038443316001	2.48583678301558	68.2772901505787
542.423663612405	349.175758165473	0.437727337458315	47.6267520281844
542.621796724487	349.316239688671	0.623697778295841	46.2712409571975
542.580920444064	371.57192369192	2.40393171134316	64.5640879981916
542.332569718735	371.825285661032	2.46080217756136	65.9508163524693
542.930514348676	349.564962865331	0.846679733655879	45.581366753642
543.154383404554	349.91466450793	1.05398661279795	46.0554513790902
543.067326142895	371.042397589563	2.22231288598644	60.120316879141
542.841801168714	371.368064040451	2.35211156751983	62.2770908826344
543.260158816316	350.090661534924	1.17948148272693	46.9273989495319
543.38547447071	350.52331408005	1.40035055581684	48.8533068649296
543.438811063191	351.006305651942	1.5070655399369	50.4061118211021
543.460636141748	351.502084995238	1.53923664584473	51.2273223904496
543.473447475847	352.000798156546	1.54726108385712	51.5478652780393
543.483687653944	352.500320065795	1.54992296840306	51.6265444083872
543.493061970074	353.00010604372	1.55048094197165	51.6100305869782
543.502490931029	353.499964260724	1.54961042239135	51.554944927474
543.512396174756	353.999816984766	1.54870702780945	51.4916730258027
543.52248045792	354.49966454159	1.54911630947022	51.4234191916751
543.532152612251	354.999528914591	1.55055424608373	51.354406592958
543.541278015177	355.499388696	1.55171944202023	51.2826403243527
543.550218402677	355.99919902954	1.55165486092842	51.2261475595955
543.559514672718	356.498959037286	1.55077535563945	51.1978232458341
543.569222419916	356.998734617365	1.55001156766774	51.2083132842058
543.579209134333	357.498576280448	1.5496179150914	51.2390205170451
543.58939284066	357.998444835174	1.54879285818827	51.2715213273132
543.600181966542	358.498276131774	1.54739756982302	51.2860600922754
543.6115413725	358.998107757472	1.5467497839722	51.288198847633
543.622913086252	359.49801982578	1.54816001192589	51.2862092894426
543.633263733827	359.998005136256	1.5510187995906	51.2982895622033
543.642376334303	360.498009762715	1.55368433722848	51.3206281320989
543.650465807199	360.998074361507	1.55519653239632	51.339053734231
543.658185379687	361.498236819056	1.5559276443485	51.327094104376
543.665592759418	361.998354972082	1.5564549357479	51.2938480249013
543.672902754536	362.498150604007	1.55673134583632	51.2730250898746
543.680220004911	362.997476998355	1.55607691357913	51.3061723926214
543.688328168888	363.496488185157	1.55423852393613	51.3908747434898
543.697532008656	363.995582210975	1.5520523702454	51.5002818388904
543.707948981141	364.495132740449	1.55065370482446	51.5937799784469
543.718930095474	364.995224074088	1.55007870735902	51.6522013667643
543.730446819848	365.495538583393	1.54960755768527	51.6662689759799
543.742359318998	365.995601464854	1.54891383618639	51.6530975392099
543.698646137563	369.509924736752	1.71013877031257	54.06265230132
543.588673388382	370.015723600873	1.84343240384618	55.1316571315329
543.427909615723	370.473746667298	2.00008978312037	56.6890302236626
543.754853719974	366.50460313302	1.54872670535242	51.7011186069865
543.766291165369	367.004544571422	1.55035365410591	51.7425391201917
543.776014792918	367.504296377426	1.55557381871045	51.8537777864655
543.781204794868	368.003854710169	1.56776180848207	52.088149648347
543.777149174467	368.502777381115	1.59232066613073	52.5302822283002
543.755730662162	368.998344244571	1.63430429783921	53.2244651375339
