259.721713512215	360.607233722981	-1.03278894419798	62.5230645212907
259.556777661506	361.013571122177	-1.30716110739989	64.1416615113359
259.479044485115	361.498298677003	-1.49341952794797	65.6586416941697
259.457291180234	361.999882852101	-1.54939940614857	66.0517898993238
259.448814256236	362.501156435346	-1.55868494886557	65.6518496225369
259.443734246525	363.001344943492	-1.56715571187982	65.1352295749302
259.443220813552	363.501129081969	-1.57641057287018	64.7783162855474
259.446929718585	364.000936840096	-1.58316400999202	64.5790453080501
259.453510532373	364.500829125054	-1.58758941584758	64.4650591812771
259.461938850944	365.000713908548	-1.59029689056675	64.4040940342481
259.47130467356	365.500549487646	-1.59146948646617	64.3694690947626
259.480925539836	366.000362900632	-1.59148012265458	64.3437799437036
259.49042674001	366.500181567279	-1.59124190845706	64.2999167053705
259.499979703928	367.000000387521	-1.59175327576061	64.2446085971396
259.509948125618	367.499811340188	-1.59288403867483	64.1959558295615
259.520339581254	367.999629110412	-1.59343513996613	64.1811792899056
259.530645724763	368.499477240999	-1.59246951124189	64.1886677727069
259.540282834928	368.999356417216	-1.5906510248562	64.1998179863461
259.549221342289	369.499239701959	-1.58918640571326	64.1890751027977
259.557738217432	369.999099679633	-1.58857568519318	64.1581624730552
259.566201225066	370.498919198868	-1.58859602675212	64.1067111844285
259.574806167377	370.998679619172	-1.58935076654249	64.0501156921506
259.584040253645	371.498349597466	-1.59117852347174	63.9933717699116
259.594362658505	371.997918661906	-1.59393780629411	63.950987511689
259.606095748531	372.497457983875	-1.59634573168155	63.9200795793556
259.618632582512	372.997142566599	-1.59681454177056	63.9054235062819
259.630991401193	373.497114647721	-1.59486999238981	63.9028001385352
259.642138956618	373.997304128202	-1.59197530153604	63.9257774813412
259.652191479593	374.497419738044	-1.59013062856295	63.9797900582563
259.661921583819	374.997044989244	-1.59094080265343	64.071463370306
259.673375046106	375.495468304273	-1.59671871026966	64.1633356026744
259.690534315865	375.9909697803	-1.61403583735641	64.1663364856502
259.723017098729	376.479281103475	-1.65611223952305	63.9380202178531
260.109549707472	360.128685581861	-0.694740446983359	62.9490338615958
259.879775070885	360.41508460351	-0.894042217335354	61.9737108216203
259.806249109375	377.039472447188	-1.75663850886421	63.3959871610903
259.933286807456	377.52311521616	-1.89205969928269	62.9465048334288
260.096004549264	377.949988318848	-2.03855711128347	62.7782177835753
260.460445533158	359.927380934285	-0.470415746639223	65.6158576489618
260.47955767261	378.516969930143	-2.25861423781966	63.3715310614999
260.70776513067	378.792112222651	-2.350262495907	63.4085201007562
261.050159688736	359.725961650638	-0.159879001315806	70.554198036046
260.924361028804	359.767209796728	-0.214817891226774	69.4890541923645
260.976095909623	379.026554509439	-2.41376058721245	64.3905754394432
261.522034474706	359.674351627706	-0.0533574077721099	73.7511863390572
261.513080378707	379.483655161918	-2.46952275908655	64.9692464328461
262.011669682353	359.658794740573	-0.0104966129105016	76.0633256406447
261.834181703193	379.711169307062	-2.47754112094179	64.6111187611133
262.05902345626	379.924007795385	-2.48121005743525	65.0941608449722
262.507535390169	359.657078142592	0.00173182443750442	77.5985761013834
262.390433924851	380.141683915631	-2.4826384663003	64.9537317762002
262.609440946293	380.357989815796	-2.48392239393417	64.9595588648872
263.005820204657	359.658343464528	0.00100635179961549	78.6072760747212
262.942010806836	380.575478037278	-2.48544282370808	65.1649481452755
263.165521484195	380.784060728037	-2.48717145713189	64.7311857111354
263.505044835554	359.658026290338	-0.00493674605733011	79.2594539811224
263.491950497343	381.010504174311	-2.48818266723615	65.2536357585452
264.004595316048	359.654228930067	-0.0123369135573941	79.6633057402595
263.814249661855	381.242118178248	-2.48733021520584	64.6199244506473
264.041622047747	381.445930563961	-2.48586552003515	65.1394472246953
264.50420746531	359.646867808267	-0.0190949114432812	79.8733341875243
264.373008342158	381.665222976831	-2.48601066403447	64.7679665759514
264.592393583876	381.87975988944	-2.48612626925888	64.8563992426561
265.003767916719	359.636533823205	-0.0239599268188954	79.9343359761644
264.92692542523	382.096003607054	-2.48893794235764	64.8504959698882
265.146893588699	382.305562829559	-2.492136062003	64.4888783478602
265.503270581065	359.624436733386	-0.0266729381598996	79.8775368753561
265.479745157581	382.527356571043	-2.49989584225265	64.8656678040852
266.002779720608	359.611388639299	-0.0280163085907825	79.7502362957326
266.035838649516	382.949016058139	-2.5247358769488	64.7782269852157
266.502361386747	359.597949791468	-0.0288639505527668	79.5907627147754
266.39050573779	383.162479860984	-2.5443604312552	64.4618833071193
266.600188434071	383.346871134938	-2.55865416531923	64.4834252489455
267.002016683241	359.58419562183	-0.029396233206343	79.4497214386299
266.967696809086	383.551945825679	-2.58240686884897	64.6987086084927
267.501697987904	359.570430891889	-0.0292210690485355	79.3555382046489
267.54615857206	383.919430246074	-2.62254952778339	64.7127558058638
268.001363534826	359.556915573096	-0.0283108175376208	79.3277926625975
267.939078529389	384.11130461995	-2.64102597475323	64.6337904460106
268.501026721246	359.543940948808	-0.0271824911200935	79.3457579459
268.527214297069	384.446719575573	-2.6651152805234	64.6688065567947
269.000719472091	359.531363176418	-0.0267179198085349	79.3889611607729
268.937002400658	384.63048767495	-2.68760313567572	64.5617683479454
269.500438232826	359.518796063777	-0.0273800428443699	79.4236708164913
269.531724836487	384.928080930422	-2.7288849902718	64.7335145605661
270.000139693188	359.505710529412	-0.0289639964330297	79.4388118651401
269.960793939188	385.093350482347	-2.74608231911676	64.6171465918929
270.499789382564	359.491853996195	-0.0306181807345789	79.4186322139926
270.55598181398	385.361323790038	-2.75165184757021	64.3092074462971
270.999386178326	359.477321161774	-0.0317389845678343	79.3764569349367
270.990676428015	385.523859598882	-2.758330620011	64.361908259849
271.498948388867	359.462375040267	-0.0322227662875425	79.3250759178443
271.429286274406	385.687909285395	-2.77503367982913	64.2147277193947
271.585899603606	385.766957897822	-2.78374030185442	64.2034767653478
271.998499452974	359.447246218495	-0.0324781415760722	79.2971558907063
272.026668523613	385.925131561878	-2.80311453034107	64.5002300834736
272.498069098605	359.431971185337	-0.0324802545845721	79.3038977216967
272.476342323177	386.068044830333	-2.81198075484036	64.3870474396876
272.997704918155	359.416782290819	-0.0318579357622358	79.3590441002228
272.924424584683	386.220357551544	-2.8090252304086	63.9132269230285
273.073282495081	386.288871589306	-2.80576669681333	63.8272061804727
273.497444283177	359.40194810039	-0.0303782517659348	79.4490250477571
273.519845531737	386.441784549255	-2.8033601920155	63.8442442356867
273.997281618659	359.387824971245	-0.0286746158694483	79.5636940369106
273.971596863312	386.585999688063	-2.81275751482004	63.8494832239431
274.49714962689	359.374227922475	-0.027475372036424	79.6735872508893
274.425272892093	386.736590736218	-2.83563662638318	63.8610575994863
274.563365153008	386.792988414555	-2.84452660082724	64.0207892707656
274.996968799132	359.360958537715	-0.0269462966339513	79.7687949328046
275.021775128086	386.925991784857	-2.86604478777095	64.407438695139
275.496689702782	359.347680657631	-0.0264494524510982	79.8379854224857
275.486640265957	387.046344969171	-2.8739233117636	64.4468651094819
275.996335469886	359.334653895433	-0.025428823896581	79.8939647467991
275.950958533108	387.170735499196	-2.86763880776757	64.1078653810107
276.49598070905	359.321983731125	-0.0239519844068503	79.9392304418467
276.541223504026	387.359383872585	-2.84912713003842	63.7230033549333
276.995711134865	359.309901200803	-0.0228087732027944	79.987363913274
277.002506795588	387.491307284018	-2.84547329518316	63.6432664922001
277.49553703442	359.29791227782	-0.0225424576095049	80.034655532858
277.466132739284	387.621405064801	-2.85652368305109	63.609069676056
277.995381413314	359.285785876148	-0.0229562796904794	80.0858107946029
278.052257860966	387.798037433277	-2.88669211327056	63.8557484907645
278.495117923948	359.273116088718	-0.0233218158508083	80.1333699637023
278.521248309488	387.914680391126	-2.9068299486817	64.2496483927494
278.994685387455	359.260258367649	-0.0232224504997312	80.1895961095789
278.995258611227	388.019463390357	-2.91473882566394	64.3565563811874
279.505434766237	359.247079972122	-0.0227650540162522	80.3613164198992
279.469741668988	388.12474149299	-2.90990524211799	64.0844844789865
280.005326011064	359.234993354108	-0.0224853686073403	80.4881448411478
279.940439071887	388.243045309467	-2.89431920492878	63.5465806973687
280.055489975549	388.281270494103	-2.8892478592936	63.4332686257164
280.505147051629	359.222944824619	-0.0226263213059527	80.632694446079
280.523963979715	388.406032638894	-2.87625017039998	63.220191491729
281.004913104206	359.210948936636	-0.0229952628753819	80.7849550197918
280.993739872638	388.524982179578	-2.87716578885437	63.1159596284876
281.504611174368	359.198818875384	-0.0230922979884475	80.9354306220222
281.465528939541	388.643168696373	-2.89261415065772	63.1370787953885
282.004224567571	359.186977093587	-0.0226095258856019	81.0790182138094
282.045635675605	388.794247590891	-2.92226011093973	63.4733394869695
282.503794989243	359.175539936838	-0.0216292085079321	81.2091042297144
282.522279594062	388.896753986412	-2.93950093037405	63.8735297917796
283.003436593705	359.164788851564	-0.020583255480322	81.3285025935188
283.002357084125	388.98899199193	-2.94562139894075	64.0326595989642
283.503213738738	359.154477876365	-0.0198054044719854	81.4476357826675
283.482865158974	389.079981763611	-2.9430734631467	63.8708629345807
284.003089153857	359.144566762059	-0.0193707444301716	81.5765210219834
283.961845370534	389.177706905098	-2.93330976830772	63.4484010199101
284.502978627263	359.134775989731	-0.0192339810680586	81.7132389418327
284.540359688417	389.317882157269	-2.91562017839534	62.9563167570962
285.002833040716	359.125090995382	-0.0193737272360025	81.8527469242862
285.015926367074	389.427726060582	-2.90636121147748	62.8379579641348
285.502627115684	359.115306660629	-0.0195719959420574	81.9912969861858
285.492500977794	389.534380678497	-2.90645388031248	62.8492474939327
286.002355524863	359.105588033615	-0.01943478353177	82.1214351004057
285.969685905415	389.64112875024	-2.91647017510977	62.9806010271464
286.502044259582	359.096065006622	-0.0188263916819509	82.2252862206042
286.545089654328	389.776784068379	-2.93973936577303	63.3442882664565
287.00174947724	359.086974132633	-0.0181305227920359	82.287887989383
287.024884682633	389.872364582629	-2.95867575698921	63.769721217864
287.50150303014	359.078166425606	-0.0177259132121652	82.3123917732022
287.50834695576	389.955360911062	-2.97264635175077	63.9821851008045
288.001297606758	359.069557292874	-0.0174914798618615	82.3203538363175
287.994166982839	390.032365118269	-2.97965181886899	63.9134764488992
288.501113437291	359.061075252211	-0.017058571559815	82.3341344617444
288.4805585452	390.109459410922	-2.97780759165568	63.597150259161
289.000949805366	359.052899605046	-0.0163573176919201	82.3608563997529
288.965146046936	390.193035858716	-2.9665893113933	63.1340095410415
289.500813623173	359.045062919165	-0.0156853796044764	82.3900352879035
289.536795755615	390.310597137045	-2.94631195472389	62.6517851891338
290.000702948022	359.037514376595	-0.0153981722155457	82.4068151383853
290.018079389846	390.408620582697	-2.93357740805632	62.5032292591762
290.500599174737	359.029991671003	-0.0156130887155805	82.407321492873
290.499071394052	390.504722668938	-2.93070351198223	62.4688527748234
291.000477258032	359.022295368465	-0.0161410618740037	82.403525847994
290.980772161567	390.600309493318	-2.93730228415862	62.5581970511366
291.500320536372	359.014317439815	-0.0166128369350333	82.4147196746183
291.463518635601	390.696773035732	-2.95183757150103	62.7607744449966
292.000137929101	359.006175179118	-0.0167275852103466	82.4521959527765
292.032545649635	390.809847650579	-2.97314826327942	63.269496605196
292.499958909451	358.998063687909	-0.016488270217299	82.5076241174836
292.518362248407	390.889390028214	-2.98759014432587	63.695995954299
292.999804644952	358.99010459444	-0.0162446330417763	82.553743820178
293.006422468617	390.960591839133	-2.99577735103019	63.9432774854742
293.499663926759	358.982202734324	-0.016423352150022	82.5615999417353
293.495333422322	391.028690683698	-2.99704661698228	63.9568277209718
293.999502961342	358.974083075843	-0.017133342037066	82.5237395739027
293.983823995778	391.098372454091	-2.99225847629894	63.7462341935148
294.499298874751	358.965548793485	-0.0180526011607971	82.459814698956
294.470912698607	391.173957873345	-2.98251908401954	63.3751885333054
294.999062874934	358.956573552487	-0.0187294078651478	82.3946774508361
295.039057350989	391.278444910646	-2.96662684749533	62.8845500058208
295.498830613743	358.947371490015	-0.0189402975875246	82.3346279383067
295.523175767007	391.369505573643	-2.95512531493079	62.7073491665262
295.998622160719	358.938112089454	-0.0187894737919675	82.2684317488428
296.007409783814	391.457981081447	-2.95056757386861	62.6288063238212
296.498427179762	358.92895417349	-0.0185178778546156	82.1870104604879
296.492319631655	391.544628399544	-2.95459432762607	62.6548986365573
296.998221443222	358.919851221205	-0.0183201447635351	82.0982826162058
296.978349812415	391.630105115193	-2.96520338887763	62.8001964986145
297.497995718823	358.910799276184	-0.0183621946115779	82.0214418141227
297.465186206456	391.715566258699	-2.97924833734659	63.0509222578256
297.997758958758	358.901588423849	-0.0187764449756085	81.9670916659536
298.028453981738	391.811696796787	-2.99437745256573	63.5986764444432
298.497539090066	358.892139637435	-0.0194087134933106	81.9215691324367
298.51753393103	391.8827322997	-3.00348777702104	64.0374117938541
298.997365142016	358.88233961662	-0.0198235424303043	81.8543101119183
299.007755768204	391.947591402005	-3.00962717793129	64.3266615229556
299.497252863018	358.872442132968	-0.0197318644394618	81.7403547444359
299.498661872645	392.009141834963	-3.01311954059029	64.4063091992103
299.997188942241	358.86256412358	-0.0192462504308776	81.5828699539267
299.989768592147	392.070161926412	-3.01295196411038	64.2753697581899
300.497155413177	358.852992131393	-0.018522357472779	81.4113161208107
300.480349799235	392.13373073662	-3.0081315372773	63.9859936684967
300.997118346841	358.843727314449	-0.0177002062513346	81.2606915268341
300.969810397109	392.203142602786	-2.9995791327855	63.6152382010063
301.496984738542	358.83485018584	-0.0173457075269209	81.1461903409123
301.531573476685	392.295067531844	-2.98792889673243	63.2164862027641
301.996612925161	358.825733872115	-0.0184010194505548	81.0623928916128
302.019248323724	392.37426783815	-2.97948597256801	63.0602849311894
302.495982917716	358.815715526928	-0.0209364340396339	80.9925793606874
302.507325564932	392.451798260712	-2.97439996938316	62.9733457124594
302.995293983934	358.804145466245	-0.0236029344539337	80.923135385741
302.995641656367	392.528869684613	-2.97359119088662	62.9872281518703
303.494822311938	358.791502184987	-0.0248674045857598	80.8442519526521
303.484118592038	392.606154529102	-2.97823032772683	63.1232657078008
303.994665217331	358.778411547188	-0.024516411966971	80.7547101427875
303.972831330643	392.684000254503	-2.98788097774671	63.3866022959778
304.494732415238	358.765731617233	-0.02330448658844	80.6551588245512
304.531063125781	392.774292700638	-3.0025988546886	63.8869209546759
304.994875853788	358.753516659088	-0.0219807945800104	80.5504783720584
305.021364845662	392.842459102997	-3.01420388447831	64.3731858458303
305.505006932028	358.741371738758	-0.0209584275452807	80.3650417548513
305.513006580663	392.902877294297	-3.02328020563202	64.7549290329143
306.004730731544	358.729733964623	-0.0208180344743529	80.2909034600415
306.005527754245	392.958207948458	-3.029434021997	64.994806588105
306.504762508989	358.718111271151	-0.0220662019654186	80.2256383999259
306.498584195846	393.010846859703	-3.03257210800355	65.089525792126
307.004961806747	358.705479012687	-0.0247828889309549	80.174583325659
306.991894958479	393.062950314648	-3.03251934121167	65.047051778671
307.505092831465	358.691533603675	-0.0280149019738379	80.1232557580032
307.485093937877	393.116754927362	-3.02861349694161	64.8766872860201
308.004959845419	358.676255146397	-0.0303067462719177	80.0697960657215
307.977503376616	393.17506660438	-3.02004753149606	64.5949879635792
308.504533080063	358.660643118961	-0.0307353192125334	80.0025307779178
308.468235754125	393.241244648357	-3.00736211933717	64.2402708801178
308.533978376964	393.252168037691	-3.00543533914974	64.1318152135991
309.003920623122	358.64540905771	-0.0297355904714812	79.9188186775373
309.024229455571	393.3278801965	-2.99215269158019	63.9261969063367
309.503297169907	358.631127654698	-0.0283432880284155	79.8013682971255
309.513779257324	393.402662859842	-2.9843549437537	63.781930955531
310.002792594551	358.617533836454	-0.027519614694934	79.6628691468128
310.003332086324	393.475905657722	-2.98416018259465	63.7258730867402
310.502443004786	358.604311641411	-0.0276055599710232	79.5245061205875
310.493781955083	393.546968061878	-2.99054739726511	63.7606591499019
311.00217575396	358.590879143494	-0.0285333203165896	79.4214212680175
310.985298090117	393.615847008102	-3.00020342781905	63.8841914605665
311.501887410575	358.577100460221	-0.0295326393070226	79.3506648021242
311.477261385173	393.683481700749	-3.01049065749397	64.068410300348
312.001531430222	358.563089203121	-0.0296924834538254	79.3038477603281
312.028365528613	393.759790322326	-3.02120604125218	64.4084394771839
312.501157989628	358.54939738494	-0.0287722486863603	79.2577615304683
312.521077319133	393.820270870249	-3.02968673304381	64.7643502312945
313.000831596664	358.536222832969	-0.0278313317741726	79.213122409974
313.014471187858	393.874330163017	-3.03748389381364	65.0763229548681
313.500549513565	358.52333647468	-0.027823426700559	79.1650103834645
313.508577152157	393.923545588438	-3.04415215033318	65.3109154255279
314.000254071803	358.510233071847	-0.0286424800853049	79.1320712211611
314.00336586969	393.96938257814	-3.04841194659402	65.4511307173685
314.499916734989	358.496766845679	-0.0292803766867659	79.1217493044649
314.498490873046	394.01375278537	-3.04917077663053	65.4904784602653
314.999567606449	358.483163661242	-0.0292418418773063	79.146401444014
314.993439748637	394.058744302289	-3.04625862425531	65.4232569496435
315.49924757094	358.469690514905	-0.0287842705011873	79.1839072907439
315.487816367681	394.106324064437	-3.04059114085462	65.2439817825557
315.998959073853	358.456373908275	-0.0286465625162535	79.2158495669753
315.981485015513	394.158187170863	-3.03351209681299	64.9632613965447
316.498671341712	358.442934883392	-0.0289898601927777	79.221010564013
316.474412930573	394.215618987868	-3.02569976913436	64.6213507413358
316.998359418646	358.429246425411	-0.0294361028503348	79.2216988184897
317.026256294577	394.289339273176	-3.01585280330938	64.2557338065542
317.498004568988	358.415293033757	-0.0295755451263374	79.24402937877
317.51813514223	394.355555968707	-3.00784396378864	64.0973187565386
317.997590784419	358.401253744102	-0.0295940871943559	79.3158430663077
318.00988224562	394.421123629621	-3.00262940674755	64.0074923271934
318.497136234763	358.387061012798	-0.0294419138751918	79.420488571639
318.501742254274	394.485839978403	-3.00204865748439	63.9839091878191
318.99673506676	358.372966464637	-0.0286735652312215	79.5412335920517
318.994072726735	394.549522669504	-3.00555204810407	64.0424690832103
319.496458442722	358.359205620758	-0.0271410742228239	79.6554696357904
319.486912834805	394.612157415798	-3.01212725572936	64.1848979007431
319.996240538469	358.346093910675	-0.0258166125600184	79.7642671000094
319.980090816491	394.673934104643	-3.02045980170739	64.4064114107892
320.495921910811	358.333127323049	-0.0256312812670331	79.8563267714849
320.473515167581	394.735459128351	-3.02984532972326	64.6741611164025
320.995454942968	358.319867553098	-0.0263671274163886	79.9374605437326
321.021027243032	394.799245762235	-3.03981429045825	65.1516025992844
321.494962336156	358.30593576835	-0.0267631988201437	80.0086878085291
321.515462139536	394.84918919051	-3.04736059596341	65.5176047886345
321.994635994169	358.291930575445	-0.0259866918455534	80.0851703458448
322.010568827349	394.894440849515	-3.0532449361539	65.8265524565564
322.494530800911	358.278253562918	-0.0243263088968337	80.1614173916833
322.506222537379	394.936510430184	-3.05718153744977	66.0513806794758
322.994510031622	358.265335789448	-0.0229250900340751	80.2392664577599
323.002255847198	394.976749993717	-3.0587681756604	66.1693957961213
323.494358307865	358.252586062061	-0.0225311537231213	80.3144643734718
323.498374824189	395.016633164644	-3.05803723974762	66.172243912521
324.005209618369	358.239992993779	-0.0230130400653284	80.5140957069449
323.994282346155	395.057411767137	-3.05568671601799	66.0672746995878
324.505045324626	358.227449316978	-0.02369209952647	80.6464627118153
324.489871424781	395.0999340926	-3.05263067407139	65.8667893103395
325.004883669412	358.214815196577	-0.0241558804246881	80.7889474233226
324.985261645579	395.144860956278	-3.04927919147861	65.5797432223916
325.50467612427	358.202096788311	-0.0241003266762302	80.9200320363692
325.480594731583	395.192805852322	-3.0452179152591	65.219323940406
326.004388216644	358.18981920224	-0.0232470221808319	81.0318125210643
325.975699109547	395.245091091447	-3.03956025671289	64.8211338927364
326.026002862469	395.251272819651	-3.03884785073526	64.7188000728541
326.503991052753	358.178215138145	-0.021576298584572	81.1324837224684
326.519797828613	395.308373616808	-3.03201367732596	64.4482894742344
327.00352060854	358.167707118111	-0.0196742339530933	81.2311986087944
327.01383454649	395.365002021691	-3.02649054004516	64.25021276972
327.503085842259	358.158030716154	-0.0183777651708001	81.318532956666
327.508072942802	395.420733893713	-3.02447695335898	64.1349409467277
328.002807218422	358.148857889048	-0.0181781115881597	81.3827283639627
328.00252551953	395.475123079087	-3.02585624573636	64.1089941656568
328.502681461011	358.139545176041	-0.0187100159822067	81.4274294211198
328.497139048451	395.528068453787	-3.02861097096993	64.163028850604
329.002581992947	358.130069563347	-0.0190326690642101	81.4731412490367
328.991697182967	395.580452674164	-3.03019857371815	64.2946789744728
329.502402523419	358.120608708227	-0.0185072240795294	81.5375033677025
329.486038246495	395.633733449958	-3.03102364456565	64.4829806276064
330.002167496876	358.111663027919	-0.017386812776615	81.6262415442988
329.980391671858	395.68866090692	-3.03364438432656	64.7218736151985
330.501960405128	358.103245352833	-0.0164352171500128	81.7318902007848
330.475233580768	395.745022526562	-3.04022134849339	65.00416343815
330.523656472524	395.750970508903	-3.04106280566174	65.0983107043058
331.001828019721	358.095198750581	-0.016238011669853	81.8398903139399
331.018002232079	395.801691266062	-3.04991706829551	65.5166978533824
331.501750886865	358.08703342942	-0.0168506135783181	81.9331655497939
331.513460306207	395.84650585804	-3.05782909095883	65.9148633076792
332.001679886773	358.078500303442	-0.017932783161134	81.9998150759714
332.009768023064	395.886894479204	-3.06308197097041	66.2422844177579
332.501567691587	358.069410614853	-0.0190349063233895	82.0379166738868
332.506490349489	395.924607270433	-3.06605620666526	66.4664178764085
333.001397790231	358.059886516065	-0.0198815119385092	82.0575472160092
333.003375552545	395.960669505006	-3.06807912524585	66.5865052941452
333.501183281701	358.050004608369	-0.0204665598936849	82.0756059701526
333.500375023844	395.995585649477	-3.07012179939466	66.6236084826928
334.000947042968	358.039919662073	-0.0208634573920598	82.1056857687766
333.997534962021	396.029527811366	-3.07212703395656	66.5963569849557
334.500697018806	358.029735644301	-0.0208708095116041	82.1464160483611
334.494842255573	396.062893564921	-3.0731216825375	66.5060218525022
335.000444286835	358.019778641579	-0.0200716912773125	82.1797857225836
334.992123161051	396.096673746813	-3.07178186628495	66.3445506494582
335.500217503314	358.010432459741	-0.0184543128581797	82.1872853674739
335.489065380599	396.132306948588	-3.06732267178349	66.1099681885555
336.000037272039	358.001926402054	-0.0167344123282798	82.1712751064312
335.985368067965	396.171548762299	-3.06023225727294	65.8106642073115
336.499889730551	357.994091629836	-0.015686306464719	82.1526576473655
336.481041466425	396.215582949366	-3.05244774372641	65.4601495461392
336.999748164746	357.986550976715	-0.0154193978607187	82.1429322367198
337.021602382599	396.270776891147	-3.04544263811458	65.0172336909647
337.499599754164	357.979022362437	-0.0155304924697328	82.1330824018158
337.516566073151	396.322546659344	-3.04128381790536	64.7413847937799
337.999440958799	357.971383434329	-0.0157189539308179	82.1180656807846
338.011712084366	396.373322489051	-3.03784424777197	64.5115098577534
338.499268539336	357.963613899712	-0.0160499731416465	82.1115274874998
338.507070041209	396.423628021046	-3.03468561847532	64.3569343289456
338.99908447824	357.955593365017	-0.0166941288178183	82.1185231889489
339.002414811093	396.473856337997	-3.03340013115233	64.2988835633206
339.498899383388	357.947227762493	-0.0175450485796731	82.113292033758
339.497882613717	396.52340013918	-3.03581559285409	64.3204761334873
339.998719914642	357.938456707688	-0.0181975896376664	82.0653302485228
339.993699671318	396.571582926361	-3.04066735246664	64.4095744947097
340.498549464155	357.929496278378	-0.018299527522387	81.9751481246692
340.489704944206	396.618509731605	-3.04572240267678	64.5513671712407
340.998389925298	357.920564829056	-0.0178559885393299	81.8696866178312
340.985636231674	396.664803812174	-3.0500018855274	64.7496104768755
341.498236111979	357.911921298176	-0.0171939902753591	81.7737193651213
341.481575329843	396.711228677521	-3.05456821842996	64.99229525426
341.998064262357	357.903502821494	-0.0167347357199613	81.6988011386282
342.019214141601	396.761239293145	-3.06054545664139	65.3811089222515
342.497860865586	357.895218435688	-0.0167420059712818	81.6470775056695
342.515351349404	396.802427859188	-3.06634488910567	65.7423601844354
342.997645576338	357.88675750768	-0.0171775651409686	81.6135068091983
343.01199663434	396.839652754232	-3.07151221468595	66.0770271268068
343.497457340427	357.878080481421	-0.0176860676602817	81.5846084932743
343.509130937483	396.873873008977	-3.0756161705214	66.3619299761301
343.997302700329	357.869135578521	-0.0179204214995744	81.5459513038769
344.006634274498	396.905724784549	-3.07881056282082	66.5831670004808
344.497147971651	357.860145043536	-0.0179776564473429	81.4857060783489
344.504414913249	396.935829716267	-3.08142961858842	66.7377595995688
344.99693837945	357.850930344307	-0.0184257203185608	81.3935906261853
345.002421243022	396.964592864538	-3.08322713895243	66.8338470522813
345.49664368536	357.84129561683	-0.0196127100193323	81.259303337998
345.500507525057	396.992736730952	-3.08340730626535	66.8802835857302
345.996282618232	357.830802783345	-0.0211128476016988	81.08624782341
345.998447487493	397.021265521131	-3.08141727892154	66.8746174697803
346.495939604867	357.819674465372	-0.0219614826412359	80.8974830197603
346.496095547825	397.051210792658	-3.07789142562939	66.8028887706388
346.995696714344	357.808256905766	-0.0216777960911631	80.7289484558633
346.993538399942	397.083100642803	-3.07451723917767	66.6545054093106
347.495528411129	357.797195277261	-0.0209015704715906	80.6038999609508
347.491023817943	397.116672477134	-3.07250826866409	66.4364450793956
347.995268234224	357.786222932006	-0.0210023576186044	80.5211255847545
347.9886540857	397.151570282196	-3.07138565888657	66.1692685347336
348.494798014193	357.77484186592	-0.0225701692748671	80.4547581044637
348.486276388063	397.187755801691	-3.06968727433252	65.8700239116311
348.994196203525	357.762205877782	-0.0247650960491081	80.3796563814121
348.983644595901	397.226171390468	-3.06636732570656	65.5488178855758
349.506527056106	357.748018758499	-0.0263404224729178	80.1914893207318
349.517542766442	397.271798940981	-3.06142880841753	65.1613450178041
350.006140967471	357.733014530218	-0.0269040139111784	80.1186636058871
350.014189994756	397.315615848739	-3.05701689874864	64.9332494226123
350.505611540495	357.718321462643	-0.0268445646317678	80.0459893206067
350.510835859411	397.359070217913	-3.0538762163891	64.7452709955096
351.00506265397	357.703903991544	-0.0265330624499077	79.9854522681223
351.007513931892	397.402189350347	-3.05172553407337	64.6084483041998
351.504594206242	357.690037938625	-0.026139720794672	79.9283121762694
351.504235078812	397.444892726808	-3.05043051741947	64.5060950157568
352.004251405968	357.676462759939	-0.0259932044450937	79.8760476838062
352.000973276495	397.487326011984	-3.05021523753229	64.435838757645
352.504004946775	357.663165695868	-0.0262546523164778	79.8186291394377
352.497769373768	397.52928396265	-3.05194721133704	64.4011929868017
353.003755160881	357.649756699304	-0.0268594727530826	79.7555835571171
352.994743542369	397.570351823793	-3.05551083516402	64.4269807593788
353.503446992078	357.636276374728	-0.0275303412194911	79.6709612639814
353.491965151956	397.61028168835	-3.06005616425917	64.5162667897458
354.003093883134	357.622553746485	-0.0281829592617526	79.5731481431581
353.989312783639	397.649206359873	-3.06389378625129	64.6660551922391
354.502724189109	357.608757428576	-0.0286010160939454	79.47331736203
354.486536179637	397.688066081256	-3.0663860530021	64.8504361679129
355.002330525806	357.59494091522	-0.0285451467296908	79.3983470630405
354.983576059702	397.72757970093	-3.06824574790278	65.0555535751432
355.501923894556	357.581492472797	-0.0278700733398806	79.3457826156661
355.515701944194	397.769881320384	-3.07131198539084	65.3899006050456
356.001546100316	357.568522926865	-0.0270242178753853	79.3140783165655
356.012986760802	397.805584201888	-3.07571801387569	65.674148597119
356.501234522738	357.556025281364	-0.0265761713891966	79.2872989070788
356.510394694164	397.838011361005	-3.08117332171792	65.9534012224131
357.000978101898	357.543597126686	-0.0269534873557403	79.2710464056032
357.008138459791	397.867125341491	-3.08629917073585	66.223461860502
357.500731421261	357.530874237981	-0.0280629395079676	79.2594077964468
357.506271522373	397.893718255344	-3.08989328255959	66.4707029195328
358.000443324081	357.517505104544	-0.0296144378299762	79.2581894411118
358.004695274623	397.918668606015	-3.09165929962955	66.6701302099591
358.500091122003	357.503414124672	-0.0310237324002469	79.254916614793
358.503244190411	397.9427992915	-3.09258099086827	66.7906062543775
358.999693603148	357.488760953652	-0.0318266660866516	79.2532512651868
359.001862961742	397.96622329272	-3.09394788719485	66.8136391717463
359.499297793834	357.473915812958	-0.0317281833350074	79.2460859684763
359.500598658901	397.98885668466	-3.09561253536476	66.7527905726302
359.998940700807	357.459268845509	-0.0310532354896061	79.2424319488382
359.999399605877	398.011033900946	-3.0958449613894	66.6542804793437
360.498619979316	357.44491725306	-0.0304053662521159	79.235925514807
360.498043176799	398.033788572005	-3.09354519319787	66.5670891764262
360.998305669037	357.430716622519	-0.0304050149725908	79.2382455046519
360.996384495826	398.058149180854	-3.08970840062994	66.5021161749126
361.497963304902	357.416293904396	-0.0308333427656483	79.2523219979517
361.49452848123	398.084391446897	-3.08623385389277	66.4266956133606
361.99758268185	357.401651844819	-0.0309370035045786	79.2956050401709
361.992608534996	398.112333425019	-3.08373139211343	66.3061862304884
362.497179752907	357.386971316	-0.0301358647571265	79.3630134928819
362.490604093684	398.141754969137	-3.08141039529428	66.1345293533474
362.996797678375	357.372706202306	-0.0287641377534572	79.4554901012419
362.988522650125	398.172940587514	-3.07883698130891	65.921266518473
363.496475575071	357.358900671186	-0.0272486940456451	79.5575834408043
363.486652897499	398.205874059428	-3.07698219992259	65.6695826830128
363.996236021928	357.345737196159	-0.0256933671485986	79.6684701660809
363.98533731112	398.24024098349	-3.07703149414302	65.385243458609
364.496057421576	357.333115449418	-0.0240918618571148	79.7728373357711
364.513436799532	398.277654841309	-3.07858480657066	65.0444128226419
364.995897121779	357.321124997155	-0.0229291861719762	79.8671825707794
365.010943311428	398.310984572557	-3.07901248383649	64.817351287886
365.495714713768	357.309261558319	-0.0226073094629205	79.9359727176873
365.509213612808	398.343461121976	-3.07645910761739	64.6090538929984
365.995513980659	357.297292847808	-0.0229655053217274	79.982693003485
366.00763702579	398.376852510054	-3.07168823838819	64.4390961582414
366.495296375251	357.284817053696	-0.0233461061048143	80.0088016136075
366.505705488779	398.411449728019	-3.06782796342552	64.3150297839668
366.995026987773	357.272128226049	-0.0233943781121913	80.0389265421713
367.003440781522	398.446487553392	-3.06709263133876	64.2494773982941
367.494626401885	357.259133741222	-0.0232774920249371	80.0870932484191
367.501204286245	398.480617913936	-3.0695140729866	64.2320261249127
368.005410890348	357.245939441889	-0.0234331874279719	80.2702771851961
367.999207472441	398.513225342021	-3.07277655526747	64.252852472126
368.505309461176	357.233235182056	-0.0237487115765268	80.3946738772228
368.497352401909	398.544718447707	-3.07470648240115	64.2876478895232
369.005015769791	357.22070206327	-0.0235660508099272	80.5220157597747
368.995437866794	398.576137498882	-3.0745228437135	64.3335881919944
369.504519739465	357.208508143285	-0.0225090578744529	80.6470398742183
369.493404887689	398.608449342973	-3.07349402607959	64.3885130356914
370.004047839175	357.197151081471	-0.0211866528060533	80.7763856861682
369.991384189641	398.64179354428	-3.07320301588725	64.4664290355626
370.503797010916	357.186318788643	-0.0205175402716383	80.9109973765121
370.489510244142	398.675931674441	-3.0746404920279	64.5647551992638
371.00374419369	357.175721994447	-0.0208231891529049	81.0452851680688
370.987806903574	398.710158050308	-3.07751650601488	64.6846187057502
371.503706918218	357.164821727634	-0.0215479966120651	81.1696228411889
371.486249061401	398.744189966885	-3.08155382433088	64.8147281305533
372.003543801952	357.153765104767	-0.021871266516261	81.2840446106517
372.01148280461	398.776902387116	-3.08684863792566	65.0804692481745
372.503231909815	357.142751226217	-0.0213206785421139	81.396595501653
372.509553678164	398.804160994943	-3.09233664578463	65.2755864577912
373.002843816827	357.132321504341	-0.0200392875252102	81.5166540319519
373.007975328104	398.828296295965	-3.09669711271247	65.4616201319493
373.502468293056	357.122597204041	-0.0185400343300511	81.6432382390536
373.506849949194	398.85059542798	-3.09853067276822	65.6297052682931
374.002173346369	357.113639946308	-0.017415085966784	81.7671917321141
374.006054422757	398.872309392572	-3.09794763203208	65.7748752350543
374.50198283946	357.105054841401	-0.0170589724215459	81.8745748160625
374.505274823243	398.894389518656	-3.09664599026189	65.8973645549634
375.001880294907	357.096536510872	-0.0174917980186374	81.9526106581561
375.004285438072	398.916638589661	-3.09648290240269	66.0036059070856
375.501810572568	357.087713963421	-0.0182550288092415	81.9953725232359
375.50312222173	398.938402502799	-3.09815710664769	66.1026090030535
376.001713639933	357.078651979694	-0.0187180401006563	82.0131259511202
376.001986527939	398.958914608765	-3.10102152647269	66.2029959749925
376.501558363668	357.069484091276	-0.0186643593300502	82.0281772031628
376.501007426609	398.977913421921	-3.10412325341057	66.3075573490684
377.001359225995	357.060430453526	-0.0184525119507065	82.0584904319482
377.000196970558	398.995448652173	-3.10680659632544	66.4105356449752
377.501146799029	357.051420382974	-0.0183867802297407	82.1076553793438
377.499497217698	399.011941766904	-3.10822342954274	66.4949041278538
378.000939091454	357.042470693692	-0.0182218915321521	82.1746284597186
377.998784333242	399.02830705897	-3.10724628734047	66.5298964656314
378.500731458836	357.033713908879	-0.0174890615272135	82.2606732904203
378.497914563074	399.045782801565	-3.10385881456407	66.482139996179
379.000525064365	357.025486783445	-0.0161941136964412	82.3579114180664
378.99687047637	399.065203551356	-3.09994420778535	66.3402491551712
379.500340568649	357.017893224156	-0.0150438740973341	82.4391020676048
379.495813954117	399.086309214537	-3.09753695327567	66.1270654879013
380.000192284833	357.010650662029	-0.0149462255473739	82.4714042172841
379.994890469614	399.108315494795	-3.09700253172087	65.8831223924844
380.500058204172	357.003149878693	-0.0160396781357567	82.4439532928333
380.494088829732	399.130407864308	-3.09764521206443	65.6410517183517
380.999900686303	356.995003480789	-0.017394986284581	82.380112467261
380.993311820394	399.152314536892	-3.09872698539157	65.4206262034775
381.49971188177	356.986336257499	-0.0180576538937161	82.3183015776429
381.492464229481	399.173929442815	-3.0993327210241	65.2310725465493
381.999521064892	356.977543057178	-0.0179328525409771	82.2765045526736
381.991430267904	399.195953316822	-3.0982796425321	65.0659065369968
382.499359916874	356.968948968835	-0.0173732069610013	82.2381580609942
382.49024687814	399.219199132264	-3.09568280369199	64.8989804764833
382.999233350433	356.960681677928	-0.0165856023861894	82.1751156490469
382.989223599827	399.244342870359	-3.09350579843243	64.7075044521394
383.49911371406	356.952813257795	-0.0157970416927411	82.080866286828
383.510249432379	399.272307002095	-3.09347220910166	64.4466943772646
383.998952574775	356.945181071727	-0.0154828355352129	81.97761894658
384.008605005487	399.297936522174	-3.09456895676737	64.2668380908975
384.4987255339	356.937497044858	-0.0159603361862276	81.8934522171755
384.507497360869	399.322361569131	-3.09416564360015	64.087683262452
384.9984658757	356.929377533631	-0.0169523473928	81.8353857228241
385.006895221331	399.347166866876	-3.09066448955829	63.9214303708775
385.49824166146	356.920786979242	-0.0178119971333617	81.786634515072
385.50633957833	399.373607805975	-3.08504264960838	63.7659646898484
385.998080753933	356.911830043588	-0.0182042291637193	81.7307121167906
386.005338273654	399.402273509314	-3.07970655978614	63.6278814105316
386.497937195202	356.90275940439	-0.0184129530181275	81.6689574114673
386.503788710579	399.432304356948	-3.07714298182501	63.5004062720154
386.997723508462	356.893454639919	-0.0190182840564717	81.6120444110056
387.002012458625	399.462393278406	-3.07796222334464	63.3892954712955
387.497396203921	356.883720772627	-0.0202861546052602	81.5613576059895
387.500425791994	399.491346414139	-3.08081850477957	63.2960184996337
387.997010215673	356.873200252222	-0.0218008171343978	81.5073626446969
387.999108469615	399.519084148923	-3.08266092719488	63.2438939593201
388.496714472768	356.862073050961	-0.0226260438941848	81.4362059575515
388.497691148065	399.546831819077	-3.0808873466594	63.2480686655917
388.996640924597	356.850737636929	-0.0220820836700083	81.3364253756457
388.995437390227	399.576979055036	-3.0730490407664	63.3240018356594
389.496763253993	356.839951351013	-0.0204823518662668	81.2008891087134
389.490931130181	399.613500677527	-3.05591081135474	63.4526613382084
389.996854763245	356.829826333309	-0.0190579325926283	81.035823974537
389.980958238493	399.662677497565	-3.02460264679172	63.6188034986556
390.496688501012	356.820160672332	-0.0187590678491568	80.8608399578453
390.458642195604	399.733991082736	-2.97668399407772	63.8377764591066
390.545636744898	399.751958303247	-2.96635546926342	63.8852283457204
390.996237308183	356.810221710927	-0.0194978985219326	80.7027272140653
391.037190786026	399.864423010961	-2.89758765815209	64.534761364619
391.495655399161	356.799821103817	-0.0205631174633561	80.5777392486669
391.501275448154	399.99664493023	-2.82060678282846	65.5603254765109
391.995105053846	356.788744452958	-0.021496431623516	80.4888403163499
391.930178946518	400.143979846975	-2.74547822097512	66.6433795170397
392.494694230522	356.777273386818	-0.0221650606033497	80.4234342906683
392.5299978517	400.447561621166	-2.6722746355435	68.7386062883793
392.99446937889	356.765326060289	-0.0225775448846916	80.3634964509533
392.922021602282	400.626745419618	-2.64787321844438	70.0576590685198
393.136127010651	400.771117010511	-2.65016825439804	70.4147150231149
393.494398757894	356.753217358066	-0.0227698662751698	80.2893794898281
393.517937981854	400.970318860834	-2.65412284062975	72.3049241905701
394.005506843822	356.740089170192	-0.0229833444747088	80.1210527008024
393.907810328399	401.151108330003	-2.6571938830461	73.3934562101216
394.119868142242	401.294511476681	-2.66280171176874	73.7475150959815
394.505159030013	356.727302911919	-0.0233790193144096	80.0440181528628
394.508026754663	401.486236170687	-2.66447923893813	75.3669096557735
395.004902294779	356.71433631012	-0.0240348365646932	79.9732127823391
394.902598655188	401.666856835259	-2.66481502705784	76.1661228547048
395.109009464581	401.806458562458	-2.66742388998044	76.4334692479736
395.50468368049	356.701288865459	-0.0248844491679967	79.9070120647742
395.502400834563	401.99575220169	-2.66403173096028	77.6368942216551
396.004457349247	356.687854934101	-0.0259656861563668	79.8435135935277
395.89736570843	402.180059565976	-2.65648240802237	77.8610486625932
396.100225886804	402.322384065353	-2.65075972188322	77.9670504667489
396.504208092341	356.674151463706	-0.0272154541138872	79.7630492451153
396.492001569059	402.514118503936	-2.64348802586518	78.6290614767119
397.00391894315	356.659972277225	-0.0284443174143035	79.6629517712911
396.88163415365	402.709328834309	-2.64201247653267	78.4508946978723
397.082182789746	402.853117736937	-2.64220872161312	78.7157697043167
397.503595279186	356.645615340694	-0.029163393658963	79.5376384781574
397.475967050182	403.043137225422	-2.64074169502392	79.0097840437589
398.003260225688	356.631220149963	-0.0291493084144627	79.4052346856995
397.861970899591	403.248443174793	-2.63583574401445	78.4312196612815
398.062390582454	403.388139433567	-2.63194111685472	78.7771236807298
398.502949747079	356.617183224017	-0.0286975775681044	79.2769986134137
398.455299507063	403.580216827467	-2.63008636962083	78.683815752074
399.002662001806	356.603331409493	-0.0286563587283067	79.1784408415062
399.039166216905	403.930030946733	-2.63005951647989	78.5942628423583
399.502356118605	356.589455351633	-0.0293019058228374	79.1127683981417
399.430603262624	404.123520212049	-2.62806881807818	78.3624567678036
399.629590054909	404.27013957228	-2.62642811265584	78.0885640971879
400.001983924588	356.575256399865	-0.0301152036992304	79.0810902239677
400.014732832388	404.473817805697	-2.62653370278614	78.5192684099018
400.501557540315	356.560990766725	-0.0302864362870486	79.0561528918983
400.404044812346	404.671643399008	-2.63199003348051	78.2169315301101
400.60102521757	404.818184748159	-2.63602008291547	78.3050841621522
401.00113610493	356.546931725766	-0.0297903848418649	79.0260204926193
400.993046781033	405.012529860194	-2.63879245319128	78.6446919723427
401.500770341853	356.533300057209	-0.029042541489391	78.978603967008
401.3806660901	405.213732637928	-2.63449602495333	78.2034867045644
401.579348949611	405.358371191165	-2.63137424339537	78.4768106160956
402.000457495587	356.519960186693	-0.0286015384233683	78.9297761861765
401.970822677734	405.551889370961	-2.62794587165079	78.6739930394524
402.50015762495	356.506678954994	-0.0287631675836945	78.8823292098874
402.554575415358	405.902133529713	-2.63295232810055	78.7029586539968
402.999830187705	356.49311480438	-0.0296944684456836	78.8479114531917
402.948248510665	406.093305944534	-2.63504292821962	78.6437531784395
403.499466003785	356.479030231005	-0.0308654498514031	78.820920637509
403.532824527726	406.440680390125	-2.63376986877776	78.6493584445195
403.999089019125	356.464522354316	-0.031416095074908	78.8164329841092
403.926121420483	406.633775054818	-2.63535987663365	78.4537925830137
404.122795240722	406.777350798028	-2.63731445843837	78.2740391663586
404.498728399997	356.449987597585	-0.0307810959394208	78.8399103411335
404.512579060281	406.977255385642	-2.63797582294832	78.6917128787594
404.998392695022	356.435909156228	-0.029476467015289	78.90463080766
404.903939275759	407.172853988538	-2.63460561105222	78.2644408342585
405.100851657265	407.319819449706	-2.63120741634017	78.2357551760625
405.498067373654	356.422347101123	-0.0282773001555629	78.9928638288404
405.491015414384	407.516047266418	-2.62988074222674	78.4248761292691
405.997743406665	356.409182843973	-0.0276032512582393	79.0909893762185
405.877076608902	407.720305139006	-2.63227370827843	77.9091596444979
406.075809854786	407.863889573339	-2.63387546467361	78.2089261325082
406.497417238672	356.396079792466	-0.0272889713754108	79.176279749887
406.468843612687	408.055988662953	-2.63378252838934	78.3246588247553
406.99709584919	356.382975841922	-0.0271752421871169	79.2553844793367
407.052723360721	408.405620233118	-2.62869745299042	78.2546418935932
407.496802287882	356.369712936808	-0.0270158263623218	79.3283948012894
407.445154325671	408.598436236849	-2.63009485921188	78.2085359677215
407.99657518003	356.356482794034	-0.0266303077008209	79.4010044121251
408.029940117673	408.945762153459	-2.63783276308888	78.327272292935
408.496376297888	356.343268300793	-0.0259973611556053	79.4559918597232
408.423911083469	409.138026587925	-2.63763310883803	78.027084823794
408.620846263633	409.282185759011	-2.6345547884027	77.7889903009869
408.996070194545	356.330234185799	-0.0255562455943955	79.5004451229148
409.009472432206	409.483015549272	-2.63029123811448	78.1037544942313
409.495555294734	356.317024883096	-0.0256255283384346	79.5496519343766
409.398099139795	409.681728569585	-2.62881131568493	77.7089952122435
409.595540138112	409.829904462705	-2.62873834210861	77.8153358711175
409.994931286304	356.303547706754	-0.0261545567296665	79.634103349996
409.985530411526	410.025691715183	-2.62740910388006	78.0773867512933
410.494392615731	356.289452861226	-0.0266765111834851	79.7474205641082
410.368682563903	410.23315605944	-2.62515912967143	77.5493983740841
410.568771505949	410.377808431525	-2.62483990092147	77.9161605475954
410.994040515842	356.275014139306	-0.026768739881367	79.8718949331241
410.960020600612	410.571477368835	-2.62778405192575	78.0035501847421
411.493829051333	356.260281983043	-0.0261631688084859	79.9777854165542
411.544277089698	410.919874653714	-2.63842914734694	78.1008261142175
412.005774611297	356.245752151618	-0.024883118338287	80.1713755019458
411.939134423294	411.110243672491	-2.63929784662707	77.9694859230818
412.138224672097	411.250707564426	-2.63691295988893	77.59406910519
412.505219782393	356.232791383281	-0.023291800325667	80.289835212348
412.524485049674	411.455897891795	-2.63347776251119	77.990071170262
413.004724843947	356.220867586593	-0.0218634933518258	80.4248689186262
412.916652622803	411.650443794324	-2.63354033797503	77.6759238033328
413.112975710655	411.796075482247	-2.63470670927959	77.5511342979505
413.504345161185	356.209576676723	-0.0208726988380253	80.5728580633613
413.503329435232	411.993980314338	-2.63590906822955	77.8398814852014
414.004069161434	356.198873441126	-0.0202755633615312	80.7184963989359
413.893182659228	412.192779571143	-2.63376510138902	77.3192500347083
414.090029730449	412.338681175653	-2.63108348872189	77.3920863135611
414.50385913519	356.188400465453	-0.0199390988683209	80.845544978518
414.481187775366	412.533621134396	-2.6304298400708	77.5493390737418
415.003702364045	356.178176237895	-0.019925482822218	80.949634381071
414.864906460998	412.740983509507	-2.6326904249473	77.0877006229501
415.065867626034	412.88206208302	-2.63485066774189	77.5263589539442
415.503550464972	356.167878725596	-0.0201533466202036	81.0314613474093
415.45911769481	413.073255122886	-2.63524946360339	77.6900908245174
416.003325896925	356.157629421121	-0.0202197906513194	81.0965498124005
416.044059008074	413.41999953427	-2.6371937961502	77.8227160375497
416.503006494209	356.14747459033	-0.0197252602899022	81.1519715232686
416.440286712545	413.610350820819	-2.64524635644515	77.8068491030982
417.002676227001	356.137802405369	-0.0187770822085306	81.2094558770381
417.028952143812	413.944568141027	-2.6632291184954	78.0335214592947
417.5024252213	356.128581354026	-0.0178639658118534	81.2767765828981
417.433141548609	414.130115591613	-2.6677139214649	77.8371691376354
417.62411131167	414.2574837666	-2.66777180976032	77.542118070607
418.002270867209	356.11978601985	-0.0174314550042957	81.351092272663
418.023260646058	414.453921298166	-2.66917103043528	77.9168940704768
418.502167097253	356.111062281627	-0.0175270227458294	81.4180145412815
418.430794252813	414.639145717128	-2.67581299520542	77.7196042734826
418.617608989029	414.761755464563	-2.68045305900601	77.5293981372554
419.002070522939	356.102324701637	-0.0178536624571842	81.4676929362578
419.022827222667	414.953562379228	-2.68585913672783	77.9428197090121
419.501960190818	356.093444660555	-0.0180763416659898	81.5055633841064
419.433305423971	415.134723725615	-2.68233860377803	77.6978970044581
419.621660150929	415.256656526127	-2.67790461308068	77.3997054152234
420.001835124087	356.08454761708	-0.0181619531021051	81.5488086027618
420.024038242683	415.452343581275	-2.67160515293956	77.7568612134312
420.501695061444	356.075544070083	-0.0184039989722074	81.6105480161203
420.430820394987	415.637100499673	-2.67344874576148	77.5841159593931
420.619641986725	415.761596207805	-2.67687077185821	77.4063643944121
421.00153855164	356.066339406382	-0.0191340739466776	81.6921095065228
421.022832289267	415.954279555419	-2.68201626640875	77.8727118312156
421.501355076923	356.056654080096	-0.0202684439637912	81.7863445429749
421.431913568023	416.136300177327	-2.68022788487545	77.6789155620143
421.620723644296	416.259195198598	-2.67715444553726	77.4147135538426
422.001130343985	356.046499911539	-0.0211439442672954	81.8855668816857
422.022858244626	416.454497179068	-2.67289089186968	77.8292759740394
422.500859095609	356.036183785777	-0.0208778521820817	81.9797217328196
422.430312471061	416.639108491887	-2.67522591792114	77.7343644583741
422.618035410911	416.762142247179	-2.67934809284884	77.5900374448622
423.000575864351	356.02640748767	-0.0191103350764812	82.0491121594526
423.022377895559	416.954695257942	-2.68441689487547	78.1487740566951
423.500340407806	356.017719782425	-0.016604701230258	82.0703825642147
423.432863302459	417.135896957905	-2.68232730581176	78.0175289855148
423.620268876768	417.257260745514	-2.67939527914814	77.7427095276051
424.000178642557	356.010111972456	-0.0149430045746206	82.0383246661834
424.02369982045	417.452329167617	-2.6748744507147	78.1346760401483
424.500052443638	356.002873083965	-0.0151049829459924	81.9764966200486
424.432468838066	417.6360449821	-2.67749795257911	77.9331062037066
424.619810560721	417.758156703825	-2.68056789691935	77.703234037954
424.999903347576	355.995201015764	-0.0165551180249006	81.9172895562036
425.024383923804	417.950736313907	-2.68492245501619	78.1032892527345
425.499716620727	355.986797520405	-0.0179274372834594	81.8730314273341
425.434541617293	418.131732077866	-2.68239015923314	77.8379237887556
425.623560795756	418.253288066042	-2.67851323393929	77.5041052615876
425.999533443464	355.977957111367	-0.0182469253553181	81.8321645731465
426.025427586322	418.449347498984	-2.67348404276341	77.8635342310198
426.499391805736	355.969230719453	-0.0175247752197517	81.780146834058
426.433197895226	418.633483402331	-2.67559803224945	77.7337200335708
426.621292928798	418.755633993753	-2.67950471278228	77.5417421878279
426.999274218422	355.960937995766	-0.0164823793648223	81.7172767506723
427.025112250906	418.949159239451	-2.68526344645998	78.1008547344409
427.499136762927	355.953073723599	-0.0158706747289114	81.6573151905363
427.436203754798	419.129448432782	-2.68537615217764	78.0045532703695
427.998961630681	355.945294581876	-0.0160489040283014	81.6117163139942
428.028333947367	419.441406438077	-2.68860902268003	78.1548146054981
428.498752866132	355.93726668379	-0.0169444241401633	81.5792643533298
428.444729985309	419.619087818342	-2.70583691475689	78.0566901321488
428.99849864271	355.928675981507	-0.018164305999005	81.5525861108509
429.040440570612	419.903851389735	-2.74941866508986	78.2001613728726
429.498198065745	355.919548576023	-0.0191130542578357	81.5280420992418
429.476325480958	420.060881473467	-2.77670989785814	78.090883952116
429.997905862287	355.910067703365	-0.0192836611431523	81.5058162832742
429.919781950023	420.22437462686	-2.79630543591403	77.5273235272952
430.071687854286	420.295900633247	-2.80119881599663	77.51632902805
430.497697827083	355.900682911507	-0.0187092418466067	81.4839187335213
430.518044515346	420.443418525714	-2.82154609112984	77.5545286027243
430.997573012609	355.89152763517	-0.0180580782227632	81.4578155961489
430.977677863414	420.577973291	-2.85062432363559	77.6349414643622
431.497462101288	355.882562813789	-0.0179719648851026	81.421026179857
431.446573230887	420.709097334795	-2.8899033148142	77.8615855055157
431.997314311764	355.873403915095	-0.0184289242602378	81.366966479773
432.030916048893	420.856091346715	-2.93882152513718	78.6976302548827
432.497149235798	355.864016618259	-0.0188710077957154	81.2899184756819
432.510691231996	420.944820404351	-2.96686795933006	79.1573352651418
432.997008006261	355.854418190376	-0.0188499719649764	81.1909802716232
432.996094137299	421.022050476656	-2.98447449498341	79.2718843048325
433.496899770499	355.84497400063	-0.018383309805866	81.0770035504611
433.484434189266	421.094508529514	-2.99314926822324	79.0645444872141
433.996774736685	355.835670363892	-0.0179619648977727	80.9568101937567
433.973961128072	421.167370328414	-2.99463044454785	78.6428124096221
434.496569715693	355.826463019687	-0.0182023915706782	80.832818107179
434.463647129778	421.244751442945	-2.99161082998082	78.1421937253305
434.536938544932	421.258516368396	-2.9908294166128	78.0387964155433
434.996258455363	355.816759712814	-0.0194199513179748	80.7047200883783
435.023779609552	421.337754739218	-2.98697353621259	77.7763999917843
435.495883725657	355.806277705463	-0.0212248170378581	80.5704738994317
435.512289586305	421.412404520769	-2.9861858465782	77.5882122097989
435.99549981261	355.794726637118	-0.0228276264517889	80.4319802843704
436.002174566911	421.483744359438	-2.98962596648673	77.4930156528008
436.495095355125	355.782510272411	-0.023772810302465	80.292832654864
436.493375505303	421.552204161757	-2.99746693329932	77.4993258874429
436.994579071982	355.769698915234	-0.0243837526713334	80.1645782312977
436.985858331882	421.617883067023	-3.00857159087056	77.6214635060686
437.493945812704	355.756535123642	-0.0250851225194908	80.0568451081191
437.479623972267	421.680866689772	-3.02212627439473	77.8349040341209
438.006451268759	355.742012223841	-0.0258696920208748	79.8910292779888
437.974964441871	421.740844374348	-3.03709925037883	78.1102663125081
438.506073717346	355.727546822383	-0.0262502382758208	79.838016350646
438.517849332638	421.797579573174	-3.053448534038	78.6308405870953
439.005576490876	355.713212372381	-0.0260877715398031	79.7718687592393
439.012574766999	421.839098575288	-3.06635546822824	79.0021319534915
439.505049258527	355.69947014145	-0.0255667702733847	79.6801424995482
439.508781950351	421.874161030383	-3.07638421728238	79.3221395922167
440.004502617601	355.686155638273	-0.025078299579393	79.5817652285441
440.006064982182	421.904479197273	-3.0836581390866	79.5759153726468
440.503984536426	355.673331648041	-0.0248566362522921	79.4902044468037
440.504038317976	421.931502883711	-3.08896603777655	79.7468758612213
441.003596705995	355.660591554353	-0.0251017461425576	79.4202913312315
441.002452556316	421.956140611795	-3.09280950512823	79.8392353532971
441.503370212226	355.647864023435	-0.0258184965027128	79.3572100535009
441.501120665359	421.979143620037	-3.095651576064	79.8809441568779
442.003185703139	355.634800066107	-0.0268893133359826	79.2961738833604
441.999957475856	422.000832799007	-3.09825214697014	79.8934219793027
442.502928025116	355.621477308016	-0.0278924110977805	79.2278983338648
442.499000701213	422.021189086704	-3.10120078728043	79.8694810326208
443.002597942536	355.607853354011	-0.0285647771236216	79.161548555583
442.998282874637	422.040105755706	-3.10428644517941	79.7914903991323
443.502268459508	355.594173378009	-0.0289166019213566	79.0892770273808
443.49773806428	422.057665213178	-3.10694154697681	79.6591080963913
444.00196919992	355.580342881348	-0.0293861314596916	79.0192839683545
443.997294942796	422.074166627054	-3.10909603020404	79.4902943474306
444.501677347194	355.566324960871	-0.0301121784437902	78.9549229777827
444.496974647986	422.089714945814	-3.11112918087249	79.303281964801
445.001356726002	355.551965017235	-0.0309118786290416	78.9166400095825
444.996830180636	422.104352166401	-3.11331026648758	79.1063207474635
445.500999847676	355.537390381166	-0.0314205430598529	78.899669763864
445.49687182548	422.117897836991	-3.11568850852751	78.9013735839109
446.000615021653	355.522675669955	-0.0316640208403823	78.90101648483
445.99706617056	422.130327738476	-3.11829945542848	78.6929873240993
446.500215219664	355.507943136921	-0.0315712809541842	78.9000413228731
446.497403690016	422.141362148304	-3.12132154039879	78.4881315337254
446.999824285719	355.493334700287	-0.030981263907414	78.8984129503258
446.997890748756	422.150860420802	-3.12481735852964	78.2925036471665
447.499480494229	355.47913545498	-0.0297139934484329	78.8926085078688
447.49847595713	422.158481818017	-3.12850149654167	78.1074019092842
447.999200840086	355.465618929859	-0.0281441632113042	78.8974903468468
447.9990281442	422.164362054815	-3.13190299989245	77.9388844577397
448.4989545422	355.452795027694	-0.02676082186484	78.9095708325464
448.499475677616	422.168510309651	-3.13501301266947	77.7998227327552
448.99869003008	355.440484850378	-0.0260568223796705	78.9359538717762
448.99988031745	422.17112996626	-3.13819513420312	77.7046234574133
449.498368565381	355.428239949221	-0.0262513702209841	78.9709609377884
449.50029585344	422.172033821901	-3.14130819019896	77.6514604384773
449.997981524952	355.415657665184	-0.0274170307622577	79.0311976115119
450.000672677137	422.171623599156	3.13963455622701	77.6193768890127
450.497544329622	355.402294838572	-0.0289857440574768	79.1230415965003
450.501019461338	422.170275992419	3.1383316877284	77.5751149313373
450.997108356976	355.38824237201	-0.0299492539468778	79.2575379873719
451.001524243528	422.168301297644	3.1365253094363	77.4957311996422
451.496749174324	355.373860798018	-0.029385812967944	79.4087812834458
451.502338892314	422.164869808905	3.13278584558376	77.3785803580881
451.996527860546	355.35995232556	-0.0274329667519821	79.5459059520787
452.003325735264	422.159152034102	3.12746516492986	77.2423949893707
452.496395678793	355.346813236502	-0.0251658181992013	79.6282785195919
452.504115950156	422.150624550985	3.12223652355118	77.112237096953
452.996202746976	355.33442615278	-0.023990419350497	79.6590221680812
453.004431451148	422.139881306251	3.11847783749025	77.0111130523682
453.495830898468	355.321962973476	-0.0244139618545775	79.661604321971
453.504265939477	422.127707443897	3.11659826262375	76.9493217972089
453.995343979887	355.308923848576	-0.0258034574686175	79.6811129797883
454.003836875951	422.115126562081	3.11630186782366	76.9196076630972
454.494904451337	355.294912328505	-0.0268964665566733	79.7293521648549
454.503370945835	422.102673098156	3.1168782931325	76.8994396370106
454.994608571989	355.280458206258	-0.0268968227009825	79.8051741063023
455.002975362437	422.090634666078	3.11743244772794	76.8737578162443
455.494400276918	355.265914690151	-0.0258076370928859	79.8857944892462
455.50262056975	422.078748005148	3.1174553496685	76.8519056500735
455.994195451931	355.251940809356	-0.0242773267463434	79.9678299296122
456.002246522438	422.066807309278	3.1170206831812	76.8601753500662
456.505205930183	355.238817098741	-0.0228829677742693	80.1655473372013
456.501838979611	422.054588528558	3.11632604620946	76.9137253834375
457.00481230885	355.226937618858	-0.0219821802274816	80.2669493903632
457.001425584691	422.042029053725	3.11533159297136	76.9975199924341
457.504408541838	355.215424385483	-0.0214853431395438	80.3534163602858
457.501003084825	422.028956928376	3.11408624158175	77.0726623426802
458.004094334741	355.204284039706	-0.0212529960557552	80.4267608322075
458.000545332068	422.015361574378	3.11301793689959	77.1044283831123
458.503931514958	355.19321697531	-0.0211021678177541	80.5032312688721
458.500049931477	422.001385003328	3.11248521747355	77.0841014165771
459.003881052845	355.182365109885	-0.0209534514398923	80.6072879081126
458.999535592419	421.987243920172	3.11232087790018	77.0241696735028
459.50384119171	355.171550299372	-0.0208159195278873	80.7468311837019
459.499007071183	421.973027541293	3.11222023766844	76.9373463710087
460.003734958265	355.160916672979	-0.0207114321594515	80.9098431105402
459.998469299293	421.958726417584	3.112194577882	76.8245457082657
460.503513118393	355.150364828601	-0.0204284554596881	81.0716728290952
460.497947414936	421.944397425512	3.11229936346614	76.6822939644347
461.003162846326	355.14021459109	-0.0196512639413731	81.2142707966757
460.99745174086	421.929991864933	3.1122813251051	76.5173250255042
461.502719089295	355.130618444115	-0.0183292550644517	81.3300533431332
461.496966533885	421.915438894552	3.11191373225027	76.348031004046
462.002280052002	355.12185119914	-0.0169052732004753	81.4188541970016
461.996470467923	421.900553080343	3.11135661799429	76.1897579226751
462.501956497597	355.113683182976	-0.0159574470693645	81.4818405122179
462.495956626221	421.885389437286	3.11083738245367	76.0415835427427
463.001812228897	355.105859877982	-0.0157925430099113	81.5281330502653
462.995396033231	421.86983357385	3.11018568571402	75.8923408137871
463.501811480958	355.09788317019	-0.0163587161395949	81.5753874421067
463.494755263441	421.853807243624	3.10910592666331	75.7330422031598
464.001842344011	355.089530087188	-0.0174183626106661	81.6393647391667
463.994019750673	421.836932724639	3.10762468230119	75.5628848366451
464.501793962253	355.080593686769	-0.0185724548892489	81.7188974430277
464.493222228286	421.819182695329	3.1060959717056	75.3807184450473
465.001633069205	355.071251577491	-0.019339176264199	81.7971189254808
464.99239818077	421.800416385127	3.10478964740006	75.1813857789595
465.501398875311	355.061733859043	-0.0194473393502773	81.8532266462823
465.491598539262	421.780903975774	3.10384873319384	74.9565439014759
466.001153960369	355.052388869619	-0.0190439553368746	81.8753485488993
465.99085295488	421.76059861192	3.10322427810173	74.7096119264319
466.50093156426	355.043304196503	-0.0184758312348016	81.866242171546
466.509771448041	421.738475580732	3.10263947824268	74.3794726695961
467.000731932184	355.034500754451	-0.0179627659645513	81.8422103770946
467.008822775196	421.716767809163	3.10166535430963	74.1844198619023
467.500542934828	355.025894086322	-0.0175045372512914	81.8244563571329
467.508028876379	421.695108360914	3.10003431460841	74.0069321293186
468.000361802286	355.017497200395	-0.017052729573205	81.8281729421093
468.007340432908	421.672917901129	3.09776311604343	73.8444089461928
468.500190646758	355.009280061375	-0.0167068048597191	81.8584985936819
468.506627857714	421.650117702096	3.09506648766481	73.6793906812001
469.000024032958	355.001154539989	-0.0166742787807725	81.9141322515493
469.005773031647	421.62632789449	3.09193642429176	73.5181694347795
469.499849433688	354.992951156509	-0.0169767628175219	81.9874602273534
469.504749821352	421.601547035792	3.08880800414953	73.3682363360547
469.999665764586	354.984574884683	-0.017343091375354	82.0584289230472
470.003582787684	421.575837870214	3.08664636082464	73.2503809774177
470.499484759251	354.976077322069	-0.0175408015794748	82.1001617355477
470.50233222543	421.549973900337	3.08669034048915	73.1608625790088
470.999306233046	354.967501514052	-0.0176656155783197	82.0998589534525
471.001106323736	421.524884158383	3.08911549293584	73.1038440714565
471.499119801867	354.95884272833	-0.0178762886259881	82.0677223346874
471.500059178329	421.501451443968	3.09308428463127	73.0745730886327
471.998934742281	354.950039358879	-0.018063300431643	82.0183511668408
471.9992531563	421.479917815467	3.09676857059474	73.0821647559408
472.498776627097	354.941206351125	-0.0179966128886475	81.9534555950943
472.498556233959	421.459675214288	3.0984028362985	73.1120438527009
472.998641034498	354.932446402432	-0.0176461077823962	81.8709533571704
472.997722506162	421.439409341747	3.0969199879348	73.160154309574
473.498497259566	354.92390936916	-0.017172019495474	81.779356686019
473.496589659643	421.417688147729	3.09347116175529	73.2200386437207
473.998333012455	354.915538529369	-0.0167569173092362	81.6918182340083
473.995238201495	421.394105700023	3.09060070722607	73.3089142431154
474.498169995751	354.907322658778	-0.0165432523616077	81.6096559088672
474.493918419037	421.369225138237	3.09028635804113	73.4248698545576
474.998037588941	354.899088730198	-0.0164788322695631	81.5222059577475
474.992809815565	421.344231866659	3.09209701570624	73.5620614322933
475.49801410823	354.89100302387	-0.0157972858266146	81.4221819326714
475.491910108007	421.319622391366	3.0946934866278	73.6916117956734
475.998344175506	354.88372666919	-0.0125409533365962	81.3197364083425
475.991201170618	421.295712607059	3.09728114026219	73.8088356403714
476.499518331543	354.879354838159	-0.00364949814685128	81.2357065255653
476.490655053911	421.272363312472	3.09993432018716	73.9188384889598
477.00197586718	354.881551603426	0.0140800847392073	81.1868109582634
477.009302891212	421.248992486458	3.10245899392573	74.1322933168506
477.50521145622	354.895474268989	0.042257242190025	81.1834533806023
477.508441742095	421.228456981153	3.10415255001412	74.3029533093916
478.006919905415	354.925699585906	0.0793671643562295	81.2289583852063
478.007881485656	421.20899435027	3.10498470901222	74.4613291971609
478.503558085685	354.974552114833	0.121293697140431	81.2778126214474
478.507336959213	421.19004852599	3.1054900255963	74.5946796289693
478.992404261365	355.04171056809	0.163205112088264	81.202829775307
479.00664495855	421.171731924778	3.10622824568696	74.7079079231938
479.472616866627	355.127246595302	0.202159065964453	80.8713134302895
479.505832793426	421.15402148276	3.107409079875	74.8127528112596
479.943829413322	355.235205714316	0.237461920158567	80.3122512016143
480.057015182972	355.271077222127	0.245751757745977	80.163610484015
480.005039021348	421.137177612983	3.10882521957086	74.9195633372674
480.52687856094	355.397308987643	0.269618421052945	80.0410054680775
480.504340221054	421.121098574984	3.1102546623001	75.0301181500745
480.994708239785	355.519870066548	0.277035638242232	80.0553378750432
481.003740575964	421.105821467239	3.11151479984723	75.143831168475
481.461950391662	355.643919680684	0.268203912902324	80.1657706575394
481.503221423254	421.091080865694	3.11230931946938	75.2582696678741
482.047320013741	355.811630806377	0.242598666120504	80.6452785237285
482.002770117973	421.076626247273	3.11225678604042	75.3657099110387
482.519025327701	355.922997092754	0.227953074094718	81.0856292878898
482.502323770998	421.061995561437	3.11145836071534	75.4518965380157
482.99364125559	356.025825490014	0.225149591659903	81.1108018343937
483.001811171357	421.04705014885	3.11060157984848	75.5083162035607
483.467206000879	356.131839129428	0.234586884850652	80.6991678374038
483.501229202981	421.031844720644	3.11017314940549	75.5411659097436
484.054129870786	356.293093232483	0.259730255547834	79.9631026435672
484.000633522139	421.016550928423	3.1099268919866	75.5634263513482
484.521109777982	356.420366494907	0.275096680647951	79.8297408655609
484.500043297114	421.001129228149	3.10954827733023	75.57784697672
484.988421021656	356.543574636359	0.277373683227005	79.8588989438512
484.999439990092	420.985563422919	3.10937900037084	75.5714997891879
485.455601500636	356.668847604324	0.265052099088109	80.0203738282837
485.498840977378	420.970093961911	3.11007724237558	75.5252166851566
486.041283119568	356.834318631509	0.238190100442725	80.664165284913
485.99831407049	420.955132108896	3.11168670520797	75.4267956195789
486.51406489713	356.942599302779	0.224798314062784	81.1260881605524
486.497889664188	420.940936321452	3.1133085954185	75.2781510929393
486.989156276018	357.044393646312	0.224081174464778	81.1558658180826
486.997487434042	420.927181114231	3.11380878606523	75.0925517613632
487.46249244722	357.151442800367	0.236220442512309	80.7569164087359
487.497006625792	420.913257807171	3.11287846036086	74.8870965703998
488.048294081792	357.315175875287	0.262725907842777	80.1578332022313
487.99644282272	420.898545455272	3.11120925267248	74.6784309251759
488.515612378342	357.441083088353	0.275989743507596	80.083670424554
488.495850696361	420.882968179367	3.1096069876739	74.4795186044546
488.983095117079	357.563903534712	0.275213982970607	80.1466370399859
488.99518348673	420.866517743289	3.10818078338398	74.296991764039
489.450628537627	357.689669460031	0.260264845503021	80.3154888936188
489.494339069896	420.849288862402	3.1065921675013	74.1280067159891
490.036621171159	357.851823588548	0.23419334281782	80.9726356019292
489.993332754701	420.830984883127	3.10469527049965	73.9659664339557
490.510258392166	357.958085948922	0.223631949659291	81.3257759559993
490.492344272666	420.811600542351	3.10287815263059	73.8035338428301
490.985218405722	358.060043307752	0.225782152683064	81.2292723473192
490.991513548762	420.791082508038	3.10166093628377	73.6346819355909
491.457513265033	358.169211603739	0.23996251184806	80.7162100594385
491.490829122307	420.769899528886	3.101155797786	73.4503802256919
492.043594580335	358.336006533447	0.266569432289339	80.0726884972549
492.010300461213	420.746948349629	3.10072353075	73.1648231135509
492.510378166544	358.461350967518	0.277973109997592	79.9167822038205
492.509298557887	420.724129100942	3.09988899101238	72.9981462453937
492.977241599829	358.585027494308	0.276185655200534	79.9151266709176
493.008302683168	420.701406252198	3.09892684581455	72.843772916736
493.443648908277	358.713471575952	0.261566588769879	80.0744495796621
493.562877282928	358.754093240575	0.255812302655742	80.1855130736697
493.50724571187	420.679106782579	3.09876099877588	72.708261728945
494.031077685855	358.875781895726	0.23716564831563	80.8465265571637
494.006159134645	420.657481200772	3.09973623490931	72.597519707306
494.504347407746	358.982346542832	0.227211933437411	81.229904470924
494.505188649337	420.636983067517	3.10096336948045	72.4964018966778
494.978918259619	359.085961608657	0.228876681503173	81.1559390063776
495.00444913018	420.617011738743	3.10045569186033	72.4004633190752
495.450767109242	359.198477129933	0.242639317837472	80.6948162273635
495.503896486681	420.596460475422	3.09698673543358	72.2991804755656
496.035190543618	359.364786930064	0.266799719099014	80.3039248201988
496.003341929841	420.573767245914	3.09058365092122	72.2026635488696
496.503254009906	359.487643751094	0.274804466343994	80.2545475792192
496.502584180598	420.54756875085	3.08084658079684	72.0996226076994
496.971236958359	359.609709114524	0.268573619007285	80.2983478060989
497.001113198483	420.515005276831	3.06210136369346	71.9425176045629
497.439060990815	359.737094965206	0.249798205855333	80.4306732400373
497.556139394711	359.775300917068	0.243939625979431	80.6016136971087
497.4962771921	420.468509848754	3.02005357687527	71.6048479226171
498.026974916364	359.889679763567	0.226392418375314	81.1185890837384
497.978533154347	420.393045123571	2.93796752852227	71.0400244232998
498.501905518842	359.992149850782	0.220470165124951	81.3306085767073
498.578610433636	420.203436823639	2.77308010724679	70.1986833244346
498.425977881398	420.272667655472	2.82012250304533	70.4387841860028
498.976895056579	360.094295351212	0.227234547769163	81.1184115590982
499.004071512974	420.007145740485	2.63042564302789	70.610543515297
499.447999789311	360.207604108086	0.244891550802106	80.5596119466946
499.578406550853	419.589275865264	2.42453805146054	71.620515918173
499.355282260993	419.809069354485	2.504058611166	70.8266718399518
500.032947073354	360.375600424355	0.270704553907724	80.1229407486427
500.086000711411	419.076374220375	2.2949517372561	72.7145599325949
499.859674672725	419.364174467678	2.34338679194827	72.102593270511
500.500150865871	360.49943686357	0.278348340302816	80.0432609829574
500.546639407386	418.538122704002	2.25701795429424	73.0678431684315
500.322501450571	418.851026091914	2.27041201294205	72.5987561821255
500.967114723982	360.623386053717	0.271802535257541	80.0918575348703
501.230101693964	417.685440338719	2.24838103660467	72.400299698552
500.997009910011	417.99758637183	2.25021174173331	73.0708615603995
500.763106945666	418.307992881636	2.25302753861576	72.4283420065115
501.552535309869	360.79249042651	0.246687644487748	80.4846147886963
501.666619405807	417.133662924453	2.24454189891997	72.7261643025447
501.444905050037	417.455716913626	2.24647384622028	73.025927011531
502.023115220668	360.906585380423	0.229612470868835	81.0013598706027
502.106575667397	416.585245815635	2.24333920067301	73.1162096411166
501.888915228706	416.911302547316	2.2424128890378	73.0095342780808
502.497595529986	361.009817273046	0.224108724286538	81.1460727278268
502.550699283552	416.040658038145	2.24707954194757	73.4162015395021
502.32860001222	416.363072778416	2.24421097460976	72.9503224580286
502.971862521602	361.114207169203	0.231455784847242	80.8456848908686
503.231468232516	415.185754741343	2.24919660483832	72.8639363831788
502.998098514814	415.498473840397	2.24898503684777	73.5490730807629
502.764650961837	415.811407387502	2.24791318333629	72.8297621139087
503.441722990339	361.2318912298	0.249774541581706	80.2569270884082
503.55925165181	361.271164594136	0.255730643930925	80.1112130144237
503.668588272571	414.635101435927	2.24702512791678	73.0825838617994
503.446016243943	414.956667821994	2.24894742829854	73.495594334187
504.0264723771	361.399703188178	0.273274129401305	79.9871501586149
504.109503170761	414.08743506308	2.24325797605928	73.2638828636777
503.89145657244	414.413091804117	2.24555866215127	73.3184192537947
504.493846919977	361.523135152594	0.277767910158879	80.0093829091063
504.552555599375	413.541774908103	2.24037297281779	73.3627605206932
504.331589551809	413.86564427312	2.24247446082436	73.0383096666182
504.96109207985	361.647580833441	0.267735228174544	80.1673808999854
505.226177685394	412.680240385646	2.24092069017898	72.7910372465849
504.995933481559	412.996774336268	2.23868026646575	73.4143858228278
504.76382785853	413.312583902288	2.23928583004412	72.741186048241
505.546211908427	361.8144660525	0.240474055820461	80.7508193744491
505.660685249258	412.12937800661	2.24657992466656	73.1020230569158
505.439995653849	412.451991727487	2.24327980887855	73.3902848710228
506.018445123119	361.924695118614	0.225172312856297	81.2766972236708
506.103622444575	411.583431865663	2.24833552193	73.3355075594919
505.885002265815	411.907292511448	2.24774125665513	73.2883846637998
506.493524786046	362.02642955361	0.222918221635569	81.3712154994243
506.549623970427	411.039555129289	2.24602015198894	73.414301970031
506.32693760885	411.361081561715	2.24772672624205	73.0484496366431
506.967257671409	362.13158193405	0.233688977218695	80.9792484591973
507.226321921658	410.179200104849	2.24331363997231	72.6365323614645
506.995044704681	410.49607623225	2.24312856689103	73.3551072839575
506.761306480661	410.810333788065	2.24443258168588	72.720839489339
507.554569123689	362.292897993342	0.260470307851488	80.1854079714299
507.661052281566	409.628300962599	2.2438835503572	72.8095443993968
507.439857977807	409.95216427228	2.244485617164	73.1771885546074
508.021207105355	362.420548528289	0.276541285601246	79.9892918862397
508.101230918429	409.080520378309	2.24142780212207	73.0765190809377
507.883174907205	409.406954055168	2.24324601068888	72.9950621765059
508.488171667574	362.544325312525	0.278447315063119	79.9626365236082
508.543320091961	408.534236806561	2.23779960771454	73.3704694402906
508.321101708036	408.858386384352	2.23949358091778	72.8642534451228
508.95515503642	362.670255196905	0.266197268456595	80.1143408787089
509.212927442929	407.669250055523	2.24116956948193	73.0338807424005
508.985550414014	407.988587263143	2.23722316637589	73.5718146324089
508.750187593164	408.303389589621	2.23655313055291	72.7727196015962
509.540701123995	362.836497254512	0.239395874772438	80.7803646667658
509.64923494667	407.119893217542	2.24767868872842	73.2886402696849
509.4293371674	407.443553421815	2.2442036141499	73.5453409382951
510.013417375621	362.945269355731	0.226568750085716	81.2573396289092
510.093253459373	406.575221516087	2.24933239452685	73.4168733822002
509.874307750989	406.898659633979	2.24895878514117	73.3431622819374
510.488281089224	363.047824667511	0.226379686883156	81.2774318757056
510.540641962982	406.032736550781	2.24988547618194	73.4306735110691
510.316246596451	406.351541870187	2.25010410609994	73.0199191245585
510.961095315627	363.156165093796	0.238885529307309	80.8516042522319
511.219698956896	405.174723749495	2.24712793635715	72.6912702260673
510.988815239478	405.491052820879	2.24870820499981	73.3670574799506
510.752217331473	405.800726925503	2.24962422556766	72.6864199615126
511.547035080699	363.321790127224	0.265119153324096	80.2431088308584
511.656573968757	404.623879043793	2.24304340771055	72.8608044527154
511.435400845537	404.948691892132	2.24600516586821	73.2054628410194
512.013993745057	363.447771330786	0.277292813609232	80.1332878002874
512.096491385984	404.076404854156	2.24160630346906	73.0592092056716
511.878077263966	404.403570456822	2.24167689334178	72.9867232799991
512.481090369503	363.570824230417	0.274837902082046	80.1327076670641
512.541364125511	403.532943385572	2.24775721880666	73.1959864813962
512.316451593105	403.854312710606	2.2435564367722	72.7456294759423
512.948385076188	363.697121082083	0.25923704069249	80.2592469245564
513.227450255169	402.677383120492	2.26348922639241	72.2028972757388
512.992212623553	402.993810210257	2.25679569491022	73.0820474672775
512.752269342024	403.302388834305	2.25143267820951	72.458267498768
513.53500008858	363.858329733155	0.233146101037261	80.9341226315007
513.680265740279	402.135751188727	2.27794611184451	71.2855802193561
513.448403004964	402.459588087724	2.2699402602248	72.3581800496895
514.008774454042	363.963921262228	0.222565614467398	81.3263391132693
514.144340359317	401.605243851202	2.299724465455	69.0114085337792
513.910471597097	401.931252910049	2.28979945201439	70.6391060625936
514.484069037491	364.065443698505	0.224489781996914	81.2909713979317
514.625975839543	401.095342763141	2.35768048850552	64.8015202860088
514.384600151955	401.409982533934	2.33020785470483	67.3611235640333
514.956727218818	364.17447165186	0.239120735427118	80.8454403023146
515.157449481458	400.647885798314	2.52309510872896	58.9720916378491
514.897130872949	400.907653634348	2.44308102207307	62.1562339015108
515.541969965156	364.340818239969	0.267191660313151	80.3034100687602
515.488992629417	400.485707220773	2.65648740870367	56.3729120423092
516.009050869142	364.466312808001	0.279590856396663	80.2019811896482
516.089566990737	400.208942821549	2.80982696822395	53.436534085522
515.895571259287	400.293212891514	2.76385052779264	53.7028342675035
516.475774843676	364.590277096193	0.276239257342752	80.1968840168375
516.520938923169	400.084828999219	2.92679031170342	53.2552337136165
516.942426554136	364.718938960482	0.258778412723891	80.3072107446999
517.061441848656	364.759313016329	0.252514517172694	80.4251206501162
517.00093529379	400.007150129484	3.02940339237345	53.5328597352319
517.530203172285	364.878374247894	0.232434645983611	80.9883861779871
517.497771734481	399.967217290294	3.08534734538363	53.7561908067311
518.004160926432	364.983018619024	0.223301819091368	81.2723359053575
517.997834138919	399.945989469458	3.10829716013886	53.8138825709237
518.478910991644	365.085558065017	0.227334226167211	81.1268522310035
518.497921164329	399.931886514958	3.11600600508495	53.7893545434603
518.950258255383	365.197716236458	0.243123981091781	80.6169757477711
518.997726696344	399.919897689312	3.11789954799135	53.749038831329
519.535687609704	365.364955657049	0.26780766002347	80.1669935573211
519.497402722016	399.908304480393	3.11791830732238	53.7062101456862
520.003136815721	365.488168109756	0.275537464556021	80.0940582873402
519.997062493671	399.896487920579	3.11743242007185	53.6473716774333
520.471053839082	365.610600312025	0.269115325967528	80.1389932441125
520.496700667182	399.884297547417	3.11657981933313	53.5586398093723
520.938955159309	365.738372308858	0.251194583105851	80.3258184471102
521.055423724402	365.776532702071	0.245511279461554	80.5089793128236
520.9961865824	399.871350306207	3.11498111663396	53.43881888716
521.526366070855	365.892051637499	0.229112549222491	81.1115421356506
521.49542005107	399.857332375207	3.11252656405333	53.297482907062
522.001041048983	365.995741767883	0.224037209614039	81.3926994859707
521.994487610736	399.841821598342	3.10977044303175	53.1482854656804
522.475377762775	366.099357221341	0.230602828714072	81.2123779817946
522.493646748159	399.825014745508	3.10772331722827	53.0013951212962
522.945799568505	366.214532184299	0.247187694279332	80.6687066633096
523.064157487938	366.253377275364	0.252902896168807	80.4618203807134
522.993101447338	399.807283871491	3.10714906380636	52.864614772088
523.530928294633	366.382726116677	0.270642047474086	80.2871763739053
523.492872347447	399.789523316125	3.10799936854691	52.7430539896717
523.998383864481	366.506105814482	0.277195432915149	80.2424902396307
523.992770655319	399.772055726054	3.109239562367	52.64044019287
524.465793486091	366.62991369268	0.270162449131003	80.3240224376416
524.492513264829	399.754970494564	3.1096277719478	52.5501662588025
525.050863722565	366.79855809466	0.246220056907958	80.7723797221609
525.007803408926	399.736242250824	3.1083598703553	52.4085339062389
525.521836095476	366.912449726076	0.230521448036014	81.2940619228266
525.507796625254	399.717358693847	3.10577086863306	52.306129701968
525.996012711668	367.016050574045	0.225704187851199	81.415728580106
526.007689630278	399.697346655021	3.10279133639835	52.1752608281207
526.469696374856	367.121182047708	0.232760762223194	81.0651065768849
526.507203564949	399.676557800212	3.10054494764468	52.0378908190938
526.939087735208	367.239994586431	0.250085721861821	80.414238439586
527.057672458262	367.279721743495	0.255787311400162	80.2753208707512
527.006386868635	399.655309274076	3.09946034170463	51.9280457547408
527.524642620322	367.406688836173	0.271423335777384	80.0843634613396
527.505449693669	399.63428903786	3.09927050132935	51.8478546365135
527.992347700709	367.528999859607	0.275120155306904	80.0486781195966
528.004510626971	399.613552376647	3.09914938403799	51.7872528913581
528.460135123222	367.652722458979	0.265298626555214	80.1457762521837
528.503592302077	399.593102618253	3.09877361265659	51.728606610941
529.045058728382	367.818593255761	0.240168353762919	80.6578657506164
529.002697058813	399.572706587995	3.09844880079115	51.6778192219529
529.517441960318	367.928580335645	0.225562575571404	81.1114959745121
529.501860799813	399.552547601598	3.0987805009424	51.6418704414939
529.992581755377	368.030455901495	0.222980137608492	81.1644794282623
530.001111599487	399.532789979809	3.09973862733066	51.6381432971932
530.466285310973	368.136060130999	0.234279733198162	80.8048941422006
530.500447471809	399.513655566362	3.10114559545424	51.6660379648285
531.052976566108	368.298353569245	0.26256490483734	80.1826084561478
530.999846009772	399.49520525279	3.10258747337087	51.7198110928201
531.519611614724	368.426656648996	0.278786876183092	80.1555774914058
531.499267114227	399.477314012464	3.10338994068304	51.7721001099074
531.986441449403	368.550851797793	0.27945247204818	80.2638860168739
531.998626127288	399.459407302083	3.10244642078051	51.8081320389525
532.453870955612	368.67700268371	0.263765991614995	80.4501876605075
532.49783860952	399.440562255669	3.09992408630555	51.8201620717679
533.039042288567	368.840686242314	0.234882656938338	81.0717080819774
532.996937015265	399.42034930245	3.09742016155141	51.826026312648
533.512739171604	368.947330542461	0.222475950479686	81.4321684336532
533.496049726888	399.39902775261	3.09649016631962	51.8377649350103
533.988171451029	369.048599713164	0.223675024085658	81.3526178786524
533.995220985454	399.377331606269	3.09677794114664	51.8700139558511
534.461170623372	369.156133373848	0.237271157007073	80.8795256481704
534.494339664616	399.355395709742	3.09716436670831	51.9190115845795
535.047119351527	369.320652501896	0.263545041967614	80.2813352041301
534.993314629518	399.333139051309	3.09706239658063	51.9858112945313
535.51430530834	369.446182222466	0.275647906573515	80.2270117064534
535.492145406412	399.310147602359	3.09689417655325	52.0604477548655
535.981757362171	369.568724318794	0.27428372692711	80.3111208505847
535.990896319845	399.286572758417	3.09712221982827	52.1350732266968
536.449014813068	369.694483061106	0.25968810310621	80.488361247629
536.489732346908	399.262487472024	3.09841683843227	52.1875115696123
537.035898571666	369.856860150821	0.235231557452401	81.1412957191366
537.009912387784	399.238523759343	3.10155935688601	52.2846156108029
537.509117261558	369.963394091044	0.225782450543743	81.435889379083
537.508375846143	399.218469355526	3.10619881209008	52.307595489246
537.983479210015	370.066141570879	0.22794734559075	81.23612794679
538.006738561653	399.201304586396	3.11093108785991	52.3247987729121
538.455350084357	370.176719473993	0.241506545752027	80.6049835790067
538.5054376211	399.186288239626	3.11403816492867	52.3601679094916
539.041371516827	370.343905594946	0.266757009218308	79.9077325654719
539.004708673183	399.172471272762	3.11490842933377	52.4282590564722
539.508371234664	370.468471791858	0.276454151435664	79.7522172690751
539.504445412309	399.158684033372	3.11432779465597	52.5292079139921
539.975872019253	370.591516393837	0.27306448345868	79.809413640175
540.004343321556	399.144644725583	3.1135270041154	52.6561061267188
540.443066359246	370.719028120131	0.257232689340945	80.0509822029012
540.560566314928	370.758613191395	0.251425902341144	80.1948549030807
540.504130450857	399.130325970162	3.11321650139162	52.8011699051169
541.030081504265	370.878194981706	0.233705564063416	80.8991706972433
541.003751851718	399.116060523958	3.11317941418164	52.9624855347483
541.504004822294	370.983663825123	0.22585415235519	81.2893698254747
541.50331768293	399.10175808082	3.11292001672022	53.1346706064494
541.978576661669	371.087109063382	0.229456429325767	81.1967580746946
542.002942297446	399.087380335322	3.11233607369718	53.2936660234351
542.449980626899	371.200276855269	0.244362171445612	80.7119501343663
542.50259035935	399.07281777528	3.11186828378486	53.3981719920475
543.034687530642	371.367899867867	0.269111027272521	80.3255857488944
543.002146274364	399.058350654807	3.11217127303642	53.4217494899258
543.502238571522	371.491588737487	0.277289881763296	80.2942221382688
543.501580943953	399.044348112642	3.11353758498557	53.3811125453346
543.969562977859	371.614734741988	0.270939312566174	80.3566271208196
544.001002247674	399.031236826144	3.11559184214373	53.3279346521699
544.436697367015	371.743743887431	0.251466256663869	80.4910268266141
544.554929390335	371.782448740903	0.245432436691775	80.6832747756887
544.500529416484	399.019151589144	3.11774122441365	53.31104288078
545.025487536578	371.896633449892	0.227770251754318	81.1675823011227
545.000195716119	399.008027801775	3.11945774026631	53.3447081520758
545.500129677825	371.999469646264	0.222361559533474	81.3143071251714
545.499940962086	398.997511280337	3.12020817602361	53.403852979508
545.974571707169	372.102899070174	0.230297766135583	81.032893059106
545.99966478819	398.987026637534	3.11964550567197	53.4421360583058
546.444617185756	372.21881506943	0.249165410968664	80.433430013275
546.563237405476	372.258198266444	0.255421212706927	80.2320879433841
546.49929109289	398.975973619635	3.11804873666695	53.4181197012534
547.029804175193	372.388393542652	0.274165684062029	80.0493320951575
546.998821697457	398.964031480842	3.11632879267411	53.3152534800136
547.496585588489	372.512698744553	0.279717312314295	80.0061991102114
547.498337741098	398.951373172269	3.11536023869059	53.1471108010941
547.963365897688	372.63753882843	0.271030393962792	80.1102860728945
547.997918155097	398.938401017507	3.11537581033253	52.9474846399342
548.548688851598	372.806451291516	0.244549621630924	80.6256218910172
548.497571133846	398.925566840458	3.11592835345556	52.7556125957686
549.020018157042	372.918493660411	0.227759321955701	81.1524618746026
548.997237219943	398.912922839381	3.11619247334907	52.606282871457
549.495000040404	373.020618431801	0.222034659439196	81.2598653222177
549.496852399747	398.900265387899	3.11554609076596	52.5191328144447
549.969686992629	373.124487576823	0.228875346950959	80.9002007287831
549.996372519806	398.88704013638	3.11398605639472	52.4861084631441
550.439809208139	373.242124741433	0.246852132251861	80.262040268524
550.556414860933	373.280380482678	0.252560715340466	80.1469272408499
550.495791292251	398.872928658111	3.11201768446883	52.4732022836281
551.024648204233	373.405917065026	0.269157418751738	79.9807119906595
550.995144155999	398.857692962261	3.11029781468278	52.44759070243
551.492804405636	373.527243289289	0.273371680731915	79.9738446970599
551.494551345446	398.841677058078	3.10947931377364	52.4004618949298
551.960521414287	373.650243739606	0.2642089373148	80.1121340403929
551.994155079166	398.825295920447	3.10983661274701	52.3429962111399
552.546342810805	373.815567189175	0.239824499897135	80.6935795966933
552.493963812977	398.80921591658	3.1108556614558	52.2811660931385
553.018704543916	373.924780528799	0.226046115748973	81.1461317901512
552.993729784367	398.793331945969	3.11132539070991	52.2037432270224
553.493496124659	374.026180760099	0.222691435295126	81.1393619232084
553.493183201347	398.777288425596	3.11053471385	52.088109118674
553.967119627636	374.130921385975	0.230711933150918	80.6454798393436
553.992335647725	398.760310799421	3.10914561526617	51.9235759679828
554.556191362431	374.28936658524	0.252703643376129	79.8304280950248
554.508921771236	398.741604703794	3.1085525185826	51.6647802383864
555.024313802598	374.410083438613	0.264146155755218	79.4999734624399
555.008165669818	398.723413798867	3.10906838806718	51.4722758687894
555.49286225844	374.526446567408	0.261883918269862	79.2704771977775
555.50731513349	398.706004467952	3.1090820194179	51.289967097487
555.961919204976	374.643552547425	0.246318212754572	79.1374281009043
556.006776744713	398.688235751983	3.10645198612758	51.1371960174057
556.551766723965	374.797305241765	0.217993170613384	79.4378621969371
556.50650409117	398.668867544995	3.10121419941476	51.0132275560555
557.026486527635	374.895044414818	0.204454232084435	79.4459548612012
557.006032403707	398.647129857303	3.09602848610442	50.9172481238041
557.503488123684	374.986259027516	0.201997297298467	78.9127996250608
557.505126531307	398.624059432834	3.09359413030401	50.8375367327894
557.97917667666	375.080326103648	0.208918990362062	77.8097706799942
558.004005337857	398.600906518967	3.09380470280752	50.7762272351235
558.450159384282	375.186729192887	0.222692889190165	76.316713481747
558.502959587583	398.578568150282	3.09510214583387	50.7354033141234
559.047255573913	375.339981151285	0.238195841594785	74.9143879549632
559.002059354829	398.557082948356	3.09661343657852	50.7328695618319
559.516122034463	375.445438018867	0.237626315838756	73.7495718207628
559.501273890684	398.536573176103	3.09861412703362	50.7738537166985
559.985726815844	375.548979935818	0.227724680209543	72.5138461975362
560.000584547399	398.517079164347	3.10062541404643	50.8550868401132
560.455878813222	375.655036557411	0.213462339683821	71.143008035911
560.499938569452	398.498261460016	3.10115555534317	50.9382781310911
561.059908117304	375.801181439973	0.204271047336545	69.6293898708488
560.999159697752	398.478955056671	3.09860553371133	50.9715194708477
561.531601880308	375.895993521243	0.209809805069816	68.0336927769302
561.497815921333	398.457528965432	3.09267366831384	50.8621872667615
562.002069514023	375.993479697893	0.229320444328581	65.966796884336
561.994593150521	398.431516211618	3.07867745030767	50.4482538920059
562.463564670422	376.105302426848	0.267652357833553	63.4382002910422
562.484824356066	398.391774011792	3.03117036913709	49.4678120336861
562.901589539414	376.249032923038	0.337990809612964	60.5834218153229
563.079775823527	376.337281760003	0.385865016699829	59.6570812182545
562.951748158609	398.31166746653	2.89957049001008	47.8342623849755
563.494201726162	376.509711532444	0.487859762101828	57.0665888709161
563.527525515925	398.04388720594	2.55492752217435	45.4376937849077
563.840489997639	376.711710638403	0.621437684243543	54.3740567868591
564.067147921464	376.936452514034	0.7643150675076	53.204365289191
564.048873312935	397.531668210808	2.17855450326717	45.3348193583683
563.832382365634	397.8296824886	2.36504530153882	44.7305425894609
564.292263638093	377.150982785853	0.892230717148832	52.0540187987645
564.490478952071	377.504237854455	1.08493999923311	51.9013006183578
564.667766094365	377.963629420767	1.31613512993957	52.2380363416293
564.742406164822	382.506294128866	1.5931012341734	52.0645925689312
564.730084287844	383.006014019117	1.59251175243968	51.9352629991847
564.718626488948	383.505322006908	1.59123245379764	51.7990841999068
564.707996887428	384.004435890515	1.58975608738718	51.6775682155487
564.69835039787	384.503653414389	1.58847571054798	51.5821184339373
564.689264989251	385.00318772899	1.58765958311523	51.5217408020169
564.680540294698	385.50307710135	1.58788289725377	51.483992580383
564.671234076949	386.003177364057	1.58991493354347	51.4597348795044
564.660691796818	386.50326845443	1.59327506261817	51.4350848429595
564.648614199243	387.003188546976	1.59595439123006	51.4063741217547
564.636039550753	387.50293235328	1.59621697714255	51.3595054372294
564.623936433139	388.002611521068	1.59470959243603	51.2932352451627
564.612736342313	388.502349248457	1.59362978226993	51.2095317988523
564.60166136803	389.002180105587	1.59440556082026	51.1284752865208
564.590038153014	389.502039722112	1.59617988004976	51.0587835409799
564.577719437097	390.00183860893	1.59708933557076	51.0088209618245
564.565382571123	390.50156838889	1.59656793214329	50.9700490074538
564.553296729541	391.00127675727	1.59614679159572	50.9424319941104
564.541205364471	391.500980693354	1.59681981918302	50.9192416008167
564.528823997362	392.000663892114	1.59732051925875	50.9036693136336
564.516770898577	392.500353389865	1.59574703733139	50.8874697414674
564.505959737196	393.000109170797	1.59253357060537	50.8731817116786
564.496607220746	393.499945362934	1.59003905578394	50.8594783906761
564.487824453814	393.999807325234	1.59021382109069	50.8587016565364
564.478315275895	394.499606305344	1.59278681132024	50.8690314756232
564.467311022666	394.999219543133	1.59618856056607	50.8741883988923
564.454466123109	395.498333224358	1.60047505209317	50.7858528054402
564.437570297977	395.995808436008	1.6146804523076	50.4036239068022
564.40501419599	396.487233091043	1.67003851880242	49.419864505422
564.326789936766	396.95519666124	1.81670749914858	47.7546240694182
564.768700377117	378.513129140612	1.49001844858552	52.9140317462197
564.792683211234	379.000223793961	1.54769749923623	52.9242831992108
564.798059127882	379.496750977553	1.57070859506151	52.6755178287361
564.79472167175	379.996445323255	1.5823194396359	52.4759363553835
564.787167314875	380.496508217246	1.58779166783115	52.3957420107226
564.7774581173	380.996124558218	1.59040216650979	52.3684504096734
564.766683123306	381.495404702172	1.59195945850269	52.3255990478433
564.755026870673	381.994616245058	1.59287687856312	52.2405927918528
