-4.55087854
15.11772156
624.53934117
-3.5507641
20.10713617
624.10945824
-9.11961467
9.75189199
623.68791671
-4.84303991
7.04220373
624.14217936
-5.07961211
12.00251302
622.61615412
-8.12460882
0.78304089
624.48451818
-3.13010152
-0.44081304
624.97953515
-5.04370389
3.88798133
622.62952626
-8.35307599
-7.89125106
626.70636882
-3.1209894
-8.00774559
626.82483835
-6.13272606
-4.66928928
624.1427144
-7.07090203
-15.91007425
630.29303535
-2.04850113
-14.83209737
629.37083158
-6.21546507
-12.74788921
626.77340277
-6.6595764
-22.78747442
634.75702845
-1.99264241
-21.31790606
632.81929919
-6.74575032
-20.17169821
630.62834567
-5.46569502
-28.29904966
640.1056029
-1.43179105
-26.99328581
637.03959522
-6.53409014
-26.41011862
635.83373934
-4.45311658
-32.80515602
646.22627333
-1.34657304
-31.58575552
642.26324458
-6.67612305
-31.54010027
642.46282169
-3.57267187
-36.24846578
652.47936954
-1.1436148
-35.35689798
647.65038174
-4.3254708
-33.9481343
649.01237526
-3.6135275
-34.53566887
650.46032885
-2.31873689
-34.055324
649.22739304
-4.48153572
-30.70847795
643.36661147
-3.73379705
-30.92497447
644.89338071
-3.04664656
-30.64374348
643.43025133
-4.84120574
-26.06406344
638.09813166
-3.82770429
-26.52170292
639.16440436
-3.46135713
-26.06118761
637.72135843
-5.6285379
-20.60177383
633.52890098
-4.20341091
-20.89669758
634.42033086
-4.43791445
-20.14016755
632.94792397
-5.68117587
-13.92103885
629.77169268
-3.95445189
-14.1203218
630.21389545
-4.62980195
-13.11455026
628.88612377
-6.40327332
-6.62969991
627.25032105
-4.62249941
-6.71085347
627.5135548
-5.57952693
-5.59543359
626.54410296
-5.95221053
0.83321904
625.61251262
-4.14357708
1.12612728
625.50804283
-5.40544052
2.18065603
625.20239816
-5.9970848
8.86455043
625.12207879
-4.32052147
9.6220151
624.87707503
-6.99270714
18.45458697
626.14937831
-6.98410626
16.79455955
625.95312859
