0.0324439443458804
-0.814525298648483
-3.91605615610127
0.617613907503727
-0.484697880632452
-3.92219606249564
-0.184943250681006
-0.844526057777226
-3.90545401776834
-0.0512263419453461
-0.830153995430727
-3.91257204899483
-0.658373916976524
-0.496054877034642
-3.91413757413092
-0.400911070903772
-0.52192297666046
-3.94548694845623
0.121709929385798
0.423559627191943
-3.97564901245287
0.260017548475773
0.451668027715878
-3.9659028807141
0.536665782743531
-0.679550228796265
-3.90515087211
0.25634586433286
-0.679816441550831
-3.9334636650574
-0.205601881195505
-0.823478121887424
-3.90891447662297
-0.652314434641342
-0.554800594040047
-3.90726018867516
-0.0809244592955354
-0.207125735705279
-3.99381403863495
0.201486009667309
0.344759803136313
-3.980018289929
0.386255627602287
0.300410975563707
-3.96995715944189
-0.356898340276506
-0.572460217680742
-3.9427038662967
-0.414557554560403
-0.673122371422872
-3.92110290538107
0.131427553183796
-0.577643923739211
-3.95588847424691
-0.612615884602394
-0.584456328013657
-3.90936211765188
-0.695885628761681
-0.490868989580804
-3.90829770328368
-0.417592664319087
-0.320214742018898
-3.96523382724945
0.392797581928231
-0.150018416198166
-3.97783919936567
0.144991014892598
0.279063547252473
-3.98761841700258
-0.13961985739856
0.336464730184439
-3.98337771200872
-0.445114599853129
-0.472870755143976
-3.94693116565779
0.595514934424576
-0.596407259353728
-3.91019952447228
0.373577924581558
-0.695067403595602
-3.92139263534778
-0.034389949680918
0.475408074585024
-3.97149900300144
-0.678106984102799
-0.362552373311623
-3.92539516215157
-0.701204494841168
-0.313210531580195
-3.92558430916861
-0.00661414714914935
0.0601521270529926
-3.99954244677746
0.462567164441439
-0.681608949405543
-3.91426128520945
-0.648242577264908
-0.144911099922199
-3.94446231750222
0.0142482838130285
-0.813233509027786
-3.91643300576892
0.353286519941323
-0.470512682891697
-3.95648911871823
-0.48622514849192
0.393438384314432
-3.95079621985565
-0.411444562504573
-0.756368942896885
-3.90622814164951
0.37855996417996
-0.62435654233374
-3.93279450349187
-0.0745249633543089
-0.853280813142698
-3.90721871957025
0.320161949775408
-0.121721779046391
-3.98530803395989
0.516080270575044
-0.676049892510045
-3.90853136159618
-0.435648964954399
0.0184641092335571
-3.97616266950144
-0.611636810572284
-0.481067180704273
-3.92357941530293
-0.679164115458376
-0.285681587369006
-3.93155460068058
-0.471880844302424
-0.432520438448646
-3.94844976099516
-0.478829900587511
-0.646687788930511
-3.91822887689632
0.698861838660148
-0.471375236278031
-3.91016599797843
0.633200419607444
-0.577711093497123
-3.90708411710468
0.519810904155499
-0.689888040531393
-3.90561787178774
0.648818694489751
-0.396552080892648
-3.92705754223021
