-0.499016007139158
-0.677466781437188
-3.91050134924573
-0.234964116683666
-0.628549327575352
-3.94331278581756
-0.661422633658778
-0.542765869836275
-3.90741908656097
0.0836097411745773
-0.810411749189599
-3.91615133843561
-0.704286158593392
-0.360719530900818
-3.92095182165916
-0.32957780577872
-0.342146419777342
-3.9716892657256
-0.0986503042603028
0.0998612018928453
-3.99753627089509
-0.695004991086725
-0.327946372224521
-3.92548326052456
-0.231709303004457
-0.578157019449268
-3.95120797297977
0.00821182029094114
-0.0254268000983267
-3.99991071733076
0.401667416586074
-0.706835094877806
-3.91650949863272
0.391330423961308
-0.667167692599399
-3.92450593576705
0.555640886393241
-0.624322748448369
-3.91171121139998
-0.2096869911035
-0.432599229390804
-3.97100602226955
-0.520848776659222
-0.686017127509502
-3.90616154250176
0.343633843422694
-0.733819059000219
-3.91706832373461
0.32026073788286
-0.804438082654316
-3.90516481973504
-0.682390034417491
-0.430615643007106
-3.91776894331496
0.670754225335087
-0.181946313268904
-3.93916036831066
-0.601328841242299
0.211409705395017
-3.94888716586709
0.706441799136544
-0.396942454985453
-3.9170622132055
0.451723966985739
-0.643965203480532
-3.92189421515778
0.0844015771424638
-0.0248337837821229
-3.99903232280587
-0.705729347852092
-0.364787470820156
-3.92031574852093
0.354622886146105
-0.0384958666064312
-3.9840635432353
-0.700039711073321
-0.464440130166582
-3.91078515606068
-0.705987629337717
-0.500025844902543
-3.90532406807695
0.506105463930499
-0.598912985758207
-3.92239199016081
0.0876032784485639
-0.493740422300519
-3.96844386326578
-0.673354320318349
-0.524947232665314
-3.90781566312994
-0.0809575094052204
-0.643658478693494
-3.94704321282078
-0.69418829186244
-0.498610193248556
-3.90761953621079
-0.628113309545654
-0.531231064160978
-3.91449456540416
-0.0303499479126905
-0.838179989163742
-3.91107817291875
0.707100409850959
-0.162996415436792
-3.93362969569634
0.691200373051861
-0.335600558360354
-3.92550827243318
-0.540472912948578
-0.663789322381835
-3.90733579493923
0.22598900008853
-0.835857581619557
-3.90515957954175
-0.701812683801053
-0.319774739300782
-3.92494621639644
0.686842469983527
-0.267878784801832
-3.93147408212022
0.43868956082021
-0.68701395140688
-3.91606465909362
-0.660644844755015
-0.546018006085547
-3.90709763188954
-0.694246764724531
-0.394796050544812
-3.91945879745051
0.220596595609603
-0.565313607445898
-3.95370173764167
0.139698694805332
-0.197454624789199
-3.99268028830192
-0.28779916729634
-0.288008976314097
-3.97922367807613
0.290187495235489
-0.741730419883186
-3.91990141869482
0.0541410207131179
-0.858331961707222
-3.90644775357209
0.706707074038078
-0.499952419105191
-3.90520335148953
-0.105787312098305
-0.718369755334074
-3.93354225911877
