320.232471498333	498.528541155476	-1.45271281624808	70.8111026672958
320.195349750251	499.004694238643	-1.55090412353832	70.0717685993059
320.226620483196	499.47097706816	-1.70850768840225	69.2049030165236
320.700888941925	495.034214066297	-1.42930904071805	66.0234995006308
320.635747119495	495.52308508306	-1.44675697343298	66.8990261489459
320.578555322161	496.013681037994	-1.45559988940665	67.8454743389287
320.523163898787	496.504252663563	-1.45267561251351	68.8295020756734
320.463735551788	496.992932401718	-1.438746122822	69.7909923499496
320.396481563613	497.479411834327	-1.42126860272525	70.5892380056349
320.320992097245	497.967497001686	-1.4153774180703	71.0048642945197
320.388289918597	500.043123689792	-1.92713255207107	69.1824406791792
320.569354472094	500.457869701511	-2.10623670811659	70.5343672686377
321.237572393519	492.04063682363	-1.40428948019476	65.2405958672716
321.14785865517	492.526010257511	-1.3882073693978	64.9994315255369
321.059815849244	493.010681341969	-1.37858385993792	64.8189197128085
320.972529432207	493.495063886981	-1.37790033069863	64.7480221683481
320.885313202483	493.979295917372	-1.38686838212867	64.8360252096366
320.797784218856	494.463283077483	-1.40418273148519	65.1387385306962
320.989446824785	501.009289628934	-2.30585531733208	72.6668509025283
321.227869440153	501.27312576941	-2.35995085023589	72.7485385841731
321.685864795688	489.031327114821	-1.40411402179447	65.3903313710425
321.60725249642	489.517607825279	-1.41840552097459	65.8350205657974
321.537049033805	490.005928055228	-1.42827942903992	66.1335844263024
321.471063777595	490.495456365348	-1.43288936584866	66.2227476174653
321.405173833423	490.98515703673	-1.43125864467817	66.0923904129359
321.334795387091	491.473697788777	-1.42233949506994	65.7766598609426
321.254645888411	491.95970738849	-1.4073034458115	65.346869185988
321.488425793125	501.512144913251	-2.38992096535886	73.8784408677626
322.166974819698	486.529534591829	-1.38599689901158	65.0049790574743
322.075572222928	487.013579752787	-1.37410455489019	64.7881355904574
321.98422853371	487.497141733399	-1.369154309092	64.6903601222481
321.89171414759	487.980394649602	-1.37270886998817	64.7217047282159
321.796887513616	488.463622803902	-1.38452698274362	64.8842595217965
322.008428190986	501.990639179552	-2.41133512420871	74.2638316477222
322.703194301543	483.033503168918	-1.40457994510504	65.6894903818545
322.624328119386	483.519807745955	-1.42019554508597	66.0578874063223
322.554932261582	484.008462052761	-1.43173713895627	66.2928743019478
322.490379945339	484.498538349735	-1.43625774102202	66.3492931391899
322.425770613571	484.988529402311	-1.43227699998432	66.2181732559549
322.356118001927	485.476986284567	-1.42105181279088	65.9070010364866
322.27662166029	485.963075344327	-1.40557288780642	65.4563336658013
322.294932882789	502.229314556891	-2.41315014940302	73.619648372816
322.531945402876	502.464193552043	-2.41340076257397	74.3046067285373
323.17873036052	480.530936474679	-1.39204513514015	65.8369011386287
323.088633681658	481.015604215403	-1.37759736893443	65.5328784886683
322.998209601547	481.499682286071	-1.37085708671847	65.3253636221937
322.906761235153	481.983504895672	-1.37373898764278	65.2496311494403
322.813651315901	482.467446810306	-1.38502511388719	65.3214817974789
322.824944103815	502.69634258954	-2.4132426150203	73.7402289291556
323.055863211009	502.937356227788	-2.41361447846569	74.2043861766125
323.717329722223	477.035936164094	-1.40382894278484	66.0237072281983
323.636716738438	477.522270345086	-1.41804753774786	66.5507778549065
323.565134329164	478.010533542431	-1.42681676555415	66.9765690018546
323.498021231494	478.499681105846	-1.43030913942653	67.1877327938754
323.431494657844	478.988991161721	-1.42947623675975	67.1366392513883
323.361857914101	479.477789247067	-1.42365899650046	66.8437333669083
323.284857824349	479.965102488798	-1.41186436736337	66.3776658805237
323.353350385	503.164937178967	-2.4150274137339	73.8173986951953
323.580701076046	503.409059060593	-2.41659284164243	74.0701771927482
324.192950304838	474.533301122854	-1.39132853884691	66.0298975628849
324.101721669425	475.017788183461	-1.37805940919941	65.6999111327219
324.011077894373	475.50195377472	-1.3715266959719	65.5072093895917
323.920063264607	475.985902513782	-1.3737521372027	65.4654017772839
323.827825667115	476.46988390295	-1.38449349200792	65.5823806015667
323.88175448472	503.633603095724	-2.4177895249408	73.8978576309789
324.107555706263	503.878574842398	-2.41732355799533	73.9105449770469
324.732377370699	471.037965059652	-1.40179903470026	66.6830749556976
324.650806912774	471.523863299588	-1.41863584616875	67.1028007412888
324.579465064186	472.012427301405	-1.42875877283207	67.4244530301746
324.512923260317	472.502033503859	-1.43169650769266	67.5739648622678
324.446764436446	472.991523565903	-1.42912128077474	67.5008435531369
324.377123386947	473.480259909729	-1.42189434522175	67.1851127562108
324.299927013145	473.967619380418	-1.4099695016795	66.6671618026291
324.408712657409	504.102856815563	-2.41617140982862	73.9789553853423
324.635366973798	504.347907348009	-2.41468248857169	73.778579317879
325.211573023178	468.536457761887	-1.39664889340864	66.7893726634514
325.120257972587	469.021269086405	-1.37974717649012	66.4884274164272
325.028870449351	469.505185659276	-1.36984722889095	66.3088981124684
324.936907821722	469.988676299812	-1.36986483722058	66.268797671165
324.843969351953	470.472557548944	-1.38027828858682	66.3615091589591
324.933586709653	504.574321270037	-2.4127538282817	74.0969217488416
325.163198829322	504.817539553304	-2.41203443930487	73.7141618910871
325.748206515132	465.041752356123	-1.39537426566058	66.8879350290832
325.662213934255	465.526670105487	-1.41116422984233	67.3532944635806
325.587374843164	466.014125438903	-1.42335546090874	67.7558119512306
325.519230258324	466.503069826383	-1.43087827614857	67.9975842374608
325.453814049493	466.992695396947	-1.43328128906493	68.0217182310086
325.387050411978	467.482158429124	-1.42920498474884	67.8115167794773
325.314185353066	467.9702738384	-1.41764973838055	67.3946666613435
325.457054336113	505.04788503034	-2.41100318557535	74.272399476762
325.6911233502	505.286319668108	-2.41185245264214	73.7283586719396
326.234466793122	462.541094934859	-1.39375441217577	67.0487839097461
326.139953328805	463.025089021507	-1.37744626764854	66.7402975584167
326.047010219917	463.508506634276	-1.36860658833586	66.560165585041
325.954727691003	463.991832769454	-1.36888781441159	66.5123715654254
325.861856120905	464.475401304914	-1.37734013862276	66.5922727796212
325.766773413015	464.959283163303	-1.39229125217961	66.7810798440282
325.980323671294	505.521979717518	-2.41200763061504	74.4724619479599
326.220960705354	505.752342343604	-2.41234137518776	73.7476448923671
326.691236329882	459.531098270217	-1.4091136217202	67.9056649417844
326.614155860336	460.018236582388	-1.42115767853972	68.2731986405376
326.544593552639	460.507037083522	-1.42864981821541	68.4681509441187
326.478260685411	460.996586488908	-1.43093410544732	68.4391276984385
326.410903420003	461.485904887626	-1.42654636018816	68.1809842055074
326.337685679209	461.973742592771	-1.41461924974866	67.7275827868003
326.252894382941	462.458758359049	-1.39714486552438	67.1686299185095
326.50371224832	505.995835345362	-2.41246249943927	74.5991822267733
327.159522554426	457.027863706438	-1.38803476684867	67.7192839137637
327.069644227121	457.512325077476	-1.37696979590409	67.4671929239544
326.980087463799	457.996471388109	-1.37397722277617	67.325207859592
326.889922540957	458.480684470587	-1.37901634236993	67.3274644557567
326.798138241915	458.965225216846	-1.39131353048762	67.4615213259352
326.790530947757	506.235772365677	-2.41330947710601	73.8857818527513
327.027480309486	506.46897010975	-2.41420919851107	74.6105717824083
327.694113665592	453.531683985558	-1.40887292710934	68.1965703800816
327.617129457616	454.01863158874	-1.42265495870775	68.6511833608277
327.548221274561	454.507540505479	-1.43117982268866	68.9825290295882
327.483028891157	454.997360073869	-1.43400095006135	69.1106083687954
327.417481933704	455.487068335352	-1.43087018255674	69.0044482179452
327.347304709531	455.975647199272	-1.42159002212241	68.6770293212161
327.267574003704	456.462063931732	-1.40706814982794	68.1928576567516
327.32170738871	506.701851654461	-2.41495081058069	74.0138746696158
327.552126565749	506.941015759496	-2.4150260310864	74.5329538649581
328.174899840806	451.031061934244	-1.38396360140678	68.1759471748002
328.081533823912	451.514820185627	-1.36974633715648	67.8893001491571
327.988712475167	451.997947301821	-1.36639314328377	67.6998662929806
327.895807236984	452.481387684992	-1.37349448762342	67.63781432627
327.802017652125	452.965495437361	-1.38841604628143	67.7260150897913
327.85056229227	507.16894437815	-2.41508384893355	74.1144336063741
328.077522634731	507.412617178717	-2.41433716563618	74.4197286441753
328.723187804324	447.537116593206	-1.40088635642134	68.6949656127546
328.641004589697	448.02302329227	-1.41566946065808	69.2103751553209
328.568578801252	448.511058946128	-1.42546679318945	69.5936994872061
328.501041675727	449.000166724032	-1.42963571375268	69.7519123664899
328.434229291034	449.489518397926	-1.42851361170969	69.6439698185814
328.363941451903	449.978241247518	-1.42121372044864	69.282805480132
328.285008135602	450.464913371244	-1.40660534747084	68.7454508379801
328.377495049632	507.637792376664	-2.41321734956026	74.1950095242369
328.602981410113	507.884564881034	-2.41140449743296	74.2479274508756
329.197624598406	445.034377919343	-1.39543694472616	68.4322319984323
329.107553892346	445.519057194998	-1.38127410177691	68.1810055349058
329.017817233204	446.003184796161	-1.37338288331261	68.0584082556006
328.927290588539	446.487027218998	-1.37342297248053	68.0819694299451
328.835060062111	446.970881362143	-1.38243423011494	68.2437978116753
328.902408217188	508.109460733106	-2.41092996032315	74.1900836606706
329.128038063362	508.356711499949	-2.41013994845007	73.9990332267673
329.739184678768	441.540579324773	-1.39534836909382	68.6755350454196
329.654024158308	442.025386692524	-1.41227656644577	69.299928032002
329.580173965971	442.512920372381	-1.42429364957823	69.7707677886486
329.512384410249	443.001971470135	-1.43022974816093	69.9790452072206
329.446232466429	443.49146791307	-1.43054994957092	69.890738851828
329.377581691918	443.980467477275	-1.42521090924565	69.5397692777449
329.302011393716	444.467893268576	-1.41396816479815	69.0201648706702
329.426296836092	508.582665372582	-2.41102628912905	74.1200135271187
329.653982874857	508.827674004266	-2.41130921375665	73.7174258210414
330.218397380706	439.037498734874	-1.39847157526142	68.3569137290829
330.128117327555	439.522313242217	-1.38395992180688	68.0313175365041
330.038213606024	440.006806628178	-1.37330570565973	67.8645655056616
329.947128855278	440.490398284283	-1.36989155575102	67.9049916667885
329.85401035462	440.973410573275	-1.37647500210429	68.1365188166896
329.758108939579	441.456705968866	-1.39192314407761	68.5172921663873
329.950003503293	509.056040740446	-2.41314889413304	74.0448748090564
330.182157949102	509.296108461522	-2.41419333789455	73.4780065549649
330.724145441246	436.047914762378	-1.356600335158	69.2513430202787
330.625940226879	436.524506416282	-1.386147687	69.6295034710489
330.543745329097	437.007866622945	-1.40695065990901	69.8453896214515
330.469678833023	437.494832750984	-1.41759959143727	69.8178523985315
330.397412784757	437.983027278405	-1.41929522254913	69.5331585083889
330.321342558225	438.470812729438	-1.41334133714022	69.0381280600488
330.474351487704	509.528737917747	-2.4156289941245	74.0184595056053
330.713211632823	509.7611858876	-2.41602366386386	73.2880613612373
331.249705140309	434.072127287956	-1.29450277069794	69.2036701756888
331.115160610568	434.531799895556	-1.29261571563372	69.1540354796338
330.992366258403	434.998006883678	-1.29962544925772	69.082755861488
330.873136867104	435.469165702052	-1.31888921753675	69.0466237636894
330.752854244419	435.94499304127	-1.34931807978462	69.1064135531441
330.99911638946	510.000992532583	-2.41680987167735	73.9931940484801
331.694271684057	432.565292927867	-1.24769613728265	69.0798154127163
331.554211656863	433.017243903216	-1.27519916078517	69.5728844445568
331.427927373198	433.478211301725	-1.29131241440512	69.6666346124318
331.29777125533	433.941684034757	-1.29559127851563	69.3594975229448
331.285137591006	510.24211337908	-2.41765731925875	73.2478916710804
331.524367551394	510.47244921042	-2.41851398967432	73.9858468392524
332.246214289775	431.095303143076	-1.20157428627632	68.7542543460612
332.077835104711	431.529490351482	-1.19942207894713	68.8508176662931
331.922945957226	431.971809042845	-1.21012990756126	68.8565598556024
331.760632350477	432.416527515907	-1.23609284996053	68.8485340870885
331.818426493062	510.70545673024	-2.41868853936801	73.4285853271809
332.050364806559	510.942974606757	-2.41876606933874	74.0091870413054
332.644238959357	430.058186616814	-1.18995474522268	69.2269355703485
332.486541889198	430.494721319592	-1.20290854851681	69.3636823094217
332.327759316043	430.933726934121	-1.20421455457374	68.9842470610281
332.34876825317	511.170485957919	-2.41739761333784	73.6792489339299
332.576720811487	511.41365105867	-2.41661252063654	74.0532526571771
333.081459582506	429.03558655415	-1.15536975099024	69.1926447910153
332.913479930399	429.463168537774	-1.16333949189716	69.1798118791816
332.876368562034	511.638445374783	-2.41406278502278	73.9108169125416
333.102671381724	511.885338899698	-2.41176699074968	74.0089065993617
333.71374536484	427.597267157827	-1.14379814316875	69.0575461990547
333.535073397783	428.015711663644	-1.15488478165043	69.4477176327619
333.365690540441	428.440526713488	-1.15776914218877	69.264601564177
333.401130790364	512.110166886168	-2.40942678653051	74.0211968465519
333.627332301454	512.358395816791	-2.40795802925074	73.8670899542108
334.186848213036	426.588881420237	-1.12423950190429	68.9832438808644
334.004239512108	427.001989943318	-1.12701977118378	69.2370380110554
333.823770996467	427.418671255859	-1.13670621470725	69.0723222146556
333.923920575073	512.584614184975	-2.40746062180064	74.0501269498672
334.151808650713	512.831195453801	-2.4078481279361	73.7037680270322
334.670248454836	425.583475133572	-1.11487855632917	69.0891178068206
334.488388121929	425.994394343576	-1.12279557381276	69.3451553577054
334.304076443775	426.406604035495	-1.12481674432789	68.9924261577075
334.446285663645	513.059816736185	-2.40908293010485	74.1044117454066
334.677526071081	513.30158107177	-2.41151698422151	73.6102831753514
335.170982115643	424.586914179454	-1.09988075830219	68.9751956438163
334.984074908523	424.991986969897	-1.10143975395036	69.2438592447387
334.793327993868	425.397550262277	-1.10923857331843	68.9616488010314
334.969819177605	513.533832291432	-2.41378701687676	74.2220729563317
335.206650073066	513.767304742633	-2.41542021189756	73.5584526733378
335.6784540199	423.593358401285	-1.09222353747649	68.8032181369929
335.490267672946	423.994978273043	-1.09933175918822	69.1775653669301
335.300015257792	424.397846792029	-1.1005441804423	68.897001230413
335.494500373684	514.006203220772	-2.41619468105269	74.3298997262892
336.20226964355	422.609423727047	-1.07514919026251	68.7604607836627
336.00642133682	423.003440587621	-1.07868442866207	69.0077031674819
335.812958082249	423.400971419789	-1.0864791513102	68.720992151943
335.779298829534	514.249204609865	-2.41625337102362	73.5676781186235
336.019397845364	514.478088061605	-2.41576317389256	74.3586824106567
336.737018831318	421.630526377785	-1.06531781549548	68.9621503989915
336.534205833817	422.018624681395	-1.07188911175404	69.3293361765438
336.342293173024	422.414932653391	-1.07557810940289	68.9521820498251
336.311290433038	514.713119510648	-2.41470240246935	73.6953053680958
336.543901212683	514.950492386017	-2.41392159752862	74.2771821018907
337.071282844317	421.039847792853	-1.0586487994425	69.4192362896854
336.878663251934	421.432845253302	-1.06170653656131	69.285074861842
336.840450517102	515.180217481012	-2.41455105664842	73.7633741988775
337.068555807672	515.422586019524	-2.41499739230995	74.1357301729887
337.614804775515	420.065435878928	-1.05454857968495	69.3733242359721
337.422305085873	420.456137677319	-1.0588210380004	69.4661750380979
337.368668569595	515.648472083037	-2.41577752586031	73.8266518253208
337.594359144485	515.893553185367	-2.41511617080031	73.9740997231855
338.170636760282	419.099468815008	-1.04110403293176	69.1240499909171
337.970985717917	419.483170177881	-1.04328674157912	69.4348574041416
337.762134266193	419.863278059987	-1.05007662569542	69.0057453715189
337.895212689471	516.117991452561	-2.41471495744698	73.8925234787276
338.120881475181	516.364301557673	-2.41370249426914	73.8245327025386
338.737484531258	418.139989529852	-1.03617487551048	68.8710667353519
338.527270279347	418.5159811585	-1.0400268586999	69.397625387777
338.327245860084	418.899117772028	-1.04100803868782	69.1215033831801
338.42013010328	516.589416515727	-2.41283637752097	73.9808253809624
338.647706253686	516.834871217907	-2.41252633544379	73.701523394794
339.089341200934	417.553344144339	-1.03100473450081	69.2514739044561
338.891464919169	417.935642729445	-1.03343077896981	69.2086324587976
338.944067776951	517.062492600376	-2.41282284739822	74.0834045169544
339.175358612633	517.30375167974	-2.41378892054577	73.6131392420983
339.658893176875	416.596976275443	-1.02433120990307	69.1382875996194
339.458078562352	416.974697379544	-1.02954571301415	69.3882991125964
339.468226738145	517.535564102492	-2.4143199510966	74.1984588218645
339.705461776664	517.770001338848	-2.41396077824015	73.5313922275372
340.246864260984	415.654052717567	-1.01224798799323	68.9002617393435
340.030061056766	416.018662323441	-1.01429480686358	69.3998089230756
339.825022552026	416.392382411698	-1.0197156198806	69.0794440786732
339.992216939414	518.008693638535	-2.41292016579906	74.2568406460386
340.610960433654	415.069472710107	-1.01071391153761	69.3420232320208
340.409607458015	415.443591724777	-1.01216337678961	69.3710622924439
340.515501274176	518.482731663907	-2.41142337160427	74.2442431058581
341.202023404238	414.128029078779	-1.00690094097738	69.0601170251705
340.99188501074	414.494877465342	-1.0069003609162	69.4820357667961
340.778701617786	414.861010286094	-1.00908290185113	69.0107500315803
340.804236014411	518.71921741005	-2.41237971238263	73.5521705354952
341.03857227497	518.956405028576	-2.41374583394311	74.0966863538318
341.57586619324	413.548310064131	-1.00588418182527	69.4305675647947
341.373398707934	413.919666314202	-1.00725810590832	69.30506737083
341.339128894857	519.188639214607	-2.41737773343328	73.386777983022
341.561505810027	519.425379608935	-2.42406862534815	73.3851253873504
342.169275175632	412.609327317419	-0.996349261695706	69.246072614473
341.961927657709	412.975568068217	-0.999677949554257	69.5041796173261
341.88994077407	519.653311553375	-2.46189359802282	71.9830601932488
342.091726755612	519.862375759162	-2.50557345491374	70.8891800111973
342.553928746977	412.035297689983	-0.990805278002845	69.6305898558386
342.347307523388	412.401150359989	-0.995278961570067	69.3412183296474
342.47866178986	520.047260508285	-2.69933496767294	68.1973249383929
343.158086360249	411.105447465618	-0.984504461524423	69.3157485717137
342.949518140834	411.466389628166	-0.983557457805169	69.6326980830562
342.969908478535	520.218613567834	-3.02957780246969	64.5891295782912
343.549605954252	410.532928268782	-0.98816504532711	69.4849359149339
343.342033770327	410.89462693106	-0.985782932272437	69.2948083283516
343.542630404526	520.182721884086	2.93642450468856	64.0285310018259
344.155058412483	409.603991269574	-0.978755860613653	69.0370229954423
343.946219852729	409.964165368819	-0.983095936941933	69.3297336619599
343.996439912418	519.99396811011	2.61595989555023	67.1856805863848
344.552355581668	409.035723755041	-0.970839367129882	69.2899264742389
344.341680728049	409.393112005442	-0.975845184577152	69.0069614303964
344.542082218318	519.542577654644	2.30180947377952	71.9815296523295
344.325460801827	519.800648935713	2.39221682392263	69.5245651175612
345.172783587569	408.120212138728	-0.962337361673129	69.0310877023374
344.959458534406	408.471926488711	-0.963601187899398	69.3435800137128
345.224696639954	518.678955207977	2.22793873302324	74.2294577612924
344.998864370453	518.999063507605	2.23195341654177	74.4036290535938
344.773782965514	519.30346885209	2.24939882975369	72.7507764099841
345.576180716847	407.553152345364	-0.961767216150924	69.3307991549197
345.366099167126	407.906769093477	-0.962401862221906	69.1807111627635
345.652737242123	518.117313318681	2.22645019445872	74.692203392051
345.43570099384	518.450070254822	2.22636513255893	74.9259755109799
346.20623515872	406.644119932023	-0.958986244043321	68.9017775398111
345.987128890628	406.990996559063	-0.958846254979254	69.369766876813
345.762593422305	407.3339834571	-0.960105352379865	68.8176048052646
346.084895455062	517.564852778121	2.22650218075398	74.7935254752963
345.868091859562	517.898902504928	2.22714802593959	74.6939488192636
346.607716320224	406.075150517009	-0.959360720243788	69.2996968362302
346.397599667036	406.428604090728	-0.959780955463837	69.2587760758553
346.519714221166	517.015070949217	2.22475169146182	74.7756239318246
346.294696210251	517.342892147064	2.22606155650132	74.2627081893375
347.243706808775	405.171207879084	-0.958192887703951	69.0232714322427
347.01770429068	405.512387348119	-0.958129348401586	69.5759184356789
346.79964875279	405.860392284808	-0.959361434927961	69.0449069724011
347.174660384812	516.134231843858	2.2250491369183	74.3281817326399
346.954921698369	516.465442744337	2.22482132710254	74.6985641865497
347.640842101227	404.599903954439	-0.955304219013058	69.3503075839304
347.429734971594	404.950507558452	-0.957844842917609	69.5883619083315
347.604215406172	515.580556013973	2.22682773673121	74.6899956800668
347.388516977398	515.914288676718	2.22508734859745	74.5932676349609
348.053125228226	404.038295050321	-0.948041477938663	69.4212700536771
347.839241923924	404.384891004736	-0.95121133512083	69.2357304491877
348.040354751326	515.03152247495	2.23124362808158	74.9570922965392
347.818469297704	515.359266267641	2.22856574704205	74.4224503800362
348.691590842081	403.139645975429	-0.942135836289149	68.9188825513358
348.472820841856	403.480236641207	-0.943950771560444	69.3536223895346
348.705382530689	514.162244903251	2.2370528422609	74.7057549408624
348.480379598917	514.484566799806	2.23452292599394	75.1586498908528
349.105304694206	402.576890300049	-0.939997392864736	69.2879951272022
348.892668503659	402.921775451209	-0.941473637254602	69.2180410808461
349.139344690612	513.609800295977	2.2386718404955	75.1114198490256
348.921369267199	513.938041936866	2.23764746358113	75.2281187841413
349.526252436697	402.019193080649	-0.938904696240192	69.5538198924073
349.306770076391	402.35916042237	-0.940553614476635	69.0437310852432
349.578333820199	513.061520044671	2.23743995840768	75.3238544460818
349.360135145942	513.390048408219	2.23781719844797	75.1067816737858
350.167868790991	401.123735159137	-0.932657786593455	69.2856419262447
349.950538664399	401.463670793005	-0.934197422500499	69.5947247924556
350.020088060054	512.515829453445	2.23900834152705	75.333494922094
349.793170678155	512.837213974679	2.23824537896976	74.7791624856452
350.588521451044	400.565774987581	-0.931019874829681	69.5735833021693
350.374321912628	400.907182376099	-0.932062232283419	69.4690613926434
350.686700030876	511.647955298349	2.24036793813858	74.7854716151522
350.463412539756	511.971056662351	2.2401590363021	75.2643547710537
351.247515726315	399.686505458886	-0.92788097074006	68.9557095999773
351.016000851825	400.012023107143	-0.928414262080953	69.6411691544895
350.793028854097	400.345291973631	-0.929384521853579	69.1752674997121
351.123493491805	511.097871151052	2.2384910910592	75.1020239000082
350.905938021613	511.425461130852	2.23998362267561	75.1471927482709
351.662993650826	399.123219081929	-0.925380812576725	69.2172620077783
351.445701352925	399.459009853315	-0.927379189261565	69.5458867174774
351.563256905446	510.549993299393	2.23547039411297	75.4024740467868
351.344032233048	510.87676596261	2.2364269628567	75.0049325118374
352.089553854956	398.567970670089	-0.920426824629934	69.4829391505209
351.873949506911	398.904576489892	-0.923380987953621	69.342637558575
352.236262134117	509.687909390753	2.2401041550302	74.9310849653601
352.005052054574	510.004002348068	2.23779488541937	75.5683911567029
351.774429466979	510.321849822279	2.23596860342644	74.8242156161417
352.522424341542	398.017102209808	-0.917433476206423	69.6858352568675
352.298418248313	398.346983906968	-0.919502989790855	69.1352275993255
352.66936334729	509.135173170987	2.24411030397724	75.2729756723623
352.448561987738	509.45907333029	2.24148634558638	75.6042659689842
353.178990110434	397.138236963156	-0.914347300511936	69.2759893953565
352.958156073818	397.467792479307	-0.914392948628577	69.7038446660544
353.110634651584	508.588475191195	2.24743563204071	75.5041238928132
352.892218261344	508.913873284101	2.24573672715557	75.4815581937385
353.609050311784	396.584401474321	-0.914849527935403	69.4242263834393
353.393360510683	396.917406119958	-0.914261159878403	69.5056131320806
353.556337542517	508.045015339259	2.24821957057977	75.5553571752117
353.334025412119	508.367166456985	2.24797465626816	75.2146188569877
354.044309796933	396.03428520559	-0.914302846075308	69.4424816913836
353.823991566189	396.36344748185	-0.913790032953967	69.1332392142567
354.238281404034	507.190301926577	2.24834348531843	74.5754931434218
354.003976681724	507.503181530446	2.2493260011999	75.4048611720269
353.770793839501	507.8163331112	2.24914821606191	74.8026317034333
354.706067313794	395.159568839731	-0.912951543790597	68.8583554052406
354.481261515385	395.485507945835	-0.914408148048469	69.3947986163446
354.674229703469	506.639715352762	2.24720348229698	74.7094844489855
354.451551785398	506.961169089616	2.24822593221644	75.1775752101139
355.135316004879	394.605201201921	-0.909386581580917	69.0957736203731
354.918040437806	394.936391246974	-0.911402314950953	69.2527390873978
355.115768866134	506.093159265808	2.24691068566308	74.9276349953162
354.897291645692	506.417463093894	2.24743800410295	74.9587900338885
355.571815059205	394.055998438273	-0.906715799651506	69.289018927761
355.353234770243	394.385800776272	-0.908520021688474	69.0499008557215
355.560815610983	505.549085302474	2.24727833807094	75.1599914877136
355.339757553364	505.871053572641	2.24655021515965	74.7730205736911
356.248747215991	393.196772153762	-0.899308836539384	68.7568775208159
356.013023623426	393.51023394842	-0.901886402727317	69.399416448332
355.784210989335	393.831362147045	-0.904780107276236	68.8074896921353
356.244339531707	504.699916726218	2.25401691478366	74.6259580786118
356.008982126364	505.007306905211	2.25140204424101	75.3103291347381
355.777571720195	505.320102876469	2.24876280222266	74.5938124720633
356.680854563663	392.644499048182	-0.895145400793776	69.0815078054755
356.457379547615	392.966167213104	-0.897511903171137	69.4536737880847
356.684571367984	504.151470038287	2.25761577805625	74.9129675945306
356.4598006481	504.467071609243	2.25556628339708	75.3654218828411
357.121679690509	392.097651685084	-0.89444645581231	69.3550397000449
356.902791494241	392.422170944221	-0.894104729425528	69.4094323820828
357.131757654239	503.60788734344	2.25887212584249	75.0965591322647
356.911357570791	503.92725126606	2.25861289333368	75.2561260582434
357.566053731774	391.553030539039	-0.896209533751328	69.5505027963643
357.345742535175	391.876261170293	-0.895432444809608	69.2644599725759
357.582062100763	503.067011677463	2.25821349871391	75.1777346262623
357.36116924162	503.386396964004	2.25862330438124	75.0141812966803
358.248527137424	390.700235937483	-0.894462811565491	68.9764095842141
358.012403455544	391.009983792911	-0.895187695711298	69.6457048074093
357.782977187606	391.325610435616	-0.895943931007731	69.0545746785357
358.034283378876	502.528114267273	2.25942339152055	75.1818501621054
357.807118621444	502.842113541335	2.25888093207004	74.6873885436932
358.683761720352	390.147791075357	-0.893129483653469	69.2008870586478
358.459767073277	390.467610977191	-0.894147677532143	69.6411978672988
358.719184037347	501.681229205053	2.25978299867097	74.5269703904025
358.487899317209	501.990019002051	2.25975826359834	75.1727222949847
359.12590280846	389.601357490917	-0.890935718280399	69.3593714108022
358.906516520114	389.924754479878	-0.891847786106568	69.4869557935876
359.164049396966	501.135490097699	2.25848731543289	74.8194609530996
358.94145260375	501.451623728622	2.25950059379973	75.1440016009264
359.572571207818	389.058751173032	-0.889018249578213	69.4535630573471
359.351699710045	389.380290268381	-0.890019330763544	69.2451231521748
359.612325776314	500.592654300537	2.25775454618234	75.0964521878182
359.392936178993	500.911788089214	2.25759887230062	75.0761585758914
360.022765287957	388.518616140546	-0.885072306855058	69.483445508815
359.79396845615	388.832365770202	-0.887342204850518	68.9635288662204
360.064166508928	500.053272542947	2.26123738474375	75.2663859365005
359.841645882	500.369123435569	2.25928604435601	74.9199653239623
360.705122929463	387.670302609938	-0.877561764438729	68.9507149094763
360.475917472885	387.980109471168	-0.880550169600582	69.4843092715135
360.519424832847	499.516249249044	2.26474399673222	75.3642517260871
360.288489014763	499.823783138347	2.26300334252219	74.7171852020846
361.154188439285	387.128658437687	-0.874609398505178	69.1908312678751
360.931211588075	387.442756788158	-0.875667774682674	69.4484244564593
361.205922475726	498.672662199326	2.26654825549532	74.8480387084423
360.976583289106	498.980348980299	2.26663863252142	75.3974823517948
361.607672837986	386.590164461923	-0.873720601010938	69.4195161474461
361.38670309343	386.905426851505	-0.874381876451625	69.3798063863991
361.656062968699	498.130011210248	2.26566238342901	75.0598065685536
361.433375505986	498.444312147755	2.26586204211251	75.3584493768069
362.064353607699	386.054145899937	-0.872113631154955	69.5950843575782
361.840705565822	386.366378916136	-0.872854511807931	69.2672626651369
362.109306517695	497.590957622034	2.26721092949618	75.1773145805763
361.888177634338	497.906897182572	2.2663329234922	75.1774185790939
362.522763046381	385.519133488021	-0.872842041777209	69.7193537917489
362.292276503772	385.825315707889	-0.872276903732171	69.1366385397394
362.56548124782	497.054761679445	2.26989933069659	75.2677299105594
362.341436178527	497.367758432899	2.26832243456105	74.9345358663288
363.212014577461	384.677803137264	-0.874096720843815	69.1749110359164
362.980990543815	384.984066840044	-0.874264329754858	69.7452597212939
363.024150747472	496.520285925109	2.27141570085446	75.3474364050486
362.792891444611	496.826396581765	2.27074392555583	74.7167029945639
363.662450720974	384.137126770862	-0.870391553640641	69.3496259002057
363.438682933666	384.448459446352	-0.873220261399687	69.6822617698124
363.715063893941	495.681193818777	2.27043333173961	74.7391139146321
363.48332522334	495.985988531132	2.26980349325371	75.3767571415346
364.119174636318	383.601358799511	-0.864886821681217	69.4876000741023
363.897155769677	383.91279693917	-0.867452896022761	69.5376431661468
364.166790486559	495.142103930257	2.27461932046882	74.988675136913
363.942336454658	495.45123617916	2.27197030337832	75.3377295143458
364.579842868264	383.06799063605	-0.864046911276871	69.6022193444333
364.356401114285	383.377727129303	-0.864028839285681	69.3777193800477
364.6245120573	494.607167541501	2.27934453159615	75.2564033084151
364.402561271008	494.916633137954	2.27681884105172	75.3033971361497
365.0414448239	382.535311789232	-0.865303854824115	69.6694399808446
364.813441737415	382.841112143569	-0.864679209486228	69.2023049302704
365.086570077145	494.074404688206	2.27966505836426	75.4170889813364
364.863603994001	494.382528709955	2.28042605251495	75.228615847837
365.74159505254	381.707433299978	-0.862408212799086	68.9043260431078
365.503284010249	382.002809594401	-0.864983174307325	69.6546705746288
365.266716502852	382.300862679101	-0.865692419844403	69.0066644685895
365.548995814266	493.541765526608	2.27634314990512	75.4671125571082
365.322305080003	493.847786605754	2.27840914575659	75.0429111577963
366.196923182767	381.170653715539	-0.857071132758107	68.9763391697607
365.966793206153	381.47131823017	-0.859390749706187	69.540446956702
366.011001946109	493.009382067444	2.27652151085594	75.4733325518346
365.776136970369	493.309308957065	2.27610236673771	74.8002364522279
366.657868955612	380.637334509073	-0.854646201186938	69.1001528123658
366.432480580094	380.941314621825	-0.855347808767042	69.4156231957577
366.70525008368	492.177689905309	2.28266914847736	74.9679301499242
366.474217756062	492.477820766726	2.27991989565622	75.5137258572223
367.121660789274	380.10591190018	-0.854943886239723	69.2362201108126
366.898477615664	380.411660652295	-0.85461441653501	69.317087124343
367.164924240759	491.643420864267	2.28555069310723	75.2203674700289
366.939296555056	491.947351154656	2.28402778846238	75.5377010455033
367.586892088403	379.575953849156	-0.854397575566445	69.2969479727379
367.363346262332	379.880799328242	-0.854934679088638	69.1807815579708
367.627973332666	491.111257717719	2.2859203828939	75.4034634073489
367.40496753527	491.417398499845	2.28544987788437	75.5000604419522
368.05453543593	379.04793983756	-0.851632464255971	69.2482505571851
367.827328109365	379.348284651374	-0.85236908551156	68.940441045997
368.09296895336	490.580863011703	2.28643921969454	75.5128734892147
367.8695840184	490.886558733524	2.28621897217294	75.3579874014558
368.523855404398	378.520955785056	-0.850754295616395	69.2114740541058
368.290433686845	378.815430812381	-0.850624862786158	68.675348306857
368.559124584111	490.051387469831	2.28603593803842	75.6055562491277
368.332677961191	490.354492489128	2.28617248899013	75.1830492648346
369.231372159185	377.70286977308	-0.850021480371327	68.6452937486098
368.993414297654	377.994233751231	-0.850753999644642	69.2437349804839
368.750862007628	378.281593936797	-0.850731464478113	68.502796161518
369.025932354437	489.522526863106	2.28658181552365	75.6946893363057
368.793053894911	489.820270757793	2.28613257090639	75.0225403495438
369.69402005968	377.171424068809	-0.845910375417053	68.8731523985525
369.463101235605	377.467617770684	-0.849027410889136	69.3182332594486
369.730022279836	488.700289058741	2.28807826022946	75.0947263608843
369.493206121626	488.994096967161	2.28713314196472	75.7828493148753
369.250747136577	489.283770933774	2.28664018020624	74.9175278605278
370.161849462721	376.64508162075	-0.839317238360107	69.0426608982948
369.934509689096	376.941782816442	-0.842805109716016	69.3340301622493
370.190632070759	488.166338289374	2.28898128631907	75.2929254968835
369.960968555979	488.465988976964	2.28883397904865	75.8140028338426
370.634349587667	376.12145249511	-0.836103386739084	69.1761234763533
370.408718711062	376.417774834778	-0.837308419509666	69.2991474828346
370.653791867789	487.634330351521	2.28840999322257	75.4342917593066
370.428799966816	487.93782579869	2.28892890027561	75.7501830092246
371.10879407135	375.598284989757	-0.836748676992739	69.3137040459385
370.883708126363	375.894886775348	-0.836361985550108	69.2484534047503
371.118718480725	487.103787691724	2.28773951312776	75.5359863112198
370.895642887989	487.408743864356	2.28852962412734	75.6034816993921
371.583241692246	375.074944819635	-0.83860223919605	69.4311957421914
371.357433659835	375.371507269847	-0.838132201001116	69.200210861251
371.584747229043	486.574096164772	2.28769675741802	75.6269981119993
371.360894583353	486.878339608599	2.28772881509541	75.4322937806994
372.057767753229	374.551913299975	-0.838737641354725	69.4783597897951
371.829165167991	374.846302833703	-0.838784513344845	69.097608056471
372.052306321338	486.045771951392	2.28949188794747	75.6536173042098
371.824455142459	486.346348676267	2.2887710193844	75.2383598975422
372.532536197262	374.029229517966	-0.838686079266942	69.4681085878588
372.299448440817	374.319754422065	-0.838819610180813	68.946103693185
372.521131425345	485.518517659035	2.29055934095933	75.6185490136508
372.286745643532	485.81309127159	2.2903030508131	75.0123421439799
373.008020140612	373.507240917925	-0.83638640959759	69.4257432218196
372.76828496723	373.791269543569	-0.837722462097004	68.7718539381486
373.227097834448	484.700042226906	2.29092685931565	74.8315797274569
372.990485842474	484.991636095591	2.29081049857992	75.5423826194613
373.722760753649	372.702924009812	-0.832589192278245	68.7221255614647
373.484807854699	372.986199107493	-0.834089922495808	69.3826583678048
373.689680246708	484.167969741525	2.29351388470737	74.9674906670849
373.459981407103	484.464665667118	2.29165199050581	75.481693106913
374.196057141683	372.179597198664	-0.829371994995206	68.8327460112017
373.962861185251	372.466080805267	-0.831066727464874	69.3487272419606
374.156703162748	483.63970324296	2.29847314679669	75.0913912864291
373.930374297394	483.938142141222	2.29592356649789	75.3940292961774
374.672195716364	371.658450753877	-0.826255461955959	69.0133572298118
374.44225324472	371.947042175597	-0.828160460580636	69.3603875878506
374.627471519642	483.114364561474	2.30158212206968	75.2480044145897
374.402533654107	483.412869863531	2.30007778008941	75.3092029515611
375.150747122067	371.139017930908	-0.824703493826243	69.2366435836364
374.922807920578	371.429023369219	-0.825693267409865	69.4334833070504
375.100237877493	482.590131502867	2.30160674762471	75.4846763805042
374.875310796812	482.888123226604	2.30130987232175	75.2851564491599
375.630465540002	370.620846395161	-0.823068554679755	69.4156827626186
375.403827960435	370.911322466424	-0.824617581033423	69.5125350231505
375.573384168948	482.065785321682	2.30003376240488	75.7339171831569
375.34696937561	482.362877187989	2.29998553097705	75.3282758075649
376.112274385959	370.104847088944	-0.81963264649955	69.4645336417588
375.885630359098	370.393610038937	-0.821126086885373	69.4934981718724
376.046972945196	481.542100301684	2.3016256065963	75.8913383662493
375.816472880563	481.835813965182	2.30016769621725	75.3252116630677
376.596183858179	369.590163554539	-0.81745024460454	69.443827310767
376.368884553861	369.877087225974	-0.817900118460329	69.3732627249869
376.521998812089	481.019816324905	2.30480613103198	75.9786283231962
376.285515033185	481.307564118791	2.30288062134087	75.261628346095
377.081160448448	369.076038353874	-0.817110065473945	69.4219474720745
376.852689111364	369.361787305376	-0.816700629088598	69.2297325550286
377.240438534491	480.218140645736	2.30787793108689	75.2998049316504
376.998772814483	480.498888026095	2.30769590363059	76.0452802141735
376.754791066393	480.778576675671	2.30631981604301	75.1926109980548
377.566189520003	368.562134395475	-0.816969430275169	69.4254700952873
377.33622319927	368.846437776826	-0.817037563317086	69.112807354237
377.711652179153	479.691606196089	2.3078650555751	75.4653117064183
377.476242134752	479.978482448841	2.30762154129018	76.0959929282126
378.05181469345	368.048927321923	-0.815185567217618	69.4154753855077
377.819686483801	368.330174888418	-0.816087455857317	69.006979781087
378.184596520969	479.16757796767	2.30977641679515	75.5922078402768
377.953578277721	479.457962390027	2.30853071070137	76.0936047393474
378.538645605186	367.536708809623	-0.812313996223507	69.4044567514372
378.303747487536	367.814019352093	-0.813830289415976	68.9032466077654
378.659741097819	478.646291581367	2.31293131726989	75.6886062119067
378.431645370107	478.93769689192	2.31126113827603	76.043401298098
379.02704500162	367.025801109898	-0.809474853036451	69.3870088140207
378.788930863685	367.29890258355	-0.810636934762575	68.8121116724095
379.13756873663	478.126786825379	2.31440313472291	75.7488597185108
378.911046199443	478.418179480761	2.31427916450549	75.9562338286177
379.51620379318	366.515454088233	-0.809527773154706	69.3772815901253
379.275077297705	366.785237669225	-0.809095125316218	68.7374959017251
379.616494246066	477.607342773784	2.3137874483754	75.8088253176948
379.390789630483	477.899251876972	2.3143376776906	75.8460837009862
380.004720865924	366.004485241045	-0.811877116422088	69.3573077669588
379.760467744201	366.271858172666	-0.81059464419646	68.6662649694135
380.095796698526	477.087892244205	2.31275289653705	75.8887308765323
379.869630966592	477.380066557047	2.31340407375537	75.7388739585878
380.735678830839	365.224537575777	-0.810682990454971	68.6602744480636
380.492424560605	365.492804992543	-0.812374348186709	69.3502294643755
380.574736321069	476.568235985944	2.31139487742847	75.9862519058878
380.347057626096	476.860114693725	2.31183086264153	75.6593300740326
381.221431356953	364.712738272238	-0.805995775425821	68.738187728108
380.98098334218	364.981817199455	-0.808542059046215	69.3550425814946
381.053615532856	476.048979727398	2.31173924291976	76.0177505554989
380.823050000267	476.338498540303	2.31145501398359	75.5625812643205
381.710258049119	364.203211019174	-0.802280418675205	68.8311812252407
381.471617344901	364.472662171248	-0.804036040470678	69.3942069224357
381.533275863823	475.530589900428	2.31407760586913	75.9713516892611
381.298606500011	475.815375501695	2.31284018707764	75.4067074595716
382.201106645417	363.694951630331	-0.800464164430519	68.907798916284
381.963874886084	363.965042542469	-0.801181606653693	69.4368645722568
382.014748518951	475.013662106152	2.31790986086673	75.8560099666845
381.774793102884	475.291770339918	2.31621610365247	75.1986169670681
382.692762870468	363.186816608077	-0.800886554868412	68.9325012656416
382.456971190593	363.458272292531	-0.800376369734656	69.4496510909124
382.741111891225	474.223239377495	2.3188309304608	74.953883999197
382.497722934643	474.497886839021	2.31947243887551	75.754939130758
382.251926575244	474.769447610092	2.31913068615832	74.9891739110884
383.184218949602	362.678558750211	-0.801042243502074	68.9369233473984
382.949931279794	362.951472203561	-0.801091654433845	69.4035367582895
383.218444050644	473.701692183518	2.31661249052466	75.0335769029086
382.980562845088	473.982028740752	2.31776310136778	75.6992919857362
383.676052621716	362.171949861288	-0.797465089720664	68.9719478979314
383.442871185729	362.444490156765	-0.800022028513357	69.3742939061078
383.695375404384	473.180935078005	2.31667220548353	75.1675358009815
383.462281222131	473.465181223471	2.31585843230845	75.698103824265
384.170555849447	361.668602635855	-0.791628832596412	68.9898719725285
383.937493137191	361.938560224673	-0.794440300510083	69.3691561623546
384.174104094219	472.662797406878	2.32076626513752	75.3274327005087
383.943966536254	472.947935370678	2.31818278408752	75.7113080266291
384.667730193996	361.166204262405	-0.790601663736794	68.9327050369157
384.434685676712	361.435191532385	-0.790081116568961	69.3339526131004
384.656099405197	472.147060280808	2.32496895183368	75.4929433107096
384.427477672316	472.431979476358	2.32270503399258	75.7513404315967
385.164759201829	360.662521362194	-0.792542059878359	68.858908155692
384.93217341434	360.932854919854	-0.791305303880798	69.2368018973634
385.140534126932	471.632598809936	2.3268975910637	75.6277983130049
384.912682487086	471.91769421645	2.3259980023127	75.7817352428393
385.660910577339	360.158866916785	-0.79200180874291	68.849654205296
385.428826203214	360.429822037435	-0.792836579892438	69.1715410110707
385.625712948923	471.118438393374	2.32658828217394	75.7153265123874
385.398487859264	471.404329128841	2.32666498404664	75.7817695081209
386.157984924851	359.657346991483	-0.788049721612897	68.8820900775593
385.925934132438	359.926622405218	-0.790401205236643	69.1652357604957
386.111036320961	470.604627871879	2.32665576444624	75.7592283100025
385.883903082872	470.890608380527	2.32657512495317	75.7276435295019
386.656988129074	359.157743428194	-0.784131677951026	68.8993671298886
386.4250272201	359.424988097324	-0.786059098727104	69.1861038055487
386.596759779772	470.09122657228	2.32715724012462	75.7454333262965
386.36920891939	470.376635743743	2.32693158523368	75.6335010361411
387.157984114208	358.659444752417	-0.78148035596939	68.9083422585711
386.926030069637	358.925474088636	-0.782551654106568	69.194578911826
387.083294926451	469.578776678471	2.32922263779077	75.6686637048385
386.85454330897	469.862475196885	2.32856855006105	75.4696258922748
387.660154940898	358.161507819703	-0.781503787647173	68.9336475449424
387.427884549852	358.427250931549	-0.781312336397308	69.2269137569644
387.57080178751	469.067273302104	2.33076204249712	75.6137946242721
387.34071095347	469.348837532464	2.33041183311082	75.2954723169063
388.162127010307	357.66313364231	-0.782213067032763	68.956053553337
387.929500748559	357.929023741336	-0.782100068551741	69.2664349578748
388.059061066683	468.556324765382	2.33174528007083	75.6405909843272
387.827291267998	468.835528107298	2.33141278958603	75.1885947314605
388.663744464184	357.164971106775	-0.781126308773314	68.9318188442502
388.430913913961	357.430482794528	-0.782070699182508	69.2852395991317
388.547614830658	468.045348294563	2.33095246689821	75.7139664167007
388.314043865543	468.322773012051	2.3313799622454	75.1637142259784
389.166066397118	356.668741619428	-0.776975161151413	68.8409378419655
388.933192693938	356.93237096065	-0.77896265372598	69.2385105825247
389.035767942831	467.533931365675	2.32987041544559	75.7820581446193
388.799748768784	467.809758713943	2.33029486079718	75.1496155710827
389.670563356656	356.174956049132	-0.772882357332494	68.7166558424035
389.43752494754	356.436095639074	-0.774398217484622	69.1547972485288
389.523552780307	467.022343337357	2.33024992158826	75.8471238087717
389.284545276765	467.295961762526	2.32954649178024	75.1341487339751
390.177313750837	355.68297288781	-0.769673909842104	68.6201191241479
389.943435206892	355.941721652185	-0.770933489654499	69.0755604677593
390.012558153147	466.512023598673	2.33519668485734	75.9126212113098
389.769605234237	466.780841239131	2.33218126360671	75.126420563753
390.685744307263	355.192337722836	-0.767908869747311	68.575268307301
390.450526217823	355.448844623466	-0.768537163861807	69.0599387108582
390.504347751695	466.004213974013	2.34100014973155	75.9755179994393
390.257887037888	466.266967773838	2.33810827564316	75.1410695498326
391.195034249487	354.702495363745	-0.767261275462702	68.5457648274097
390.958349048173	354.956812925471	-0.76748158346051	69.0783183738232
391.245765350569	465.240042820782	2.3436335728867	75.197855356942
390.998400219569	465.498437708999	2.34399537303467	76.0156142025407
391.704971734844	354.212856262305	-0.767314543667786	68.4948680147106
391.466486424505	354.465180683135	-0.767260145531572	69.0918633268071
391.737925165375	464.731492489802	2.34215184220075	75.1953032660929
391.492814662389	464.992991396198	2.34281676022304	76.0047155951546
392.215508047485	353.723207891943	-0.767069862412312	68.4328899851256
391.974516162499	353.973555908118	-0.767237819602274	69.0741658915716
392.229485780171	464.222756649729	2.34085661153423	75.2040397467646
391.986582432665	464.486960392935	2.34159343126728	75.9592276377204
392.726318633307	353.234286357625	-0.765644608978688	68.3649193260407
392.482531544482	353.481917732943	-0.766554684863841	69.0576100958025
392.719916984101	463.713587214504	2.33938703810218	75.3089097909717
392.479688073561	463.980302715741	2.33998848720611	75.9691496387947
393.237460073708	352.747938087671	-0.76193874915331	68.2819532682278
392.991130864516	352.990780534354	-0.763867985018134	69.0229233892481
393.209912245185	463.203928091976	2.33839600382093	75.4729545870005
392.972019242227	463.47286664239	2.33866637434687	76.0667757228072
393.501281039639	352.501345765939	-0.760003930036367	68.9933804574753
393.70003619641	462.694493897275	2.34052242152	75.5981775994876
393.463867590398	462.964945386997	2.33868534058384	76.1701406455655
394.012596593699	352.013299893838	-0.759078039877656	68.9828009016085
393.768457065388	352.255827767241	-0.759173490039386	68.2797942073809
394.192580515259	462.188098815557	2.34596278058203	75.6388176550984
393.956730341511	462.457851630892	2.34323091153252	76.1977143296594
394.523941323755	351.52527050425	-0.759343053478928	68.9971357439366
394.283556029354	351.771553700009	-0.759393090680666	68.3408572394377
394.687791443029	461.684372371525	2.35011373999951	75.6766761576874
394.452013915575	461.953006983762	2.34834682724827	76.1931059433907
395.035540799269	351.037641138679	-0.756905389211015	69.0026080583342
394.798127669972	351.286765559792	-0.758522369068869	68.4149912453343
395.18461135902	461.181875518449	2.35131824103356	75.7407438404155
394.949092586356	461.449955568779	2.35076905027152	76.2297863801366
395.548469817414	350.551719584303	-0.752723015454594	69.024723081427
395.314095970261	350.802505082028	-0.754962062336442	68.5074639746411
395.681783324331	460.679896423551	2.35264413683791	75.7818527074293
395.446773093184	460.947479405287	2.35149334290183	76.2799616617458
396.06296293367	350.067563703076	-0.750827597119382	69.042737978145
395.831639039707	350.31990177294	-0.751703297175136	68.6320084700844
396.18020039969	460.17926408687	2.35448956837984	75.75138724302
395.945197574591	460.445581579781	2.35391338083198	76.2720190862122
396.578205093429	349.584239632481	-0.750156038216089	69.039336731278
396.349342458439	349.838090960797	-0.750732266633525	68.7542764382833
396.679261715709	459.678847793386	2.35493154086158	75.7240194949821
396.444463036677	459.944628289798	2.35500010485333	76.2255580426379
397.094174339385	349.101751442561	-0.749116037129812	68.9870928453898
396.866884095904	349.356360418027	-0.749723803434444	68.8443808305249
397.178511873414	459.178181277125	2.35453304884596	75.7435178908903
396.943883283295	459.44400213328	2.35472590449182	76.2167920859767
397.611042376705	348.620262040301	-0.746945977567952	68.9017420684756
397.384340138037	348.874830405214	-0.748247120099962	68.8997767878077
397.677579459912	458.67740054328	2.3552794585192	75.7770174242884
397.443142110177	458.94326576794	2.35442314822214	76.246061287844
398.129527436664	348.140666237568	-0.743852880621537	68.7924104015347
397.902221926407	348.393921826026	-0.745312249009067	68.9358780424058
398.17745129341	458.17764266078	2.35686412105706	75.7670932685827
397.942810941811	458.442796036998	2.3562798837479	76.2546259150295
398.64973097398	347.663445361006	-0.740545912302743	68.7071479223298
398.42099639123	347.914002013268	-0.742145792420488	68.9859800770168
398.677717039372	457.678006339789	2.35672588114456	75.7568046549406
398.443139649568	457.943042461108	2.35710886548298	76.2402319066336
399.172003335505	347.188567884983	-0.739522398956243	68.6180655369208
398.940761799929	347.43517613737	-0.739547731104541	69.0601699913231
399.177617531708	457.177835227509	2.35501933317351	75.7803124540478
398.943252807292	457.443198819238	2.35594180630827	76.2492011506731
399.695307059355	346.714702778784	-0.739785848322188	68.4977607155424
399.46052093937	346.956648635301	-0.73978885211878	69.1007612540292
399.676505485908	456.677217147835	2.35551108749424	75.8205074343814
399.442697231504	456.942618913644	2.35461224981147	76.2861588588255
400.219981913261	346.242641366947	-0.738794463957751	68.3354992992227
399.979994337151	346.477952436527	-0.739350933696849	69.0813415069318
400.17658848823	456.178193056042	2.35883574782389	75.8020030625691
399.942685399678	456.442292998317	2.35731582868089	76.2977416148009
400.4997731718	345.999749002599	-0.737633763812847	69.0067360538954
400.678494663666	455.680392380809	2.36059586048545	75.7465250611541
400.444153081096	455.943532396517	2.36029241304586	76.2578555956439
401.020661989827	345.522976458596	-0.733834378384942	68.9102910875984
400.780634027526	345.756256039515	-0.735543478336321	68.2352114870757
401.181032277806	455.182450125601	2.35925026979461	75.7308521609493
400.94613582276	455.445616777709	2.3602834098984	76.2245415793062
401.542974023865	345.047952314218	-0.731268878693892	68.8236603250932
401.309062527366	345.287051457355	-0.73212664553699	68.2718743066287
401.682444882215	454.683551561995	2.35885154655543	75.7983996055287
401.44735967056	454.947079674421	2.35830634925406	76.2650503713506
402.066347186093	344.574206814862	-0.729697646698345	68.7618595045721
401.836844853315	344.817694887539	-0.73029307762988	68.3616990391345
402.184258179494	454.185913785534	2.36226782887925	75.8537748953944
401.94855735008	454.448244088406	2.36001505115554	76.3526517474217
402.59059444461	344.101644941316	-0.72851155805918	68.6829740012384
402.364041692321	344.347732424399	-0.729214257225074	68.4837936444036
402.687849048984	453.690699427318	2.36652447717386	75.8130494178848
402.451444472194	453.950849476564	2.36448751700582	76.3901663973797
403.116326471751	343.631329368815	-0.724668092372959	68.5736233898574
402.89075841033	343.8770336013	-0.726657713248707	68.5860157279176
403.193419417385	453.197452695195	2.36794903717404	75.6743793158343
402.956258225631	453.455383057859	2.36801129872011	76.3297192545956
403.644932385792	343.164455560348	-0.720744353143947	68.4572930702703
403.418022093089	343.407180805891	-0.722344957570173	68.688214521604
403.699325474204	452.704364851649	2.36841638331577	75.530607070177
403.461637808652	452.960692109055	2.36817602295506	76.2157038620056
404.176689816519	342.70124697487	-0.717746326686806	68.35483626927
403.94572751841	342.938321947338	-0.719001046349485	68.7978030553221
404.206158967896	452.212425335972	2.37102963986174	75.4267911383713
403.967228781183	452.466288198904	2.36962337464524	76.1269538716768
404.711687975789	342.241943260856	-0.716549521789842	68.2291274925467
404.473825877122	342.470139530038	-0.716813035884015	68.895570765903
404.714572902099	451.722313810828	2.37416218677666	75.3605517564606
404.473918219646	451.973040514594	2.37271335475485	76.0901234727212
405.001939350634	342.002224224224	-0.715958330456913	68.9059706919699
405.224810409109	451.23366338882	2.37456815861055	75.2996769841427
404.981895022932	451.48119790232	2.37495293226337	76.0790412970556
405.530504347804	341.535245657559	-0.713804565823355	68.8594810375268
405.294577841291	341.763358078721	-0.71495437817078	68.2232835116009
405.735002671545	450.74439488356	2.37342216284767	75.265748738066
405.490038504164	450.989643435799	2.37378171455779	76.0729821075111
406.060309950048	341.069954498252	-0.711964316476862	68.7908682890407
405.831716732569	341.305012423766	-0.712807294316539	68.3599880922951
405.997767432309	450.497681018947	2.37321289456657	76.0929552153079
406.591623073236	340.606336676667	-0.710567476433253	68.7175298863584
406.366564896872	340.845237493245	-0.711459205560294	68.5353350555018
406.50546772487	450.005657827613	2.37358356502188	76.1188594794327
407.124702749581	340.144964172518	-0.710023324607438	68.5677797218677
406.900044736264	340.383924125603	-0.710215565156719	68.6950004443412
407.01328917926	449.513700329041	2.37432715314515	76.0953580979291
406.767666874567	449.760083379978	2.37401384107175	75.3040910341558
407.659598337284	339.686940148631	-0.707517864689835	68.3435286874482
407.432565418053	339.921274065724	-0.70892679315666	68.7641768913997
407.521088478203	449.021778992322	2.37463516990765	76.0444965968623
407.277997479997	449.271089253633	2.37435528680759	75.3057647059671
408.198397024366	339.234827169868	-0.703434698295149	68.1035668216174
407.965103912191	339.458848399658	-0.705070766079136	68.7640517776144
408.029372461449	448.530603841443	2.37703072437162	76.0365457479958
407.789223156215	448.781453985829	2.37568454784658	75.3264525930178
408.498251664259	338.997922159605	-0.701651026788655	68.75989620343
408.538878841893	448.040751512315	2.37922240201103	76.0301667825357
408.301954704584	448.292887617829	2.37828956073901	75.3961654680443
409.032371239812	338.538601309907	-0.699035340561561	68.7912602815334
408.798406378884	338.760039191287	-0.700166059551835	68.1050494888961
409.049315416829	447.551785891262	2.38063038843149	75.963586378978
408.814805319027	447.805541865747	2.38020194904336	75.4335546716804
409.567673127213	338.080788725218	-0.698157644363264	68.7791886277703
409.341510339604	338.311123908142	-0.698839613400404	68.3669115424891
409.560155109918	447.063387642299	2.38136703708688	75.8910647310096
409.327896771196	447.318933595546	2.38110705326711	75.4377383031822
410.104792628825	337.625742847479	-0.694802226286751	68.6592742388134
409.881858034343	337.858681194865	-0.696630663564004	68.5949121565373
410.071585642242	446.575957045952	2.38379374892924	75.9124839753258
409.841279095803	446.832283117612	2.38230502426696	75.4939991488991
410.645421284492	337.175932270313	-0.690460527815915	68.4160764963199
410.42124154854	337.405010305927	-0.692072511813023	68.7310414987738
410.584364583588	446.089939058002	2.38652302533038	76.0115474446762
410.355638703501	446.346669274282	2.38471042101849	75.6661627901182
411.191062483275	336.733837582818	-0.685070878589315	68.1231729698067
410.960272130607	336.951580650392	-0.687213940643033	68.7568170124729
411.098509293648	445.605072477609	2.3880230705509	76.0817892323511
410.870594123687	445.862139679879	2.38713406308075	75.8746783455222
411.499869644386	336.499839407073	-0.682589862525333	68.7235287080356
411.613283371129	445.120226642379	2.38645315098724	76.0395279397064
411.385535007177	445.378195322132	2.38747998244085	76.0195990442658
412.040217024851	336.04969384461	-0.682162716824557	68.6248061319641
411.810425688227	336.265583943157	-0.68196505098281	68.0548856645055
412.127733208384	444.635074964121	2.38612895352671	75.9071457204608
411.899309589749	444.893305259869	2.38630311983705	76.0437099558099
412.581699971145	335.600787569979	-0.682113228431089	68.5010536780351
412.359071603978	335.826016673685	-0.682536061076568	68.2456664503303
412.642304394932	444.151016982229	2.38806584407523	75.7585806478455
412.413092729464	444.407917583284	2.38713140480435	76.0168859406445
413.125674074333	335.155467795937	-0.679762496173873	68.3468351068138
412.90387096331	335.381420995566	-0.68153225325866	68.4645490788249
413.157706734634	443.668955284082	2.39065837998839	75.6594219795637
412.927789789787	443.922991565039	2.38942995312706	76.009842404761
413.674198629134	334.717876727536	-0.673916443952608	68.1636158418095
413.447405700117	334.934624162488	-0.677191361251797	68.6563520851561
413.674631094964	443.188600752236	2.39235444112636	75.6089860488133
413.443355726661	443.439069182372	2.39157222709339	76.0732727598251
413.991281112516	334.489031343013	-0.670817120236654	68.7565410715569
414.193414821354	442.709883346773	2.3945761034936	75.561501735953
413.959198849572	442.955839546148	2.39353454748259	76.1534167870141
414.535733987697	334.045155192693	-0.669859544248201	68.7231702254941
414.304999790762	334.2538219029	-0.669763314774446	68.0768957014955
414.714619883739	442.232906533324	2.39570428275997	75.4815872750005
414.475624951916	442.473540281882	2.39564074024413	76.2144185930513
415.081230162188	333.602720939892	-0.670011965955643	68.6181084699455
414.859677184448	333.822681207107	-0.670164248682485	68.3352844420526
414.992306238736	441.991661159475	2.39559894703474	76.2197574265683
415.629436996235	333.164055101975	-0.669178575884991	68.4238262840187
415.408958530196	333.384824939027	-0.669957109500799	68.5933673972013
415.508842206315	441.509566838746	2.39535355622356	76.2000346494819
416.182896162834	332.733991451119	-0.664037740440989	68.1597974151908
415.955522902008	332.94336730764	-0.666738132715704	68.743851603408
416.025697763899	441.0279042666	2.39748348419175	76.1614132163897
415.786047874965	441.268212873966	2.39617237362197	75.4374509724031
416.50214111084	332.502757000549	-0.660512557406719	68.7788916710405
416.54391697218	440.548081132136	2.40166701820851	76.1521117357206
416.309198282121	440.792001069843	2.39960532641863	75.5337475910182
417.050267926806	332.065159634398	-0.657527828382549	68.6647864163773
416.824904326027	332.273400159607	-0.658501482498733	68.1625355302468
417.063821497446	440.070131356373	2.40334168862467	76.161572981084
416.833232950143	440.317039384912	2.40272555980278	75.6869596426821
417.601309406849	331.632076554194	-0.654609137179537	68.4149342279655
417.382533229828	331.847123837037	-0.655828072631306	68.3793197525577
417.584302137757	439.592394512646	2.40214761963297	76.1814198887642
417.356250940309	439.842378222354	2.40245884248369	75.8735301982791
418.157832182277	331.207243302208	-0.651869334357616	68.0325316434776
417.935906626311	331.415955476861	-0.652412173072531	68.4999591480283
418.104506564267	439.114468601659	2.40090618067825	76.1905120099096
417.877705479414	439.366292437972	2.40093466242063	76.0622186774024
418.486973914913	330.98278763546	-0.65011181289326	68.4856422529497
418.624596657108	438.637555836483	2.40302316411273	76.2311531916464
418.398469767061	438.888629655047	2.40101937098035	76.2642783159958
419.038209283381	330.550894010476	-0.645601955673502	68.4014318301574
419.146902486307	438.16336316398	2.40658076322338	76.2528515922998
418.919896480611	438.411308494384	2.40447012217924	76.4934689903605
419.592529149425	330.12395930269	-0.641656211765131	68.2268557420413
419.374835777574	330.33274044039	-0.643406616254253	68.066415341851
419.67237402987	437.691274579438	2.40829453305648	76.16010791932
419.441939878781	437.935466470311	2.40752787524585	76.6580542303358
420.153170016913	329.706933486832	-0.635645764854578	67.9767593585906
419.932955441751	329.909835525406	-0.638466453036887	68.3379355694507
420.200220314006	437.22086474546	2.40779161373266	75.9180544920517
419.964019971533	437.460142971863	2.40855952020193	76.6626482033792
420.489161162966	329.485274735142	-0.632466519508767	68.4802801877187
420.48568453791	436.984182747087	2.40772868580885	76.5478975024791
421.045450490493	329.062275568324	-0.63090382621034	68.3654561308422
420.821631670944	329.256204864845	-0.631184442084883	67.8390986471738
421.007302176635	436.508104311984	2.40841211827013	76.4483586079923
421.604565423325	328.64433817756	-0.629128035771687	68.0779655970023
421.389300683006	328.847444039557	-0.629895099936188	68.0787527649228
421.529226604523	436.032604915089	2.40890818427811	76.3931326695458
421.291770300111	436.268106592159	2.40878389312586	75.6584218024712
422.171269480094	328.236811791257	-0.628421724703043	67.7190019732976
421.949731412979	328.430453876623	-0.628501761990731	68.2554826587294
422.051684234343	435.557921120567	2.41064886518615	76.3510085625314
421.820135364672	435.798846614769	2.40981346343134	75.7761703912748
422.507146013868	328.009886562288	-0.627684729191257	68.2969290313331
422.575284638042	435.084744297259	2.41299054925684	76.2878520671786
422.34781061523	435.329050684445	2.4119639109253	75.9208662923153
423.065802650393	327.591623189914	-0.622058067977375	68.1840319323573
422.846883683849	327.787554368184	-0.624602648257738	67.7798378554327
423.100597291705	434.613587754132	2.41580828728125	76.198170658191
422.875049345992	434.859059308157	2.4146387203333	76.0620194196321
423.63011679325	327.182944229725	-0.617351376851584	67.8845983750983
423.414564904194	327.380354887504	-0.618882823639788	68.0891197467823
423.628091847362	434.144196718951	2.4167731788539	76.0445479639734
423.402042635492	434.389445875321	2.4167100346336	76.1837613295041
423.976988222051	326.967379091461	-0.614189995706421	68.2542532147717
424.157309769574	433.676444263666	2.41776004566147	75.8081100530058
423.928228254055	433.919291770326	2.41751066375531	76.2207146958034
424.538873734885	326.556030451253	-0.60674933054623	68.2371075436797
424.688051902676	433.211783038258	2.41955186143368	75.5384583133257
424.454316931659	433.448620925421	2.41896324780861	76.1857870942937
425.105171263289	326.153499609815	-0.602228942331268	67.9742619281475
424.893113922678	326.344668033192	-0.603912375321026	67.9753386348587
424.980743925661	432.978161756938	2.42123152614009	76.1414005696877
425.461335699383	325.943162844688	-0.599174498550327	68.2224583733679
425.508083162257	432.509275734714	2.42486916231094	76.1595087460842
426.027518602477	325.541014013866	-0.591253157037996	68.2592363191055
426.036540589129	432.042153403922	2.42661611054269	76.1663208929872
425.802526599153	432.272668282519	2.42599819590854	75.4823082874845
426.597415740943	325.146376920784	-0.588210962851353	67.9772851392811
426.38712943956	325.330683581687	-0.588609135565398	67.9180795399906
426.565826018537	431.576052150703	2.42718656827537	76.1619121652902
426.338044415129	431.813182035932	2.42672831731146	75.7047454772594
426.959461900727	324.938767005099	-0.585836382829373	68.1470667239723
427.09603011531	431.11109806997	2.42732594454507	76.165985179348
426.871382586461	431.351528442837	2.42674978986936	75.9661368051401
427.528636705513	324.543699447284	-0.579324028217026	68.154909475528
427.627683411804	430.647531053421	2.42761129180078	76.1578154502286
427.402993627576	430.887998771392	2.42680385265934	76.2543120574634
428.101893917057	324.156932181372	-0.575629560191767	67.8780877415094
427.893041918382	324.335812969944	-0.576733671022113	67.8532249449003
428.161642087794	430.185657612435	2.42612092303821	76.0296991681596
427.93331989523	430.423216945939	2.42685147871315	76.4693519995034
428.468054040773	323.950532270251	-0.573453628887566	68.1588236175767
428.696807381922	429.725674670051	2.42563595684637	75.8150617563533
428.462364540523	429.956832905048	2.42532143785495	76.5309868862847
429.04026766655	323.563063652539	-0.566910821260082	68.244767702183
428.991046548764	429.489691540161	2.42698378672645	76.5134080400753
429.618056135461	323.186558862881	-0.56407450272966	67.9509015123294
429.410775447215	323.359541446517	-0.564916958800232	68.086488057839
429.520855199542	429.024275479375	2.43229783594258	76.4768422608203
429.987018580667	322.979283153623	-0.560362359276422	68.2937001951226
430.053128872006	428.562397936989	2.43806391767533	76.358085245465
429.823112135407	428.792732630875	2.4358918899929	75.8246278404433
430.562525165086	322.602017152864	-0.549608487468045	68.1715713589905
430.353978371207	322.763787972409	-0.553875363420794	67.7852221645076
430.587792671673	428.102945276213	2.43771633695507	76.0510773260755
430.362817581475	428.338460484309	2.43922931059213	75.9051907175268
431.148376794189	322.246296220082	-0.543700904527375	67.7363291854672
430.94122844029	322.402918354559	-0.545110164176756	68.1636484330612
431.123485257135	427.644672020242	2.43692628946854	75.6743935020894
430.899108328678	427.881497338398	2.43810635686725	75.8583778108245
431.519551912936	322.032789261661	-0.540691072612469	68.2121794374856
431.660738173846	427.18904189277	2.43775712427483	75.4063219762145
431.433468716844	427.421827255947	2.4376835437663	75.84686287504
432.101595086522	321.673324080656	-0.529708682044495	67.8985061544438
431.900537476326	321.831261485647	-0.53415372459223	67.9075247377203
432.20126317436	426.737592858424	2.4393544602074	75.2755397825683
431.966842228991	426.960958928257	2.43832553167705	75.9439773012761
432.485199880027	321.474522401942	-0.523956695293365	68.1361498664319
432.500205709752	426.500242950917	2.44026827729799	76.078074258629
433.067699998841	321.117619073202	-0.522363176266674	67.8361750848596
432.865632529935	321.26681725779	-0.522365946893463	67.5845724892147
433.034210049278	426.040603235872	2.44229393336928	76.1178066026128
432.800218974183	426.263756105275	2.44109819951953	75.3911936870882
433.456479417186	320.923241356989	-0.518112278607263	67.8439966146976
433.569589301573	425.583105699826	2.44480563757249	76.0520705495375
433.343623242374	425.813822480987	2.44352958000549	75.6502938374092
434.040085764217	320.572812678738	-0.504539838039319	67.8130838563912
434.107069887063	425.128099893015	2.44432365038105	75.8585320046546
433.884333546734	425.361572153704	2.44508197955764	75.8513077501624
434.632665447893	320.245968165031	-0.497185557567045	67.3515092758469
434.436163873266	320.382208020185	-0.498642864270506	67.68560746098
434.646260866625	424.6749537437	2.44274748437993	75.6281391195338
434.421997153863	424.906652786916	2.44346058190623	75.9711557056133
435.022695550629	320.042599935712	-0.492961097395851	67.78106663691
435.187843348538	424.22492400739	2.44191913516746	75.4385238816646
434.957548511914	424.449228832751	2.44205869244746	76.0712004505169
435.614220701143	319.720803812432	-0.477364635506576	67.572331056962
435.422764247223	319.852873003765	-0.484634731591208	67.6785566382022
435.492091746577	423.990525694339	2.44223770688024	76.1714615578621
436.014211465957	319.527922815057	-0.466908598152164	68.0449883280624
436.027214529225	423.532816466958	2.44655726413086	76.246907205371
435.79183512239	423.750063187483	2.44431258739668	75.4221886164076
436.609651150034	319.21917662292	-0.46298057586706	67.6597830921355
436.421705412091	319.344008717835	-0.462666712593871	67.8379689867422
436.564428666105	423.078221954302	2.45161759719562	76.2271024367966
436.338269143936	423.304384844599	2.44925003136891	75.7230085158579
437.014130912636	319.028653314787	-0.461020338755355	67.9479876745737
437.104899674245	422.628010097828	2.45666882619193	76.0734090467058
436.882501840063	422.856906604431	2.45456232402667	75.9901329526906
437.609022271318	318.72836955759	-0.446788696804899	67.5855797864761
437.42543285505	318.84571052863	-0.452963275704759	67.732385029976
437.649879814647	422.183023401649	2.45869203888011	75.7508805408004
437.425274744456	422.408604338533	2.45867014495082	76.1449351093976
438.019764853596	318.542426138564	-0.434850182694799	67.9222168571597
438.199756531096	421.744354245425	2.46012974071464	75.35661305954
437.966471172212	421.958945234578	2.45986216013793	76.1277987005601
438.43999582537	318.368040336533	-0.427802997972766	67.6951474203574
438.507135425174	421.508767017776	2.46097837175191	76.0328684232188
439.033976132744	318.077162751941	-0.420859815374942	67.6226040376971
439.04799371684	421.059282254223	2.46082674067281	75.945059879595
438.8193417466	421.277395771938	2.46094043958629	75.3441645521169
439.460915886802	317.908140862307	-0.406871221689088	67.6262298762691
439.58990392894	420.611648768572	2.46132269813067	75.9487018520988
439.36824670754	420.837088619681	2.46036118950103	75.6689082059002
440.056377345623	317.641209477882	-0.374034290957089	67.7995963180156
440.134637091173	420.167205424342	2.46057500361132	75.9636526098919
439.913053473812	420.392312609772	2.45996528134656	76.1027291986392
440.494725744713	317.486321229744	-0.358322381795248	68.0221645579881
440.68332344696	419.727250493955	2.46040683264203	75.9031520141552
440.455048267032	419.944393337212	2.45935316805027	76.4733104793237
440.937018598277	317.331558730322	-0.353586882636377	67.7496276411296
440.996006165683	419.495055845089	2.46088690764434	76.658219810277
441.533099465285	317.091927931681	-0.353659064858252	67.6409816794411
441.537184469137	419.046087205226	2.46212005483473	76.6217741232498
441.306015544803	419.259680356468	2.46153438924534	75.906820619581
441.98071946569	316.943517563659	-0.340460788652471	67.6406601815217
442.080094646222	418.599517790783	2.46538614144862	76.4064237473241
441.857156360346	418.822528730428	2.4641208946041	76.1197551550386
442.571789346612	316.735654939697	-0.299345527260446	67.6618134928025
442.434328722156	316.792803283939	-0.311350014085448	67.5849353086088
442.626685507821	418.157801124534	2.46814237801207	76.0165240231082
442.404936236848	418.381449619924	2.46780074129582	76.2392417701194
443.028597404246	316.602757206754	-0.262818845514584	68.041940036041
443.178456997305	417.723432981382	2.47145013097005	75.5703919981523
442.950463865403	417.9379727231	2.47059185929987	76.2262491520458
443.497708450045	316.490976370565	-0.234270886690338	68.1101215711163
443.495218747118	417.493988939373	2.47283129213441	76.1609497297307
443.973843551577	316.38713436948	-0.215615660870902	67.814201970746
444.039927580847	417.050266244136	2.4723192228048	76.0586975026256
443.809935391828	417.260785740803	2.47257257568927	75.4013422895619
444.454438575272	316.282325395946	-0.204272778566358	67.2962152180204
444.585833050559	416.608633946333	2.4736933638869	75.9398792098533
444.364357273532	416.82895129716	2.4724848835891	75.6824004375729
445.028844453022	316.157104011586	-0.188797243907572	66.856726775645
445.135261342048	416.172229201145	2.47434771714547	75.7549195059127
444.914381299865	416.391334384314	2.4740456779444	75.9873759940603
445.510924161123	316.073712183555	-0.163172750478978	66.6202157909982
445.68965309986	415.742393221761	2.473533936778	75.5813968739335
445.461220068363	415.950588442438	2.473480918902	76.2261745167661
446.000765103422	316.007282574122	-0.122551898319018	66.4354824063601
446.006308825643	415.508052254452	2.47285484124787	76.400968813553
446.497906602153	315.962087373698	-0.0685244236319473	66.2951339249474
446.551339662597	415.065734386681	2.47387757377337	76.4500304142087
446.325991138153	415.277974866613	2.4727891233887	75.8035760136675
447.000029161368	315.94401260629	-0.00398665071985546	66.1752088439997
447.099127459482	414.628099070935	2.48098721800712	76.3250200359316
446.880086951832	414.845828525581	2.47754078885427	76.1781429563038
447.502489841036	315.960116111802	0.0680979586164035	66.0861175096653
447.653735388841	414.199587821228	2.48673678442508	75.9949640356564
447.431811656417	414.411477923486	2.48536642875504	76.4290992928483
447.998588306431	316.010742803436	0.143531293521794	66.0745158207639
447.981943494783	413.976524109175	2.48874938421284	76.4573845453936
448.480347380217	316.094356384618	0.217462033388848	66.1698622087463
448.532150693592	413.541771036561	2.4905847077602	76.2697175607012
448.938201946466	316.210633086908	0.289058782925941	66.2916111877159
449.074292413802	316.265200314565	0.310858179156757	66.2552682582575
449.084187336148	413.1096407054	2.49072566153643	75.8729022993456
448.863547359001	413.322066034501	2.49135116799732	75.717039000561
449.527241680849	316.435262592204	0.394911336075213	66.8277965665167
449.639893865882	412.683521747667	2.49165404857169	75.4411633515405
449.419519043996	412.894551766726	2.49155596918594	75.797674192311
449.942523574942	316.608480408047	0.483458003909922	67.1006565331819
449.971688006135	412.462757101398	2.49125505363512	75.8690693293326
450.516440898845	316.976211065716	0.608271487097675	67.5817995116547
450.52182071935	412.028597338264	2.48792677545927	75.8563863887712
450.85094898616	317.192600378998	0.661665646545265	67.3897727401588
451.071795402266	317.411766474571	0.690116187205415	67.9257520991699
451.072479730963	411.595066253396	2.48954423270434	75.7434167598471
450.851709258475	411.805896896837	2.48812991891765	75.3635371903915
451.384884534028	317.634277607859	0.715779406193325	68.0375936474973
451.607170489787	317.876578540041	0.726849581754363	68.3562495023694
451.627253065293	411.168931956225	2.49662848747461	75.5160228188937
451.408674102485	411.379602007457	2.49296594972103	75.6830301932221
451.908555284603	318.102834550053	0.739637190408743	68.7416519328734
452.130839525125	318.352530496522	0.744725416869818	68.9686723156207
451.963723715248	410.951372436992	2.50210029421167	75.9194843531818
452.425223234071	318.582316321504	0.756508708919912	69.5969742332421
452.647355483545	318.837181524752	0.762885839410641	69.7984875419702
452.519209465921	410.526105507156	2.50982736474361	76.0262862116487
452.933927019753	319.07103590577	0.774965554916587	70.6052863281945
453.155606729028	319.331401718557	0.779697339321562	70.8443658782972
453.076426610676	410.103662698891	2.50668206204006	75.9240731421979
452.857880482387	410.306948842666	2.50852088184043	75.5723475900182
453.435669986549	319.568006397258	0.787667628167234	71.7135640432334
453.657119150257	319.832025017046	0.78764614351119	71.9390079060113
453.636588138302	409.683858320156	2.50078034058313	75.7052120606412
453.41867805523	409.890330131485	2.50245359476794	75.9541543738204
453.934229814817	320.069082002047	0.788332294208494	72.6932384534609
454.157181190341	320.333411540663	0.784627225115682	72.7938721199572
453.973210216335	409.464093492472	2.4984229392151	76.2079648616913
454.433996090853	320.569101570436	0.781355905242036	73.3584730859702
454.660070788491	320.832144526335	0.778457374505928	73.2585807520131
454.525651012792	409.034423026872	2.4984811618267	76.2643787538291
454.93607002828	321.066376892255	0.776261922092887	73.6770876683369
455.165678825201	321.328806525904	0.776032017170367	73.4095256077532
455.080238639967	408.609056218989	2.50613858269405	76.1609083441841
454.862303916988	408.814177852313	2.50238972960568	75.8276511059253
455.439068431547	321.562430834908	0.776479325627831	73.7829910499641
455.671325382628	321.825464700748	0.777886552232644	73.4100874929059
455.641787260875	408.194813045133	2.51235228231633	75.8791718632941
455.424143456544	408.396200917843	2.5104070159659	76.1995983064609
455.941591004391	322.0593011691	0.778440185138567	73.7891338943281
456.175116492531	322.322375991819	0.778553407849854	73.3647008001924
455.982415029487	407.975757424565	2.51440284442823	76.3863664831347
456.44443020578	322.556489265115	0.777472133016611	73.7640593372882
456.678572206806	322.818164716677	0.776301273494406	73.285775707895
456.54016946603	407.555584208123	2.51624614405103	76.389077428148
456.948546594408	323.052573573711	0.774450265835499	73.6988690111623
457.183718305036	323.312290154642	0.773760545954763	73.181516738363
457.100364158245	407.138774062278	2.5137422333058	76.2100247014688
456.885078455581	407.341128846143	2.51474126192853	76.1053103520063
457.453625198242	323.547381241517	0.773590007283521	73.6485302543559
457.690146239209	323.806185786355	0.774705688926541	73.1163322967692
457.666608439673	406.72971692676	2.51273315995894	75.9437891241564
457.445856394104	406.925345596131	2.5121914864338	76.4677074582538
457.958129989127	324.042571698158	0.776212720675902	73.6557084072877
458.195599969467	324.30133780498	0.777286430155174	73.1255529741966
458.00316648989	406.504354685536	2.51305849547442	76.6074491689893
458.461679050537	324.538879974904	0.778104003358423	73.7118585304561
458.699629381916	324.797120718132	0.777658236636627	73.1488189329616
458.561037967056	406.083875694885	2.51372283507827	76.377474929415
458.340789607113	406.280948735753	2.51358570132446	75.9336181284479
458.965337813662	325.035317579977	0.776595719669783	73.7421047916074
459.203599160816	325.291606423993	0.77505103219651	73.1552662704722
459.123205916775	405.670730537628	2.51877742934578	75.9084471038364
458.907206181862	405.871633756453	2.51701209244007	76.1188335463685
459.470240669162	325.530562062753	0.773783063724362	73.797727415329
459.708936430716	325.784374198536	0.77281176964568	73.2117439131651
459.468715941553	405.456334239272	2.52224424722531	76.1838152994555
459.976005104073	326.024744743241	0.772803824805556	73.9280911360843
460.2159876722	326.276948396487	0.773021667827043	73.34285016848
460.02858626525	405.04005386996	2.52368442645964	76.0703993328188
460.481529691735	326.518956344673	0.774541511926821	74.1067686774252
460.723631442457	326.771175905593	0.77614595349823	73.4765011454094
460.590716623408	404.627922277872	2.52603644716191	75.8463576602556
460.375502431879	404.824999351791	2.52480975660425	75.661796838411
460.985629051949	327.014604974988	0.778201419677432	74.2328650091106
461.229379091431	327.267501088572	0.779306333976618	73.5523402959298
461.159994057856	404.22658029532	2.52526827221066	75.5023385545806
460.941456879665	404.417216858999	2.52584307930368	76.0018671256992
461.488336608134	327.511802527493	0.779515538675439	74.292462182907
461.732843798752	327.76386426514	0.777923507290572	73.5573141197771
461.502448006619	404.003471744301	2.52462094091211	76.1139376539113
461.991625254579	328.008538895044	0.774960177185763	74.2805204834277
462.237216337422	328.256831515211	0.771657125718153	73.4985426334889
462.063581978591	403.590654155125	2.52803090812292	75.945671758183
461.846424736242	403.781402013605	2.52659868599655	75.5037256840631
462.497564233352	328.502511713502	0.76861825856956	74.2351848282052
462.630374569062	403.187128842594	2.53154059244123	75.5422154667141
462.416410869462	403.380238298573	2.53093157724264	75.8011791149346
463.005242660844	328.99458462386	0.767939059678864	74.1640330251926
462.980390533253	402.971689026029	2.53424541297851	75.9587935384188
463.26653459594	329.24056436757	0.769659381052454	73.3619421960985
463.512225179863	329.487458555348	0.77186063132506	74.1214668526879
463.543843565029	402.563944739605	2.53984720976071	75.9875130658316
463.773158911549	329.731791781607	0.774121479331168	73.3676819070513
464.017372032331	329.982304898037	0.775955735215634	74.1064419509567
464.112074754646	402.163863240895	2.54108715979669	75.8061127621229
463.899946446956	402.35397315749	2.54043464647363	75.8242299598037
464.278062381487	330.225778601619	0.776790227834477	73.3813037609836
464.521270094061	330.478353627243	0.776699044114774	74.0863870551587
464.467412321709	401.952481281211	2.54040158251566	76.2195667362492
464.78373697582	330.720860607325	0.775294830659094	73.3603988588289
465.025628592236	330.973746982802	0.773733537672201	74.0259134101566
465.032480830985	401.547347033296	2.54244079945568	76.3230092947864
465.291307660794	331.214587563791	0.772143489565716	73.3481918477661
465.531307919183	331.467753210741	0.771416685612446	74.0182053071643
465.600688760063	401.146658896018	2.54209596521941	75.9745188732868
465.388129203084	401.336831632526	2.54258021762708	75.9567689300107
465.798863923208	331.706732728577	0.772303980466447	73.4245768972778
466.037203700365	331.961841374951	0.773671678295465	74.0929885679327
465.957602545327	400.937860201339	2.54468912804991	76.0982359899485
466.304198637497	332.199702122778	0.775694428319688	73.5590515092644
466.541774765946	332.457467631066	0.776577318204112	74.1942895736074
466.524087634136	400.535624508962	2.54933717528988	75.9778421901017
466.808570448796	332.694546952866	0.776579366522098	73.6563229447563
467.045712481706	332.953480310198	0.775499481715931	74.2200196364069
467.093129003125	400.138300477777	2.54912209732399	75.644857013834
466.881614843938	400.324257553998	2.54959414106867	75.524861810241
467.31449429535	333.189373816028	0.773751421813257	73.6709786590711
467.550595924108	333.448219947898	0.772152411488624	74.1597509131196
467.45324511433	399.930362889951	2.54949762983405	75.8600597145794
467.822302871546	333.68263326202	0.770840534436995	73.6159780921511
468.05678702835	333.94160946387	0.770812489184257	74.0367723008854
468.020992022606	399.531595666964	2.55504855287005	76.021807387064
468.330241715235	334.174909029299	0.770731716222725	73.5558720358625
468.563266567814	334.434823595215	0.77117416731148	73.9614585825205
468.591414138591	399.138333578742	2.55630710401807	75.8055907218505
468.381415926418	399.320827966419	2.55647904507937	75.6488349824385
468.837589433577	334.667277479023	0.771616572804537	73.5750121275474
469.069660232654	334.928265893171	0.772019194594881	73.9783124111356
468.954779673066	398.931505017536	2.55706796351755	75.994908115949
469.344047169369	335.160042948791	0.773366441945276	73.6721108452852
469.575668341592	335.422649886397	0.77489203259787	74.0441750183828
469.523754838684	398.535974142249	2.55894171489639	76.0393575785805
469.847877184102	335.654033952747	0.778922659244403	73.7476229426509
470.079870507917	335.92034009304	0.785523642246185	74.0442444795364
470.095519239877	398.144194884693	2.55725546510802	75.6881868430927
469.885373961183	398.326560381221	2.55826823995763	75.6268712733975
470.344980673393	336.151221637643	0.796765422287195	73.6997589099156
470.575451665727	336.429101158234	0.814410488800142	73.9561291701752
470.458558486321	397.937264032631	2.55784690505199	75.8736770377651
470.824551836104	336.657614431812	0.838606178490212	73.4728202264944
471.050807077395	336.957626691545	0.874682242075261	73.7913402385284
471.028360266445	397.543361137889	2.56376368054671	75.8785565005014
471.26290842175	337.184617145378	0.910163155172355	73.0493093559039
471.486162049572	337.509634882432	0.962258235557173	73.5547662734788
471.703325547391	337.876599396814	1.02204807371688	72.9580596865986
471.602313114177	397.157984644012	2.5685721875852	75.5041409382271
471.393572662984	397.336090729646	2.56717423127481	75.5138658109768
471.858147776135	338.079011122718	1.05798574824772	73.1718756598849
472.04302401072	338.479729443736	1.12324477253322	73.396165704246
472.227562147021	338.910903975846	1.19753002411313	73.3035982448031
471.969488811078	396.952448686577	2.5731426805595	75.7383180288615
472.306689627563	339.069680836424	1.22536068000689	73.5745316426815
472.446531800118	339.516295038886	1.28531641305077	73.9832745096141
472.565370333027	339.982589241862	1.32174795264624	73.9196968089462
472.680601839923	340.45585761916	1.33358339175451	73.453468254738
472.543022593793	396.567828565859	2.57981801165123	75.7036734945369
472.838050341965	341.038989468038	1.32515870171636	72.9250639441971
472.953930293939	341.510977219644	1.31856408504909	72.805246165196
473.067130815642	341.984096443666	1.3205819699658	72.8459385477419
473.182351306361	342.457343751331	1.33321752399785	73.033532880125
473.12258828831	396.192719891397	2.57553367979796	75.3484680669457
472.914557920228	396.365389978605	2.57798032553866	75.5492201897773
473.328636725952	343.037771502122	1.35770808729874	73.6337113889174
473.426998508052	343.51576528355	1.37170686967581	74.0995905566116
473.517824743039	343.996180885436	1.37577202390821	74.2401247950252
473.609794878569	344.476338929593	1.36954794872676	73.9954210339647
473.711804090404	344.953683196707	1.35431626109545	73.4446576908785
473.489112421618	395.98294666096	2.57197356574617	75.8166547715298
473.858576577893	345.532653264769	1.33148105192267	72.8985578099171
473.971122312477	346.006724144012	1.32217838536892	72.6726112229078
474.083092447638	346.480629941148	1.32370658911353	72.5813383077836
474.198668441326	346.953971160552	1.33568272924427	72.6332863790876
474.061916979442	395.597308161322	2.57421529710147	75.7379676796615
473.851015913983	395.766537864309	2.57270576141532	75.279336988317
474.343784972258	347.534725423943	1.35708439802964	73.1353990406917
474.442084449982	348.012686711798	1.36885135517405	73.4881387598387
474.534183461565	348.492559449992	1.37153690884876	73.5111917374903
474.628911315696	348.97177181939	1.36382522434967	73.1533104155672
474.736009294024	349.447480355652	1.34653452222523	72.5260320421354
474.64302562681	395.225778523593	2.57613884828495	75.2947164709556
474.433367523147	395.394897858835	2.57620958479202	75.7084509990393
474.767864911946	349.553811565141	1.34135273168752	72.3610283484989
474.885595574355	350.026949457916	1.32367698478395	72.0327199825682
474.999764834738	350.500055814571	1.31642473665955	71.8323322266286
475.114480544891	350.972851149444	1.32150961937354	71.7930785019823
475.233748139057	351.445065337237	1.33724010561642	71.9295594341157
475.007284150886	395.011542830964	2.57736751845864	75.8074422667952
475.266242006687	351.553322458018	1.34212076445902	72.0548081897538
475.375543700504	352.027893888136	1.35942212966982	72.5937959962086
475.471977556568	352.506206733324	1.36865089329149	72.9506465692774
475.564860554389	352.985675180787	1.3682751003241	72.9757991979345
475.66289815253	353.463857302132	1.35881927444086	72.6604439662488
475.582587606234	394.631812902732	2.58225332184289	75.5933741931524
475.375569697329	394.801979607124	2.58007570688539	75.3684620249221
475.806811598234	354.044499727222	1.338428817051	72.1076648521462
475.921027293657	354.518282425141	1.32539224326412	71.9127377744346
476.03243579063	354.992506385187	1.32266880884508	71.7928821329924
476.1452136856	355.466712006715	1.33103968782194	71.7996143939836
475.956244529338	394.429988695514	2.58357627921219	75.7427008044873
476.292404011672	356.045708055346	1.3527407245555	72.1421036602265
476.395419517539	356.522797729953	1.36725120672031	72.6141374931113
476.488502774577	357.002503011325	1.37277970011451	72.8336254658875
476.580480839941	357.482395768422	1.3692211113183	72.6780631914628
476.679877627619	357.960311512118	1.35705543620118	72.1884185795648
476.531172645555	394.050097660996	2.58431789509441	75.6965068199029
476.825995951378	358.540346629706	1.33414956274591	71.5655869063458
476.940461857785	359.013967175102	1.32098207977706	71.3347520635526
477.053562855917	359.487355722788	1.31828383216768	71.2281379442097
477.169571390072	359.960133351957	1.32777137900521	71.2474924529115
477.110732216391	393.680704953147	2.59343140594043	75.3077694669759
476.905829541869	393.847212909926	2.58952941962346	75.4051116398203
477.319801360315	360.540557162405	1.35078363440681	71.662212046379
477.421528767718	361.017348094453	1.36573350689357	72.0744530987232
477.514747445491	361.496760184341	1.3710278629519	72.2217728621545
477.608550388637	361.975950476265	1.36551303912112	72.0297472266707
477.712285990911	362.452156069848	1.35057014527214	71.5622267988067
477.486233212323	393.47733285775	2.59841061943877	75.6369093490281
477.861503100176	363.032638818739	1.32889291800796	71.133753108401
477.974740762806	363.505951462067	1.32094146988155	71.0003458784938
478.086868673567	363.979748735343	1.32446726534742	70.9743050406886
478.202026399115	364.453677308716	1.33778149107962	71.0653849913854
478.064911872006	393.107245739878	2.59744525797756	75.4013935065333
477.858317085195	393.26576484851	2.59851113186567	75.0498431120914
478.345666124255	365.033854746777	1.35891700594005	71.5505994753878
478.44345819657	365.512284229595	1.36915650020471	71.8655593927286
478.535720127584	365.992250916635	1.37068219633407	71.8666859464185
478.630876324741	366.471424874179	1.36304257329963	71.5185503099214
478.738218811795	366.947232929031	1.34670131976341	70.9256340778005
478.444785740642	392.908451196434	2.59777437035652	75.4338790036774
478.76984190718	367.053006294504	1.34178136041887	70.7742977210926
478.887189286188	367.526448897173	1.32442520224132	70.485019384168
479.000821557135	367.999805369359	1.31732084690708	70.3165462118293
479.115042597798	368.472779390198	1.32243881366002	70.3189391673597
479.233935007798	368.945407177617	1.3392385452217	70.4935612027525
479.023455763305	392.539280513618	2.60336120533677	75.5655600505625
479.265905466045	369.052786535861	1.34435615555049	70.6353779892372
479.373802410764	369.52786052435	1.3626509629545	71.1984216998134
479.468761889145	370.006823533197	1.37231372361821	71.5596131828907
479.560192274563	370.486812872344	1.37142511547767	71.5724870341886
479.656934864321	370.965165537965	1.36042282268329	71.2338715980956
479.606394135481	392.178891982369	2.60442094104004	75.2232766787648
479.40421064129	392.339041420124	2.60475796814339	75.2920373116334
479.800844775298	371.546463248216	1.33709086656783	70.6228015242298
479.916432734582	372.019671054097	1.32255792318427	70.395448227779
480.029161435817	372.493139228872	1.31945783894141	70.2693709580973
480.142993370185	372.966625903415	1.32865069008344	70.2826957287634
479.986119002793	391.976607142611	2.60558500667796	75.5882440079702
480.291485535838	373.546488891107	1.35157605679535	70.6438287780642
480.394741101817	374.023064923657	1.36727966368152	71.1170504246209
480.487616704609	374.50268823885	1.37356418534161	71.3199945263352
480.579294616798	374.982782734906	1.36964162003984	71.1246461317322
480.678780209327	375.460868471263	1.35595511466721	70.5653167095517
480.566652869312	391.613088379831	2.61147349012465	75.5327417237067
480.362213424219	391.767151738144	2.6089093492534	75.1443307430586
480.825896082918	376.040372643885	1.33139093454476	69.8322051595121
480.941494031309	376.513711084965	1.31858862557645	69.5420379973502
481.055348777208	376.986955083774	1.31804962584279	69.4440108570168
481.171158138821	377.459761196671	1.32963847525319	69.5624160292749
480.951296475947	391.41750958583	2.61150084794866	75.6313817460853
481.319663132863	378.040310129729	1.35419264025879	70.1385228125516
481.420108937663	378.517616932519	1.3681748624501	70.6567047753533
481.512574426934	378.997234616046	1.37198484610707	70.8730535613344
481.606014333248	379.476466044352	1.36593316752186	70.728110769627
481.709201816621	379.95275889115	1.35157529590624	70.3107366215365
481.53185811447	391.052725751827	2.60480675242779	75.4724317849629
481.858033051824	380.533521533421	1.32992935690133	69.9391009496121
481.971313303594	381.006825588985	1.32058308799255	69.8402640631166
482.083958967226	381.480020991874	1.32143018171166	69.8319789789873
482.200533867003	381.952717662631	1.33295203607293	69.9127712454984
482.122296041235	390.683304578225	2.58149180878872	74.2996388689234
481.910249003778	390.855948478983	2.59827836629734	74.8956127369066
482.347465929607	382.534231756351	1.35497422342145	70.3836812418714
482.445761002394	383.011840127475	1.36862790408486	70.665394638008
482.537003603093	383.49208962482	1.37447931733699	70.6152259465696
482.629645680122	383.972311375272	1.37074197891881	70.2421269850342
482.732801902824	384.449033353662	1.35808758258459	69.7138659945087
482.480837785741	390.474223130053	2.53100497842973	73.5755682906651
482.76137579779	384.554008273887	1.3542519471175	69.6100913769573
482.872436768173	385.029763873135	1.34053052031408	69.5096030687356
482.978604562446	385.505134163748	1.33491216530066	69.6509302719762
483.083791163205	385.979464257019	1.33990291910535	70.0476758220577
483.191361500144	386.452643789637	1.3541699575569	70.6925588280266
483.249534509883	389.637014864201	2.06516197260084	68.3487513018771
483.003042619875	390.002648796668	2.27882967394323	70.4334135282547
483.326513953381	387.039099108012	1.37638393978166	71.9338033033776
483.414439041017	387.517268593927	1.39453500378914	72.5975496052996
483.485812255467	388.002003439528	1.44038045907924	72.3659102284999
483.525531972529	388.49948324178	1.55830171795134	71.0203274438111
483.481757937578	388.996883975589	1.75588588932788	69.2855275999352
483.35001830071	389.437159504583	1.96389176240618	68.616679412634
