363.204235036072	328.532688568547	-1.44258100565821	71.6679800662234
363.159643216927	329.010503226803	-1.52752812681648	72.1448902810172
363.160303725172	329.494237931332	-1.62251739853264	73.0099154242923
363.207083250514	329.974348616497	-1.70168348515163	74.1377223573268
363.638015827912	326.541060286182	-1.30134365408848	70.5254259745354
363.521320510628	327.00622473461	-1.32199756137917	71.0496073659623
363.414127824417	327.476182172518	-1.34320272946759	71.3114774408724
363.310322535426	327.953839616199	-1.37412757663559	71.3885973163845
363.307745803569	330.534509713585	-1.75480774506161	75.4635739207507
363.404163783064	331.020636701973	-1.77470552065128	76.3346547797923
363.500495276723	331.499884792111	-1.7850160884639	76.6349435260737
363.601381215823	331.9754631596	-1.79756086488119	76.3880930562604
363.71594270101	332.446021581457	-1.81777587852717	75.7975019446304
364.243346462745	324.572047258023	-1.27994373251257	70.0076820079527
364.100011460954	325.029973002455	-1.26539244570517	69.8687150698442
363.964820101269	325.489338219231	-1.26225505741259	69.8253220419329
363.827245951655	325.947182604226	-1.27290338175918	69.8765258259509
363.754410693373	332.563590489383	-1.8241953085896	75.5936347823162
363.88436673013	333.030565769453	-1.84343013357174	75.4055750992262
364.008187472025	333.497829531257	-1.84874513559242	75.3743881208172
364.131739922289	333.96563308682	-1.83812857963404	75.4688921652166
364.673779829936	323.050489238605	-1.28704669719993	70.7188943474519
364.5460585677	323.513231364095	-1.29786509016777	70.9235756594005
364.424850007499	323.978482367302	-1.29763768273561	70.7449768940641
364.293971211878	324.440649291898	-1.28565131630688	70.2101293967388
364.296942113256	334.549930567575	-1.8100383210266	75.9030028071844
364.407634404826	335.022318354794	-1.79329276956453	76.3632482686748
364.508270694409	335.498004393819	-1.78913344187946	76.4446195646466
364.610401874642	335.973027920044	-1.79751262385087	76.0975544792304
364.725555626946	336.443726334039	-1.81641864550714	75.4828161481882
365.141198807798	321.542328776739	-1.26951477225495	71.0798037618611
365.005186833767	322.001555058871	-1.26231943042813	70.8509286903331
364.869000248046	322.460988969727	-1.2670885839362	70.6433405592181
364.763749401908	336.560900982165	-1.82246335116619	75.3040865223563
364.89159772754	337.028275779604	-1.84032842119293	75.1367557592055
365.013888445057	337.496381187339	-1.8449518456168	75.1475972572939
365.136074733664	337.96507323836	-1.83425599313931	75.2926132344236
365.715107499831	319.562520178004	-1.28355018837969	71.5229702507476
365.582341752577	320.023803343388	-1.29625437082222	71.9981389258826
365.461065480389	320.488742760015	-1.29859981787349	72.0741102006647
365.335183575014	320.952211782226	-1.29059561913091	71.6575433515861
365.298707675473	338.54870069486	-1.806798131502	75.7820137969371
365.408117312193	339.02179186082	-1.79043811222839	76.2939512633815
365.50767700858	339.498190909295	-1.78621512478844	76.4710099110538
365.60841178088	339.974216690038	-1.79390645328376	76.2583309526198
365.721169458555	340.446307857838	-1.81110323034844	75.774282988056
366.183222331448	318.054866497152	-1.27291189715076	71.5007462088541
366.044526655695	318.513382474287	-1.262685567584	71.3687608857327
365.909333703706	318.972842032768	-1.26468693976142	71.3243317050532
365.766822979943	319.430718208309	-1.27781674410165	71.3771507302289
365.757458004003	340.560513779597	-1.81643046841702	75.6087129605213
365.88323491098	341.029615381395	-1.83293218711952	75.5004916548844
366.002914010517	341.499258469078	-1.83785530397097	75.5225014516496
366.122119235079	341.969232340311	-1.82980961335199	75.6734609333033
366.24639434607	342.439026144294	-1.81148794577256	75.9655945912943
366.620400410357	316.535029328978	-1.29137406644167	72.4886378332555
366.497099036069	316.999165126527	-1.29899328354521	72.5608955708635
366.374028587993	317.463684475201	-1.29389101854844	72.1856972730652
366.281481439527	342.552066590388	-1.80602622903234	76.1777785924307
366.392373763864	343.025301667879	-1.79005588049847	76.8296042093779
366.49202064616	343.501878667721	-1.78497833648423	77.1625193303877
366.591253575439	343.978199309063	-1.79130828905096	77.0223051426152
366.700968155067	344.450977151691	-1.80774742836614	76.4761289974382
367.236338729137	314.571290809432	-1.27605094256147	72.7038167346807
367.091808234757	315.028101502463	-1.25981376230344	72.5232106242143
366.95486948245	315.48617555687	-1.25668907991229	72.3482358753542
366.813810180037	315.943795981205	-1.26797136879053	72.1869166321582
366.863431068675	345.034950828207	-1.83179331025928	75.9364117015419
366.983712887959	345.504144699766	-1.83832356485569	75.772150550337
367.10262455288	345.974387326869	-1.83078358742232	75.744918092411
367.225145896691	346.445093631384	-1.81262165716093	75.8595432428769
367.672497559816	313.052277073019	-1.27689448773927	73.1681192475595
367.543237118884	313.512616409947	-1.29508354717467	73.5609557172989
367.421181515305	313.977165381341	-1.29588427449141	73.4498362687181
367.289083170525	314.438218928856	-1.28242149468452	72.9121604074051
367.26046842829	346.556810998709	-1.80721696679708	75.9716666450599
367.37330622772	347.029603285329	-1.78993912786064	76.4653854215855
367.473000908232	347.506269457506	-1.78208103175124	76.7029634213366
367.570039587168	347.983749765194	-1.78391034718175	76.5697226795902
367.674054508086	348.459281283941	-1.79599253001544	76.1296294293508
368.227745176331	311.62216770997	-1.07022799667572	70.6030247082025
368.046186857144	312.019576486762	-1.16483108337333	71.8139020374597
367.887422202228	312.460037869217	-1.22325161730425	72.5016083885662
367.828785683545	349.04199800978	-1.82015794779698	75.6417887772426
367.948225705508	349.512924239273	-1.83290365036981	75.5943715389149
368.065549617813	349.983547690679	-1.832598845421	75.6734189221746
368.185735481565	350.453838276092	-1.81935181072181	75.8823288937407
368.598057596449	311.086669373545	-0.846983334594888	69.7971562140608
368.381600793892	311.422288378501	-0.992121359156902	70.234835245299
368.340056579438	351.037533737476	-1.79445914884359	76.5744101385188
368.44237002291	351.513296992521	-1.78225488786464	77.0412946879158
368.538451045614	351.991184360582	-1.78021718821908	77.0861889351681
368.638111272569	352.468151652824	-1.78866576415431	76.6833624620509
369.100345347169	310.65680653632	-0.565409321495876	70.2547889950511
368.878947238943	310.855601299476	-0.695814089531309	69.6580218355785
368.786361839796	353.051932711706	-1.81122153755294	75.902965034673
368.906334175951	353.52305226294	-1.82630980624805	75.653309570588
369.022349698767	353.994483186929	-1.82991744261111	75.5643186598993
369.139189950634	354.465862768766	-1.82183739830515	75.6518058978536
369.488278868976	310.47447075058	-0.410818533610365	71.4155160836821
369.294806699137	355.048053476593	-1.79978885158416	76.111058267799
369.402348972598	355.522610233576	-1.7858383797436	76.6492281871453
369.499884687344	356.000026594486	-1.78052485270618	76.8398625294417
369.59699424687	356.477623204627	-1.78375570078039	76.5768450624584
369.703098819457	356.952956583417	-1.79595509930806	75.979750223813
369.937503399017	310.313997967785	-0.304100049070225	72.135965010987
369.856154041428	357.534670537477	-1.81782338001447	75.4533854381107
369.972332928878	358.006707086799	-1.82792219985061	75.3726693478627
370.08783823474	358.478683320994	-1.82666765985859	75.4925270055149
370.207267762057	358.950175642861	-1.81253282690363	75.7557295068852
370.532472253198	310.127252600672	-0.256857620953838	72.6979833785481
370.356088391659	359.532854559222	-1.78883249880645	76.5037115462518
370.455589008945	360.01005632666	-1.7783038411113	76.909807726574
370.550411752726	360.488579719643	-1.77806966874716	76.9013755961813
370.650069363966	360.96568653106	-1.78812711233129	76.4984016007314
371.003086076099	310.013296396	-0.247111540201191	72.8460030040971
370.798778214214	361.548453851437	-1.81176360759484	75.8346876911902
370.917659247703	362.020160550211	-1.82673610307778	75.6547033511862
371.033399394839	362.491777688042	-1.82959034317989	75.6180381153313
371.15037575037	362.963365585222	-1.81880730320386	75.7207292272466
371.478904680447	309.903745447131	-0.234918630337653	72.9593782573726
371.303540463472	363.54525694554	-1.79403613941863	76.2190534046085
371.407710665503	364.020890329351	-1.77964465700605	76.7364444180744
371.502886711076	364.499349814509	-1.77569915615176	76.9359412117795
371.598483785391	364.977734290506	-1.78094934377668	76.7275206771311
371.703502530659	365.45367078199	-1.79363375962497	76.1973533782992
371.956815820118	309.794028630246	-0.21503968543255	73.1755788847925
371.853728456796	366.034513655531	-1.81229001827337	75.7018029557396
371.966772190523	366.507837684586	-1.81917444294465	75.5636345672183
372.078200465391	366.981600974096	-1.81631628588167	75.572375405037
372.192434071246	367.454996424877	-1.80417844364287	75.7228711030309
372.53205793325	309.665342872555	-0.188529136421178	73.8372622830478
372.337125780619	368.036527333139	-1.78298828018162	76.2932296162235
372.434944487119	368.514393521327	-1.77157573440304	76.6582496981791
372.526643277029	368.994146951743	-1.76905860211696	76.6765962992703
372.621014767439	369.473183044252	-1.77770150205101	76.3510555019547
372.727732305167	369.948215143688	-1.79678489548752	75.8220016104037
373.01482218443	309.578083276584	-0.17396128944188	74.3229791639916
372.759776216544	370.056373351573	-1.8022229989966	75.6620191366355
372.880127031023	370.528776479161	-1.82154348954156	75.5307882429679
372.995750592094	371.001025847154	-1.82822499603315	75.5389915162286
373.110757826857	371.473636650558	-1.82048280160267	75.6812327016967
373.229102116091	371.946963822277	-1.80048994040733	75.9494409600134
373.499686891996	309.498337826378	-0.167989745404587	74.5288968157133
373.260766527816	372.053196627514	-1.79481908789621	76.1032807616047
373.367418726289	372.528684489846	-1.77471417528627	76.7347847745002
373.460599597959	373.008428563783	-1.76475601371071	77.1139468095509
373.550126678224	373.489198820954	-1.76651098420493	77.0782684175151
373.645057100545	373.96811449137	-1.77874395523079	76.6250014727526
373.98475619636	309.419386457359	-0.170165201760164	74.3976134458752
373.787049684009	374.549840989807	-1.80321343445309	75.8203132517419
373.903463115177	375.022829013253	-1.81835465314296	75.5402177466596
374.016702904119	375.496036439876	-1.82293360493893	75.4733349726932
374.130706038456	375.969004917982	-1.81633232778081	75.6401708973804
374.249755936945	376.441463707498	-1.79924306790052	76.0036886823826
374.468295341846	309.334808734694	-0.180642308571899	73.9768104672505
374.281105442502	376.549100159267	-1.79402223184653	76.22770525724
374.386286931869	377.024831998758	-1.77562250855903	76.931721726247
374.478919946801	377.504501169804	-1.765037538445	77.3167022111838
374.568406944396	377.985437500699	-1.76575862003319	77.2313237954435
374.664263156909	378.464284981948	-1.77904993260232	76.7214964306673
375.043501984462	309.212944757735	-0.202263299968422	73.3111314079406
374.808157046716	379.045058639556	-1.80650129986269	75.9757493048632
374.924477120967	379.518120014592	-1.82262626201365	75.7592160144569
375.038404159332	379.990774572786	-1.82498521713395	75.7386456804124
375.153380560796	380.463894649565	-1.81283975766552	75.8988138796887
375.522651654352	309.108838395562	-0.219420786403413	73.0385394608119
375.300755411988	381.043440322354	-1.78446046442436	76.4566163259575
375.400028272813	381.521170319604	-1.76647380600133	77.0019304374368
375.489413741229	382.002227037585	-1.76043667915814	77.2310188172716
375.578363453912	382.483250697709	-1.76667668055141	77.0532497578674
375.675893449825	382.961342836248	-1.78292332022287	76.5241161142718
376.001299585811	309.006200975126	-0.227999408751137	72.867169069761
375.8218358666	383.541697816252	-1.80822674384636	75.8675733315193
375.936386672194	384.014975229073	-1.81928308903668	75.6886378746762
376.048153292038	384.488758472783	-1.81817168139551	75.7061361298643
376.160790230402	384.963117817985	-1.80575434891759	75.9011890045498
376.479657981195	308.902536743427	-0.225760798349053	72.8441071921807
376.305021746256	385.542106910853	-1.78200062203711	76.4875825684746
376.403902905557	386.020441942216	-1.76795934441453	76.993497237554
376.494094882979	386.501253934603	-1.76346312983927	77.1408588465099
376.584435522429	386.98181715338	-1.76932761587086	76.8720360432473
376.68365117154	387.459424408168	-1.78483670604187	76.2931371505875
376.957799100191	308.795675210327	-0.2124840944123	72.9984147687217
376.830285343213	388.039832147196	-1.80870504719757	75.6725162292448
376.944176032555	388.513153073547	-1.81850294282004	75.5135015700985
377.055176628691	388.987180189171	-1.81546810826372	75.5108358314675
377.166803127897	389.462266410325	-1.80113211937297	75.6656424854877
377.532815662816	308.667224877624	-0.190386954474435	73.6490209755027
377.307364770154	390.040705689003	-1.77588480880138	76.2127306227495
377.403477149837	390.52000394918	-1.7616607968511	76.7202706820281
377.491304811601	391.001796997948	-1.75756075111116	76.9395962976487
377.579083715268	391.483443236551	-1.76346976627272	76.790539026078
377.674908449295	391.962438863083	-1.77855924447187	76.327425464746
378.015245633294	308.57835808694	-0.177781883142863	74.1841566055363
377.817561886517	392.541826373171	-1.80388645294972	75.7452941810417
377.931336512109	393.016013974865	-1.81717625168315	75.6169521406443
378.042616971288	393.490082847681	-1.81800654550978	75.6586030125276
378.154749149989	393.964792983834	-1.80545606492972	75.860511866783
378.4993443066	308.496618144035	-0.173204318309793	74.4379968049734
378.297204659053	394.542664827026	-1.77894219592951	76.4594173400372
378.394703505553	395.02158567979	-1.76212632655887	77.0417367912071
378.482307643447	395.503603769142	-1.7555014924053	77.3119799958116
378.568457008181	395.98590816569	-1.7586438349995	77.1744579908799
378.660889927462	396.466226715611	-1.77035334134951	76.684267206329
378.983585089022	308.415266625022	-0.176245653169012	74.3018078687474
378.796477319443	397.045344508645	-1.79260762291597	75.9679283153775
378.907603304688	397.520858376651	-1.80742996396623	75.7454888454189
379.016171172156	397.996336112623	-1.81219453248518	75.6962825240363
379.125261634727	398.4719576462	-1.80470023259803	75.8219735843518
379.237840013945	398.948282237992	-1.7855191945669	76.0894072206297
379.466464934361	308.327545427126	-0.187207201083043	73.8033040774695
379.265577653838	399.048939877319	-1.78052472342898	76.2499350078749
379.365763534301	399.527235684659	-1.76171197561626	76.8452166726648
379.45397215845	400.009314045743	-1.75379229410392	77.1988431625732
379.539467531639	400.491807171663	-1.75840689287945	77.1569962898801
379.630724527439	400.971807253408	-1.77284503134201	76.7063801748676
379.736303618264	401.447412556224	-1.79237979476335	76.0028081126744
380.041448461509	308.200912635882	-0.208759420526222	73.0312997928502
379.767368467111	401.553961753952	-1.79728204927284	75.83061851324
379.882814393522	402.027181621218	-1.81095663074096	75.5159986021313
379.992915882325	402.501610372279	-1.81271660899247	75.4104195370553
380.101056551597	402.977618707216	-1.80360501580017	75.5290033945916
380.210583927789	403.454385557747	-1.78677319641445	75.8285723315229
380.520050302714	308.095793744482	-0.223621540131363	72.6601698279581
380.342340803918	404.032414841244	-1.76615403431347	76.5712940483482
380.433485784571	404.513669489322	-1.7580539393385	77.0168087331698
380.520071298004	404.995842142271	-1.75828350474719	77.1043925375116
380.609363990017	405.477000451451	-1.76636483914114	76.8115693708379
380.708948617271	405.955163407218	-1.78160215540534	76.2430388951558
380.99844116306	307.992606940943	-0.22853125201702	72.4344385314022
380.85138331361	406.533637976498	-1.80281312081597	75.7166643495398
380.960915765598	407.00887013488	-1.8107190794354	75.5340636072354
381.068825591324	407.484543444995	-1.80769374335416	75.5075112650984
381.178268226949	407.960757670012	-1.79414893645533	75.6396899590179
381.476686152492	307.889007663252	-0.22259208975935	72.40822765938
381.314709498607	408.538410067088	-1.77079268554708	76.1919008928035
381.408291311967	409.018630270129	-1.75669000205538	76.689279829955
381.493524447822	409.501299626375	-1.75085844123826	76.9189603563777
381.577783019251	409.984415238649	-1.75392015494837	76.7972298642365
381.66857435328	410.465798547345	-1.766565318863	76.3543154060574
381.955054869122	307.782828120057	-0.206515727796662	72.588526559306
381.802038053515	411.042829965167	-1.79092780615918	75.6893696051501
381.912034414711	411.519420707683	-1.80589637923661	75.4579086187141
382.019372633577	411.995708871282	-1.80834815164934	75.382419115701
382.126588567973	412.472301781399	-1.79898909465028	75.5031386327087
382.236554662686	412.949260871501	-1.78110048943955	75.7895470584069
382.530921928179	307.659138536877	-0.183443505171894	73.2936499463052
382.263436342723	413.048786796243	-1.77668763759967	75.9441445806709
382.362930909015	413.527813926364	-1.76113491838081	76.5545559355414
382.451158298334	414.009840292747	-1.75373837107162	76.9412317608856
382.535875558125	414.492780918274	-1.75412523214218	76.9803398724764
382.623929709724	414.974917567474	-1.76204166371728	76.6823973573818
382.722713532167	415.45413325812	-1.77760683828357	76.1704668735629
383.014138004283	307.573783419892	-0.171349616953471	73.8329896417093
382.861305679649	416.030329344423	-1.79972523427724	75.782367689263
382.969566898686	416.506798488424	-1.8094130977258	75.6890085060586
383.077057103137	416.982684367819	-1.80714352109348	75.716861918592
383.186717367202	417.45857102368	-1.79348016840814	75.8744686354985
383.49893391781	307.494433748044	-0.168595306258001	74.1234243686822
383.322658321998	418.036924210385	-1.76929891036457	76.4424746772248
383.414750676428	418.517239618751	-1.75484813431759	76.8919816147138
383.498960243534	419.000206672814	-1.74903991933979	77.0502782566606
383.582758055834	419.483509286777	-1.75297096257897	76.8531767578846
383.673728174713	419.964624928949	-1.76660508849121	76.3541406085847
383.983436515802	307.414333070405	-0.174657143860837	74.072557905597
383.80730903931	420.541940520704	-1.79012630991144	75.6973786511055
383.915738934281	421.018522311372	-1.80263897257491	75.4790042867142
384.021210189519	421.495385516701	-1.80346005907926	75.4175614692494
384.126255495277	421.973184241838	-1.79304176139012	75.5129178955269
384.233530441398	422.451682825622	-1.77542642914258	75.75790846313
384.465969147881	307.326691533388	-0.18864046770026	73.6981344089193
384.258777368888	422.548074929534	-1.77134127924352	75.8938753176662
384.356318925548	423.028161843418	-1.75596043843313	76.4721197177463
384.442770827786	423.511210171115	-1.74866409457797	76.8789365554283
384.525432379876	423.994963977282	-1.7493014063711	76.9467519852001
384.61079088019	424.477709950669	-1.7569461598382	76.6138587077102
384.705767790965	424.957894573918	-1.77135226713007	75.9751772169981
385.041274543463	307.198445106153	-0.212219838163054	73.1068550493159
384.841301029622	425.534292417554	-1.79307889160516	75.3316285631543
384.948124190617	426.011222584401	-1.80355570257586	75.1397726748409
385.053691002521	426.48844342196	-1.80364474897845	75.2003004407022
385.160326653162	426.96584555569	-1.79219581825458	75.4670706263865
385.519454693851	307.091664934199	-0.227645684109171	72.9000180845256
385.294668245696	427.541323284274	-1.76905174065082	76.098577064318
385.38844148894	428.022165836734	-1.75406714182154	76.6634412516492
385.472754753905	428.505373326618	-1.74732089218378	76.9207014517892
385.554979179298	428.989133227523	-1.74904774443778	76.7935815011865
385.64204596276	429.471536508507	-1.75923881425197	76.3268943614797
385.741442960981	429.950488741808	-1.77647106451424	75.6896494113871
385.997149928308	306.986728459593	-0.232677486845419	72.8350305903231
385.767889789875	430.049510662466	-1.78085180175065	75.5448394614071
385.877227833585	430.526624369137	-1.79763639843314	75.2953565626231
385.983487976497	431.003604861541	-1.80521197759477	75.2406278429462
386.08933605284	431.480616502017	-1.80161088899258	75.390068719941
386.197275906644	431.9579858284	-1.78662182720723	75.7082261943306
386.474627502713	306.881328306681	-0.226132524010494	72.9298272751074
386.327959795184	432.534149033859	-1.76265260797025	76.4882783516737
386.41733452167	433.016147737253	-1.74930312698115	77.0617773419306
386.499299262927	433.500135880702	-1.74407666681854	77.2975614367523
386.580604826635	433.984372500462	-1.74653597677497	77.1195488403595
386.667898697819	434.467145159631	-1.75735814104861	76.5805608687926
387.049649155694	306.747100918831	-0.204040663454873	73.271897013172
386.95258506747	306.772996993801	-0.208645229315449	73.1562966710816
386.794176437743	435.043060175682	-1.77926415228437	75.7595247600831
386.899658336018	435.521314622051	-1.79409397839185	75.3937124061115
387.002820736843	435.999399055543	-1.79875775116889	75.2112923593552
387.106026228026	436.477586533978	-1.7934273225295	75.2628674746889
387.211799938242	436.955904190579	-1.77911773145383	75.5197680267193
387.528884881875	306.64866967512	-0.184298698734401	73.834206578821
387.337742859343	437.531712672701	-1.75780610801696	76.2541125249726
387.424635935163	438.014477271914	-1.74554660020902	76.7393500435863
387.504998297488	438.499045317534	-1.74116125717006	76.8807559131231
387.585612544336	438.983481032122	-1.74571051699153	76.6280291640314
387.673389175096	439.465811636782	-1.7588052754534	76.0635927223694
388.012089603526	306.563717090405	-0.171192153097909	74.2489968288945
387.800957861908	440.041871947482	-1.78126293663396	75.3266197378812
387.906787126516	440.519805650304	-1.7955573934673	75.0849860676901
388.010501761806	440.997765289676	-1.80025383673536	75.0459317152172
388.114412233673	441.475838002901	-1.79423930948622	75.2094192071366
388.220939210666	441.954189102941	-1.77784836063867	75.5257548432529
388.497159053172	306.484896154892	-0.166904901179881	74.3906093802051
388.345195246192	442.529991259673	-1.75511929500128	76.295778406972
388.430772420317	443.013189358421	-1.74377653531812	76.766284553999
388.510686758748	443.497974813715	-1.74110922124077	76.90302546404
388.591602688886	443.982540729488	-1.74652509941773	76.6719423053975
388.68010042561	444.465140843035	-1.75962030876395	76.1510818651309
388.982104599895	306.405560610314	-0.171890331013628	74.2117958446166
388.807962144852	445.039612034259	-1.78199013094268	75.4894747887341
388.913487313416	445.518217741092	-1.79624739468145	75.2679557565331
389.017140558694	445.996350865576	-1.80038251742674	75.2212840602444
389.121165051765	446.474377836963	-1.79314175189323	75.3607409922542
389.227835330942	446.953010041011	-1.77549194910498	75.6485720626356
389.464752117004	306.318563599986	-0.18701480748933	73.7505454288357
389.25299059133	447.048833801131	-1.77105450955637	75.7788812283142
389.350057230994	447.52884112309	-1.75284440134694	76.3869006335868
389.434692473301	448.012446454002	-1.74281357786105	76.7903577650531
389.514500736224	448.497215672676	-1.74179732539073	76.8367479429069
389.596023589609	448.981303286139	-1.74809643893198	76.4996717254813
389.685569731673	449.463377806409	-1.76083908283336	75.8927898612333
390.040069785977	306.189903852275	-0.214771533278813	73.1173304512251
389.813604737	450.038509737566	-1.78103137436125	75.2298433521884
389.917739746906	450.516963130577	-1.79267664733413	75.073726424098
390.019462472288	450.996005644539	-1.79487331535551	75.1322406145757
390.120870736254	451.475419984857	-1.78687806663349	75.3673266800617
390.224321795168	451.955165162104	-1.76984406713616	75.7099304682183
390.517894114389	306.082076333814	-0.232806078382229	72.8958528785631
390.343129380699	452.529369572568	-1.74767094046781	76.4579860421687
390.42542074067	453.013735883453	-1.73608849979555	76.8976331684376
390.501947506373	453.499642227211	-1.73310089113206	77.0177778516834
390.579162026237	453.985243633014	-1.7390387174713	76.7738664114776
390.663678994298	454.468620489877	-1.75351216337053	76.2230261555313
390.9945757401	305.975364239968	-0.237486826293443	72.8309102267026
390.787857108185	455.044020444092	-1.77807093757879	75.4348518012041
390.893743708375	455.522496583467	-1.79409614755161	75.1355297771347
390.997120455962	456.000611878488	-1.79890587941285	75.0102169892511
391.099927635978	456.479082908754	-1.79198923420884	75.0735041839516
391.204076733947	456.95856414078	-1.77483160415576	75.3021414724636
391.471461822016	305.867950540233	-0.227971337858216	72.9340560485951
391.326486037436	457.532599658472	-1.75118411054802	75.9743836895262
391.411090385299	458.016393071526	-1.73904595427987	76.4744318698153
391.489149518051	458.502001394866	-1.73576309247075	76.6864358934887
391.566970277514	458.987495015264	-1.73975964858895	76.5219738081602
391.65037859449	459.471485186178	-1.74995346143029	76.0153189147799
391.745556288542	459.95274948346	-1.76516066726265	75.3369321631626
392.046288959944	305.732223892746	-0.202082161013065	73.3213950225672
391.949712027598	305.757743070788	-0.207052863791428	73.1680849169532
391.769071131975	460.046372841262	-1.76881813017525	75.1950179165666
391.872287170605	460.525774640807	-1.78360944872997	74.8831550337071
391.972873755083	461.00549359613	-1.79151701332729	74.7871092326051
392.073270722356	461.485087667063	-1.79089474755067	74.9324850680094
392.175630279067	461.964203069601	-1.78039423357076	75.2620897035022
392.526101850335	305.636124022111	-0.182043537142228	73.837997821831
392.303063572671	462.538038346595	-1.7594082068701	75.9678092360691
392.392041473996	463.020517862942	-1.74462118959581	76.5372117252322
392.471845941778	463.505270174269	-1.73634012515339	76.7886998483849
392.548951224801	463.990872359592	-1.73623028171922	76.6624338467984
392.629656006016	464.475526825922	-1.7450853917533	76.1996336101823
392.720683026055	464.95736852584	-1.76142728761698	75.5264322675047
393.009852325382	305.552400983325	-0.170695837595744	74.1502360199436
392.848622549198	465.531098604755	-1.78313641704115	74.9166299427878
392.95054054267	466.010131513696	-1.79241338188468	74.7173458928439
393.051173810152	466.489677685806	-1.79151557847643	74.7645642392057
393.152132366282	466.969921734108	-1.78017756758487	75.0301085493526
393.495008967799	305.473413650414	-0.16860666839	74.1674391807302
393.277148442516	467.541301521619	-1.75793540961429	75.6200927512823
393.367003140585	468.024394698692	-1.74244479565435	76.1962512820496
393.446681233248	468.509753947343	-1.73444276289843	76.4911090677495
393.522963058861	468.995771709565	-1.73436737985929	76.4315892034899
393.601811062461	469.480939156199	-1.742050732251	76.0483121020875
393.689180782601	469.96376446101	-1.7565423978476	75.4469175111372
393.979744478912	305.392690522667	-0.174573335199592	73.8772796766571
393.814559204997	470.537656749542	-1.77762708479137	74.7891823447413
393.916734611126	471.016890263931	-1.78837095886195	74.5750328575639
394.016436707371	471.496711375341	-1.78942585199976	74.5726753031776
394.11544081654	471.97733132175	-1.78094956338918	74.7930296907998
394.21564384804	472.458336090886	-1.76533071825115	75.2066892940141
394.463259015427	305.303887757666	-0.187372402362056	73.3124078052102
394.332482706247	473.030501738518	-1.74557594814285	76.0626869592381
394.414938405445	473.515513674517	-1.73593548087724	76.6400943163202
394.491690794697	474.00152390343	-1.73327090959873	76.875498727386
394.568381318004	474.487362418134	-1.73708528049392	76.7088126903749
394.650641224042	474.97184874494	-1.74754755589636	76.197289354717
394.744881463619	475.453535180594	-1.76355484922926	75.5116391718377
395.032865094809	305.178395053396	-0.203958387167582	72.4405732336401
394.767966397645	475.546033843585	-1.76726707281081	75.3685436296645
394.870415684365	476.025891739345	-1.78188332725241	75.0302777965906
394.969932975896	476.505995031876	-1.78831561024755	74.8912569905515
395.068365271072	476.986521538273	-1.78488504528819	74.9655562242449
395.16730501541	477.467641909438	-1.77212453879377	75.22772812157
395.512281282119	305.08381270314	-0.195482916610916	71.4219757651651
395.287766186283	478.038313595328	-1.74960363539687	75.836919289157
395.372963719804	478.522556168964	-1.73415442761206	76.4053942975787
395.448774479572	479.009051311937	-1.72568627911117	76.7278452622148
395.521057150535	479.496254973732	-1.72486967157538	76.7079238400039
395.595311537628	479.982782393405	-1.73171952670364	76.3332155811981
395.677386247416	480.467239454593	-1.74622034716718	75.6843991105881
396.00058557006	305.010244714919	-0.12004580432168	69.5643478303881
395.796479982397	481.040461164825	-1.76996789766679	74.857701818339
395.897906054953	481.520527805355	-1.78527107523107	74.5328215228109
395.997513385613	482.000500217431	-1.79008622702262	74.4293872957561
396.096665881073	482.480750160803	-1.78434389682835	74.5582942015689
396.196979810481	482.96158968607	-1.76902688162708	74.8674415815059
396.500039577912	304.99962808683	0.0781378294673209	66.9157165771724
396.315554149966	483.533213637714	-1.7456927607906	75.5850089592502
396.397557114555	484.017906062734	-1.73063754739288	76.1258457507687
396.471260239612	484.504937736643	-1.72302085487809	76.3710708286722
396.542771994623	484.992616881994	-1.72428689096097	76.2461917179531
396.618249492744	485.479009605011	-1.73508424189936	75.7800126418566
396.70417479823	485.96221376579	-1.75380946681131	75.0998977321163
396.96232854891	305.108648427163	0.358487813599515	64.6820477879008
396.828530682258	486.534475948072	-1.77860436408191	74.4199771803116
396.930115541851	487.014124932664	-1.78939507020151	74.1796670773017
397.029340443798	487.494189240691	-1.78761515979888	74.1408165412378
397.127327993518	487.975662254534	-1.77495743746288	74.3041680336948
397.225416121265	488.458237514615	-1.75665907543342	74.6556676520092
397.53636493388	305.459316323344	0.724060045344522	64.2871510036331
397.335929048555	489.02865976475	-1.73785968986606	75.4504593054761
397.4152733413	489.514944415763	-1.73019517384505	75.9940057583609
397.489910191436	490.001805770995	-1.72873484187968	76.246419497061
397.564648666639	490.488286583921	-1.73231967089753	76.140368439369
397.644274662638	490.973580592677	-1.74152072074705	75.7155835296892
397.734424288764	491.45660180571	-1.7561916882206	75.1106676029081
397.778435212301	305.670055012942	0.89957191573715	65.2411670396378
397.981506987481	306.010413721441	1.07047638351658	67.4645341520529
398.159858477266	306.433204969364	1.20343182643092	69.1585327235585
397.755935524478	491.547062034726	-1.75965293713362	74.9430671279294
397.856608142401	492.027861945771	-1.77524450019779	74.6223189286014
397.954672944972	492.508864727717	-1.78451822011549	74.4526775113786
398.05194833575	492.989819771248	-1.78430906515049	74.4448488486356
398.149947979829	493.470957906215	-1.7739218400909	74.5947624555845
398.3781920093	307.036304594593	1.29633086203357	70.644937594922
398.495291697595	307.501264029997	1.31421428319276	70.7207799051174
398.612284147155	307.97118480537	1.31201019290578	70.1238828934055
398.744526781508	308.437879610862	1.29658947951682	69.235870366088
398.270401608064	494.041380476342	-1.75161648037434	75.0517521305863
398.357388491471	494.524917269617	-1.73475311856026	75.6287937181202
398.434041866763	495.011437680334	-1.72583216392543	76.0587944255699
398.506696331414	495.498820481136	-1.72559677346855	76.2096700012764
398.580902730732	495.985384645222	-1.73228042242189	76.0297488984498
398.661937438386	496.470032214769	-1.74482727193838	75.5646162219068
398.787768571244	308.556442368462	1.2912494803341	69.1206180341809
398.921337034347	309.020891767699	1.27995733836556	68.6854297951796
399.050499483176	309.486694793687	1.28159811258712	68.3889201030553
399.183229754354	309.952523680649	1.29672641398241	68.236881069592
398.778251507182	497.043471879571	-1.76508025308856	74.8474744344747
398.878661199653	497.5238032222	-1.77899821177024	74.5684721215813
398.976088308914	498.00461772271	-1.78378746957573	74.4414910902282
399.072205157892	498.486435557139	-1.77863113728909	74.5037050478417
399.168248790436	498.969355539004	-1.76420626206517	74.7367766699699
399.353250774334	310.536483598318	1.3240209768349	68.593763884619
399.464069212086	311.008759931307	1.33708819556797	68.7855164230115
399.56998222929	311.483151509742	1.33927724763112	68.6442654213618
399.682479299886	311.956272709981	1.33070902379439	68.1797723735392
399.282871103275	499.536947580423	-1.74189014051009	75.3003384966526
399.365067277675	500.022825140602	-1.72745202433175	75.8262497719906
399.438377161736	500.510496841004	-1.72035337788169	76.1152819657685
399.508618412175	500.998510016557	-1.72051652442549	76.0905435044534
399.580871165087	501.485722222501	-1.72761385275148	75.7649030539978
399.660130234143	501.971028826873	-1.74105995980437	75.2177938857383
399.846166137422	312.538254489488	1.31062820053378	67.6730939242257
399.967957966289	313.008015070051	1.30152540272752	67.4673289063886
400.088454430688	313.477892889422	1.30445298891937	67.3616337396348
400.213236805171	313.947345943945	1.32041883422546	67.3908384067096
399.773739530871	502.543552933467	-1.76180586808799	74.4658738007232
399.873062436799	503.024452474265	-1.77537866871962	74.1815057327949
399.969341713678	503.505828284479	-1.7802049784641	74.0665751640879
400.064038972983	503.988070624721	-1.77575520501496	74.1403602066592
400.15849758343	504.471047056231	-1.76359815287838	74.4027415939173
400.366834866289	314.531191426465	1.34703721430197	67.939640709505
400.468055132434	315.007322022163	1.36025329499127	68.2772534657839
400.563938350518	315.485495854294	1.36256415220828	68.3000619299069
400.664297852243	315.962581648659	1.35347202082677	67.9932124882795
400.27288499901	505.0389633857	-1.74332748369966	74.9834536662106
400.356510786396	505.524395741456	-1.72883406814743	75.594413913086
400.430507904257	506.011769219623	-1.71983140809134	76.0064604447048
400.499970378614	506.500005023037	-1.71706675015304	76.1132836561483
400.569611733787	506.988106902612	-1.72059471409019	75.8839216641262
400.644177193602	507.475069517047	-1.73034569799015	75.365466413264
400.728739327407	507.959898293808	-1.74510141055683	74.6883378978588
400.813359740076	316.544619287053	1.33014022291017	67.4627388308003
400.931291192504	317.016733089986	1.3152806406802	67.3067980293929
401.046740996018	317.488515272544	1.31258167769515	67.2459186279061
401.164025501799	317.959850213349	1.32341075193074	67.3115375363306
400.843926504876	508.528904772461	-1.76401330737959	74.106476507148
400.937879363185	509.011525697863	-1.77374903403341	73.8930763911095
401.031086118325	509.494238781857	-1.77567030962978	73.8847683067056
401.12486814676	509.976973163593	-1.76896391408103	74.0556624835305
401.220591406245	510.45972379189	-1.75491217561428	74.3627253788119
401.31678823577	318.54262130646	1.34879252984559	67.7880599014125
401.419771001847	319.018268257975	1.36515724408324	68.3389487385456
401.51308355172	319.497065643646	1.37192917883604	68.6658366640821
401.605565403115	319.976497718741	1.36907583308619	68.6556691521042
401.705902440779	320.454117488325	1.3572391463394	68.3288490924569
401.330243721627	511.029343866141	-1.73570586497592	75.041830234103
401.40789002045	511.515755789925	-1.72439509370986	75.4829929828181
401.479280379635	512.003519234502	-1.71934859487203	75.6607177607385
401.549299191323	512.491643352465	-1.72065828382797	75.5304133617171
401.622707607464	512.979087579876	-1.72848104198256	75.1183888164573
401.704752127939	513.464565393571	-1.74261356200539	74.5228709453878
401.85126424784	321.034415343797	1.33615113832409	67.9064741906108
401.962932786908	321.508654683183	1.32547273918963	67.7614558098978
402.073566045059	321.982760321891	1.32550032742125	67.7232595379214
402.186923923126	322.456273250587	1.33604123521374	67.850226998657
401.819790954595	514.033371850588	-1.76364546447797	73.9104594939314
401.916120853336	514.515827734775	-1.77669832635664	73.6977170483451
402.011386510021	514.997835871892	-1.78045968413517	73.6737664998151
402.106624071802	515.479984413633	-1.77395634619713	73.8484508102662
402.202813217703	515.963088947928	-1.75789721921568	74.189620050077
402.332149851948	323.037515167048	1.35789021369789	68.4187776041137
402.430993788763	323.515224906974	1.37083295560106	68.9505333757146
402.522114148503	323.995163441601	1.37520379610893	69.1986113882322
402.613965131057	324.475069287136	1.36985351461638	69.0791429954738
402.715349439087	324.952322456686	1.35504605767442	68.6628667230868
402.313496666425	516.531067049617	-1.73554517676403	74.9367358702322
402.391451295502	517.017790450524	-1.72258867798376	75.5128038999656
402.462145045953	517.506211111286	-1.71672368436438	75.8246240741875
402.530620931327	517.994931755067	-1.716693738089	75.80092987269
402.601266990164	518.483027004954	-1.72231693921044	75.4691611412853
402.678623434635	518.969515567939	-1.73405374782467	74.9335716661603
402.86183158492	325.532128046929	1.33255980624987	68.2516793592615
402.973920918938	326.006120615157	1.32379699239373	68.1539322707668
403.084924320474	326.480057373522	1.32613149748044	68.2030311744275
403.198648587086	326.953596830049	1.33897661047479	68.4108075536632
402.787441130251	519.538664406711	-1.75346823416709	74.2779463291917
402.881769818427	520.021822266239	-1.76724580742605	74.0273195672146
402.974346178407	520.50476295485	-1.77320653859869	73.9154928867935
403.066099995808	520.987809187852	-1.76964510209085	73.9297979330152
403.157958519393	521.471433813113	-1.757595952895	74.0630269830062
403.341648236166	327.535178747976	1.36136747466759	69.0824252111316
403.438528747992	328.013486963735	1.37382546715473	69.6257541122593
403.528306015737	328.493858246496	1.37833712534371	69.8737187253867
403.618745069064	328.974435853739	1.37455800774971	69.7577624511445
403.717851369191	329.453138371183	1.36223972019829	69.347739560246
403.268576518749	522.039321680449	-1.73721244755165	74.4373890901065
403.349500936548	522.525159411017	-1.72272772986412	74.8627247609926
403.421429766219	523.013407845305	-1.71511515032052	75.0790285795924
403.489931314895	523.501884601018	-1.71748014060114	74.8313427845189
403.562670648766	523.985645818277	-1.74188511669257	73.7245459091817
403.656393657937	524.451242330985	-1.82452206568639	71.385148660133
403.858655097985	330.031592610288	1.34192894831518	68.9036626428266
403.967254169511	330.507360774562	1.33255615380366	68.7393357526247
404.074757966839	330.983222399648	1.3338821786143	68.6824438689194
404.184320023921	331.458999964307	1.34517373043844	68.763074808252
403.936681097541	525.040664649326	-2.18174567463305	66.4664385124244
404.165220971697	525.342609701235	-2.4214842120601	63.8851809960104
404.323005599466	332.037696813973	1.36605230486617	69.1981289778955
404.418955938154	332.51710129944	1.3780143392178	69.6189358237733
404.50753845408	332.998409920908	1.3816225921403	69.8049736943456
404.59636277046	333.479523756823	1.37666883549768	69.6962920264415
404.692956302671	333.958524642504	1.36373331581862	69.3336113401115
404.481507614321	525.530353300892	-2.60119815928769	63.2338879367823
404.833619865043	334.537182934925	1.34224645009608	68.8827775635081
404.943827799219	335.012605082195	1.33132815009249	68.7498285070532
405.052078911225	335.488321333105	1.33133271326571	68.7394702949311
405.161406274795	335.963954885195	1.34276747116294	68.8996839936163
404.93430358076	525.743025250633	-2.88477625405427	65.2132557802535
405.036838859722	525.771733210932	-2.95585987266058	66.1252867652528
405.300318263168	336.542292503035	1.36621410019829	69.4721017850409
405.396988479798	337.021501209909	1.38128952800442	70.0923916600577
405.484177820749	337.503282147836	1.38721869105547	70.4707425332867
405.569796711247	337.985453089085	1.38404814208501	70.4918722541362
405.661126844365	338.465992264999	1.3731780822469	70.1738139698562
405.497950465391	525.80574127166	3.09673323402231	69.3717725710688
405.794454793643	339.045528043219	1.3531346776258	69.5847631108691
405.903769745874	339.521533865699	1.34003341710972	69.3980776153901
406.009912445385	339.997775181788	1.33590572499018	69.3336924327527
406.116270391178	340.474020267563	1.34101320249441	69.4239398581542
406.226089883353	340.950090753645	1.3546161397928	69.6463859936326
406.021202752864	525.741672413233	2.99852915449126	72.2530396203406
405.972718811878	525.755532635033	3.00125595544117	72.0076058501116
406.25435752464	341.052380239709	1.35851905136421	69.7311219343713
406.358205947453	341.529776147848	1.37324329640994	70.2699203505039
406.449969936567	342.010423834223	1.38138071740374	70.6301915220185
406.537378080561	342.492214760847	1.38186870363679	70.6778774645107
406.627441435918	342.973289857517	1.37506751732946	70.408049022622
406.727538198693	343.451742315363	1.3616177936245	69.942215162225
406.523703641127	525.659232696443	2.97856974136128	74.0370774534451
406.754886936943	343.553546056879	1.35786056199119	69.7734992190753
406.866611020113	344.029379646206	1.34327769592101	69.6049442371361
406.973590975105	344.505821382308	1.33625928594354	69.5609880279235
407.079156227376	344.982674942861	1.33976868967257	69.6293604965809
407.186244601826	345.459723862593	1.35304265557957	69.809199374363
407.013828718427	525.579876877031	2.9789331027339	74.9134050363769
407.319221431228	346.03726424377	1.37470700769593	70.3489210442135
407.411523729827	346.518111247704	1.38648877112052	70.8452518160521
407.496803119448	347.000655669221	1.38980067692079	71.1340296296998
407.581874049226	347.483088262885	1.3855277770215	71.1302975195551
407.673177466489	347.963932576804	1.37491172260056	70.8436346769443
407.500659968754	525.503627402651	2.97898408270768	75.1743763610746
407.80523625293	348.542070859254	1.35601315270404	70.3523370579109
407.912285674279	349.019110340775	1.34327812344853	70.1891851766212
408.017172450687	349.496235628794	1.33789564947883	70.115426978528
408.12317121542	349.973022747067	1.34200234984143	70.1573949322339
408.233297453267	350.449630847149	1.35603043356747	70.3281648950913
407.986376461548	525.426512427792	2.97440364435778	74.9855503747254
408.260760419692	350.549975395112	1.3602411091833	70.4225532806609
408.362287424246	351.02794554374	1.37835202853157	70.9202376186113
408.450510040861	351.509821134305	1.39070687373005	71.2522545665355
408.533389502195	351.993401145577	1.39341831612385	71.2945554004039
408.618503739597	352.476208803606	1.38550640949966	71.0388160986909
408.713631697256	352.955899032734	1.36891315912502	70.5854385478602
408.470528120827	525.343353372678	2.96317347006197	74.4823033594202
408.849903245577	353.532750693335	1.34640453462664	70.2129722218435
408.956928970648	354.009486160637	1.33742334706384	70.1793411732575
409.062214016391	354.486358143588	1.33951714540905	70.2864562610902
409.168447556686	354.963639867587	1.35171080635961	70.4989681120289
409.045085689402	525.223626822084	2.94057186508086	73.714364222873
409.302221218705	355.540359872458	1.37259031583536	71.0017765059624
409.396314186549	356.020908542955	1.38463324295309	71.461579895879
409.482557989	356.503515198285	1.38863081153478	71.6854737235175
409.567873583417	356.986209138597	1.38514101083125	71.6102362388132
409.658708555689	357.467365708724	1.37514007045073	71.2631491419742
409.524564329825	525.118528810458	2.92197366798556	73.4327091249851
409.789315568648	358.045218719915	1.3571693243297	70.6939743504297
409.896881904038	358.522288504666	1.34547339040247	70.52088551796
410.00074007814	358.999839911296	1.342277720183	70.462381276734
410.104008406536	359.477638847571	1.34797918678507	70.551338750357
410.209495625561	359.955558068835	1.36201116515718	70.7775686173289
410.003175007491	525.01504653703	2.91265059741868	73.3358097748383
410.3364661427	360.532813121611	1.38213815228668	71.4090119966209
410.42477047998	361.014949752836	1.39247060528684	71.8722806301517
410.507389964411	361.498524480974	1.39462793866124	72.0980874711316
410.590924861807	361.981460373609	1.38886982487098	72.0655462435082
410.681722711115	362.461628994523	1.37642927789443	71.8619071400515
410.481390767175	524.911493044299	2.91596371147495	73.439295470102
410.812767626965	363.041544361199	1.35798537480936	71.7119114694984
410.918111224288	363.518596289861	1.34826009273988	71.9797860443811
411.020051981633	363.995403183873	1.34694178269805	72.4259889356461
411.121118455027	364.47239945909	1.35416579726024	73.0133045281207
411.223913146084	364.949942071544	1.36877987323251	73.6738077941699
410.960425317464	524.806450902715	2.93264961660964	73.7041036549447
411.250490795003	365.052488125057	1.3728572800896	73.8183978355128
411.348175150187	365.531246577262	1.38730258629129	74.6913906822127
411.434559355751	366.013294061622	1.39488388326255	75.3342340648284
411.516487244082	366.496663221767	1.39523131945797	75.6340891243449
411.599823561326	366.979725301062	1.38950669518204	75.6082295697403
411.689978764843	367.461020365367	1.37863367214425	75.3759102737765
411.53410201899	524.681826907965	2.95992830231408	74.3646070133074
411.818323861418	368.038286081832	1.36231471591502	75.1106257315544
411.921805202283	368.516667041823	1.3525680335711	75.2329389712756
412.022289613439	368.99521571247	1.3498845595017	75.4489175742747
412.122517661787	369.473740574749	1.35517513823685	75.7315234912441
412.22523698083	369.952283757667	1.36767293773108	76.0462804729562
412.017724735152	524.597294750133	2.97594953599521	74.8513486434089
412.250606556452	370.051006172367	1.37098423295325	76.0914268620414
412.349794312255	370.530203383291	1.38439991122268	76.6415403831192
412.437604019906	371.012371904464	1.39224337212849	77.011086677731
412.520742266079	371.495913319215	1.39304151739253	77.0946467357092
412.605205366436	371.979181713666	1.3868498399344	76.8785098335933
412.696991947715	372.460423660673	1.37448345445407	76.4396325637989
412.50377441218	524.520959943855	2.9823465491032	75.0588615612566
412.828160984555	373.036289135469	1.35656210996844	75.9171430079476
412.932945517982	373.514303924646	1.34827014201943	75.823705525926
413.034478741703	373.99266381319	1.34916843280448	75.879619414514
413.135072370815	374.471625929944	1.35806156566051	76.1000395609103
413.237102930798	374.950992724123	1.37259902572117	76.4516942609403
412.990256404922	524.446066646244	2.98004243906227	74.9545425865096
413.261281725081	375.047380797759	1.37603058378988	76.5293225315831
413.357788716153	375.527974132058	1.38870028721953	77.1690842067833
413.444180543839	376.011039923683	1.39411848569188	77.6477560888382
413.527058688924	376.494569518887	1.39219136124116	77.838941461521
413.612239387591	376.977096007477	1.38436265540066	77.7246076207833
413.705341254789	377.457523316286	1.37210262596418	77.393485670637
413.475559507625	524.366660484727	2.96998640003204	74.5870314960833
413.838003868043	378.034333548148	1.3558126230925	77.0323587112042
413.942437456375	378.512158840515	1.34809927272491	77.0562113550636
414.043972230979	378.99078080002	1.34824374923648	77.1814737815347
414.145294136058	379.46984308439	1.35631756021105	77.3902914834232
414.249231648287	379.948946721379	1.37046545151012	77.6416609091243
413.958075223568	524.276613797289	2.95356326855238	74.0654950937731
414.274004968272	380.044940294401	1.37378983405746	77.7185755409781
414.370391480156	380.525512380845	1.38652499088723	78.1836596627318
414.456746393774	381.008468123169	1.39302404705331	78.4327232448991
414.539686427364	381.492213349042	1.39237238757284	78.3876646441143
414.625170931637	381.975182751809	1.38485759181924	78.0718902661981
414.719069321507	382.455910412874	1.37226875467325	77.5946601322686
414.530155098365	524.151041033382	2.9318280426545	73.6515519712165
414.850822507081	383.031093022099	1.3567497912961	77.1592852219978
414.953597160269	383.509624733909	1.35115600304551	77.1124068798906
415.053246685124	383.989119897836	1.35398244538039	77.1776582405174
415.152097392173	384.469556016265	1.36417386420602	77.338377319234
415.010155804842	524.050005907799	2.92137179738794	73.5353759076113
415.27541535474	385.042811011758	1.38189670134035	77.6161957173104
415.368354674709	385.524882410507	1.3935079121666	78.0351165725761
415.452219704376	386.00906736795	1.39843570464508	78.265167263127
415.533229957517	386.493597061316	1.39646815986824	78.2463940520255
415.616928456535	386.976924847822	1.38789516028011	78.0105963810441
415.708904224848	387.457606358613	1.37373536816036	77.6544880589893
415.489756598179	523.949765890553	2.92093511212108	73.5637436329267
415.84109575986	388.033532645678	1.354900874328	77.3319236094933
415.946298021225	388.511361703786	1.34604667999798	77.3927477162407
416.048631607097	388.989845732439	1.34680861892995	77.5066657461369
416.150497381168	389.469301150664	1.35657483826513	77.6454082511076
415.969381316773	523.848364335434	2.930712600529	73.7308933315442
416.278425735992	390.043018898307	1.3755183770007	77.8535618575931
416.373762476781	390.524141734366	1.3892508354306	78.2413922788539
416.458823566112	391.007831785556	1.39703088857665	78.4733006807737
416.539811359606	391.492395684409	1.39789227812702	78.4775093540307
416.622369934437	391.976338069405	1.39168566371166	78.2502792443776
416.712277598808	392.458296939657	1.3793870530403	77.852668762227
416.542169085838	523.721299204439	2.95095844404326	74.2150808447288
416.840230693428	393.032576329473	1.36173432653076	77.3947943510282
416.942360996118	393.511768678519	1.35284731829889	77.3066960430714
417.041983923564	393.991482502461	1.35265039484591	77.2920977230943
417.141409970138	394.471557701248	1.36013410939765	77.3676101386881
417.243186598576	394.951407820894	1.37269097455892	77.5330193966527
417.024300365714	523.629722074812	2.96565457927022	74.7676732001806
417.266850810822	395.045423308882	1.37557416052781	77.562157799926
417.36393759329	395.526398206879	1.3869350666067	78.0318363427591
417.450909626992	396.009509809607	1.39304165316404	78.3700207984983
417.533657892751	396.493490471895	1.39376908983325	78.4503234848262
417.617486257768	396.97729788451	1.38928712505446	78.241730787292
417.707868545094	397.459701881691	1.37940791899681	77.8135580041009
417.50894914698	523.548203210047	2.97386945733853	75.1103034953106
417.834940523415	398.033198066503	1.36362983358754	77.2854977307768
417.936492365668	398.512829747487	1.35506014589097	77.145130275253
418.035363602413	398.992877330566	1.35456056746176	77.1003036498079
418.133781122044	399.473302221906	1.36190177747174	77.172079802011
418.233902584428	399.953846437774	1.37516603755662	77.3517455681252
417.994506084766	523.470378541587	2.97500601436181	75.1268822114511
418.256629802984	400.046688020021	1.37821136792227	77.364351545455
418.352872464517	400.527975248366	1.39099492870345	77.8482036872889
418.438321978535	401.011694826962	1.39803492326123	78.196130453017
418.519090563907	401.496385364394	1.39890710856285	78.2700513697319
418.600509554875	401.981014739403	1.39420888391586	78.0318492594666
418.687770754243	402.464570928615	1.38430335524211	77.549883920193
418.479483040923	523.390327597195	2.96862339712919	74.812001436186
418.810617285694	403.037033203125	1.36890318764795	76.8732205580706
418.911892336311	403.517230933369	1.36029700372885	76.6790591985245
419.00924200473	403.998197466457	1.35917001341566	76.6019376641997
419.105171494971	404.479565371323	1.36439708792598	76.635466980903
419.202348390253	404.960821933155	1.37455666721004	76.7528789347147
418.962167337514	523.301749675079	2.9546297223344	74.2702389683268
419.322532914365	405.533486480988	1.38852127584046	77.100836266552
419.41048919457	406.01692466942	1.39596977299155	77.4470394807916
419.492596530582	406.501411857218	1.39713900337593	77.5723158812881
419.574563546104	406.985604566105	1.39194744194209	77.4066940896928
419.661930113842	407.468453282093	1.38134287541384	76.9659815019138
419.535704172047	523.175457295191	2.93257464250096	73.7220320481434
419.786045678244	408.043240995452	1.36464285288262	76.2045799418148
419.89132849216	408.521839514128	1.35437331050861	75.9389321041571
419.992161660539	409.001564453537	1.35219920057294	75.8096059323343
420.0910560586	409.481936297307	1.35764950073499	75.8399772436357
420.190224704547	409.962643291199	1.36992574369834	75.9897348719457
420.015031264751	523.072562389437	2.91992994459908	73.5734243568656
420.311813082038	410.535271553873	1.38841579972154	76.3555361643313
420.39907679137	411.018540062721	1.39997997692987	76.6788588403489
420.478654233207	411.503864419901	1.40474513888755	76.729675924134
420.556700865488	411.989777464587	1.40191580602271	76.4564809078043
420.639069891294	412.474819068942	1.39174529248044	75.8976148443387
420.731716331089	412.957722791941	1.37641142181125	75.1713658318841
420.493933134967	522.970938224167	2.91687505680447	73.6044289880323
420.753748651542	413.047229261891	1.37295654799861	74.9349652996003
420.859235085224	413.527156263006	1.35805088941313	74.4971250954079
420.960832413571	414.007580163989	1.35108056608115	74.2029334971897
421.0608534433	414.488198052786	1.35303316542879	74.0876683381703
421.161208802486	414.968771059917	1.36361312869073	74.1403766584026
420.972734473444	522.868664099782	2.92483747230754	73.7861444051054
421.28547616508	415.540023121945	1.38249751471193	74.4596161812991
421.376579648117	416.022640063526	1.39551946826705	74.8627131346796
421.458461065897	416.507483837661	1.40200503478275	75.0314716871232
421.53734424323	416.993357662048	1.40127853513363	74.8382184525391
421.619212823318	417.478826136222	1.39304365850647	74.2668095206495
421.710473734378	417.962173004371	1.37793568827988	73.4278830943536
421.54676280093	522.739402285771	2.94636793518363	74.2306870999351
421.45189778244	522.763640117929	2.94205681451721	74.0846495641457
421.838961829967	418.531498042707	1.35681359805929	72.5144705896194
421.942535083363	419.01135548367	1.34760903095847	72.0528102723318
422.043967884474	419.49132141923	1.34920737447274	71.8092854236621
422.144962447597	419.971698461476	1.36113116225199	71.7966526443686
422.247326495873	420.452463123327	1.37947784541147	71.9934916125782
422.02752050271	522.645357913874	2.96479570167338	74.8066945681926
422.268816795995	420.542890213761	1.383220448929	72.1256506218338
422.359754890027	421.025689495094	1.39858498624524	72.6381826313854
422.440443964515	421.510924288843	1.4054868277067	72.9901773096125
422.517817327899	421.996699240223	1.40446847686422	73.0416112185356
422.59751066357	422.481762087483	1.39777770886491	72.7596713611524
422.684712770346	422.965227833233	1.38647628231867	72.2284031676203
422.511735365032	522.563815480179	2.97712767321207	75.2012325814674
422.807490618533	423.537952213752	1.36864314104787	71.6016279646008
422.908285474025	424.018184813993	1.35757533274067	71.3889757435848
423.006893199858	424.49863109362	1.35440018194147	71.3545460404291
423.10501462414	424.979352311789	1.36115765187606	71.4790289480774
423.204108227257	425.460776401975	1.37659912388835	71.729640904711
422.997832065411	522.488000974951	2.98133798172549	75.2996980518297
423.320393484057	426.032266311782	1.39780707817428	72.3099830031622
423.402201851963	426.51731354019	1.40895770674262	72.7274226182451
423.477820091751	427.003932567315	1.41225585014135	72.9022711956237
423.552788514397	427.490519367922	1.40896541352353	72.7904639433109
423.632037897807	427.97586793099	1.40012387568181	72.431133437026
423.720762780617	428.458871698735	1.38640626572912	71.936137468527
423.484034156495	522.411729291151	2.97674102122212	75.0704706894592
423.842991955067	429.030678459545	1.3682368728334	71.5306195973762
423.941224603481	429.511542836107	1.35915168032062	71.4384170006871
424.037741869664	429.992629217665	1.35942896504836	71.4712259245166
424.134098185915	430.474203970393	1.3689059731449	71.6260553099961
424.232065780497	430.956162478095	1.38478385127404	71.8825936267183
423.968314194465	522.328530669736	2.96302795103391	74.5660674128064
424.252981126497	431.044938228076	1.38806630661125	71.9866974293708
424.34301950575	431.528238802452	1.40206901981036	72.5145459987808
424.423018554073	432.013856851789	1.40910384891594	72.9193331065077
424.498946486075	432.500190584048	1.409198617303	73.0669805130893
424.575864575899	432.986234401891	1.40394992888717	72.8840616808238
424.658705497942	433.471119209444	1.39357942987916	72.3973905656226
424.541538783639	522.20707595781	2.93791372432273	73.8547810943683
424.775432689901	434.043179285046	1.37542016889103	71.6168271027336
424.87676725557	434.523933889034	1.36184448098698	71.2697476514392
424.975257838197	435.00482946434	1.35595750658493	71.0807470264798
425.072866951857	435.485824398224	1.35882856157989	71.0856849052366
425.171232506272	435.967157681049	1.37064434960835	71.2588076886992
425.021271279845	522.102848781306	2.92039140133143	73.5693947565285
425.291087349744	436.537586383932	1.39126269762736	71.7420134619643
425.376916930204	437.021654053297	1.40554109748199	72.2165206422205
425.453785013806	437.508041922972	1.41309189234031	72.484681883677
425.527558668038	437.995194613994	1.41341014419803	72.4753560589885
425.603437683744	438.481774532629	1.40713601107081	72.1895051803792
425.686522873815	438.966644969871	1.39523688847339	71.6954557853855
425.500003728721	522.000017787491	2.91385516959372	73.4459352341129
425.803554494786	439.537235424709	1.3767061397091	71.0933686784356
425.901642467327	440.018892031607	1.36459896560955	70.879445378908
425.997782348827	440.500427781147	1.35988743213453	70.8194572540812
426.093601242693	440.982086759258	1.36429198847234	70.9064965895246
426.190598866113	441.464127889878	1.37709675706448	71.1292948238084
425.978584620957	521.897051930505	2.92000890259156	73.5011952740092
426.306808051438	442.034221151613	1.39736448583657	71.679329607153
426.389342343384	442.519290643549	1.41035099404028	72.1684755424753
426.464003356872	443.006209908342	1.41683721794224	72.440617452661
426.536236277466	443.493766274191	1.41616181774544	72.4053404876036
426.61138415305	443.980676345154	1.40809821682436	72.054333440685
426.695080931518	444.465484321137	1.39355724107675	71.4765156432204
426.45783580755	521.79241764847	2.93668739275628	73.7357522210085
426.813558383695	445.035317852308	1.37348854628184	70.8171557772597
426.911794289573	445.516815807886	1.36329806877391	70.5644585034298
427.007165002569	445.998647579086	1.36307131504032	70.462577784681
427.101052897312	446.481329451044	1.37139964677289	70.5084545200728
427.195085049864	446.964733819723	1.38583029878637	70.6752850165999
427.032072129637	521.669670375099	2.96075554452093	74.411113062574
427.305985818639	447.533492225408	1.40349768988147	71.1618769229455
427.386785995658	448.01960494907	1.41292867857754	71.6246478726985
427.461312118972	448.506756729813	1.41642319196446	71.9429400890071
427.534066645715	448.99401784553	1.41522362296076	72.0284757340688
427.60900604953	449.480813103716	1.40984600069609	71.8540865363325
427.690351259823	449.966379563367	1.39989381918331	71.4666235098006
427.51582638497	521.585274585106	2.97391036350581	74.8959020565642
427.803698050529	450.536087808519	1.38337083398228	70.9319239268813
427.898763801749	451.018687079369	1.37164136173146	70.7152728460911
427.99198968523	451.501479804865	1.36633279064671	70.5961574755915
428.085065343608	451.984319850583	1.369156636632	70.5962706845857
428.179517986482	452.467132331097	1.37945108741796	70.731339134849
428.001424375923	521.507706923078	2.97861077732891	75.1040515565465
428.294380102216	453.035795529309	1.39747374666237	71.1622508241212
428.37785329958	453.520879312091	1.41038070799299	71.6329572147291
428.452856348146	454.007947615589	1.41794100878077	71.9382039492621
428.524300477396	454.495931456916	1.41950190190106	71.9779999189856
428.596767051012	454.983788045215	1.41530355440279	71.724930493065
428.674919233118	455.470450496407	1.40549186640529	71.2324153021895
428.487109242061	521.430791505053	2.97529392253287	74.9724231151399
428.783564154748	456.03893584275	1.38849813073713	70.5146796908998
428.878577321673	456.522190721039	1.3755160414117	70.2150795357335
428.971173407417	457.005307481176	1.36946872722794	70.0575512231333
429.062736687924	457.488556536214	1.37178147860187	70.0557498079754
429.154346124699	457.972659267003	1.38276011024008	70.176290234426
429.247060280177	458.457982954676	1.39921910171906	70.3899628352964
428.971316855113	521.348539078141	2.9642754485917	74.5271530228769
429.264367669118	458.538566719132	1.40220082500413	70.490620883082
429.346983069645	459.024285985373	1.41684565765646	70.9236959117931
429.419920891038	459.512608857218	1.42521373940106	71.2477491668622
429.488463937379	460.001837104762	1.42712395776819	71.3830692019604
429.55672588393	460.490803735622	1.42419814391709	71.2823327495051
429.628353930427	460.978887026326	1.41752359772263	70.9406409088247
429.707331542232	461.465506350675	1.40697662888112	70.423364625097
429.546567225759	521.230003253898	2.94255394395389	73.7460023016289
429.452372478042	521.254074068852	2.94677239388102	73.8945515786373
429.815640698862	462.032422192021	1.39076595731641	69.8440681185269
429.906617724695	462.516613189086	1.379234302716	69.6228494305933
429.996386582711	463.00064777795	1.3740250902762	69.5452586240303
430.086166731959	463.484623972074	1.37659002138556	69.6133643542516
430.176973135507	463.969077920863	1.38757230816082	69.7990203333137
430.025901098088	521.125730586275	2.92527801554066	73.4127881958904
430.285465832967	464.534791820731	1.40661285526022	70.2388649431616
430.364874704722	465.021303366845	1.42089960680586	70.7141478655283
430.435041314187	465.51004604672	1.43017866708842	71.0328175408667
430.500514984915	465.999921413607	1.43443095176969	71.1174720320916
430.565038221966	466.490160448404	1.43405577891157	70.9586674400263
430.632091654458	466.980059703731	1.42888642500731	70.5969963501861
430.70543732704	467.468841963743	1.41920265225873	70.1007453366976
430.504888290966	521.023558532326	2.9163815124427	73.2508968010242
430.804634247189	468.031315667014	1.40472378951349	69.5058208473789
430.88977325906	468.517788223548	1.3946168785765	69.2118544074228
430.973031004006	469.004344925672	1.39044456163731	68.998422978243
431.055330641637	469.491199398253	1.39259262246904	68.8984247050936
431.1374620579	469.978621367127	1.40076088390486	68.9228282924699
431.220208767582	470.466630508751	1.41328655193601	69.0812874030032
430.983777928914	520.921453152247	2.91848260512443	73.3032255810878
431.312339213404	471.026589466658	1.42945501820377	69.5657520942012
431.380069342854	471.516619464578	1.44113368932791	70.013864443854
431.44066177991	472.008057137379	1.44980131124634	70.3641946186954
431.496835104831	472.50042009033	1.45543090201683	70.5581125347812
431.550962006903	472.993406620305	1.45818256245	70.571949854031
431.605211289657	473.486746961724	1.4579723751773	70.4056637323214
431.661670412588	473.980170275962	1.4548783600668	70.0724590598924
431.722712723018	474.473394372062	1.44922355598725	69.6028452467006
431.462976467502	520.817696950464	2.93155355472132	73.5748063304907
431.799847085137	475.02484821864	1.44063726038808	69.0175380190495
431.867283624215	475.516313097991	1.43328557238757	68.6142901359781
431.93375893818	476.008110909532	1.42827955421033	68.2622229019209
431.99991924637	476.500009877786	1.4268941473826	68.0174492567521
432.06581134515	476.991982550467	1.42985086054947	67.8997518049097
432.131374898376	477.484157507444	1.43630878556199	67.9163996519391
432.196920494451	477.976665613054	1.44529741505727	68.0436354396721
432.035980375711	520.691516316234	2.95609054037317	74.2851207338341
432.269590713947	478.525447918162	1.45651916335894	68.3991737270063
432.326441153279	479.018618879092	1.46574650880146	68.7896486685645
432.37703395255	479.512957464441	1.47291285259034	69.1489814575935
432.423439515236	480.008028916278	1.47762634694604	69.4200763845062
432.467219960837	480.503437273458	1.48032337120735	69.5579900699853
432.509803303298	480.99897431973	1.48137687571746	69.5365054248578
432.552646024365	481.494496837935	1.48015619496567	69.3533816203066
432.597495574617	481.989741695096	1.47595577473312	69.0267584387956
432.646310699328	482.484386080516	1.46915696214364	68.5905495358763
432.700817265389	482.978097824395	1.46069088812499	68.0967744984622
432.519120614095	520.604639843592	2.97265387070039	74.9029250414205
432.770970156026	483.527277110782	1.44987333980198	67.6063153389594
432.835618967667	484.020215170529	1.44075049576935	67.3543059288943
432.900191502826	484.512590243947	1.43383142901779	67.2171676506718
432.964495307053	485.004498857774	1.43131429123271	67.178318164435
433.028143155998	485.496508916153	1.43396636526964	67.2274143343067
433.090588121316	485.989191451513	1.44117675245616	67.346485892098
433.151705173101	486.482608645497	1.45023291087676	67.5285550406238
433.212474438407	486.976318261597	1.45892465999376	67.7436157708231
433.004868686187	520.527128247297	2.98153325762313	75.2432213366573
433.278019247857	487.523394035636	1.46682199009941	68.1888302585478
433.329274245512	488.017908164119	1.47240271223447	68.4989193628973
433.376468797975	488.51294158745	1.47684065868889	68.744371314328
433.421014970706	489.008322498191	1.47978769569043	68.9059831451606
433.464103635902	489.50383877439	1.48100579312021	68.9774328009007
433.50691391479	489.999248028638	1.48106420630273	68.9623163210983
433.550237945424	490.494491694645	1.48070166270119	68.8680263147945
433.594709412131	490.989619699945	1.47958164182734	68.7078996877274
433.641481161379	491.484389634473	1.47596520989952	68.508457720945
433.692484403456	491.978186009013	1.46827193869268	68.3011352099033
433.491479952955	520.452576920714	2.98198631488504	75.2123452738288
433.758905687024	492.529038157008	1.45508142929347	68.1250464797822
433.82195386546	493.022152185413	1.44229314602592	68.0554488427094
433.88644804711	493.514353768775	1.4322335082428	67.9905132798351
433.951692772553	494.006092938548	1.42773827777654	67.933617428125
434.017144513332	494.497867425862	1.42891748259486	67.9282066912619
434.082286378855	494.989966554985	1.43479796300681	68.0020418358898
434.146894831913	495.482509707513	1.44355683350222	68.1715547837856
434.211219306491	495.975457122214	1.45417332039849	68.4192420179317
433.976680897578	520.375006529395	2.97307550701497	74.7744380165087
434.278513421423	496.52396377299	1.46631885188377	68.9884575579064
434.328877124066	497.018347048209	1.47587060051182	69.4217224929003
434.373915472749	497.513468958935	1.48339922320626	69.8257130599814
434.415427375021	498.009006255483	1.48805191197425	70.1605426526176
434.455181075908	498.504779144928	1.48906475716609	70.386627573954
434.495177670355	499.0005197187	1.48651940301722	70.4704398257245
434.537162614783	499.495924402157	1.48132600772775	70.4001667809957
434.582598220375	499.990750476844	1.47399531045376	70.1959807496085
434.633046907255	500.484683707647	1.46428693980751	69.9029317992375
434.690282145634	500.977228533255	1.45255269817555	69.5802803366798
434.456081988721	520.287712781786	2.95056807064758	73.8632157423522
434.765754502918	501.530059349735	1.43935628085383	69.3086864562414
434.835348744631	502.021659369632	1.43103347635243	69.2873941440073
434.903917923149	502.512752290773	1.42709925162603	69.4114081094884
434.970896065792	503.003832633819	1.42780118380527	69.6546674179967
435.036097623106	503.495346513443	1.43260289680355	69.9945423491007
435.099379947297	503.987544722038	1.4410154314695	70.4000293288086
435.160885463393	504.480341185286	1.45056242151864	70.8532396936005
435.221674279829	504.973308566535	1.45917924634315	71.3158569358257
435.0416960725	520.137948455888	2.87533162436649	71.9778704776267
435.287269718976	505.524094517872	1.46618904485151	71.9847690256446
435.339671948403	506.018390115813	1.46994876904617	72.476125301384
435.389229894233	506.51288623669	1.47190204425051	72.8911172767171
435.437299430134	507.007362399934	1.47239409831585	73.2153992849975
435.484799314584	507.501784549992	1.4718270767553	73.4306473129018
435.532566530719	507.996211784277	1.47049444767003	73.5126904145606
435.581516863059	508.49062363164	1.4679965385512	73.4390694790032
435.632968023424	508.984767868093	1.46341437472859	73.2051755580715
435.688952829416	509.478156611931	1.45612101953843	72.846857722666
435.497480036129	519.994084516272	2.74624941497742	69.6993582485324
435.760765494452	510.029535638154	1.4453060637655	72.3738999104831
435.829379209549	510.521696126906	1.43534366128762	72.1985292331055
435.897722451136	511.013407591178	1.42744504727867	72.1564911383161
435.966099880273	511.504538357539	1.42274562736397	72.2433881258793
436.034533489028	511.995355130177	1.42242311622081	72.4117417479173
436.103126903904	512.486244500366	1.4265177022043	72.6391168213205
436.172079428333	512.977367830356	1.43446345701875	72.9173355282486
436.241471764703	513.468761251857	1.44464991271864	73.2634957337217
436.093179439472	519.604009277696	2.37209129497126	65.54891705175
435.883221128978	519.809800882831	2.55076887680489	66.9850160491916
436.25107966909	513.530511602611	1.44609195730873	73.3858861577667
436.313666557278	514.022269281662	1.45634964715465	73.923790075471
436.369080900353	514.515228499738	1.46496876011014	74.4452915212222
436.419486494815	515.009138252702	1.4711558640486	74.8835286597411
436.466715565165	515.503712234348	1.4744471036646	75.174977083825
436.512650448133	515.998605711564	1.47495408623935	75.2642587789236
436.558976238271	516.493652502503	1.47335240159179	75.1036137093945
436.606765805477	516.989592870298	1.47191695492941	74.6052004931605
436.654673811445	517.490078145987	1.48179695354993	73.5269997466891
436.689622652755	518.003730369997	1.54267696560815	71.4576809228441
436.659356555522	518.529165843039	1.72813713987959	68.2940230792542
436.514792021212	519.006468117793	1.99767398299306	65.6042111801492
436.328878125669	519.368393227982	2.20302880502791	64.7755033776428
