345.745705194798	375.000795943113	-1.56405803628927	67.7999121158027
345.742679622773	375.500243480322	-1.56592251933708	67.7444120085507
345.740366645715	375.999901163293	-1.56721621891632	67.673313926056
345.738841624446	376.49967500908	-1.56852784359165	67.5947725724872
345.738060079208	376.999424368705	-1.57050133591753	67.5165342459738
345.738708414294	377.498989690235	-1.57345027003	67.4441666087624
345.741044347189	377.998290929653	-1.57714295119189	67.370809687265
345.745516506066	378.497423665584	-1.5807956395137	67.2886431468865
346.228942328348	364.014854205	-1.50062331908042	70.5536374450911
346.190186714692	364.512587702966	-1.49630521570581	70.229504265436
346.151708192971	365.009990351913	-1.49430695316632	69.9247425303018
346.114326867943	365.507201409869	-1.49507978566961	69.6475953632107
346.078945356246	366.004582135684	-1.49814745411146	69.3997747850566
346.045887260096	366.502390749427	-1.50262765797213	69.1960478579999
346.015459453448	367.000714716354	-1.50813700618594	69.0290179691113
345.9876986897	367.499491406488	-1.51371988932644	68.8933238023836
345.962253882636	367.998559711	-1.51816609191275	68.7693709792424
345.938248833907	368.497727406783	-1.52036753694477	68.6587752238814
345.914649876237	368.996911553775	-1.52124457695444	68.5568012785899
345.891333967079	369.496258033773	-1.52314266995965	68.4667214172739
345.869096732977	369.995984763386	-1.52779104654838	68.3716347123737
345.849230790313	370.496077504223	-1.53403546647358	68.2704762093651
345.831928612401	370.996266547839	-1.53945944256384	68.1622758396187
345.816650161381	371.49635636952	-1.54265794171535	68.0636105250175
345.802265610158	371.996351552895	-1.54434498311272	67.9759460162927
345.788614038391	372.496359415592	-1.54614296011514	67.9077007717802
345.775919338785	372.996502980443	-1.54919349890418	67.8556396006325
345.765140190875	373.496920322338	-1.55329515787931	67.8223974356609
345.756481597921	373.997646197824	-1.55758213865785	67.7930626141031
345.750140109365	374.498538801716	-1.56127364794592	67.760583463034
345.751789866511	379.003638668364	-1.58336051509375	67.1189949166824
345.759198760672	379.503714829192	-1.58400852930617	67.0303979172653
345.766240789336	380.003239664495	-1.58287611782138	66.9441072361209
345.772437428518	380.502527203141	-1.58094215179707	66.87328535675
345.777450551484	381.001941988397	-1.57931729668297	66.8141557016371
345.781904432391	381.501668477877	-1.57866351347019	66.7660459915383
345.786162500033	382.001718633713	-1.57911288951577	66.7155817588731
345.79100421951	382.50201445639	-1.5804825603171	66.6601257891318
345.796562799329	383.002411071215	-1.58221519560722	66.5907176581613
345.803034238485	383.50273490885	-1.58358450151513	66.5144440662644
345.809898596051	384.002903783032	-1.58424990068815	66.4303883685596
345.817053135936	384.502948976142	-1.58457526826601	66.3437415481622
345.824231545735	385.002893536974	-1.58496586380005	66.246094319251
345.83162262856	385.50267968957	-1.58528849232806	66.1486937566243
345.838893375711	386.002296456332	-1.58503819487143	66.0654414356595
345.845905434714	386.501871561785	-1.58414637160398	66.0194356985632
345.852344166383	387.001585809531	-1.58332141363165	66.0025265623807
345.85865490552	387.50151140823	-1.58358388648716	65.9996097046738
345.865245737562	388.001568457691	-1.58489633535923	65.9854192855312
345.872455638217	388.50161291072	-1.58593677081704	65.9616633469025
345.87970312974	389.001574368975	-1.58552881755813	65.9296322572866
345.886482653649	389.501480486704	-1.58403521165342	65.8974871429305
345.892456569719	390.001369280816	-1.58262101860265	65.8521032858235
345.897985217437	390.501235118432	-1.58202001613344	65.7957769139712
345.903366692391	391.001085338257	-1.58224614380442	65.7336751183277
345.909064928224	391.500976423839	-1.58317949304854	65.688818553279
345.915288731797	392.000956915131	-1.58466722735968	65.6638604673227
345.922321125599	392.500993616753	-1.58636193332092	65.6636194117728
345.930003526373	393.000994245198	-1.58749601008572	65.677489554869
345.937959677019	393.500896438107	-1.58738970579962	65.7047297124887
345.945485932694	394.000726978621	-1.58602837417882	65.7292724169441
345.952225765923	394.500559562831	-1.58427410558899	65.7473015289206
345.958141744963	395.000439244329	-1.58288320324105	65.7476036873663
345.963509041182	395.500360074094	-1.58194984473081	65.7367818376667
345.96846508011	396.000301355939	-1.58126432936257	65.7124425509331
345.973195967522	396.500252813951	-1.5809760332414	65.6858570214048
345.977899806346	397.000209268814	-1.58119442921557	65.6563008284562
345.982787508806	397.500164281719	-1.58162769969481	65.6331366342989
345.987840253291	398.000116606818	-1.58184238437971	65.608387262677
345.992953338657	398.50006843109	-1.5817734444045	65.5816193016683
345.997992364549	399.000019658217	-1.58143909450241	65.5410118841607
346.002834421815	399.499973199439	-1.58089170645575	65.4959687873642
346.007452769403	399.999934490976	-1.58062735951558	65.4545624308028
346.012189741352	400.499893465081	-1.58166123728126	65.4393781486758
346.017777480188	400.999819856119	-1.5843366844169	65.4497653807659
346.024783228827	401.499687375956	-1.58765626335368	65.481550661293
346.033163820533	401.999506966186	-1.59000794609493	65.5111985568828
346.042255744663	402.499329877399	-1.59071668043253	65.5358012445296
346.051422885043	402.999192897779	-1.59026890084323	65.5532593656341
346.060308509407	403.499077053455	-1.58957063974808	65.5734382357873
346.068944774259	403.998954376309	-1.58876604324675	65.5815103015395
346.07712011947	404.498868011615	-1.58724098810723	65.5693527836949
346.084397532359	404.998906774864	-1.58438926596586	65.5272603139003
346.090080226216	405.499098338961	-1.58062671824615	65.4727285998318
346.094034341251	405.999350671684	-1.57718732672209	65.4172101903038
346.09664002306	406.49950180204	-1.57551754874269	65.3778645070208
346.099118996366	406.999401771512	-1.57664267236142	65.3491651618039
346.102791439209	407.498987474633	-1.58055882315078	65.3310862881991
346.108784569263	407.998344923164	-1.5856026817862	65.3138743132771
346.116934140324	408.497714230288	-1.58921221395245	65.305695588985
346.126267538956	408.997349594824	-1.58999360014659	65.3069385132201
346.135466005239	409.497316631706	-1.58892186418249	65.3273636733789
346.144197051085	409.997469299088	-1.5877512828769	65.3584158315252
346.152497979677	410.497646454469	-1.58717648798607	65.3990194462255
346.160690157106	410.997775263823	-1.58661149120426	65.4372379749704
346.168459647767	411.49783378629	-1.58555247582931	65.470425766922
346.17576004283	411.997794867446	-1.58431927920605	65.4840361191687
346.182529525992	412.497658973365	-1.58372610866318	65.4839263457788
346.189344166963	412.997500711286	-1.58389756543494	65.4798082737832
346.196227488516	413.49744817688	-1.58405588592269	65.4944206183699
346.203148627938	413.997555841244	-1.58345852582008	65.5280152865234
346.209528113531	414.497744939557	-1.58233057544924	65.5802586022819
346.215454913924	414.997906635224	-1.58127783045989	65.6406685278246
346.220827936588	415.498016272814	-1.58051615473023	65.71302824406
346.225995007502	415.998055817251	-1.57994261842114	65.7888316637665
346.230863996434	416.497941786167	-1.57971877209251	65.8600359684508
346.235930350733	416.997639881277	-1.58006077703277	65.9038749994484
346.241266568978	417.497273944436	-1.58086769003492	65.915626296177
346.247271838775	417.996987059318	-1.58174627038186	65.8964752475015
346.710472857436	357.019760863777	-1.47187056916861	72.4510024467009
346.662666329299	357.514391074881	-1.48256231295666	72.6878828750597
346.620780315991	358.010154870757	-1.49125964144073	72.8968960571073
346.583427646545	358.506709385744	-1.49815272324153	73.0778495502415
346.549343121419	359.003807790423	-1.50326069218756	73.2185768130425
346.517481944913	359.501296188709	-1.50645861677284	73.2950581502835
346.486821422253	359.999059736349	-1.50805383026809	73.279206580957
346.456635521352	360.497013095766	-1.50879524577742	73.1534116124864
346.426538917615	360.995088535121	-1.50922660934575	72.9216919249776
346.39624011859	361.493233612177	-1.50938938594819	72.6084966498971
346.365586739023	361.991461190809	-1.50928952009566	72.2453941633289
346.334303287783	362.489825674777	-1.50897743104151	71.8561135098245
346.302223178043	362.988273922167	-1.50800723824492	71.4502130986986
346.268459932666	363.486476219372	-1.50532909706906	71.0338806783611
346.253529197998	418.503250809977	-1.58238757810539	65.9503073757461
346.259881670124	419.003274450228	-1.58257376692336	65.9183754977505
346.26605779298	419.503236673795	-1.58228235601563	65.8811545954026
346.272069008478	420.003074380484	-1.58171877536372	65.8423777543539
346.277662895028	420.502817889984	-1.58127261901285	65.8145634900217
346.283181382557	421.002553649231	-1.58111699592708	65.8068396242821
346.28853921814	421.502333754004	-1.58105666383213	65.8203735736721
346.293907698723	422.002140976594	-1.58081994113821	65.8444042574532
346.299007462264	422.501967149832	-1.58049378923544	65.8725629655908
346.304080668734	423.001855141016	-1.58045940098461	65.9080175484408
346.309184034739	423.501867659976	-1.58097011837239	65.9619993176016
346.314713662052	424.001966743449	-1.58168028353863	66.0362324294394
346.320378533713	424.501998894526	-1.58174161734916	66.1193463847752
346.325795253339	425.001821517612	-1.58045682890297	66.1908236030205
346.33014635407	425.501461304372	-1.57811153661893	66.2398165000477
346.333368334944	426.001108796002	-1.57601829440519	66.2704398834036
346.335825574255	426.500986619316	-1.57556929943975	66.296906499591
346.33860224943	427.001154168447	-1.57690999313941	66.3261425159232
346.342167059787	427.501453159395	-1.57878733376892	66.3529961965823
346.346571409547	428.001664985714	-1.57995832501615	66.3647159832652
346.351274772203	428.501712199547	-1.58043988216763	66.3588939480757
346.356247180787	429.001661441034	-1.58091321370376	66.3473376772033
346.3614235887	429.50160945958	-1.58147706068714	66.3462033131445
346.366839527967	430.001573608255	-1.58154524484362	66.3595278818043
346.372011894335	430.501508076718	-1.58072910523205	66.3814764729361
346.376687329381	431.001386744404	-1.57940071061174	66.4062445754305
346.380718538135	431.501254753373	-1.57841360284168	66.4366382505717
346.38452608967	432.001168030736	-1.57826756081643	66.4773180964975
346.388372945888	432.501139572214	-1.57870832951764	66.5252954026031
346.392491539469	433.00114497641	-1.57917252794478	66.5659577555766
346.396733851753	433.501168316562	-1.57948923067821	66.5852212816321
346.401189166386	434.001198318321	-1.57996749816252	66.5828782825428
346.405922672025	434.501204330241	-1.58080022954713	66.5752350159458
346.411075907623	435.001129147944	-1.58143165442852	66.5781039819485
346.416218585331	435.500955200171	-1.58091958108426	66.5883746568016
346.420803240514	436.00075700578	-1.57926779782212	66.585879875551
346.424531540913	436.500648789761	-1.57785397058164	66.5611013373963
346.427936145414	437.000648933631	-1.57776708274164	66.534173328777
346.431553814208	437.500660264241	-1.57850194497703	66.5394467468068
346.435536218584	438.000609416958	-1.57888876185178	66.5898728253118
346.439479872718	438.500537279233	-1.57850210587332	66.6615468345772
346.443112129396	439.000497591907	-1.57770586024043	66.7118489685701
346.446287892075	439.500476353595	-1.57690363495937	66.7159471349363
346.449147703774	440.00044632647	-1.57646862038953	66.6853988298885
346.451967393286	440.500428435122	-1.5769109854589	66.6515571178629
346.455280582609	441.000445786272	-1.57834228894285	66.6349302323732
346.459386065296	441.500470034786	-1.58006431118006	66.6333126515467
346.46419345972	442.000450821536	-1.58104340593759	66.6333702130888
346.46915296816	442.500380081383	-1.58078796594582	66.6285835144651
346.473757270611	443.000291616872	-1.57967609339859	66.6239044286248
346.477762193877	443.500221019595	-1.57853410945329	66.6237789808345
346.481341546246	444.000177656884	-1.57799949075006	66.6207581364068
346.484823152138	444.500149839452	-1.57819022947243	66.6002858425491
346.488519379199	445.000120960334	-1.57880265301416	66.5565163531597
346.49251998524	445.500082058683	-1.57933801978823	66.5021496003984
346.496664316277	446.000035434921	-1.5792375282938	66.4619387014869
346.50054139038	446.499995007374	-1.57821225348063	66.4539684049052
346.503777645377	446.999972079149	-1.57676206265272	66.4758313997762
346.506440218381	447.499957957962	-1.57605563052353	66.5074080421564
346.509101348768	447.999932538131	-1.57676627953191	66.5267717888779
346.51235440409	448.499884895555	-1.57824955839612	66.5242580462076
346.51628441074	448.999821939814	-1.5793648907976	66.5036251342678
346.520601310344	449.499757770962	-1.57976097492136	66.4731647678913
346.525051475412	449.999696535282	-1.57998597755155	66.4390833185234
346.529719793125	450.499632608573	-1.58062509920963	66.4067788438153
346.534765690392	450.999566284571	-1.58153906696015	66.3834678014172
346.540153625689	451.499508775686	-1.58194112092746	66.3745906866326
346.545432052277	451.999475850941	-1.5812476093711	66.3789410532563
346.550152507913	452.499467113725	-1.57976336140403	66.3886326790378
346.554122674922	452.999457025555	-1.57839646962485	66.3895234140288
346.557655209302	453.499412097898	-1.57783412084819	66.3606696274115
346.561138956132	453.999332791628	-1.57806356586828	66.2829837937023
346.564902626553	454.499258786833	-1.57859076804348	66.1593230420523
346.568919812157	454.999223960179	-1.57904054238915	66.0228596307042
346.573151757147	455.499214865846	-1.57932682386335	65.9176576899855
346.577397848395	455.999212684537	-1.57929215251609	65.8676575722275
346.581487334773	456.499235749936	-1.57867846624424	65.864561154402
346.585085972524	456.999296355492	-1.57762757545399	65.878717824896
346.588241583969	457.499335142806	-1.57693949545376	65.8812841639421
346.591278699973	457.999274577606	-1.57739255910452	65.8618288941817
346.594854777148	458.499107096498	-1.57889803483284	65.8329967893769
346.599214947986	458.998898370853	-1.580580296169	65.8130159024095
346.604309884728	459.4987180013	-1.58153077268846	65.8001104312315
346.609615017917	459.99860338919	-1.58142326626345	65.7659905941119
346.614790708496	460.498560885076	-1.58062053509592	65.6843623562993
346.619537212697	460.998593241381	-1.57972996059606	65.561625904055
346.62397670678	461.498689258889	-1.5791369037303	65.4371648566402
346.628129476768	461.998796845922	-1.57888872957664	65.3488477141792
346.632251237764	462.498821171555	-1.57894313834486	65.3015224445085
346.636414227743	462.998712386033	-1.57937883435002	65.2674813603498
346.640957022944	463.498532945382	-1.58016737593117	65.2228790283866
346.645838311514	463.998422887211	-1.58083208274774	65.1708629381339
346.650948150745	464.498465839699	-1.58074598506326	65.1290595448093
346.655733260509	464.998597767788	-1.57990083608439	65.0992009290977
346.660151011335	465.498648698024	-1.57915516233249	65.0646680257915
346.664326041973	465.998534664057	-1.57918404359564	65.0093916550291
346.668762244757	466.498342190658	-1.57970765272506	64.9382872003988
346.673425122732	466.998189300683	-1.58027707517377	64.8695498805656
346.678513319393	467.498060665655	-1.5810573712129	64.8159922942412
346.684029275591	467.997890716092	-1.58211970046229	64.7712018539799
346.690132914011	468.497711592977	-1.58273070944657	64.7237185415336
346.696182917762	468.997637851588	-1.58206790934001	64.6683340029284
346.701699064046	469.497709433556	-1.58037337104849	64.6078925429553
346.706219941504	469.997853715285	-1.5787132248511	64.543203055073
346.710193399738	470.497966068135	-1.57792280820643	64.4791959304186
346.713914618244	470.998016875708	-1.57803972941556	64.4238885996545
346.717937972871	471.498035360871	-1.57860482693742	64.3834724682747
346.722175739609	471.998032208115	-1.57919014087931	64.347457986598
346.726822437938	472.497956683238	-1.5797321575382	64.2969514262381
346.731692129792	472.997796059135	-1.58038872706259	64.217263711288
346.737099257482	473.497638546302	-1.58124383460782	64.1167466093876
346.742887493614	473.997592160427	-1.58210663245219	64.0188454941113
346.749210810483	474.49760847159	-1.58268685699756	63.9472633495352
347.220243100006	353.026293292992	-1.44760699181231	72.8092516637453
347.154954712484	353.518305167828	-1.44098096858786	72.4045301225106
347.090959764266	354.010667074906	-1.43597547929117	72.0793198646111
347.027308631614	354.503197210506	-1.43282839400632	71.8763038438826
346.963529015106	354.995736585798	-1.43254524174079	71.8086916275663
346.899621104471	355.488444639746	-1.43641195607388	71.8636997447858
346.836041946832	355.981868427588	-1.44548411253898	71.9845902038205
346.773692972351	356.476465012301	-1.45791487325212	72.1312195030234
346.755983758998	475.002555026153	-1.58296859172643	63.8358439788144
346.762967848401	475.502957268904	-1.58340782660131	63.8073813814526
346.770131265696	476.003639388748	-1.58430109591297	63.7545075920612
346.777878250913	476.504103865264	-1.58526088337885	63.6791937847898
346.785823565838	477.003985178306	-1.58564317069281	63.5995069594546
346.793816765956	477.503380022655	-1.58531726341281	63.5472793481239
346.80134861397	478.002718400087	-1.58471469060165	63.5232818019448
346.80865226508	478.502344041622	-1.584514768526	63.5126187587072
346.815808038028	479.002250943861	-1.5848399651974	63.4860945740254
346.823145857977	479.502174462858	-1.58507217821157	63.4436653695125
346.830280188951	480.001947624522	-1.58465260896679	63.3958321561775
346.837100076728	480.501664978284	-1.58380100161649	63.3639130903435
346.843346950753	481.001492206233	-1.58294570746791	63.3416480872433
346.849243720504	481.501458509497	-1.58222949189577	63.32085833407
346.854718611945	482.001505658256	-1.5816682176379	63.2860858557585
346.860077705374	482.501593835042	-1.58152060021029	63.2411779795055
346.865401534116	483.001684438189	-1.58174525719973	63.1797280907651
346.870872411601	483.50171307633	-1.58180118376566	63.0994899150118
346.876149984937	484.001667265675	-1.58143149269306	62.9867910218677
346.881300093471	484.501608430781	-1.5813800558321	62.8544967774747
346.886615437988	485.001573290703	-1.58251891708231	62.7254332460111
346.892845312598	485.501512884017	-1.58478984758859	62.6386034815306
346.900192410564	486.001385275479	-1.58719961044933	62.6040772542197
346.908493177106	486.501216783137	-1.58855290746893	62.617512406091
346.916863189907	487.001039903221	-1.58785946600161	62.648682443234
346.924367847604	487.500851118027	-1.58502960886334	62.6819910545855
346.930221183751	488.000670725948	-1.58145728876856	62.7014183221012
346.934735431887	488.500556802627	-1.57958061258776	62.7069060271828
346.938987599072	489.000536814092	-1.58057382049113	62.6856299999896
346.9441744753	489.500563257062	-1.58325421225845	62.6430765056328
346.950564882466	490.000571600835	-1.58568151937012	62.5897589360036
346.957911203147	490.50054204638	-1.5872266557059	62.5592953910257
346.96579387877	491.000478917062	-1.58809567538115	62.5658800822145
346.973903018048	491.500380750009	-1.58818340956951	62.6110344224164
346.981711805689	492.000258909005	-1.5870321849606	62.6628625894472
346.988696436616	492.500143605492	-1.58483358108928	62.7007026887186
346.994552528635	493.000059025882	-1.58237342531422	62.7092036790367
346.999405883836	493.500005586942	-1.58057124757435	62.699452440078
347.003726292002	493.999966276733	-1.58007715343398	62.672985470302
347.008225344493	494.499918238133	-1.58124166648163	62.6401201828089
347.01363308101	494.999841405997	-1.58370841834516	62.5998273983787
347.020289004564	495.499732440636	-1.58631473487359	62.566419681973
347.027895782084	495.999622111829	-1.58757061897566	62.5446939573373
347.035585867971	496.499560944997	-1.58685562909027	62.5485283555733
347.04261204549	496.999552958995	-1.58499908584311	62.5712688139844
347.048829619352	497.499527114116	-1.58373114930933	62.6054765825933
347.054825400185	497.9994207946	-1.58377730366429	62.6255247370217
347.061009178732	498.499267735735	-1.58422137880073	62.6245197224297
347.067321292862	498.999151806388	-1.58397045633237	62.59932239964
347.073386708763	499.499092536422	-1.58340785759385	62.569367545654
347.079365532519	499.999026467967	-1.5835299598909	62.5418896061346
347.085615726559	500.498901860581	-1.58456021914918	62.528646809564
347.092530055352	500.998729402366	-1.58582825487155	62.5276190947089
347.099984383251	501.498547842218	-1.5867298727071	62.5513670048382
347.107820705287	501.99836918936	-1.58698150349802	62.5961515040103
347.115607033543	502.498195704201	-1.58648648027428	62.6479320266106
347.12306822059	502.998089611454	-1.58506952386282	62.6649519574546
347.129649737718	503.498169657551	-1.58293306553798	62.6347206471077
347.135275863774	503.998436723847	-1.58109570074158	62.5743190559798
347.140227826601	504.498685491441	-1.58083402055111	62.5291036813614
347.145486928029	504.998705037167	-1.58212240740455	62.5148761081756
347.151400464863	505.498512533122	-1.58349232105546	62.535755766762
347.157821788223	505.998288532893	-1.58357564230092	62.5791623267668
347.163937633377	506.498172936829	-1.58250032776309	62.6426192784118
347.169516801309	506.998191696943	-1.58105299852087	62.7082026807611
347.174318295317	507.498303605395	-1.57967085789923	62.7652788340621
347.178616198715	507.998397293111	-1.57872567130985	62.7993612510477
347.182650538298	508.498319171521	-1.57901538725894	62.8190586739315
347.187348297279	508.99801537777	-1.58074412419425	62.8305731003669
347.193071145861	509.497613169645	-1.58292946323692	62.8462431591701
347.199958864564	509.997265780818	-1.584476611702	62.8600338595773
347.207462858154	510.496986115019	-1.58543659386853	62.8759955105783
347.215641441655	510.996707345298	-1.58636198866023	62.8954469838141
347.224297729502	511.496465582533	-1.58717749753236	62.9298995078994
347.233418594551	511.996392693204	-1.58710336391068	62.971898009411
347.242126351506	512.49657418378	-1.5856482019704	63.0142919605777
347.24991812423	512.99694969604	-1.58314471518379	63.0408286412975
347.745665550374	348.533560897697	-1.4263758402025	73.7566434753814
347.674472908657	349.023059672806	-1.4409500624695	74.2782733114626
347.612869937249	349.514462507326	-1.45240521617717	74.7313978346291
347.55747596282	350.007163474312	-1.46010663668917	75.0252547112955
347.505645309787	350.500686914474	-1.464222453394	75.1077753044761
347.455086437898	350.994648508983	-1.46543830799981	74.9580432900957
347.403838972144	351.488755714514	-1.46420196492644	74.5951625519099
347.350238916187	351.982777611807	-1.46077318793583	74.0793257995543
347.29255053244	352.476481222252	-1.45534816042242	73.4872592493875
347.250011760059	513.002948669834	-1.58311401757981	63.1165521767585
347.25587882903	513.502450332218	-1.58051681415136	63.136315474154
347.26057835875	514.001947609576	-1.57846232468684	63.1429380021543
347.264203351014	514.501382018236	-1.57694815861828	63.1554181906514
347.267227904779	515.000836117577	-1.57585786919787	63.1899285233716
347.269739550574	515.500604371206	-1.57557287799573	63.251851249548
347.272555714713	516.00094895518	-1.57667135667388	63.3260971797999
347.276251130288	516.501824878614	-1.57920212435444	63.3919701662556
347.281590095584	517.002853573633	-1.58231180213079	63.431660846065
347.288300337089	517.503564733157	-1.58468901392396	63.4400309828014
347.295852538308	518.003661431315	-1.5852592970456	63.4198324908668
347.303023515746	518.503178814634	-1.58385485737489	63.3854008141485
347.309188420867	519.002417989078	-1.58138195629094	63.3561476848216
347.314019424767	519.501752438602	-1.57927265453276	63.3529079730092
347.318152849204	520.001378895814	-1.57836521352045	63.3868740608645
347.322038886404	520.50127798736	-1.57849317352704	63.4587304193084
347.326244988994	521.00138305366	-1.57922520147145	63.5545761021854
347.3308779803	521.501683216288	-1.58047873970967	63.651243103786
347.33626361115	522.002065419772	-1.58185514759315	63.7208729307701
347.342034152975	522.502267706803	-1.58225501263486	63.7447174506953
347.347620615973	523.002121240965	-1.5810250796235	63.7217641569821
347.352257372627	523.50174646958	-1.57904319659523	63.6746316473556
347.356104571372	524.001398539139	-1.57781131581333	63.6364344488862
347.35963365879	524.501241697164	-1.57800066808393	63.632698660978
347.363600128475	525.00126820099	-1.57919707329046	63.6649105249269
347.368146092827	525.501371038339	-1.58050603025141	63.7124636328665
347.373191589865	526.00142970808	-1.58105867592623	63.7447447780328
347.378113652927	526.501380260153	-1.58042049789002	63.7418900364879
347.382515564921	527.001234590146	-1.57895242472723	63.7075126369428
347.386170982902	527.501070997121	-1.57768840109424	63.6690100693522
347.389531576214	528.000976589128	-1.57744081161431	63.6559339432894
347.392996874834	528.500989481879	-1.57808223070174	63.6745079513591
347.396874238116	529.00105908824	-1.578791934204	63.7014720756041
347.400894008816	529.501091194904	-1.57888646813961	63.7105791426554
347.404828335512	530.001033156624	-1.57844085449822	63.6984978661619
347.408495857042	530.500915080567	-1.57811288066195	63.684273617912
347.412151868713	531.000793297187	-1.5782729282099	63.6875949424854
347.415898218369	531.50070082417	-1.57860941249254	63.7149774070106
347.419783108096	532.000647788761	-1.57871642353486	63.7590944980883
347.423646363095	532.500646494527	-1.57872956975508	63.8063198514335
347.427628969308	533.000698163696	-1.57907366839246	63.843724620642
347.431883772909	533.500775855773	-1.57983600646097	63.8648794498097
347.436597631113	534.000828368748	-1.58065515085023	63.8702429423205
347.44162668263	534.500818564499	-1.58116392168101	63.8639552816001
347.446821897721	535.000747637702	-1.58137540930706	63.8497828948869
347.45202515152	535.50064698856	-1.58155422761674	63.830186233075
347.457270201539	536.000540709174	-1.58167630966812	63.806126766922
347.462410126677	536.500438048487	-1.58127275243074	63.7775054262957
347.467160808157	537.00034652048	-1.58002539683962	63.7454543009199
347.47116816685	537.500276287275	-1.57827066842078	63.716183268488
347.474373427981	538.000225711957	-1.57664324655385	63.7000579774517
347.476908059714	538.500189856069	-1.57551470694784	63.7014411306746
347.479094005511	539.000191094495	-1.57525371454093	63.6999712144183
347.481694772535	539.500298210092	-1.57760596604217	63.6197907561611
347.487444061714	540.000498063837	-1.58902741025273	63.2795422466139
347.50514896877	540.499508206492	-1.6287927765094	62.3686584575275
347.557244335723	540.988311539118	-1.73722056424894	60.6431002136185
347.675915273454	541.432725667863	-1.94498338547939	58.4746367445375
348.169198756552	346.026955199236	-1.39958391369956	73.7700526647038
348.084546866822	346.513378991776	-1.39124082040564	73.4436979804273
348.001588110333	347.00024642363	-1.39071103534429	73.2555047824205
347.919853656289	347.487883186934	-1.3970305464266	73.2255659003304
347.838825473831	347.976267643131	-1.40892401007784	73.3537494229917
347.758008830418	348.465319163473	-1.42404232144495	73.629819519197
347.78034034318	541.621020563229	-2.0752859584766	57.2251449449082
348.023918206146	541.978273822976	-2.30982235127313	56.8215991725236
348.693484991561	342.532296173572	-1.40601639465848	75.2019316544303
348.615542927861	343.018678558427	-1.42075304918983	75.6829939165231
348.546064512679	343.507242925113	-1.4298013552167	75.9549947451018
348.480598524147	343.997028381446	-1.43400800474949	75.9393859164776
348.415421798975	344.487304492099	-1.43334279227511	75.6285955067044
348.346763955559	344.977168476693	-1.42696405776701	75.0800779202289
348.270215310756	345.4655675731	-1.41521370608187	74.4052360377009
348.329756362946	542.235996679963	-2.52978198084631	57.147588978066
348.556831412846	542.387793007027	-2.69024972925064	58.6949253436694
349.200589447922	340.039921792713	-1.36741445337892	74.7999922768574
349.098176867086	340.519712659408	-1.35479473663842	74.5307735915332
348.998941239463	340.999791042478	-1.35392178105097	74.4035164530165
348.901497786972	341.481284682681	-1.36408658472919	74.4395276408895
348.804630318901	341.96451249417	-1.38243916351678	74.63206287328
348.987353617291	542.537062654706	-2.86327274907157	60.5377560369344
349.746123056931	337.048680374337	-1.36757875469637	75.5955130783129
349.648616094538	337.528092398652	-1.38841265003422	76.0795164492278
349.564648806091	338.011859337984	-1.40156857161143	76.3891334917965
349.486713863061	338.497594472764	-1.40592635195615	76.3937535853618
349.408324851375	338.983340653612	-1.40179220026906	76.0724112838519
349.32300339173	339.46718544723	-1.38910958472403	75.5052526237141
349.463810140696	542.647263436341	-2.94454403788055	61.6685860232081
350.209773407966	335.047017968589	-1.34575001553781	75.7316931604776
350.097207518657	335.521876830775	-1.33253649549787	75.4815720527489
349.988656233134	335.997482841215	-1.33113266607427	75.3399547198366
349.880972695968	336.474441104664	-1.34189503741539	75.3417760681969
349.77156258936	336.953145762452	-1.36265319046484	75.4864529226412
349.951139087954	542.744327187851	-2.96178643895121	61.9629102371157
350.045062634771	542.768703259186	-2.96116655554104	61.951640658747
350.731460300809	332.552262923208	-1.34492825348463	76.0028743433903
350.624708199789	333.027233854017	-1.36522106898422	76.5389537993041
350.531323626365	333.506695939308	-1.376241493016	76.8564043294613
350.441825907905	333.987647517313	-1.37664047655633	76.8148593641648
350.347620655014	334.467438770055	-1.36691664177645	76.4185723792466
350.525559722261	542.860978002196	-2.95338058540337	61.9398890807958
351.242694761161	330.560656394087	-1.32689352118876	76.1822109487299
351.118431678348	331.029701206173	-1.31205448126995	75.8980302559425
351.000512377261	331.50012686402	-1.30880796993287	75.7340076092028
350.883659276141	331.971918003023	-1.31873361803914	75.7115097769449
350.763475166529	332.444750010877	-1.339224969342	75.8552952675781
351.008838790867	542.950627502705	-2.94727288273539	61.8448621718729
351.708418762873	328.551103157188	-1.32598527846048	76.7615431058124
351.595067907576	329.022672478946	-1.34448473967935	77.2288333349069
351.493386714332	329.498438296444	-1.35165117969585	77.3427072803137
351.391737154249	329.974247404295	-1.34677079567141	77.0176541985921
351.278877962423	330.446627865853	-1.33186389607066	76.3826341553866
351.493080837753	543.039387350874	-2.94807629462077	61.8230917621156
352.126119576414	327.034248514927	-1.29431220723671	76.6008329973097
352.000665860986	327.50017858554	-1.29015636241656	76.4624601000063
351.875978687399	327.967550144538	-1.29925956085144	76.4428206272454
351.97786103416	543.128092916049	-2.95651292821797	61.9322035898162
352.650326124568	325.04164354206	-1.3056380670898	77.4138686195127
352.532532966172	325.50876250845	-1.3207354535778	77.7364020342819
352.420828985883	325.978989437819	-1.32334313570049	77.614985187632
352.301363418421	326.447435200963	-1.3135304600567	77.0856631193038
352.46288429492	543.217569531885	-2.97048891438977	62.1810120839565
353.247029847631	323.072674556646	-1.28693902129387	77.0554436124656
353.105380163934	323.531412958262	-1.27055528298406	76.9958030298217
352.971879827766	323.991607294466	-1.26626882648769	76.9679034919637
352.836319861754	324.451944742674	-1.2770444202338	76.966334686186
353.029102548187	543.318956818246	-2.98799371410728	62.7568606611805
353.67206093017	321.551529402375	-1.28105375775984	77.4264945537686
353.544038135663	322.012797915421	-1.29908451574129	77.7754222974191
353.424265781545	322.478306103736	-1.30332706653536	77.7075298403549
353.296227797577	322.941338882418	-1.29253862012245	77.2572359712079
353.517133818607	543.392114601147	-2.99853615094706	63.190313837532
354.160140081902	320.051016177052	-1.25347370354875	77.3010140963543
354.016861351238	320.505383718752	-1.24503283329518	77.2598305070325
353.875270888124	320.960658237074	-1.25214520057875	77.1719146718715
354.006449040139	543.458935001827	-3.00418545303909	63.4307520257118
354.630719880317	318.542335209129	-1.26356277663544	77.769830385684
354.497783791538	318.999299894324	-1.27569959654633	78.0066151707924
354.366244889596	319.458247259412	-1.27349421785378	77.7622322960946
354.49634312425	543.523434373614	-3.00484811495441	63.4271960536789
355.145914307453	317.050305486116	-1.23124742352585	77.3668665858953
354.996549840895	317.498808902155	-1.22603199734601	77.4139890142663
354.847384850936	317.948038502795	-1.23579039791275	77.3688492053727
354.985997960114	543.589467822286	-3.00021271150321	63.1929413266069
355.651821260307	315.552481373091	-1.23942892729128	77.7108866751148
355.508983897201	316.003042682262	-1.25159169400188	77.9603640131523
355.369079361158	316.455875641285	-1.24956011213319	77.7321734185031
355.474487840714	543.661043070269	-2.99012960905924	62.7875987276398
356.197329261573	314.072803586022	-1.21520838123936	77.7412049294431
356.038159693534	314.514004283704	-1.20803839457435	77.7354667006473
355.884499721259	314.958296192343	-1.21432319973189	77.5752843176713
355.960820497814	543.742551356099	-2.97571780326181	62.3032910407039
356.04064909861	543.759402370068	-2.97290326120658	62.1895608252021
356.739752974675	312.591234217105	-1.20728114685472	77.9083414979401
356.577750660364	313.028949877956	-1.22313424312256	78.3639217252135
356.431225044502	313.474795529434	-1.22813275680933	78.3453346041017
356.273723138846	313.91764250134	-1.22043566696584	77.8235388578492
356.525791804823	543.850403188086	-2.95776771593084	61.9275900420519
357.144951563834	311.556953640101	-1.1916932680402	77.9971013266204
356.983804701761	311.993653869527	-1.18980059025068	78.0786721264831
356.820984005142	312.430774612222	-1.20012962788909	77.9441235035464
357.010526592809	543.939942853963	-2.94789896792939	61.7686881910131
357.718903498228	310.0874576762	-1.18884615361127	78.0752253502079
357.553313425798	310.520893255459	-1.20234138268931	78.4713435099273
357.399020300354	310.960763533772	-1.20440083528133	78.3454461355139
357.494888192774	544.029047673911	-2.94628997336679	61.739273457876
358.14543844233	309.060616477351	-1.17183603028656	78.1552351155267
357.978626996065	309.491166529739	-1.17071641488548	78.2624090233
357.808596612658	309.922367164678	-1.18174416633986	78.0579541482098
357.979500018106	544.118191567735	-2.95447583873035	61.8458092902656
358.575033111404	308.031477000972	-1.17959424460658	78.5047257796819
358.414351998841	308.464419885662	-1.18242621961823	78.4775945177252
358.465020576911	544.207590434349	-2.97031577738641	62.0889862429343
359.196930666762	306.586945963447	-1.15338420858856	78.1306098029368
359.02044170063	307.008956039599	-1.15272560682227	78.3303445171756
358.848884472067	307.434661279341	-1.16068255605739	78.1777215763626
359.029749693381	544.308202215703	-2.99071352392017	62.6493681695788
359.647451861935	305.566479151947	-1.14894674445396	78.4241975838492
359.476494071952	305.98956347465	-1.1566427965563	78.63509359198
359.300714362336	306.412388093911	-1.15598039857279	78.1985290394581
359.518224746854	544.380169771563	-3.00268364146419	63.1007442759619
360.117665551476	304.55484334971	-1.13060526533126	78.338951476088
359.941535532955	304.972931024682	-1.13265057675784	78.4309771635174
359.75277836772	305.387154671681	-1.14289499239895	78.1137888078185
360.008248245238	544.44545757378	-3.00850070586851	63.3895896667882
360.592350633588	303.543693183089	-1.13127277562419	78.5393553932509
360.418062025788	303.961724301106	-1.13557239399645	78.5377763495962
360.498759555376	544.508180832418	-3.0091375882699	63.4615608700634
361.08073044935	302.539828804042	-1.109828088457	78.4913029741603
360.900210957754	302.951366837664	-1.11499184859151	78.4268108818611
360.989003077168	544.571901573019	-3.00510975054415	63.3152387632243
361.57665745115	301.538339814568	-1.10944151587085	78.6685606826194
361.396615665416	301.948767475241	-1.11262820420398	78.5890201001601
361.478170498638	544.640278376241	-2.99571032256675	62.9906871197979
362.083920256602	300.543533707715	-1.08983539149034	78.5620609282229
361.898654813332	300.94806852786	-1.09504042668787	78.5198545310247
361.965210715783	544.717558886632	-2.98125460445952	62.5599166433411
362.600155779911	299.553301255577	-1.08420631540004	78.654325595901
362.414499400771	299.955118280235	-1.08945851649131	78.665357064353
362.530210195415	544.823758916155	-2.96233793408541	62.1548129731361
363.130567952101	298.572063439157	-1.06484696330349	78.4736437907631
362.939103260015	298.966717384694	-1.06934177705186	78.6333933235238
363.015145811327	544.913043742044	-2.95195050452445	61.9997226017385
363.671276411426	297.595823095168	-1.05967690946057	78.3923791836491
363.47595344227	297.986651694035	-1.06413709899396	78.7054327668942
363.272910731178	298.374465346154	-1.06466295545177	78.1928783056167
363.499821739733	545.001020771141	-2.94961154624795	61.9629264415654
364.225421710471	296.630733467738	-1.04364446043545	78.3156266702594
364.019544760825	297.011168327196	-1.0483894330418	78.7213117875513
363.82000546831	297.398575632412	-1.05519330893096	78.34301550365
363.984689610597	545.08838942	-2.95485801456979	62.0475405852601
364.574615287486	296.044176793908	-1.03554194200069	78.9071280286074
364.377894700339	296.428881405866	-1.04207596463303	78.6928774697852
364.469913381111	545.176156371652	-2.96570651148675	62.2475064091925
365.145067541246	295.089240788059	-1.01910945392759	78.7953236835696
364.943970737443	295.465977584822	-1.02319188837934	79.0026614154456
365.035243650303	545.281217558221	-2.98168131799484	62.678895891589
365.732555503985	294.147061620595	-1.0082122241668	78.405964690754
365.518647368908	294.51166365943	-1.01459274661521	79.0616141857548
365.312402863319	294.883899253618	-1.01775982353387	78.6666829608453
365.522392019425	545.359272270231	-2.99256767124429	63.1038863672079
366.103975878953	293.567089852933	-0.997476107281438	78.7061517139743
365.900669873897	293.936528622488	-1.00317476144432	78.7879806093196
366.011110612395	545.429626919728	-2.99942592940887	63.3840401828319
366.708453931521	292.638405107338	-0.983408216319994	78.2822679141636
366.494107999974	292.99613460583	-0.989744718290226	78.8171696791856
366.277748019061	293.355561821657	-0.994530582403784	78.2699624823675
366.500618279278	545.496062037584	-3.00246851497516	63.4576198299146
367.097482735875	292.066065537299	-0.973714215030178	78.7287054006016
366.889935097134	292.426337134891	-0.978982737292906	78.6438688876265
366.990311851408	545.561918626387	-3.00179791397549	63.3196353064846
367.721848188543	291.155451594347	-0.959476289892909	78.3904294226173
367.501580750699	291.501091812838	-0.966557829633874	78.9904427223499
367.281963045611	291.851444637674	-0.971255029019153	78.3535103021765
367.479545924973	545.63055958256	-2.99647244050406	63.0028447474042
368.124200457377	290.589288442044	-0.946162210727097	78.7052888952328
367.912532700494	290.937995833126	-0.953569869719025	78.8462109360139
367.967464317589	545.705885628227	-2.98599534777392	62.5638919304262
368.543354592864	290.031904807933	-0.933925396740453	78.9098485545097
368.325565938585	290.373351215446	-0.941139188460695	78.4918191756753
368.532072987677	545.808560034054	-2.96921470546215	62.0778827727411
369.195197652528	289.149357750779	-0.915869408824193	78.5096928589043
368.972485167223	289.479243805244	-0.921275838219158	78.990348047942
369.017621481198	545.896137540464	-2.95731526188841	61.861910087072
369.624088542095	288.597048074472	-0.906752791850607	78.9184127111998
369.407060810935	288.928339592914	-0.912411183494537	78.968432864388
369.502907459821	545.982991794731	-2.95166969316491	61.7825964886016
370.064698276291	288.051934562098	-0.894253062264589	79.2252375617375
369.84396314375	288.37681307939	-0.90167292518929	78.8457029435297
369.988072012965	546.069795011029	-2.95371038091326	61.8623636816839
370.514846927645	287.512261688735	-0.880606808792961	79.3983765705596
370.283463412631	287.824237494853	-0.888436914399687	78.6950377592102
370.473437737767	546.157122846382	-2.96308477288497	62.0916164270384
371.203866876147	286.675479104564	-0.860030950403509	78.7285983212184
370.973126222336	286.97715616958	-0.866288260202363	79.3683033301145
370.959381110337	546.245991185556	-2.97813907933808	62.416067175307
371.037324007859	546.261935696579	-2.98099377016027	62.5445736921665
371.664086077119	286.144104652294	-0.849643134853361	78.8965329331854
371.437763789917	286.445895112385	-0.855061803856285	79.2614173100565
371.524023516374	546.34030593784	-2.99668303290668	63.037177528457
372.132176042462	285.618606965007	-0.83792625879211	79.1352447415864
371.906984212694	285.917652610033	-0.844913958273666	79.2098188184768
372.012728549665	546.407296083869	-3.01239955128327	63.3396350849067
372.608150713782	285.1001647147	-0.821906027516447	79.3816103352256
372.381701470205	285.392628121175	-0.831671774899649	79.2528526163071
372.50388740036	546.462690820783	-3.03848417942138	63.1992552219686
373.093944733384	284.590569480126	-0.801527261537114	79.5531829314482
372.864733266309	284.87248378859	-0.812350289304572	79.3138346235578
373.000056453222	546.498073192335	-3.10525858356884	62.3065580470428
373.589492311112	284.08932299829	-0.784228114644316	79.6739649733734
373.358153706816	284.360910339961	-0.79258236879314	79.3916682731028
373.498052430867	546.481954457181	3.03257062536213	60.663764327941
374.091638863889	283.594030560816	-0.770259040201643	79.7749996791007
373.860493705113	283.858963299627	-0.777288926965623	79.5065528626004
373.962838781124	546.380503082692	2.82540338308616	59.0836845164695
374.599829392591	283.105452752766	-0.756190455757204	79.8147393873778
374.370430351698	283.365324122048	-0.763637697097611	79.6491264473675
374.548037661645	546.064621697498	2.50800365339117	58.6409772373591
375.114668824595	282.625676229039	-0.738201761842883	79.7428252522534
374.887175961043	282.878626251594	-0.747145542203681	79.7547267474813
375.060272409037	545.544282964275	2.19353841462731	60.9398893951518
374.841611788216	545.851991774239	2.33505215172053	59.3665317903261
375.637755435878	282.157090727131	-0.718946550833919	79.5648391961425
375.411382613756	282.400754766738	-0.727774966789854	79.8238500266653
375.596357947492	544.546763526641	1.99941889906498	63.6227296204331
375.423865832175	544.960188780085	2.02746787208582	63.0032028710687
376.170248971453	281.702095020353	-0.698559884923947	79.3276431663491
375.941974299089	281.932339042851	-0.707907712398474	79.8704875791435
376.065719726846	543.531289219319	2.00371374234194	64.1747830158216
375.893008083744	543.949436829222	2.00059644854148	63.9101010763697
376.47852064794	281.473924964968	-0.687025067079108	79.915584284252
376.71062569308	542.098344617053	1.99883003561177	64.6709623936254
376.532804669346	542.515290443038	1.99343076700727	64.830466865555
376.360813748089	542.934789304601	1.9957059782906	64.4295778781895
377.020838250349	281.026379459434	-0.665772927305933	79.9328801813158
377.181104746655	541.085863026146	2.00929423480198	65.0223415205155
377.002072446906	541.500975611536	2.00960563526273	65.0733737724177
376.822326022517	541.917056726391	2.00303879616027	64.7181729446369
377.5697271936	280.59233180711	-0.643912461456243	79.9232043411799
377.347146516077	280.801912498181	-0.65370135955059	79.4463814543775
377.653822295232	540.073715634857	2.01379257830114	65.4398502394746
377.47759987131	540.489389411903	2.00633672818401	65.5425860150814
377.294994422628	540.903614809067	2.0067216091235	65.0429223162997
378.127253672465	280.175947921001	-0.625452140631504	79.7845560027288
377.910350886545	280.37856504635	-0.63373837556874	79.9303632725511
378.143112131587	539.069843666239	2.02851664665294	65.3457967256196
377.961439048105	539.481182264876	2.02861721928794	65.5373075895772
377.770050875796	539.888957444392	2.01941137639951	65.2230756036103
378.472415024953	279.960900896976	-0.614552768261968	80.3084555495117
378.632118957307	538.064050287326	2.02073152411731	65.267725582113
378.453442084129	538.477458506026	2.02033001935509	65.4603814363728
378.261852838275	538.884033617941	2.02595129089687	65.1191341375132
379.036628870642	279.554646040555	-0.590327695596712	80.4016987560598
379.125500771966	537.063077253535	2.0336706760245	65.2650729108866
378.944040427171	537.472293616318	2.0307985265432	65.2933913180922
379.608213517966	279.169793124228	-0.568249659212544	80.0906220930725
379.400301110107	279.34665502155	-0.576684277792792	80.1319318475416
379.624383674045	536.063765795889	2.03802019430198	65.5427920796783
379.443292855245	536.471186585229	2.03301050475216	65.5768987749468
379.978483384805	278.965110653127	-0.553408503801797	80.4525048997212
380.134359532365	535.06888929879	2.04730461810183	65.4127550499153
379.94873062086	535.473554067138	2.04820661364775	65.5829207075262
380.556828356799	278.597670158297	-0.525285633654144	80.407449760912
380.643291978952	534.073087390012	2.04448113388187	65.2451766044244
380.458435080194	534.478865064034	2.04182452946187	65.496931251594
380.261441492742	534.878084809051	2.04521049361681	65.1474834779228
380.946482602861	278.404608400978	-0.510313229473494	80.3960573606599
381.159012602004	533.083484577434	2.05440496389063	65.0866853976259
380.969914533623	533.484338585923	2.05447148657804	65.2695234772354
380.771870344012	533.882452434197	2.0486455715133	64.9695348655702
381.532707622908	278.062042381578	-0.487565746960341	80.4250038978657
381.675580565625	532.093278602744	2.05440899158304	65.2932626627922
381.486623966695	532.492949437178	2.05028438603161	65.46899425209
381.292648108831	532.891308529805	2.05208973179502	65.0140454698353
381.938005583404	277.876241239341	-0.465794135083638	80.3301797364262
382.201659891885	531.108101861862	2.06467953827691	65.2889271597352
382.006020743629	531.503223962538	2.0638127618193	65.5986278360765
381.812326881756	531.900066941571	2.05800503927371	65.2622769533742
382.531942889069	277.569317001189	-0.427147167786883	80.5787110211
382.733888741121	530.127227511009	2.07150577711686	65.1223996474881
382.532092298922	530.517291617291	2.0659211232689	65.5892471487321
382.340810362131	530.914647834729	2.06442608022554	65.3953767535554
382.955987636009	277.399902918768	-0.410553448780255	80.4699358280695
383.065416441986	529.536143089814	2.07723405374505	65.4860653144339
382.873454045994	529.930612554046	2.07486004101876	65.3552251537412
383.551156610071	277.123306770868	-0.397019458374773	80.2672504115909
383.601605366127	528.556912766348	2.07637057331199	65.6625856832368
383.411635902561	528.951009508364	2.07334569279604	65.6034279151101
383.985034477108	276.961738418063	-0.378557640370889	80.3983151646792
384.146949463669	527.584385554125	2.09058688609402	65.6851111435293
383.952018318606	527.972614637173	2.08754375296974	65.8079928242317
384.57898171632	276.728534201301	-0.331147225323416	80.4646945808707
384.427438597343	276.799424824402	-0.345915654210299	80.3512665250192
384.700508256313	526.614948181834	2.09220542858492	65.5396734813137
384.499494468117	526.999710776582	2.08907216341834	65.9490188843368
384.298357649569	527.384508399043	2.08968947287572	65.5635594024713
385.026757259345	276.5850578769	-0.292956206585884	80.9840169930503
385.051093757569	526.02980546029	2.10078761730339	65.7758725266121
384.853370714668	526.415287324524	2.09623526601323	65.6290574055456
385.489087720777	276.461944904232	-0.265357760713787	81.0544334475158
385.611125726751	525.066121568951	2.1066225795518	65.7819129367229
385.414588993944	525.449538873572	2.10357393025002	65.7757330204045
385.958601993636	276.342586109407	-0.250408415127197	80.6395816917773
386.180283321731	524.107739649247	2.10962309529142	65.671274984315
385.977656098155	524.486640357633	2.11099288083211	65.9543134422894
385.766599948316	524.860871336526	2.10855199916946	65.4610582443279
386.543889694691	276.180419671684	-0.243723831850233	80.0284622201251
386.541082227301	523.52458269551	2.10846953270012	66.0043892456275
386.341140487507	523.90522533544	2.10823390176026	65.7486879279626
387.015194997531	276.069013244769	-0.232499831086916	79.801332679112
387.110221916834	522.567579342194	2.12081429031136	65.958221748887
386.910879704748	522.945897149357	2.11650074752795	65.9378468262757
387.493878109533	275.96835993578	-0.210514048803211	79.6853935735176
387.690629300849	521.618457647295	2.12634079186126	65.862297240604
387.484685059592	521.990536709558	2.12281733000286	66.2167361770401
387.272395634171	522.360334790762	2.12102059148692	65.6735287855373
387.979833824554	275.876876397727	-0.178289532911387	79.7286726820332
388.062672659293	521.039290871351	2.13162582647395	66.0992440638971
387.859992879657	521.412565503018	2.12945541196723	65.9784791243775
388.472975973009	275.795894174786	-0.140110907793356	79.9362632835943
388.649033568222	520.095040818131	2.13722224807754	65.7830538199494
388.445207334555	520.46534866004	2.13366792421986	66.0288899560532
389.020769980911	275.723662636437	-0.0983584261118367	80.4394667217653
389.032382302432	519.520996154387	2.14472590774269	66.0141829108044
388.82402825932	519.886930185	2.14061552732269	65.6727866544321
389.511667253002	275.681721315149	-0.0659445482967418	80.8553587826304
389.62701836078	518.583689459166	2.14983530199888	65.9612115377482
389.422728468139	518.949456400443	2.14682372576542	66.0389342765707
390.005928784965	275.655486569083	-0.0383523882665747	81.1653952011253
390.240578677995	517.661073796485	2.16082530832609	65.5827940996096
390.019781373157	518.013190453034	2.15779544906969	66.1320611251681
389.807298144755	518.372364440048	2.15337163950301	65.7530713371247
390.502127297683	275.642181755014	-0.015198953201231	81.339984710572
390.626069860851	517.085006702911	2.16568866928909	65.8815590513282
390.418541310204	517.445293179645	2.16248096588238	66.0121002339693
390.99932389465	275.639429526975	0.00385236030406106	81.3785010206943
391.02728829396	516.518611921403	2.17187238776008	66.0339245457958
390.812597289664	516.872984461133	2.16845053132485	65.6554032254134
391.497015360165	275.645322524076	0.0187983080704481	81.302435550254
391.643326167351	515.599244904366	2.17631617671539	65.8468936580315
391.433502250168	515.954240338855	2.17408608930157	66.0184737183348
391.994987395427	275.657720516544	0.0299197570698965	81.1388115823559
392.049030058451	515.034371203843	2.18107945335815	66.0629284256008
391.836297766282	515.386094031609	2.17861568597842	65.7702470784132
392.493121170729	275.675177605744	0.0381407463732411	80.9155772374218
392.675960746709	514.126881140246	2.19156147689767	65.8253177158745
392.461635936735	514.47269168748	2.18590918340994	66.1172359781736
392.991348777417	275.696479239035	0.0443809390720007	80.6541705606973
393.088496444584	513.564804768259	2.20068825975291	66.2041517304116
392.876275636263	513.910260527112	2.19538459350476	66.0179573042469
393.489691880704	275.721038687726	0.048953609610681	80.3759136382424
393.738104858675	512.675711446956	2.20581619052559	65.8703898909215
393.510645466327	513.007832926096	2.20397185329127	66.4350583891976
393.28776874837	513.344483485754	2.20195851834496	65.8557454650102
393.988246860771	275.747963977772	0.0517708011678593	80.1041029224169
394.150303112859	512.111428617644	2.2081647931429	66.1324275179925
393.935223427127	512.452090659777	2.20749145436107	66.3942612782643
394.510951238644	275.778562387913	0.0532049890078715	79.832095567472
394.572820825352	511.554402765537	2.21090079828024	66.2546541310215
394.357904888818	511.894235847566	2.2095475783548	66.1245584347155
395.009402188151	275.807019936569	0.0537344227080394	79.6976528045918
395.230591567529	510.676906191832	2.22370593614874	65.6284665303415
395.00234344818	511.001778911059	2.21868591245391	66.2148926273931
394.774860165212	511.330433011095	2.21438475135151	65.7245056760649
395.508100059948	275.834894378168	0.0544067694791656	79.5861690768182
395.655348186937	510.121559013164	2.23404302002972	65.9150758183632
395.436949719515	510.451232706735	2.22766435254802	66.1343413866584
396.006945694514	275.862334256706	0.0556612148043327	79.4618466959294
396.093193468517	509.574115683021	2.24400669028687	66.1779960415889
395.874759309145	509.901348305075	2.23827946679416	66.0259853672208
396.505733547596	275.889933433457	0.0575282919817492	79.3263536644225
396.53879368335	509.031243567758	2.24975428030962	66.3385080338637
396.313743970113	509.351183667848	2.24637207590441	65.8778419644575
397.004368614239	275.917925438148	0.0596458929695261	79.2016597309059
397.219157392133	508.18036098247	2.2571717168912	65.8661535370141
396.98869946928	508.490771067457	2.25487105954954	66.3988348060156
396.750307764779	508.79775947828	2.25203369973434	65.6943312727079
397.502872051722	275.946591307968	0.0617963474637062	79.1256735370695
397.663279349173	507.635549375147	2.2619363222098	66.1383057031613
397.440909606312	507.951228208646	2.25873084061773	66.4116045551716
398.001302591528	275.975806006409	0.0632945753569672	79.0923281506047
398.115151146112	507.09658879411	2.26921157353221	66.3252048876488
397.894324479296	507.411933860743	2.26520500990517	66.3375783194871
398.499718297318	276.005283014941	0.0636089331716723	79.0925880816417
398.573319429723	506.562426795814	2.27697471096504	66.4310619275634
398.349544778731	506.872982025225	2.27293759678895	66.1858439954796
398.998193203762	276.034585986907	0.0626601431635737	79.1177949613085
399.03680317489	506.031824808796	2.28382262737173	66.4705330174158
398.806740198998	506.33413654895	2.28057543917552	66.0022431205272
399.496751317458	276.063497575305	0.061411921256464	79.195675683135
399.744690789595	505.215792091339	2.29409180826076	65.8194069487702
399.504039395734	505.503535318248	2.28962680445414	66.4923696206696
399.264981012425	505.795598181631	2.28644184943637	65.8358532355368
399.995328742734	276.092219351408	0.060327232220045	79.3350367837182
400.209018622769	504.687756530557	2.30387667484312	65.947993308954
399.974987181163	504.977764054089	2.2984329132844	66.4877336167855
400.493878184799	276.120864564783	0.0590967612237957	79.5294306967441
400.680953896831	504.165962740686	2.31324687277162	66.04999202555
400.450618388257	504.455204447729	2.30831976026397	66.4645317967444
400.992445794534	276.149424056806	0.056885148613647	79.7320213034899
401.159172145418	503.648875470662	2.32144582129626	66.131766649364
400.930690946205	503.935797108204	2.31748344243689	66.4137503191311
401.491125635957	276.177431525737	0.0539049262139632	79.9153123475181
401.642229122106	503.134891836326	2.32803211322673	66.2169100047231
401.414514745774	503.419482126817	2.32477327036941	66.3831927781795
401.989902311709	276.204918798502	0.0510232578693675	80.0686242031727
402.129160524044	502.623917783218	2.33494323766199	66.2913113582907
401.901224589824	502.905839085969	2.33138493888802	66.3677471463659
402.488657284516	276.232008643625	0.049126687849549	80.2169650766107
402.619714582733	502.116539384498	2.34227415517383	66.3547522456824
402.391224333182	502.395014896749	2.33837194972117	66.3668658526201
403.011142252567	276.260176062291	0.0479891198332133	80.4999750579015
403.114188703594	501.61329652762	2.35078290104829	66.410252362249
402.884936509998	501.887019878519	2.34622264871272	66.3802694435529
403.509904924066	276.285319253934	0.0469560997260224	80.7327602967778
403.612824361455	501.11394471755	2.36014246013768	66.3953060181609
403.38313435864	501.382952217582	2.35534683374611	66.3952605261993
404.008636428339	276.309413362631	0.0452284402333157	80.9787046308802
404.116161827365	500.619434354831	2.37138119470358	66.2682736340934
403.886681627456	500.884353260301	2.36617760550162	66.3285987352836
404.50746139987	276.332039019067	0.0429196238844162	81.2318676163207
404.624382243812	500.13087033459	2.38303914795444	66.133585253489
404.395523979867	500.391239230295	2.37765793696213	66.2333175755736
405.006446367818	276.353240659078	0.0404151493933113	81.4778490152183
405.137645388349	499.648943813002	2.39562085183173	66.0888391339858
404.909528286535	499.903466348773	2.38933795634105	66.2340690887579
405.505553574883	276.372948186529	0.0380634680511402	81.7022079487732
405.657132229407	499.174353335713	2.40778564393246	66.0789240308078
405.428487809851	499.421655994967	2.40180581654649	66.3579945189545
406.004739083664	276.391474465824	0.0362848015925419	81.8951287735903
406.183208361766	498.707980558488	2.41962414706422	66.0361348338826
405.951585020577	498.945687585189	2.41391523991749	66.4978653569162
406.504013402834	276.40914304766	0.0356026950784508	82.0533994503826
406.478525452461	498.475365000907	2.42513612683912	66.6205438731403
407.003332275178	276.426516493597	0.0357485204411996	82.1710595798759
407.008433745445	498.00985392593	2.43363590575939	66.7077631848998
407.502621465959	276.443601794029	0.0353121663509605	82.2327301446569
407.540924451048	497.548492193922	2.44109653997421	66.7268071397793
407.308335107588	497.7744970434	2.43751062733997	66.1303273643068
408.001884804545	276.459815193403	0.0328832048845643	82.2091159291896
408.076459652094	497.092308865554	2.44974122997073	66.6167553340969
407.851582149828	497.322569290528	2.44546163074578	66.3307881047761
408.501214339368	276.47419141633	0.0285442604354872	82.060969574016
408.616369099539	496.645047816471	2.46273991657778	66.4640893451936
408.395482127819	496.871761812791	2.45642636043745	66.5084840852763
409.000658703473	276.486299337976	0.0239449413245167	81.7553655122466
409.163959200526	496.210985147218	2.47528490209334	66.3213683975648
408.941014392863	496.425198814228	2.46977195713159	66.7239068091124
409.500173537337	276.496571623677	0.0209197368560047	81.288264041444
409.487728200538	495.984029765605	2.48126059989504	66.9277208687991
409.999672888038	276.506040652405	0.0199886561448534	80.6845472795135
410.036967022993	495.549102863648	2.49360728460921	67.005783399209
410.499103538657	276.515587313723	0.0202112885136644	79.9669932081211
410.591209153334	495.123884941286	2.50673877368968	66.8369382243205
410.373933001992	495.330527104941	2.5009559973523	66.6741020299879
410.99846775132	276.525546609138	0.0205410992835148	79.1344084977164
410.987650099797	394.183950050304	-2.97389964318869	16.2111306729956
411.154586155207	494.716852537569	2.52560806431504	66.4695476250634
410.936062594561	494.911482892369	2.51747988392843	66.8832486752807
411.497769581742	276.536034318509	0.0211656175062618	78.177568377878
411.508656276769	394.237765147023	-3.11171454193011	17.0439205329493
411.498755086361	494.498212483093	2.53778999710632	66.8959344209312
411.996956927924	276.547433728399	0.0232246741305108	77.104912002622
412.029201157703	394.215084818006	3.04282458477841	17.7578449560061
412.064915671833	494.096560470883	2.55363559364276	66.6503164093236
411.848927234952	494.278103369731	2.54789851493541	66.3106650428179
412.495926245964	276.560630375399	0.0275211140827749	75.9456699478502
412.529487169831	394.131098417333	2.92824990379202	18.3309654373077
412.639687021629	493.715608223154	2.56788858428942	66.3215444918265
412.42839425685	493.891102101657	2.56190939462722	66.6100105882474
412.994597263129	276.576594306269	0.0338962189259879	74.741604064659
413.003405437744	394.011375136596	2.83521910652318	18.7405323729467
413.001741773295	493.50273348541	2.57442683563669	66.8322101451594
413.492951738072	276.596186725186	0.0416582949616044	73.5472702193515
413.452313385657	393.866494956827	2.76712032158106	18.9205027999706
413.576190331447	493.122430407638	2.58371650293035	66.6755486553955
413.368867747547	493.29126790018	2.57975013449393	66.422337182386
413.991015575127	276.619863270313	0.0501426615413645	72.4258017746638
414.038248299364	393.589265756344	2.6924282757348	18.9417577048363
413.952616718643	492.922203408315	2.59462687625635	66.7453488867091
414.488757802442	276.647971608169	0.0587441650853526	71.4270842416662
414.452528614186	393.401246753176	2.63470757742591	18.7218386169888
414.53237414622	492.555521036388	2.61657186945349	66.7320921890153
414.986127481859	276.680466398948	0.0667273333184661	70.5658699385539
415.017272576949	393.029217710071	2.53793845155284	18.2691545548521
415.119303307258	492.212341977736	2.62911207995951	66.2829215519504
414.920542920866	492.36010371115	2.62577679821851	66.5078256426456
415.483165837351	276.717343983676	0.0734691526516495	69.831650223042
415.569342320642	392.600239876143	2.46202557002844	17.7107776365979
415.374237515925	392.801039322663	2.49313468233067	17.8233605521353
415.506631227221	492.012128814381	2.63800727885708	66.619768841586
416.020146362644	276.76210300753	0.0788948635959709	69.115756058839
416.104395426019	392.136614500069	2.40443160060754	17.1469291072097
415.9058479145	392.367760745429	2.43337842064473	17.3779311604642
416.094068374234	491.682873211107	2.66504525708371	66.2849256905753
415.903799565986	491.817206716826	2.65423331361649	66.2970721197871
416.515960973075	276.805469131025	0.0822572178031425	68.684453195627
416.621335467751	391.64403928583	2.35195536805255	16.5521949312752
416.419559669505	391.896537764054	2.38198707752862	16.8642019245167
416.499283076596	491.498506298876	2.6891857670593	66.3472980359646
417.012222738285	276.848110641382	0.0855400724198238	68.3287118099281
416.912134722464	391.39825747061	2.33092073846284	16.262013615353
417.087716046075	491.219492686133	2.74802389526707	65.1635147060067
416.923742785841	491.317081224257	2.72734670475653	65.4885514293867
417.508988849074	276.891443163863	0.092175835527759	68.0474873602023
417.52149729468	491.077329899562	2.85183546290549	64.2200783080053
418.005674261963	276.938014034954	0.104812974511533	67.85693562457
417.998449729457	490.982523786285	3.03423140156465	63.0088148047295
418.50095675257	276.991103267047	0.123484560428118	67.8039311654661
418.502588815901	490.983320438298	-3.05852966007387	63.2243537902849
418.993124254849	277.053137723499	0.144620929682482	67.9101410207878
418.9699742553	491.072661317079	-2.86857180808581	65.7236024636571
419.480645640328	277.125450411792	0.163512321846703	68.1678496610682
419.371597324622	491.20112493592	-2.66758274947447	68.5956723224685
419.587476360961	491.370153118359	-2.59110988750304	70.3380426391939
419.962428298979	277.209477937529	0.176987632016761	68.5050671367088
419.940117554751	491.573450698639	-2.48747925116856	72.8830645370898
420.174655889732	491.792660772151	-2.4519646404171	73.4089829204851
420.535127133496	277.326539817924	0.190598785910329	69.0826715737183
420.477862362634	492.024410192629	-2.41958853364173	74.9021960183117
420.724060840122	492.258143253314	-2.40127535817432	74.5086727345919
421.017662498691	277.423429168858	0.209976132998951	69.4127010518832
420.99788406019	492.502219947287	-2.38586847218824	75.5292917675607
421.49317308282	277.525998119753	0.240764543037707	69.36831137038
421.261393766117	492.747583489927	-2.37762973267715	74.8161147593706
421.508205443664	492.991423199395	-2.37712628907507	75.6099310275123
421.956895247408	277.644311130545	0.283189770711383	68.9353363367887
421.781561278599	493.236627290885	-2.39172832325015	74.7336690733313
422.023436508838	493.473190827524	-2.41873737926141	75.2914272431517
422.550861167687	277.857116528841	0.347044511697981	68.4043268249956
422.339298708738	493.707921513754	-2.47896482417125	74.381633609021
422.563261626582	493.908014090951	-2.53869163675209	74.677226764091
422.994327102618	278.014546911094	0.37968629235854	68.4211466840029
422.941341874411	494.108109076538	-2.64562478376595	74.4629024435093
423.424656674784	278.179644380267	0.399349120636435	68.3327766338219
423.595518965353	278.276019937574	0.404337895740185	68.3008890859868
423.538360164014	494.38745449623	-2.82428496929507	75.138569071426
424.019718731163	278.456608766004	0.421290938010214	68.8047150125839
423.998259193917	494.507104827224	-2.91961176596002	75.7514849095436
424.437078157646	278.629793635018	0.446617833655302	68.741356099172
424.481914438918	494.597810888472	-2.97539920417445	76.0011473417108
425.026245679117	278.950977096933	0.49267327871929	68.7443975116899
424.97299170475	494.674481563205	-2.99620596118481	75.8508172392966
425.419396573527	279.142437971711	0.516899271884376	68.5496311834774
425.61970296212	279.29426810253	0.528609003103162	68.3521914383887
425.535271014808	494.764514197972	-2.99280560621759	75.3477069823841
425.998825819437	279.501923344465	0.549125752335724	68.7870421474361
426.023496345499	494.844708243352	-2.9802385323266	75.0854314194812
426.365274748674	279.710856006583	0.569946450617563	68.3255246828796
426.574864104259	279.886353279457	0.583676287686283	68.5759964869236
426.511599712101	494.924678467555	-2.96968299502068	74.9278542394932
426.936016342229	280.093387411353	0.600215514274358	68.557584238415
427.15363177898	280.281714604281	0.611190041439461	68.1281982582272
426.999297561666	495.004556792185	-2.96698663572732	74.9139730011793
427.496893324011	280.504270433954	0.625904383142093	68.599095035184
427.487267413094	495.083993260651	-2.97233462725905	75.0524155181065
427.827321727773	280.729166992051	0.643316502991644	68.0010822474979
428.051671985344	280.933293352151	0.657166814694169	68.5114723421325
427.975858820238	495.162988683547	-2.98369599218491	75.3171084864503
428.377871551618	281.15196126981	0.676257476820254	68.2804848967449
428.599811068875	281.379144813728	0.690169170360367	68.4095834923245
428.464824952971	495.242086993441	-2.99735193577137	75.6857610541639
428.533882896628	495.254509261244	-2.99942435007071	75.8260245544456
428.914081091031	281.600520439522	0.707519572470382	68.5056725032496
429.140066456124	281.840575153267	0.721093631813605	68.3021255341615
429.023799882905	495.325249963756	-3.01143714990078	76.4090647773602
429.438527064162	282.067827190122	0.736059961625111	68.6222609510137
429.670386007491	282.316783452942	0.748031283119549	68.2115040235686
429.515136182471	495.387601061914	-3.02053132328607	76.904955618799
429.952801896647	282.549467452676	0.760331092851846	68.6661327518364
430.18957922962	282.80584495722	0.771673470009919	68.1557753395113
430.007354461863	495.444451388826	-3.02704971720517	77.2108942126537
430.457429409624	283.04261869228	0.783422594072163	68.6774469366142
430.695008002024	283.309285542057	0.795558701959827	68.1513809136389
430.500255919392	495.49802139273	-3.03098767565639	77.2676096744386
430.951981969752	283.545826885713	0.80833808899805	68.6700908437317
431.185378934472	283.827903049524	0.822797339757868	68.190054093992
430.993571671008	495.550644688379	-3.03139343725496	77.0803652002846
431.433722071941	284.060008702124	0.835825080761796	68.6146182470236
431.660817242927	284.358155237195	0.848878664151882	68.2728338100501
431.486642499037	495.605031318595	-3.02681421400181	76.7112734301561
431.902199532919	284.584579761214	0.858569201957003	68.4946396910023
432.124358563749	284.894731552392	0.869391384086947	68.4045674966837
431.978538949534	495.664189760067	-3.01724217513274	76.2438574405856
432.358096626903	285.118005728314	0.878291410104596	68.3543148838421
432.578632890354	285.435927565168	0.889088674919487	68.5919616026933
432.468575186444	495.731427391888	-3.00443666493493	75.7517119013972
432.798637496429	285.661011821382	0.898279203719396	68.1982373588276
433.023609041571	285.981538720936	0.910088795500945	68.7731012367506
433.026110406592	495.820260541344	-2.98955405624472	75.3228838887709
433.457366216817	286.531977942832	0.929703480045877	68.9024409354794
433.675011064505	286.87116756292	0.936702045387144	68.6263781458531
433.515057952756	495.897209597702	-2.9799989930265	75.1346432973491
433.878791761401	287.0877949887	0.94241387044187	68.8318328333577
434.090718074581	287.435668770732	0.950216365916486	68.9518098973981
434.003869887786	495.973581826431	-2.97529235522503	75.04304621529
434.282283388382	287.651984191499	0.957827282019205	68.5091297528214
434.501534816106	287.998955199634	0.969561572685048	68.9587851924893
434.721424828795	288.35309964364	0.98095787825267	68.3069643077831
434.492660961966	496.050068682487	-2.9752947935251	75.0823401308587
434.900115415101	288.565642523402	0.986810561646913	68.6060974037106
435.10499554541	288.93256197734	0.998372855720164	68.5000364195644
434.981302358654	496.127243019005	-2.98056628170639	75.2546913548454
435.275576899723	289.142405826058	1.00529678275013	68.1279808443371
435.488210077084	289.507333633311	1.01496209761038	68.5957012392119
435.695748344529	289.880246320609	1.0205342534183	68.1890563236898
435.469910599939	496.205526000121	-2.9907270323753	75.5469394469857
435.860582482721	290.084557895834	1.02350467868202	68.3364032208543
436.060450781535	290.463988345548	1.03017917971994	68.5136437831739
436.028172392495	496.294197671188	-3.00578793153187	76.1361842990487
436.423803928414	291.043886277864	1.04812095261844	68.5102620961296
436.61751383402	291.433467969023	1.05616609280774	68.4144516126425
436.518651755763	496.359828655139	-3.01730338988934	76.6260294257209
436.762072664349	291.633783335747	1.05869400141124	68.0811051396638
436.967062923637	292.01824791264	1.06433575540413	68.5481645685315
437.160218955707	292.412998422749	1.07437633631086	68.3822722968534
437.010590772171	496.41850944189	-3.02517023402644	76.961183688621
437.299352095332	292.607047224294	1.08270812019325	68.3288231534365
437.491182912732	293.004577695405	1.09606336253214	68.7183687451399
437.679004377248	293.409467990311	1.10387873155439	68.3590982723032
437.503441333506	496.473315217544	-3.02866621394128	77.0962085226435
437.806630479053	293.597372596734	1.10429605113227	68.249226407371
437.99445101703	294.002739811878	1.10789879985531	68.4078783401723
438.180647670922	294.412367647278	1.11468826358698	68.056443071283
437.996479079735	496.527058179898	-3.02833519795586	77.0337611778913
438.30109293863	294.595957802122	1.11881898392815	67.9956262801903
438.485829331453	295.006758233502	1.12497860652583	68.2496586550979
438.666357079732	295.421272321124	1.12597885048252	67.9302762834852
438.489142102777	496.582098557592	-3.02494815340566	76.7969188848358
438.781998272292	295.603257403929	1.12522712556515	67.7618220589651
438.96817944165	296.014846894318	1.12891793505465	68.0437254517645
439.145171662335	296.433908057036	1.14172186367605	67.9629836169295
438.981145708177	496.640577657979	-3.01891309930285	76.4137203345212
439.429854756776	297.030365437509	1.16915529410274	68.3520050151153
439.59281133319	297.460589596517	1.17672005650076	68.3958387623257
439.47222717961	496.704951188721	-3.01021803083873	75.9329932968877
439.864540032899	298.056988821321	1.17162144716592	68.2413004365209
440.030199161791	298.487447315336	1.17241139573377	68.3516800433129
440.200335366898	298.918581673891	1.18409282139627	68.1559029863165
440.029998966986	496.789831068495	-2.99745231838564	75.3947218185729
440.289889798448	299.084045974629	1.19126201222461	68.1883916510121
440.453267857159	299.518196771679	1.20583156482985	68.4870149607536
440.606018291734	299.959529308785	1.21070935891596	68.3105471780038
440.519359683506	496.865679833256	-2.98634195395063	75.169562431227
440.85400902114	300.555618290076	1.20164107766576	67.9309570217506
441.011872223581	300.995531478829	1.20133257289714	67.9658707648496
441.170401568903	301.437060655096	1.21271071193909	67.8973614058369
441.008522264064	496.941477416238	-2.97798383675013	75.0678252028732
441.403854896693	302.033894047703	1.23957646656058	68.3619647781765
441.544472540798	302.484603676611	1.24816539699295	68.521952789965
441.690082802186	302.934922443832	1.24440017426668	68.2118340765106
441.497354953765	497.018062759894	-2.97396334659589	75.0944435877361
441.756994856021	303.084015716788	1.24027336817288	68.0199266565012
441.913471410596	303.529648007694	1.23149434044099	68.0505452563197
442.058856296739	303.980205621643	1.2344362410596	67.9939992146507
442.209541732658	304.431400038334	1.25023102850044	67.8977466291358
441.986006864609	497.09597765777	-2.97509816032855	75.2094961525279
442.271012059229	304.573408114635	1.25763786838839	67.951182470928
442.413376433725	305.027014396256	1.27645262062327	68.3346779095344
442.540954225493	305.487455923358	1.28401644424375	68.3772925323966
442.672528990663	305.947598108218	1.27883765054549	68.0037884863627
442.474769197712	497.175997254013	-2.9800088585758	75.3662092124619
442.873053961711	306.539163019181	1.2621595671824	67.6294273843272
443.009707568225	306.997039186489	1.26068966890506	67.5433760528279
443.146159905174	307.456385943411	1.27250463652809	67.4904392472789
443.030805949071	497.272877190401	-2.98777075753312	75.5709817917959
443.335282387064	308.046489071651	1.30092568135742	67.8115651944803
443.455791911017	308.51214756809	1.31605785317868	68.1283042727291
443.569278654976	308.98125597924	1.31943372956864	68.1145728008658
443.689190361511	309.449053273031	1.31191988829947	67.7978333790891
443.519332684154	497.351065528079	-2.99317816024769	75.7147867251475
443.864817189229	310.036833764851	1.29694070022656	67.5618079928231
443.989171826498	310.502906593335	1.29482418205594	67.5747442939637
444.111053681661	310.971050605623	1.30490972579902	67.614688580512
444.236929155041	311.440582476572	1.32493174644359	67.7094750940885
444.009060126772	497.423247549908	-2.99752344378178	75.4924914363231
444.273703379082	311.555084686106	1.33081499450252	67.8284394941271
444.386348776559	312.026744337327	1.34964656732264	68.2252529300244
444.486075858665	312.503209609941	1.35898779768648	68.3801247519839
444.583282732342	312.980974662206	1.35823282460136	68.1978477961345
444.687623300608	313.457213558517	1.34807801109288	67.735350870839
444.500908306332	497.490179040517	-3.00557092172827	74.5972781548498
444.838068959501	314.038010902527	1.3296364406125	67.2517384771443
444.952116334354	314.511151793671	1.3226935029506	67.1364561522225
445.062970533077	314.98560263058	1.32770678499547	67.1564413799594
445.174060314763	315.461495084545	1.34438259597833	67.3029487974134
444.998151627419	497.548776263306	-3.03418011372396	72.6071945030302
445.310655210585	316.038519745905	1.37282824826961	67.7802359483184
445.402360334177	316.519122628196	1.39055525966037	68.1886385576312
445.484658063805	317.002940751189	1.39940919287915	68.3817891007778
445.564342310953	317.487776949128	1.4004756325786	68.3169256896588
445.647191254293	317.972139324074	1.39495563826339	68.014280888307
445.739314052709	318.45467879172	1.38339112281545	67.5642185958683
445.505507259098	497.580651339183	-3.12553696426435	69.1262378363697
445.761650290444	318.546573843405	1.38046256031438	67.4433273553886
445.861618875767	319.027015942835	1.36776620575054	67.2253182175827
445.957965032854	319.508093472801	1.36211088546009	67.1041089191141
446.052179807837	319.990273481564	1.36680300551555	67.0984303746838
446.145209550887	320.474098679071	1.3804938868545	67.2215112173114
446.238204967406	320.959262169636	1.39914890630054	67.4488553518716
446.00898622502	497.535817642443	2.9308639011779	64.4227011339197
446.255678584347	321.040092110632	1.40244801976791	67.5563875593201
446.337924789854	321.525817933669	1.4185360206105	68.0110577577324
446.40954758753	322.014107251086	1.429533743425	68.3624800499873
446.475084610782	322.503804828968	1.43597020226478	68.5255344414446
446.538143597422	322.994296114813	1.4382397460385	68.4584254385775
446.602168094956	323.484914888176	1.43544340037247	68.1653099323911
446.670879372141	323.974742227727	1.42727819111888	67.6989931190216
446.748391439171	324.46294719095	1.41574419541226	67.157934179862
446.68427329859	497.204896837132	2.45352521462044	58.6655194334049
446.436193645002	497.379643491423	2.62456285039149	60.4628931811301
446.762932785393	324.537096419882	1.41379097136473	67.0494460996668
446.84643359548	325.023974094798	1.40420934221573	66.7370197511268
446.927069430969	325.511193352173	1.40047548500375	66.5515517529554
447.005187753296	325.999226107695	1.40315543243316	66.5184958492641
447.081155077419	326.488320490862	1.41084993508453	66.6501296939862
447.155283884843	326.978640190438	1.42325605988753	66.9117068162019
447.227591501196	327.470481821684	1.43913807982634	67.2547717123944
447.145360776569	496.549882545021	1.90794410161549	61.8283737378635
446.932202800134	496.955185327912	2.26251166900863	59.4976669696041
447.301882804917	328.022615848607	1.45744345026151	67.8227590648144
447.355888123286	328.515598974641	1.47007632289647	68.2303321265937
447.403473168407	329.010096607728	1.47817561647044	68.5281940397186
447.447227234447	329.505379749313	1.48271497038377	68.7036704426528
447.488921944422	330.001097709796	1.48523027462774	68.742044529319
447.529747264904	330.497124608204	1.48605297393115	68.6382986816962
447.570958629821	330.993180950971	1.48468970962326	68.4148248513082
447.613930700827	331.488878119703	1.48126738963983	68.1174162774267
447.65972414291	331.984055126537	1.47672132857528	67.7935597208681
447.709255183181	332.478897584011	1.47205252863445	67.4751440420085
447.746991852379	441.002228058451	1.57871515552609	64.8981568613399
447.742516732206	441.502602662556	1.57977397215657	64.9610898938402
447.737255110822	442.002707489749	1.58114077128535	65.0286940703095
447.731479568452	442.502438318821	1.58215253148708	65.0942599185872
447.725279099298	443.002077043021	1.58243054155026	65.1512273032169
447.719295939888	443.501930632432	1.58189682828422	65.1939477772668
447.713716852959	444.002017701106	1.58065687551692	65.2176130612041
447.709003042731	444.502141929153	1.57915200912886	65.2278308735111
447.704865839096	445.002189378891	1.57822087010461	65.2327521120238
447.700963401414	445.50226095792	1.57868295069143	65.2391343937302
447.696361375222	446.002419923408	1.58043496970912	65.2465362355026
447.690882758237	446.502507816681	1.5822224643021	65.2594456696872
447.6847300819	447.002320381065	1.58260604937251	65.2879755500962
447.678957538025	447.50188908419	1.58120417751308	65.3410462689359
447.674134152952	448.001448647668	1.57889841460368	65.4084036507291
447.67051952346	448.501236767456	1.57716624198138	65.463581750793
447.667370594826	449.001325605915	1.57698650699455	65.4793885262943
447.6640349297	449.501606653848	1.57819550996787	65.45127062241
447.659884473666	450.001880791806	1.57973475349757	65.3962559405519
447.655179343583	450.501995624104	1.58050209385304	65.3371245739404
447.650307116755	451.001899285237	1.58006027494708	65.2850307262097
447.645949049297	451.501633499355	1.5787920354813	65.2463863805589
447.64220985691	452.001284456467	1.57740718886112	65.2307201431007
447.639141389367	452.500965793588	1.57642121232415	65.2488708928856
447.636347435079	453.000784116431	1.57610057817619	65.2981733831451
447.63359403987	453.500784565841	1.57655329012487	65.3610502124599
447.630434097757	454.000888756924	1.57749960878846	65.417365496338
447.6268960226	454.500958723349	1.57832203933691	65.4644570271783
447.62301301717	455.000955779628	1.57872214100298	65.5155801152838
447.619013670364	455.500987204599	1.57907548931688	65.5792188763026
447.614681876792	456.001128731218	1.5798088737076	65.640703810773
447.609977264148	456.501294085037	1.58066191477657	65.6747015068118
447.60495670374	457.0013286593	1.5808421661745	65.668305266045
447.600183513945	457.501194880059	1.57996034910991	65.6328263543871
447.595985527153	458.001001897278	1.57853400594854	65.5935050511693
447.592454154809	458.500895152254	1.57756117691822	65.5722306426851
447.589107511837	459.00090990262	1.57757479835726	65.573431787395
447.585618878483	459.500946681004	1.57815794095157	65.5847746668096
447.581857906597	460.000887817572	1.57849311468088	65.5916324449054
447.578124061343	460.500728417528	1.57828916077142	65.5973505009966
447.574527336979	461.000562898667	1.57788718946407	65.622283833818
447.571116298664	461.500480258239	1.57762979257212	65.6795452138332
447.567758077708	462.000472563835	1.57740125567233	65.7572558479782
447.56459570277	462.500466168114	1.5768731694041	65.8310334391416
447.561713673625	463.000432389887	1.57631225436244	65.8851208328303
447.558984572494	463.500422476905	1.57663643271468	65.9176125015963
447.555812903955	464.000467308414	1.57808658280028	65.9342603762348
447.551908845127	464.500514374317	1.57955842568095	65.947659882422
447.54749398543	465.000501514111	1.57996762595258	65.9745695814319
447.543110120328	465.500439062328	1.57958559458765	66.0234663682591
447.53889496199	466.000373267299	1.57933066366991	66.082335895669
447.534742737281	466.500328763313	1.57944861905622	66.1231550248007
447.530538402208	467.000299506199	1.57947424779749	66.1209748537768
447.52643925371	467.500271548567	1.57902432221624	66.0715086079383
447.522635197871	468.000235722727	1.57814091314149	65.9937164283345
447.519299071092	468.500192430719	1.57706336538375	65.9157545003484
447.516474599779	469.000149246463	1.57598019242225	65.8550030433875
447.514158581995	469.500115935086	1.57505514570357	65.8074996602716
447.512200391299	470.0000959401	1.57458345357418	65.756860206348
447.510298483552	470.500084503096	1.57491030379302	65.6960922912034
447.508021272699	471.000071665908	1.57607942793079	65.6399682992093
447.50505008615	471.500048841294	1.57766544912404	65.6126724880147
447.501327130842	472.000013507812	1.57905314242914	65.6234922053916
447.49706334027	472.499969378283	1.5798478669948	65.6548229926108
447.492579566173	472.999922366932	1.57997912098721	65.6747109710667
447.488182880026	473.499878914059	1.5794927371428	65.6623315983539
447.484181196991	473.999847611078	1.57837922328415	65.6209475357278
447.480853513846	474.49983590846	1.57675254482883	65.5668774378784
447.478348576163	474.999841102729	1.57519633224642	65.5137415078064
447.47641008687	475.499847186165	1.57456696206128	65.4699433417428
447.474516420303	475.999840118791	1.57509227338923	65.4412840568289
447.472245388003	476.499819702799	1.57598063880889	65.4264841977152
447.469667934346	476.999794504097	1.57632880425426	65.4148118701231
447.467031600387	477.499765281975	1.57616300875683	65.3955051615125
447.464412519912	477.999720919384	1.57628160484225	65.3672934500759
447.46147309448	478.499650575056	1.57729547111171	65.3345150672748
447.457849957853	478.999562832091	1.57899886828071	65.2981969469867
447.453401312978	479.499489744482	1.58050174363455	65.2562527127715
447.448508589272	479.999470101124	1.58090349328433	65.2107213051746
447.443750641958	480.499508115255	1.57999037611193	65.1717430644133
447.439678861618	480.999554662751	1.57843804606748	65.1543455963119
447.436291682431	481.499542724302	1.57732958793455	65.1708755464145
447.433243067616	481.999459557752	1.57726214323686	65.219757950626
447.430000574776	482.499359602643	1.57789978207841	65.2777991159506
447.426437831552	482.999299189034	1.5784787369808	65.3096192868212
447.422617801514	483.499269573859	1.57861539867938	65.29482859585
447.418816486625	483.999225435426	1.57841245302013	65.2427363029399
447.415104484483	484.499154768696	1.57808112044543	65.1782735501663
447.411595151159	484.999100136529	1.577768858975	65.1187648702991
447.408180412978	485.499102440559	1.577604013489	65.0700047765615
447.404834037583	485.999149277924	1.57772602505713	65.0345093249355
447.40130923707	486.499172749484	1.57819282713868	65.0154900171403
447.397533711677	486.999116078975	1.5788406449267	65.011140193833
447.393384020234	487.498986776363	1.5793789508266	65.0121520976983
447.389042217692	487.998851939283	1.57968777329499	65.0050162505557
447.384511067959	488.498779654549	1.57990407331798	64.981469950892
447.379933554466	488.998803740461	1.58003988415034	64.9421225464064
447.375333624043	489.498916318002	1.57972579174385	64.8942320762628
447.371145193766	489.999090820844	1.57859016465013	64.8449130255245
447.36763896237	490.499283146063	1.57684071560958	64.801471879053
447.365056317353	490.999425502008	1.57526855596315	64.771390694068
447.36294096742	491.499426981435	1.57483185383778	64.7617238749024
447.360634636274	491.999229605468	1.57624575104386	64.7728100470604
447.356957249253	492.498883428272	1.57975979792149	64.801675559374
447.351009857778	492.998592439033	1.58503096274857	64.8551430512027
447.341902451255	493.498632961279	1.59141726668563	64.9717314352475
447.32946275439	493.999125878585	1.59793245347179	65.2156888608904
447.31414131639	494.499703565745	1.60175853572244	65.6208737172459
447.298906565087	494.998991111393	1.59785105411869	66.0612106688889
447.287378050743	495.493752529641	1.59304569481209	66.098870196855
447.271119535523	495.977854166402	1.63604034598325	65.067457055173
447.76947729497	333.023730738087	1.46781994622912	67.1188190728214
447.824436966485	333.517467520166	1.46555938482598	66.9547771622595
447.876884017704	334.011783217407	1.4648095026477	66.8056425267023
447.927507323152	334.506732212905	1.46465452743398	66.6813361248351
447.976858095164	335.002106825257	1.46517989044406	66.589539096537
448.025287494767	335.497752405201	1.46726882612001	66.5464647652042
448.072452091443	335.993854834458	1.47250604248136	66.5486036921157
448.117450458908	336.490754218106	1.48080477770023	66.6079092672144
448.15958311937	336.988461541089	1.4904797230142	66.7289664357363
448.198685965881	337.486537339857	1.4988934629605	66.9159142480617
448.235840923631	337.98454883602	1.5050433576257	67.1373991078899
448.247758967036	396.002513319607	1.58059433083204	67.1298014117762
448.241713304508	396.502782668012	1.58220944606378	67.0871498511126
448.235040086076	397.002990931645	1.58340045432657	67.0453500767359
448.227863420278	397.503019462161	1.58378019940874	67.0100931045209
448.220914792941	398.002837637824	1.58328365772133	66.969749672378
448.214369592025	398.502511908118	1.5822056591767	66.9224249855171
448.208646523396	399.002184587539	1.58093511470888	66.8606684439866
448.203502820786	399.501986605455	1.57986909268277	66.7896010321688
448.19891732339	400.001937754383	1.57941087122464	66.7079941897425
448.194257128554	400.501927319182	1.57985192950048	66.636536778588
448.189298626072	401.001840478262	1.58088764682081	66.5909425808361
448.183754651073	401.501677011151	1.58169690443972	66.5800877080968
448.17812059526	402.001534517074	1.5817840682236	66.5770476421148
448.172510937267	402.501494344047	1.58154624077804	66.5660810978078
448.167127817318	403.00155207801	1.5814091981961	66.5425127774792
448.161752450311	403.501635467967	1.58121063495059	66.5201948900521
448.156663932289	404.001682335543	1.58071516509827	66.4871603349727
448.151785458093	404.501680613154	1.58028555314592	66.4350237248911
448.147125284792	405.001646965336	1.58032486625557	66.3566837591679
448.142302534099	405.501592504246	1.5806966865587	66.2710427110396
448.137373622101	406.001531837202	1.5811024076517	66.1894491260643
448.132139510257	406.501488523553	1.58171246390003	66.1330366659474
448.126566586685	407.001478702628	1.58271785537535	66.1049408108716
448.120398020271	407.501484737039	1.58376790775445	66.1027287674829
448.113934126225	408.001465789713	1.58415366332059	66.0933356544835
448.107482052539	408.501388820605	1.58362469269727	66.0558020970583
448.101527351437	409.001259082921	1.58256945890666	65.9791743591322
448.096061575086	409.501105596549	1.58159467686493	65.886542953536
448.091103480283	410.000950381356	1.58079660434115	65.7941905059312
448.086528599945	410.500803491156	1.57996144562247	65.7213519551026
448.082401020701	411.000695559734	1.57939902331895	65.6643992480927
448.07826348814	411.500667857271	1.58006158663803	65.6280839680962
448.073502534769	412.000711297733	1.58207905261644	65.6076728488868
448.067663590878	412.500749962442	1.58407764636908	65.6122690855525
448.061220444335	413.000723842153	1.58453785172901	65.6333093891027
448.054911317378	413.500642717693	1.58343282691159	65.6639940399951
448.049349429343	414.000544497896	1.58166480853106	65.6782994776707
448.04460841066	414.500449738985	1.57997169583051	65.6669480760936
448.040590137848	415.000371007283	1.5787992620356	65.622400545037
448.036862369822	415.50032170942	1.57875230858767	65.5633928881075
448.032864422129	416.000301269123	1.58008643649089	65.5013298859011
448.02803744209	416.500285661064	1.58223353706095	65.4553184987343
448.022271822848	417.000249135422	1.58420091112339	65.4229232054046
448.015765541145	417.500186031534	1.5854459428438	65.4072405239055
448.008879314722	418.000106643745	1.5859427419758	65.3971088066384
448.001892940287	418.500022540505	1.58588844615284	65.3948864062443
447.995053551678	418.999943062539	1.58531616997076	65.3917014777446
447.988581700937	419.499875541667	1.58433452327054	65.3908775386682
447.982588035003	419.999819496664	1.58327016657985	65.3818926801955
447.976982650723	420.49976352903	1.58265755402532	65.3657969076073
447.971476390985	420.999698878742	1.58259115236545	65.3341116333595
447.965932036668	421.499636543704	1.58265832123434	65.2984201498429
447.960389067326	421.999594695406	1.58251016610984	65.266044810273
447.95497675338	422.499566235426	1.58242973943929	65.2569261607077
447.94953393804	422.999513741268	1.58278645564655	65.2671212870127
447.943858836168	423.499405143592	1.58356139215125	65.2878647339301
447.937726642815	423.99924454442	1.58439742768673	65.2898246888651
447.93118541373	424.49907516433	1.58504946837258	65.2655209095166
447.924302454328	424.998951041757	1.58527717376998	65.2151833223972
447.917415485813	425.498898142961	1.58497903576449	65.1635068406318
447.910685762671	425.998884855823	1.58448325437452	65.1214373208291
447.904145853861	426.498847255049	1.58454677655487	65.1043415854179
447.897378589731	426.998756332427	1.58521256940851	65.1079898183735
447.890387575009	427.498654747445	1.5854900066328	65.1305786109871
447.883465671115	427.998590598749	1.58454176345258	65.1493945630754
447.87723023733	428.498551291809	1.58285319662067	65.1534909402993
447.871694398032	428.998507548702	1.58123865675443	65.1310730735947
447.866904007482	429.498499023155	1.57975455152494	65.0939972068917
447.86275576804	429.998589829711	1.57814001312547	65.0466273610793
447.859408981557	430.498763638159	1.57685302771009	65.0024417933944
447.85638740271	430.998907907356	1.57673215745083	64.9643010585783
447.85318820104	431.498908398236	1.57799462813266	64.9532961153029
447.849115464689	431.998733355721	1.57989165669076	64.9778224461627
447.844220789159	432.498448894869	1.58142097920231	65.0344933530683
447.838641423409	432.998167233251	1.58206085250318	65.0821162508923
447.832934405356	433.497990123842	1.5820397404691	65.0937103084642
447.827153448134	433.997972967822	1.58188231529353	65.0627865571598
447.82146595193	434.498099714081	1.58196539007433	65.0174301993744
447.815561422817	434.998245179779	1.5822967593636	64.9709153083221
447.809508017233	435.498228752024	1.58276319574492	64.9314202469244
447.803053587263	435.997974279404	1.58321714416755	64.8911111026664
447.796438270684	436.497612510886	1.58347622559175	64.8604065901256
447.789630510497	436.997345779383	1.58327068281876	64.8473131903639
447.783147504471	437.497248689555	1.58249932489486	64.8648865025358
447.777024408792	437.997239910941	1.58144523360413	64.896829681007
447.771485002215	438.497246401751	1.58070086771716	64.9184843216985
447.766053327067	438.997321129797	1.58038797702184	64.8994188380332
447.760860855225	439.497561712958	1.58000427064912	64.8496894990261
447.755829839475	439.997863867351	1.57924431612757	64.801041885764
447.751340818101	440.497905521548	1.57857895724264	64.792636299794
448.272538158868	338.513678905688	1.51009781454594	67.4914328594459
448.303108690682	339.011394538642	1.51490150444044	67.7365605793158
448.330485941814	339.509255752879	1.51976772869258	67.9359217908453
448.355251246837	340.007443358299	1.52390063996796	68.1022015963164
448.377879655777	340.505964303956	1.52709359531902	68.2508827237591
448.398926796089	341.004714548195	1.52976486712894	68.3854129464645
448.418529855196	341.50363128215	1.53221317619756	68.5012624526742
448.436851948529	342.0026711407	1.534730151819	68.5944912111385
448.453734092335	342.501819142238	1.53776976491408	68.6676183053782
448.468945921504	343.001103767941	1.54146675285266	68.7266781666211
448.482294467508	343.50056140742	1.54516656416119	68.7742457710311
448.494049153196	344.000170765323	1.54791019709607	68.8043963081552
448.504792638186	344.499872285691	1.54931094060218	68.8063544046077
448.515081412576	344.999622168658	1.54987587797363	68.7753907221647
448.525097683792	345.499414191677	1.55057042972912	68.7211216957449
448.534574414725	345.999267752004	1.55211647613294	68.6643031400169
448.543086646316	346.499205481175	1.55459234278564	68.6225192420102
448.550251059699	346.999232033842	1.55755389824472	68.5987203117043
448.556019344123	347.499317324202	1.56038368372656	68.5833363431364
448.560534132176	347.999410402998	1.56259412033978	68.5658405359524
448.564190121878	348.499473746813	1.56403313229348	68.5443829821756
448.567253393386	348.999514008717	1.56496630348347	68.5255864250336
448.569902956895	349.499572170563	1.5658988296655	68.5177865228175
448.571977635433	349.999677511603	1.56720315560734	68.526253863164
448.573337505083	350.499813887166	1.56889566537778	68.5550100963977
448.573769388451	350.999945761855	1.57079637785772	68.6059192254136
448.573278542945	351.500063915258	1.57274557375604	68.6723812686381
448.571827124452	352.000186462852	1.57457428818868	68.7356854258757
448.569598455996	352.500324713293	1.57605712579747	68.7743774890374
448.566734788097	353.0004585563	1.57707271593921	68.7779521030347
448.563490432629	353.500550214984	1.57776235271453	68.7534681276435
448.559911602832	354.000573429431	1.57835289785332	68.7198215098051
448.556104453111	354.500533277951	1.57880413012019	68.696112854244
448.552174164269	355.000454891485	1.57875809294075	68.6905731761024
448.548473580438	355.500370957466	1.57800939007176	68.6983970647208
448.545201111602	356.000310709733	1.57705495058169	68.7101106626025
448.542258242331	356.50029054596	1.57684555081103	68.7235988720564
448.539131405122	357.000298319268	1.57768030940412	68.7445572447866
448.535523357531	357.5003037822	1.57874379948046	68.7735737471638
448.531541591248	358.000290693567	1.57910419956823	68.7991178502811
448.527591401715	358.500266459047	1.57870542520319	68.8101058342033
448.523896611447	359.000233926775	1.57796150991898	68.8118800864891
448.520601236486	359.500186033799	1.57698804686444	68.8245527432894
448.517822932994	360.000126328426	1.57578486277366	68.8662727504182
448.515639175581	360.500075341747	1.57473455899465	68.9373900107448
448.513822382777	361.000051518281	1.5744571871671	69.0168675704557
448.511907481031	361.500055844528	1.57524271159598	69.0737702857813
448.509406378501	362.000067442524	1.57674485051427	69.0870562301231
448.506129815553	362.500059276182	1.57826871255556	69.0594423544837
448.502189839973	363.000024068148	1.57936821078766	69.0157828649699
448.49782349608	363.499975783856	1.58005365786249	68.9862225573969
448.49321263457	363.999926129011	1.58045699942099	68.9873024508146
448.488492677226	364.499875276642	1.5805332429998	69.0158335120147
448.483857206931	364.9998267274	1.58012517497832	69.0579577725899
448.479529842421	365.499796190839	1.5792544738957	69.1017791003941
448.475678839408	365.999792133058	1.5782846689289	69.1419817381138
448.472232920942	366.499795637887	1.57760615650519	69.1742501976919
448.469069881231	366.99978648325	1.57708810368166	69.1910801645361
448.466200602961	367.499773662586	1.57619325776488	69.186816258972
448.463864332579	367.999773322871	1.57493504305341	69.1634642529306
448.462024848953	368.499770422586	1.57417893554332	69.1280336444994
448.460317496172	368.999745291953	1.57445646009138	69.0864849154202
448.458333628398	369.499712863346	1.57515552034135	69.0432367880963
448.456114973679	369.99969938939	1.57552112274017	69.0042008717804
448.453763710041	370.499693471268	1.57577034573851	68.9767362782312
448.451195276808	370.999658943674	1.57654659102703	68.9655214082809
448.448065450618	371.499581585923	1.57788483265165	68.9696446364352
448.444263812319	371.999480237256	1.57929543286309	68.98329737701
448.43982673163	372.499381145572	1.58039785725959	68.9990330307481
448.435012057582	372.999309500797	1.58097643538566	69.0096834039798
448.43007439654	373.499287079145	1.58075738804599	69.0080421688585
448.42548225974	373.999318261567	1.57961614790928	68.9859413592585
448.42153332577	374.499369695279	1.5779647168008	68.9377750062051
448.4183502782	374.999395663537	1.57664938132721	68.8674316918044
448.415534015452	375.499375232828	1.576364540707	68.7937878386756
448.412650594344	375.999323248614	1.57707267802788	68.7428711365009
448.4093226596	376.499270560302	1.5779802925867	68.7301970786587
448.405754121884	376.999254583572	1.57819091058465	68.7490760428264
448.402277430196	377.499293959717	1.57748433569491	68.779955567699
448.399281574504	377.999352982974	1.5765075034177	68.8062829491968
448.396555560717	378.499336606154	1.57627156887523	68.8215003592697
448.393649204317	378.999170956544	1.57732501897453	68.8224280252478
448.3898945502	379.498887570701	1.5792354101456	68.804403123319
448.385247153339	379.998636478369	1.58077374553771	68.7631126573685
448.380111412736	380.498588742708	1.58079622927362	68.7040068322254
448.375436535649	380.998784910969	1.57923087471307	68.6409952381261
448.371671992298	381.499062258218	1.57724011299077	68.5836348897456
448.368759047376	381.999213929055	1.57627223013262	68.5269332506764
448.365859568021	382.499176057291	1.57689638659603	68.4646949478754
448.362419477551	382.999025340515	1.57842911179413	68.401407974382
448.358188383417	383.498853001834	1.5796093380086	68.3482056887589
448.353713372767	383.998710726679	1.57964105385996	68.3059177047306
448.349406362783	384.498608109304	1.57880544674127	68.2630490625203
448.345587833624	384.998521372545	1.57806548550783	68.2050109493181
448.341854749916	385.498409349609	1.57813639698297	68.1295271460222
448.337947314993	385.998279045531	1.57887351315756	68.0459243292784
448.33356591474	386.498189028446	1.57959156207782	67.9671306561317
448.328991293114	386.998171250534	1.5799512812335	67.8985946439538
448.324175233199	387.498172228805	1.58030775247762	67.8431699432573
448.319180146498	387.998156747981	1.58091594924313	67.8039404163179
448.313808251482	388.498184321835	1.58127785099047	67.7861205295961
448.308552612617	388.998321116238	1.5806844003649	67.7884791341205
448.303752797937	389.498501165909	1.57923144145777	67.8044518981409
448.299810529327	389.998589772105	1.57788197931147	67.8215782344735
448.296207162869	390.49852243072	1.57763030561333	67.8294647143472
448.292481497621	390.998341063252	1.57859240869525	67.8172721235023
448.28798495203	391.498122088086	1.5799480963718	67.7773307101273
448.282973637971	391.997950233225	1.58068928783895	67.704271188141
448.277696149739	392.497888970181	1.58044378868529	67.6064687946056
448.272828748327	392.997935904368	1.57953809202449	67.5028590925041
448.268369775459	393.498002928996	1.57855712890189	67.4170095821785
448.26447244181	393.99802248487	1.57789545677448	67.3580152653134
448.260686570693	394.498006880299	1.57772344074801	67.3212808332103
448.256954401432	394.99798154679	1.57810481982974	67.2901661918041
448.252722968369	395.49788400872	1.57909290326284	67.2526114857953
