363.707839392943	521.51122901788	-1.49424411527159	74.579955207695
363.682365932463	521.997689719113	-1.55341327292189	73.5101237038191
363.706373756888	522.472051548163	-1.70042226426794	71.3108655274657
364.24983693088	516.523913594058	-1.4753357628008	72.0936950538892
364.1977227533	517.018999739093	-1.47180051292508	72.3031454018139
364.145796694215	517.514496171173	-1.46637987767777	72.544950417525
364.093194975805	518.00973010906	-1.45996436818771	72.8222389662338
364.039285960344	518.504254574358	-1.45403619672263	73.1341247242856
363.984159866016	518.998267579888	-1.45056913330338	73.4567524870693
363.928148674017	519.492229950339	-1.45064186072663	73.7880969496428
363.871718977335	519.986439803295	-1.45476201460914	74.1209423096458
363.815527868242	520.481405839248	-1.46216108226817	74.4424061578288
363.760048615335	520.979125091558	-1.472612655235	74.6456520903529
363.906726711176	523.043414832747	-2.05768680836155	67.7672743312583
364.117588537551	523.406616586223	-2.27230415886483	66.8583172959855
364.749575696722	509.520731310774	-1.50756699187275	66.9915601696361
364.718657705629	510.017854845483	-1.51336054267267	67.7521821651437
364.690584683197	510.515260621748	-1.51769758750312	68.4928992730389
364.664306584647	511.013033847846	-1.52012469717961	69.1588634192289
364.638767831333	511.511156195735	-1.51954500667338	69.7185809016622
364.612194524875	512.009366822138	-1.51547345451886	70.1664889603896
364.583203672052	512.507300596801	-1.50887684925996	70.5226277048589
364.550991686749	513.004681742439	-1.50170250992285	70.818358750183
364.515765936176	513.501495030601	-1.49548558569964	71.0788362020506
364.478026122072	513.997869763456	-1.49058248542339	71.3139393714969
364.438108644955	514.493883515285	-1.48647000147774	71.5243368409228
364.396044007257	514.989555557987	-1.48279254267526	71.7095130635982
364.351637175904	515.485025932127	-1.4798307467307	71.8686607575277
364.30488476199	515.980544765493	-1.47773937209982	72.0017333084683
364.255256419064	516.476001435471	-1.47560719516129	72.1181848301613
364.380476798219	523.638668143292	-2.43215367462773	67.273289236294
364.599402862915	523.835023839042	-2.5859286871302	68.7897574373304
365.227173569892	503.519717542755	-1.49743829783219	63.1196041529174
365.189642193199	504.016576473701	-1.49631159858806	63.1696609305932
365.152983595493	504.513291986005	-1.49463191164474	63.3207263198879
365.11677171273	505.010018518043	-1.4921835667979	63.524850819178
365.080097823229	505.506832667981	-1.48898974622098	63.7468861378578
365.042393598495	506.003647180628	-1.48566099693469	63.9625261267947
365.003078807056	506.500269518775	-1.48266019170132	64.1845128749954
364.962032785694	506.996622639744	-1.48102408561468	64.4224083048982
364.919565142808	507.492761949587	-1.48156542375798	64.7037487101304
364.876332936733	507.988747360264	-1.48515627646928	65.048146331323
364.833578621201	508.484632283239	-1.49142710349732	65.4926091124166
364.792245250414	508.980525934548	-1.49925496607874	66.0508239119162
364.753278585574	509.476730452581	-1.50689192433939	66.7183360862135
364.993579392086	524.014969725502	-2.75306318138756	71.3897596253529
365.74363596341	495.519107834591	-1.4872121299633	63.4912889495213
365.701296252804	496.015385647816	-1.49355181795733	63.7760577189642
365.663299846025	496.512297582003	-1.49860222491534	64.0376374354667
365.628338007522	497.009626219617	-1.50234523953555	64.2538659048965
365.595818707936	497.507117879393	-1.50581969851813	64.4238457742123
365.565548485596	498.004720851318	-1.51005476600181	64.5566581718584
365.537718231496	498.502591155136	-1.51462502560912	64.6613913684379
365.511981647546	499.000790894044	-1.51805583135777	64.734795106278
365.487407852565	499.499177319076	-1.51913983520511	64.7559520956946
365.462683356637	499.997503909255	-1.5177782747542	64.6965823923966
365.436617538756	500.495571436819	-1.51481939216149	64.541548228916
365.408531459177	500.993313406102	-1.51129529590825	64.3009093698097
365.377995682283	501.490759077067	-1.5077722080613	64.0039899880494
365.344900868336	501.987938049669	-1.50447326164651	63.6864619247569
365.308933011115	502.484740112755	-1.50150800385361	63.3866503968603
365.270185994114	502.980997240625	-1.49916362093751	63.1453201055678
365.44794100667	524.16200604856	-2.8608982978938	73.5543415382017
366.227180375042	490.519759883385	-1.48133824646809	64.0555099794898
366.177826842364	491.015678733155	-1.4744700928835	63.7894587332664
366.128732326077	491.5110611332	-1.47154274383439	63.5487535371892
366.081239241798	492.006672094366	-1.4717972943943	63.3399600761182
366.035097066933	492.502815457831	-1.47163441839462	63.1806089383792
365.988964815199	492.99909805059	-1.46950822166764	63.0703907073061
365.941567579254	493.495051469874	-1.4673701026649	63.0191561922004
365.892904742132	493.990763868575	-1.46859212373932	63.0212341570566
365.843994063034	494.48661209802	-1.47325301676412	63.0865096873122
365.795395083217	494.98273538281	-1.47976192595334	63.2103574487474
366.040641693094	524.328305977016	-2.92610753726067	75.4676514872494
366.722082724901	483.516664413934	-1.49062000883385	65.5629518573011
366.681477911975	484.01343910072	-1.4951861992246	65.8108961993999
366.643837986839	484.51072180281	-1.49827682401736	66.045822541997
366.60823830404	485.008148336416	-1.50099695666161	66.2656637714716
366.574390115458	485.505640699919	-1.50320177298896	66.4659461134172
366.541714722134	486.003177423987	-1.50431076143628	66.6139510029606
366.509697314703	486.500735175629	-1.50464608132928	66.6557822285483
366.477990133537	486.998369552445	-1.50526081993599	66.5508810563013
366.446588626319	487.496201480842	-1.50652592539869	66.3033623391132
366.415491259754	487.994235646441	-1.50764520353791	65.9609771260984
366.384213274457	488.492238764923	-1.50728286062023	65.5831377037427
366.351808625456	488.98983725634	-1.50443519776679	65.2080274696435
366.316698483731	489.486704563504	-1.49879574222693	64.8449021682363
366.277394903634	489.982749570281	-1.49090589823926	64.4851976115018
366.51641958726	524.425215106032	-2.94428006698475	76.2810075210201
367.246412441284	478.019907343887	-1.48848415234011	66.2741822047301
367.200058318654	478.516273232147	-1.48368737008176	66.0068086216642
367.154233767001	479.012534409065	-1.47972442633283	65.7428441782449
367.108453854249	479.508838410264	-1.47543805711566	65.4986221564334
367.062111438919	480.005134873617	-1.47074085890845	65.2852978533763
367.014628761927	480.501237169771	-1.46689738732872	65.1313470671433
366.966191637631	480.997079420255	-1.46557386582985	65.0482777364823
366.917279054043	481.492770880134	-1.46676793145453	65.0397320007208
366.86820524985	481.988539307047	-1.47036457660421	65.0809926655416
366.819432187717	482.484697862972	-1.4761255919058	65.1642137344061
366.771251728166	482.981394922707	-1.48342272980248	65.2837516454411
366.996868651756	524.514693124221	-2.94952315668476	76.5064679091623
367.737353480409	471.019346224282	-1.48290128420677	66.8430730434969
367.692373290239	471.515604302294	-1.48724227707266	67.1580377802362
367.650838339168	472.012137173117	-1.49166143186024	67.4642112127684
367.612564034019	472.508876822177	-1.49651540102799	67.7405287838637
367.57730592428	473.005883200285	-1.50166218507553	67.9692622214468
367.544793890791	473.503267767136	-1.50617048676427	68.1317318677834
367.514296146052	474.001006248557	-1.50929324920889	68.2081123553714
367.485009687297	474.498969368293	-1.51106540812243	68.1847426101356
367.456200196812	474.997022975559	-1.51168118121105	68.0631383231329
367.427122974769	475.495040293448	-1.51085606698106	67.8628270181106
367.396992637284	475.992882522881	-1.50834703527452	67.613131316359
367.364914454816	476.490426433026	-1.50444281121104	67.3374349994359
367.330257404931	476.987624707	-1.49966271091926	67.042166521635
367.292240610322	477.484476409108	-1.49430715848457	66.7233514371336
367.250378684421	477.981051554988	-1.48892022298435	66.3800652227835
367.477654387534	524.605048062162	-2.94476963262155	76.2627133715995
368.221463885499	466.01862130638	-1.48511664767766	67.2683482436543
368.174483657813	466.515081242072	-1.47819391626499	67.0435064643495
368.126855779093	467.011069287772	-1.47261797794893	66.8515209127115
368.078851303967	467.50682366715	-1.46904497243022	66.6956643146583
368.030978666968	468.002635404404	-1.467735161433	66.5621295749431
367.983342780948	468.498603090262	-1.46799260494816	66.4537703055962
367.935806786267	468.994638658992	-1.4693545260933	66.3743218000456
367.888094342283	469.490593258625	-1.47136502638118	66.3523577832086
367.839832619531	469.986396093291	-1.47429297363703	66.4039616569968
367.790966723587	470.482126519355	-1.4780590091365	66.5387338489021
367.955800120216	524.704584915259	-2.93083607701721	75.7320919729514
368.746322343915	460.030340976399	-1.44233309031193	67.7615483763063
368.682647750707	460.521725874604	-1.45442773815194	68.1842096551416
368.627181902542	461.014425270247	-1.46567947533005	68.5670466933496
368.578315099525	461.508340632826	-1.47585249226508	68.8497408347624
368.534552905712	462.003429440799	-1.48434830792109	69.0027021920632
368.49449600155	462.499488806783	-1.49050082088659	69.0253538988963
368.456704806708	462.996200197485	-1.49434426000726	68.9363916205501
368.420028229577	463.493325435797	-1.49660501354971	68.7646292927367
368.383810073132	463.990751185454	-1.49798008324061	68.5384068806452
368.347414079775	464.488305396316	-1.49825649400056	68.2744646341297
368.31002822126	464.985649995555	-1.49654251411428	67.9762039871977
368.270060927839	465.482363601796	-1.49216920787853	67.6500361167449
368.534651184728	524.847506503452	-2.90857081090573	75.2675711887675
369.188886067791	457.026052270969	-1.42777353736795	67.5816845763013
369.116247672079	457.516036909568	-1.42020562557778	67.3533340240294
369.044362831351	458.006148735184	-1.4152906913637	67.2178543243741
368.972508104899	458.496202183404	-1.41451061656052	67.1893419643757
368.900515319389	458.986493737107	-1.41918241856597	67.2532049203479
368.828466117109	459.477289423205	-1.42851571824156	67.4090574148424
368.756144583125	459.968545115703	-1.44065833829496	67.6457334965444
369.009543063155	524.958202537737	-2.89868991224055	75.1731512421809
369.707656984478	453.030780791143	-1.41912348522103	68.3138656508294
369.635759244726	453.519125342989	-1.43508031942043	68.7319640766045
369.573020188115	454.0098793186	-1.44682933699543	69.0053603860379
369.515508819553	454.502063285727	-1.45282671987881	69.0975780630562
369.459540719495	454.994584329934	-1.4532767695482	69.0205392624356
369.402088842837	455.48674875829	-1.44979053756492	68.7967688589576
369.340874359208	455.978485551682	-1.44422548758939	68.4469450487492
369.273735255	456.469785572098	-1.43721409031668	68.0123764099523
369.484759138238	525.067450857009	-2.90057376157624	75.2146788033957
370.244750734103	450.040539230755	-1.4085797017416	68.2288681726421
370.156657830757	450.526330966703	-1.39352183272816	67.9526209233415
370.069895375818	451.01182971637	-1.3834580561947	67.745346329761
369.983348413758	451.497186286613	-1.38080106144648	67.6435445480088
369.896359459955	451.982713787428	-1.38624798392969	67.6712068582463
369.80846808948	452.468933051155	-1.39894217250283	67.8395031281536
369.960600263485	525.178505065402	-2.91469432628417	75.3595261181734
370.67897199633	447.029537402062	-1.41080640719302	68.7727922503095
370.604052159528	447.516553896481	-1.42499640883167	69.2330322132856
370.536781873358	448.005673408859	-1.43387403979966	69.4723072808888
370.472867396136	448.495876693116	-1.43694491724247	69.4567383689974
370.408316188878	448.985996137066	-1.43399852373245	69.2207811483905
370.339061147089	449.474961613421	-1.42503927480944	68.827078458149
370.260641257856	449.961961131546	-1.41125812798412	68.3493505576246
370.538094263492	525.316817780349	-2.93927985306221	75.8719625096195
371.246816974081	444.042120734027	-1.40226128000229	68.6429865423507
371.155284347439	444.527070417616	-1.38502638976609	68.281962729839
371.0644591057	445.011447940709	-1.37272598029559	67.9962687044293
370.972988580681	445.495142746938	-1.36903488287982	67.8514479320275
370.880242168831	445.978402600727	-1.3751989825536	67.8922093217601
370.785763701121	446.461798844059	-1.3897128707953	68.1275958214608
371.01820377263	525.411070909853	-2.95319332575481	76.2871528195671
371.710923678273	441.037093348494	-1.39556666544381	68.9640511878148
371.627752522012	441.521743350734	-1.41133024511213	69.4794564715887
371.554212003858	442.008983846462	-1.42202458504389	69.8128048975565
371.485499785434	442.497642358399	-1.42706608366476	69.8969660149689
371.417294801696	442.986702233997	-1.42646140545281	69.719585590448
371.345148752575	443.475114653061	-1.41922891058169	69.3179366746506
371.263916548094	443.961594643635	-1.4053020867916	68.7756139490578
371.500480084151	525.497652677648	-2.95730528539711	76.431064711585
372.21171050544	438.54006976792	-1.38096690071248	68.3090477546011
372.114928910368	439.021964000209	-1.36852544686537	68.0835675610954
372.019921609719	439.503833506993	-1.36248598833734	68.0267077044609
371.924974531176	439.985568085376	-1.36436932929726	68.1416537137763
371.828495183893	440.467464696035	-1.37486980493943	68.3999254717952
371.982509607989	525.584457643487	-2.95173973399303	76.2442832237022
372.720111115578	435.539692950707	-1.38820579455313	68.7978057777978
372.633084991685	436.0234562553	-1.40406807495287	69.2342903917289
372.555848975041	436.509758818781	-1.41322450652884	69.5238126670246
372.482457018375	436.996922326286	-1.41495118334906	69.5710781848737
372.407627140544	437.483624702197	-1.40992330748685	69.3454718557802
372.326182191786	437.968805103127	-1.39899787126466	68.8942162637028
372.462070909764	525.679286481294	-2.93746896826443	75.7712987128556
373.238895089179	433.045913559415	-1.38228405574749	68.6854793319577
373.138694903744	433.527271706903	-1.36443376033049	68.4489970896574
373.040305361198	434.00799669433	-1.35454094766114	68.3273706879034
372.94204373274	434.488601522803	-1.3553114452402	68.3165334308333
372.842354194768	434.969690021017	-1.36663504618022	68.4080805492539
373.040704501704	525.818749126936	-2.91389138258245	75.1907523990132
373.662911582626	430.530239083716	-1.39314927822973	69.4949777787038
373.58056820495	431.014635333496	-1.40571760162771	69.8590760423957
373.504731360923	431.500847125119	-1.41168947934586	69.9578706450126
373.429905236972	431.987516617118	-1.41104438615122	69.7588087154842
373.350547742855	432.473121079542	-1.40241717720387	69.3253544351647
373.260250385286	432.955736273105	-1.38608322160372	68.7916659796022
373.515992155322	525.930004842311	-2.90092046189736	75.0324467611028
374.187552895082	428.036989481637	-1.36631946992729	68.9360890895619
374.086229816654	428.517223843747	-1.35326294107715	68.7165230500276
373.986214804738	428.997222425565	-1.34951857708197	68.6246159903011
373.885456284313	429.476961033226	-1.35574476711635	68.6866369589244
373.781803682308	429.956831074739	-1.37137757607446	68.8815543912671
373.990949996898	526.039262586261	-2.89878188844509	75.0370555492099
374.731386336189	425.045782528395	-1.37243564095806	69.3362332733979
374.637097190749	425.526263409717	-1.39069122156591	69.8058184865263
374.554631049064	426.010210852708	-1.40257331675003	70.101949865237
374.477077805671	426.495759466562	-1.40588246022212	70.1405599497486
374.398062505127	426.981087744616	-1.40052444493069	69.9093323324378
374.311075900516	427.464598897952	-1.3874029981557	69.4596424458417
374.465431486202	526.150033425608	-2.90697462399583	75.2198222780119
375.17135291644	423.034508506101	-1.36378034715476	69.1040215312255
375.069604965259	423.514411028089	-1.3490876076163	68.9132806689587
374.967809449451	423.993226732098	-1.34434984636793	68.8644470034611
374.864008504724	424.471460152142	-1.35099095179803	68.961680268691
374.755936119861	424.949919146605	-1.36817072836148	69.1694046082988
375.045020962879	526.294713619329	-2.92793946616018	75.7784712076066
375.711038983389	420.041446225765	-1.37628824089115	69.4801438867822
375.619943116594	420.522819696836	-1.39474307702944	69.993759007469
375.5393566245	421.007325703993	-1.40498883527651	70.3069483674172
375.462580470277	421.493110805483	-1.40698479985723	70.338658106771
375.383552619578	421.978517389511	-1.40096909204117	70.0781692486675
375.295675720069	422.46165300569	-1.38690216350175	69.5961707331132
375.522532669255	526.39527963209	-2.9429076108853	76.353075578568
376.168157366747	418.036074861832	-1.34708442486748	68.9170352557835
376.059615146495	418.513043466879	-1.33330405327171	68.7729939337597
375.952315006147	418.98961362305	-1.33407118908237	68.7884623266253
375.844385094596	419.466952909652	-1.34859980770365	68.9565582811434
376.003029897517	526.485678920566	-2.95105571329169	76.623338615496
376.745275590153	415.050801540217	-1.36238610540632	69.3671449770532
376.645449501651	415.529190552604	-1.38122198509334	69.8919752388452
376.558749122158	416.01146363483	-1.39390797367006	70.2261902373594
376.477624872982	416.495701309611	-1.39786078993333	70.2506982799129
376.394875452909	416.979703975053	-1.39156127258198	69.9528267777828
376.302477469244	417.460811845669	-1.37440548566792	69.425122034238
376.484477215416	526.573865811597	-2.9505231232786	76.5088524411909
377.203740081769	413.042831767784	-1.35755273780644	69.2392118720483
377.096337978244	413.520755827917	-1.34097553884182	68.9931169450148
376.990373845782	413.997892469375	-1.33523272747306	68.9068135268983
376.883464033522	414.474469514324	-1.34111917410959	68.9973825157072
376.772788864869	414.951106874439	-1.35776772284023	69.2239747324766
376.964488203653	526.667715532312	-2.94017379573941	76.0810549030151
377.675968002071	410.535207621879	-1.37574491071537	69.978706644893
377.586353991129	411.01695321622	-1.39097013939534	70.3331929333698
377.504103880962	411.500798666215	-1.39719340483567	70.4622183678642
377.422107488584	411.984829274573	-1.3941952564439	70.2950831070917
377.333168027691	412.46713250392	-1.38171250003539	69.8505976029653
377.543354083827	526.804625619191	-2.91838924556706	75.4923021178859
378.144299513343	408.532304296652	-1.33251821083574	69.654156183422
378.03333426248	409.00747348904	-1.32414626942743	69.4813703464986
377.922862897056	409.483079243864	-1.33031230997203	69.4122961293855
377.809886230002	409.959612151331	-1.34878020233718	69.4594134133679
378.018940462674	526.915368543856	-2.90488454808884	75.3419052337678
378.743850762481	405.550642628038	-1.36366647829204	69.9103336404572
378.645347963163	406.029640832642	-1.38047195359962	70.441683643732
378.558347300141	406.511719626945	-1.39007996256596	70.7997636045594
378.475155063122	406.995036599154	-1.3906703913104	70.8415707700053
378.38792705419	407.477283242705	-1.38028950830928	70.5457522543057
378.287315098966	407.955448079278	-1.35940323395773	70.017925046898
378.494753274845	527.023447545795	-2.90175163365314	75.3367727095139
379.211480483361	403.546927617731	-1.34485713243708	69.9670267533405
379.100753816999	404.022444271777	-1.33198302133077	69.6688416332076
378.992720642101	404.498392074597	-1.33094049664159	69.5014376899325
378.88407541349	404.974720128833	-1.3410848460065	69.5052399912522
378.771485408913	405.450842517183	-1.35908291434861	69.695022504646
378.970681138459	527.132019905093	-2.90980780013632	75.4710709358483
379.714234102284	401.045727560926	-1.36052511860209	70.6039344906196
379.61732817527	401.524271153651	-1.37827788287684	71.0399173974525
379.530138472562	402.006140941125	-1.3861636205585	71.2168726906635
379.444099321282	402.488540913594	-1.38274731461659	71.0557312585246
379.350604800807	402.9687665286	-1.3691282251396	70.5829029677765
379.446389851268	527.244616208094	-2.92590119693965	75.7176893771578
379.548181588087	527.272930102419	-2.93001669628378	75.8786486436161
380.19423310822	399.043305021857	-1.34125588053394	70.1318600954613
380.082905341417	399.518911172186	-1.32712623950895	69.9802628788229
379.972664233537	399.993703809966	-1.32443744037458	69.9716753965468
379.859921261863	400.468068038746	-1.33459973746701	70.0898340247712
380.026392301545	527.374523169629	-2.94405920773368	76.3873570232366
380.703686622993	396.543481776149	-1.36383551293138	70.85595092812
380.608162772777	397.022665997488	-1.3772640577101	71.2398394584848
380.520364655325	397.504212270795	-1.38237208684206	71.3465623689262
380.432309531053	397.986028232012	-1.37861733698688	71.1121836205652
380.335542013339	398.465587455107	-1.36538690161047	70.6068363250293
380.507249748353	527.465565712833	-2.94981756638655	76.6150385623197
381.178469500794	394.540802264016	-1.33654936586378	70.2853634101253
381.06770092526	395.015542058223	-1.32656845418616	70.1986134504588
380.958256100943	395.490485377173	-1.328125877337	70.213227878655
380.846330331158	395.965483445446	-1.34087699213108	70.3232048094766
380.98837704578	527.554532085893	-2.94684604745057	76.4679934585833
381.694143390812	392.042273883581	-1.36064212905887	70.8387148232525
381.599078045027	392.520978142451	-1.37738267588095	71.1957016922024
381.511625116746	393.002441899472	-1.38249038044147	71.2661353966968
381.422645471497	393.483538078988	-1.3760122656406	71.0347268157546
381.323152032335	393.961436134657	-1.36007706511056	70.5926659942298
381.467478618376	527.649275964332	-2.93548564621423	76.0068468789235
382.187470180355	390.043909510627	-1.32895819510035	70.3907993478834
382.072265780601	390.517199330355	-1.31573613823862	70.2302854428459
381.958205005734	390.99005866318	-1.31647741251947	70.1881646919935
381.841271063178	391.462982926773	-1.33143030835979	70.2753826001546
382.048694429476	527.788868162446	-2.91401987558935	75.3481960161848
382.713262329484	387.546315270473	-1.36024082592845	70.9287312081986
382.616011978069	388.024786776817	-1.37417535161442	71.3275535540011
382.526771723408	388.505691274755	-1.37859889313337	71.4711494946112
382.436759309961	388.986408727678	-1.37241504247221	71.2863751460657
382.336667862679	389.464046032427	-1.35593283454848	70.8229911892975
382.522629109116	527.902762052775	-2.90107326681126	75.2151246029046
383.192867451223	385.544699802927	-1.33501437650104	70.6555908870695
383.08081555526	386.018719424232	-1.32508704870686	70.4700649972106
382.970800023389	386.493278426799	-1.32574726666817	70.3938060483416
382.858532531607	386.967796888121	-1.3373166570157	70.4408681766784
382.99709464613	528.012569288314	-2.89867714613059	75.2405695076703
383.727812976632	383.050024447532	-1.35297378091796	71.1279129069591
383.626145191118	383.527488977673	-1.36672388159648	71.5344194656059
383.533465999871	384.007316931486	-1.37160745901003	71.7010049445155
383.441129506801	384.487003820965	-1.36776826438533	71.5410315283631
383.340387020895	384.964371074931	-1.35588828371807	71.0957199922262
383.472414434716	528.121959456739	-2.90704242201666	75.4098705628695
384.217288506891	381.051329797147	-1.33584278779668	70.7736730954055
384.102490883992	381.524323873829	-1.32219291265957	70.6604178668775
383.990674669724	381.997809560261	-1.32041087369166	70.6396543104029
383.877345683488	382.471752277149	-1.33033673246835	70.708793539521
383.757479205001	382.945255199749	-1.34858398673829	70.8591034195409
383.948619434369	528.234576401259	-2.92500039375842	75.6815600336942
384.049917083608	528.262935896849	-2.92978807499966	75.8264648838192
384.650684668896	379.034124741214	-1.35903590474932	71.4096645768281
384.555012337426	379.512328451191	-1.36803986741844	71.6664570387273
384.462425710746	379.991596198983	-1.36820650776093	71.5917249545801
384.363945897116	380.469247525323	-1.35832114982338	71.2189306645763
384.527722507631	528.364402906052	-2.9479312492255	76.4017497603877
385.135856956894	377.032199170483	-1.3256249027245	70.5912051409023
385.023791513346	377.505657793951	-1.32006819088674	70.5115951315083
384.911323457879	377.978932496887	-1.32497757035192	70.5672268728536
384.793179035118	378.451186705366	-1.33889126637406	70.733380307709
385.00940311155	528.45334007788	-2.95825977830644	76.7610359954161
385.676857336452	374.5395995474	-1.35786503800178	71.2316458659874
385.579962782875	375.017637177026	-1.37024207870582	71.607741537064
385.488862278992	375.497539899403	-1.37132011141518	71.6840574308696
385.394063953734	375.976320049903	-1.36244550430421	71.397526256209
385.285258569763	376.451207974363	-1.34571109038631	70.8585156019297
385.49227988607	528.538068412381	-2.95835886934819	76.797531172417
386.177900919662	372.54452363668	-1.31757932975141	70.8105914409205
386.059478919884	373.014897975652	-1.30843306583155	70.6764885320903
385.943312511247	373.48607428787	-1.31349974621586	70.6145718456705
385.824387442352	373.958167067423	-1.33110805449878	70.6597685600423
385.973701412527	528.626495437501	-2.9479307509058	76.5159364132609
386.740073256502	370.056322177633	-1.34135861368053	70.9287082330042
386.632757503586	370.530486808852	-1.35818884984958	71.4185195859224
386.53657305492	371.00835016574	-1.36460713299743	71.6735614134239
386.441172400085	371.486381813843	-1.35909434254328	71.5857129749036
386.336215462856	371.961060822397	-1.34303519988131	71.1911600946787
386.451215206714	528.727125835948	-2.92913009846314	76.0231098688387
386.554204752302	528.755702974115	-2.92422008099892	75.8598140379141
387.247328284894	368.058859196804	-1.33803545201345	70.8458051667177
387.128292851318	368.531348060994	-1.31841277805334	70.6239300875625
387.013115338955	369.003249333444	-1.31129466504939	70.5191850482149
386.896995116985	369.474574349152	-1.31790958911748	70.5469494478434
386.774671217135	369.945410259406	-1.33603273139213	70.6980216695018
387.029456517356	528.870078866896	-2.90565892725008	75.6782111549572
387.679726959752	366.042557444657	-1.34464501431016	71.2185306493211
387.577892633579	366.517885099155	-1.3623187780182	71.6651407695982
387.484644142833	366.996546940414	-1.36896294040645	71.767389079479
387.389462872214	367.475154793548	-1.36246259913307	71.4779525609195
387.280763825634	367.949672141982	-1.34380635714	70.9238918796475
387.504473691917	528.980356198567	-2.89757771789452	75.5988154940189
388.196194974503	364.048415349208	-1.32378710678429	70.6500558352565
388.076775612115	364.519193889291	-1.30843581416668	70.5359666551095
387.959017984512	364.989667800885	-1.30523826284559	70.5123406743524
387.837629592658	365.459245748221	-1.31647210972654	70.6124983999545
387.979791471493	529.089795891876	-2.90248913927234	75.6182864213578
388.652604123094	362.036564358895	-1.34666197205551	70.9173783784558
388.550810666829	362.512150752783	-1.35589478701703	71.3226728753015
388.453466397713	362.988896114255	-1.35634005832087	71.3811259613065
388.350552811329	363.46432499624	-1.34713195992795	71.0855156621246
388.455723120386	529.201531579387	-2.91875011182913	75.750047852243
389.158139132777	360.039130352505	-1.32122182344083	70.3436043473556
389.041140637988	360.510197148005	-1.31121859193257	70.175093169168
388.925324687094	360.981516010901	-1.3130821014926	70.1380575618909
388.805316429654	361.451856964691	-1.32557059742677	70.2600371981468
389.033765951858	529.336723548515	-2.94364937268527	76.3024927938402
389.733820483181	357.557842540957	-1.32370898306475	70.3958637583298
389.618066033429	358.02844402036	-1.34487991191175	71.0066458965524
389.51697406619	358.504017152671	-1.35658490125677	71.3519835298284
389.419126208177	358.980921329035	-1.35613165733189	71.2829101065175
389.313591845037	359.45569215252	-1.34405359082287	70.8437271968895
389.514600604647	529.428166949953	-2.95637031138	76.6675717562118
390.145464416328	356.037642655449	-1.30660340008265	70.0891346367106
390.022583975592	356.505894937358	-1.29618715126449	69.9883366025619
389.900075122349	356.973969033704	-1.29980481305736	70.0278687309134
389.772296785194	357.441562163062	-1.31728842433172	70.229982824663
389.997249925165	529.513506199996	-2.95843985764299	76.7319556800155
390.738519193439	353.559211925732	-1.32311091600326	70.5334032752478
390.622238625715	354.029454706196	-1.34345265665484	70.958593847249
390.519834329283	354.504727064445	-1.35277144754439	71.1475687489908
390.419418690356	354.980598798559	-1.34872325072404	70.9922366909533
390.309645221088	355.453179386071	-1.33279312326996	70.5336645141086
390.479078766437	529.600844831648	-2.94973210757581	76.4546421418457
391.148718016835	352.038291483597	-1.31076639218183	70.4578921870884
391.026663912372	352.507017199623	-1.29705138972555	70.3653186050027
390.904740517995	352.975022077313	-1.29949726535043	70.3545411087161
390.777276369719	353.443138943573	-1.31703898536076	70.4210720050826
390.958284816804	529.698269923007	-2.93222202177163	75.8718748660827
391.731297562982	349.557087498017	-1.32545665230477	70.664940250766
391.616180444835	350.027971131145	-1.34495701171115	71.2300198806026
391.514914757547	350.503523337809	-1.35553346651893	71.5090358494982
391.416314882974	350.980300535591	-1.35442129810189	71.3774595174581
391.30920174086	351.454189221372	-1.33974725706448	70.9108798868441
391.53328790042	529.841359298985	-2.90941731092241	74.9892951189894
392.141682421942	348.037065491636	-1.30430584079113	70.2847400385172
392.018724400391	348.504906653943	-1.29657217358404	70.2260255016325
391.89669839128	348.973125184703	-1.30179510426369	70.2974247742831
391.769546040444	349.441094658333	-1.31935070469415	70.5001561548406
392.0090082421	529.946680350988	-2.91632762715003	73.8575624566693
392.6372503514	346.035151789404	-1.32969070187314	70.9069150180229
392.528394342994	346.507204452696	-1.33828036882931	71.2164268205623
392.42289842187	346.980542075681	-1.33717567902329	71.1302304993004
392.309165292894	347.451736366884	-1.32577557530754	70.690290213574
392.497617563228	530.033436092277	-2.99346107610618	71.6903965925286
393.174351460648	344.045544823016	-1.30976081867186	70.3169259824219
393.050510170095	344.51332360509	-1.29767311252764	70.2116362250208
392.928665649505	344.98107616799	-1.29745429609478	70.212790602664
392.802257855572	345.447566808288	-1.30869272821281	70.3221727168835
393.005939291949	530.055132419305	3.0660755889942	68.4243111806791
393.664659104564	342.042757486327	-1.32237722560332	70.9614565077611
393.552911356791	342.513412598989	-1.33756108841775	71.2920223185322
393.448234046056	342.987029775955	-1.34098773238123	71.2471533208393
393.338677010188	343.459494963751	-1.33226383471178	70.8413071446269
393.472849412399	529.928957437386	2.7243816594563	65.5719012383447
394.226992157129	340.060963361295	-1.30501904934814	70.6814951018641
394.094702260174	340.526025516019	-1.28665847334041	70.5117449493119
393.967498114271	340.990989160225	-1.28276307921111	70.4571497945627
393.838184514148	341.455609924651	-1.29423535494281	70.5028067912682
394.045202564171	529.540835815155	2.35098870126973	66.2294465124622
393.819045223775	529.757990618742	2.51695219969836	64.8981606360508
394.727591643382	338.05945130431	-1.31321990879272	70.9809309678684
394.606897610399	338.527435207073	-1.32947864399007	71.4910652393567
394.498974086677	338.99973980442	-1.33631072635486	71.6668609952751
394.390930955305	339.472267961962	-1.3303771625773	71.3961354542477
394.269281432187	339.940133570735	-1.31160156436563	70.8174949885335
394.709471362415	527.543353221143	1.76032299745075	75.6863905054309
394.616755279156	528.027294515432	1.75316612121578	75.6446549553132
394.525419294972	528.507532650066	1.78498181987282	74.4333257000238
394.410096610714	528.963015876858	1.89999746487697	71.6888919147124
395.149730631015	336.540351928014	-1.30170039933721	70.6289853556282
395.024854450438	337.00675612588	-1.29171107055955	70.6044216137747
394.900641573514	337.472990234993	-1.29345227453806	70.6768362902162
394.769827644514	337.938101142351	-1.30764371660834	70.8310475152039
395.145895218714	525.530009060615	1.78815396935955	75.4225477624463
395.042644780222	526.008821309962	1.7959815311284	75.2456741205413
394.940909785909	526.487832994553	1.79327185141786	75.2194177645063
394.838611715708	526.96690629972	1.78150550962493	75.345898975069
395.653370094579	334.54038277662	-1.31828050416375	71.0007423904213
395.540227267084	335.010377739544	-1.33249983465419	71.3817748026311
395.433234275273	335.482856908065	-1.33438907019018	71.3730070876386
395.319678577203	335.953275336007	-1.32427556380766	71.0015255589364
395.696885847859	522.537714758054	1.75585140762526	75.9532795899231
395.609123082578	523.020597293766	1.74247763880004	76.4545173473871
395.529518727873	523.50553565583	1.73655220885124	76.739677553903
395.45180962633	523.990944963235	1.73862404419072	76.7294304291579
395.369850687396	524.475240935792	1.74900689418033	76.4189021151365
395.276752803877	524.956619341302	1.7663996114431	75.8893634678127
396.227859091158	332.564800151288	-1.29336273951981	70.6433245234519
396.09176549544	333.026278684233	-1.27840744011624	70.5130255519251
395.961898635784	333.489141729561	-1.27648515683179	70.4503373886463
395.829830663172	333.952424942533	-1.28954297379096	70.4814203391827
396.229309530611	520.04718167499	1.77209447887576	75.7954475067378
396.125110949699	520.52602567463	1.78621074062007	75.4342376884877
396.024024021598	521.005001332913	1.79250848727092	75.2388369590247
395.923626170754	521.484240295577	1.78960253805372	75.2422533030568
395.821820703722	521.963858308503	1.77710122715131	75.4113017749855
396.631650037431	331.036240436101	-1.31241805891327	71.0037342965587
396.515740575227	331.504326814233	-1.3187665298518	71.3522059802466
396.401625628033	331.972901767528	-1.31435858392847	71.2538937911348
396.275078801882	332.437604927372	-1.29931126395368	70.7817961056206
396.68801204692	517.53697146483	1.76294424306895	76.1614890522841
396.597724892751	518.018719172686	1.7487595544129	76.7483496585148
396.515871632453	518.503006218171	1.74249643162696	77.0898671190433
396.435713730595	518.98776823197	1.74427647102392	77.0448603502717
396.350703676541	519.471170913401	1.75345132780967	76.6074964603191
396.253999609929	519.951590257744	1.76836831410743	75.9363034006523
397.200109046751	329.055746771773	-1.29604800753988	70.3847750832874
397.068459944679	329.519225000898	-1.28348566438548	70.2913999514004
396.940882485078	329.983299829537	-1.28221506238962	70.2778800813733
396.809140419459	330.445938067295	-1.29224719250735	70.3791339930882
397.238678959414	515.049036152129	1.77523733569387	75.8752908711549
397.131268337382	515.527486019793	1.79165464329464	75.5755474990837
397.027196476908	516.005775094846	1.79953766323519	75.4042426280552
396.923673425653	516.483741311617	1.79737291611282	75.3950940711286
396.818119602457	516.961731341332	1.78507530630037	75.5521897118063
397.733113943759	327.065567573869	-1.29330946906158	70.4627903704645
397.604127709436	327.528648008899	-1.31181439831928	70.9292022644752
397.489355950516	327.997108419863	-1.31977064290584	71.1256222950562
397.374496533532	328.46600933351	-1.31570938699946	70.9191684209628
397.699368855913	512.539922382198	1.76554823992128	76.1304888254101
397.607696716755	513.020998997281	1.74961265434803	76.7274354448411
397.525457913169	513.504893713499	1.74246089843808	77.0630915848799
397.445320077622	513.989494624525	1.74440825019065	77.0273836804006
397.360430540544	514.472916400687	1.75459447107867	76.6377260575114
397.263714737058	514.953352219183	1.77112591212518	76.0334234230544
398.189450856702	325.555865076754	-1.27880989230733	70.540079185857
398.052708069216	326.015590941332	-1.26806441601891	70.4312588328659
397.919971374826	326.476518322863	-1.2706950088983	70.3608590756307
397.781460093217	326.937042119989	-1.2867791207196	70.3611668646187
398.151054841214	510.532839292341	1.79472677783578	75.6390444816988
398.044404093718	511.009755509073	1.80442389816551	75.4210750988722
397.93888391802	511.486638107709	1.80275115266399	75.3767629641522
397.832088084681	511.963931689056	1.78986876721242	75.529825069322
398.616654036692	324.033876381764	-1.29864911602625	71.0792919354007
398.496324682898	324.498945612481	-1.30544475221248	71.3165854027804
398.375963331403	324.964505924275	-1.3001877362103	71.0964588685789
398.737273663921	507.548497937449	1.77634528743762	75.857153764765
398.637891958584	508.02768561624	1.76036482889295	76.51177120417
398.55048769341	508.509996157407	1.75059159885529	76.9588200911304
398.467636411719	508.99362113713	1.74887354080708	77.0464862965292
398.382317326888	509.476576801929	1.7561503988348	76.754886029079
398.286941435414	509.956609673793	1.77194106347155	76.1873741031132
399.212140495529	322.061742218051	-1.28730213141425	70.5376508495537
399.074899273584	322.522297423455	-1.27106244766271	70.464416908537
398.942307323448	322.982558015209	-1.26730788486208	70.4482858873758
398.80458207303	323.440936095036	-1.27696646894525	70.5049991408107
399.190468533187	505.540645413271	1.78834450763409	75.5430665756799
399.083094258521	506.017841511533	1.80027634466381	75.3056980402692
398.978151690893	506.495294544116	1.80282184952364	75.2496374961864
398.872736788427	506.972644530122	1.79565524498833	75.3854522883016
398.763770380456	507.44971005583	1.78045293068195	75.6971967605309
399.633980805012	320.540163699671	-1.28746112276077	70.7942361250625
399.510694472247	321.003089968498	-1.30429843891372	71.1696201553192
399.39201422375	321.469463595952	-1.30671847917001	71.0812428813756
399.261286565651	321.932227800449	-1.29342191094093	70.6264848911542
399.6769857882	503.036504437179	1.76722668448189	76.3492994921037
399.585079796998	503.517310302822	1.75511875258645	76.8070807993061
399.500283508041	504.000057349262	1.75121519803709	76.9690376415187
399.415472052129	504.482889143922	1.75545786337108	76.7546991276251
399.323532572893	504.964074125834	1.76742464246773	76.2246419358903
400.121194383043	319.039209345526	-1.24743979740019	70.1505346908314
399.978740864534	319.493099144573	-1.24324627319389	70.1612771782598
399.83484439444	319.94708739032	-1.2551809391244	70.20642271917
400.239877889366	500.551042562544	1.78158638589818	75.9964903797943
400.129875425829	501.028136202078	1.79739916377026	75.7952444489439
400.023761152591	501.505202047163	1.80466806328236	75.6756840758423
399.918266119946	501.98210583933	1.80133311442855	75.6599166238251
399.810435715683	502.458903921785	1.78862024537061	75.7880550790069
400.732570373588	317.072471800392	-1.26602871573784	70.3463005508494
400.591518496873	317.528199453047	-1.27917710158628	70.758153482681
400.463593030713	317.988773484619	-1.28091677698095	70.8291966554907
400.3302058953	318.447034257568	-1.26995383626852	70.473025713217
400.721783423376	498.045758438455	1.77590946876281	75.920494399046
400.624238125166	498.525098265338	1.75902732114794	76.498635065808
400.537569644938	499.007515708242	1.75090349533702	76.8649619487236
400.453934097461	499.490767422975	1.75199440530581	76.9031612888375
400.366186889785	499.972874429517	1.76144522649851	76.6205282278995
400.266760357601	500.451875416194	1.77751350551184	76.1328990089122
401.221400417855	315.570885693441	-1.26432115620525	70.4239554625462
401.075387402195	316.024278159888	-1.25153687587255	70.3909697973676
400.936177629291	316.479505109589	-1.24977401357336	70.3472344140467
400.790597138261	316.933576333545	-1.26052376441642	70.2949807527305
401.186013534708	496.040654836242	1.79303263678991	75.6512895088078
401.076272412071	496.516912276083	1.80767499300867	75.4438105384493
400.968484881465	496.993008313096	1.81006365662454	75.3765497482081
400.859973187487	497.469343196486	1.79989312125985	75.4738416656536
401.686762240408	314.062125052881	-1.25252513655612	70.5910260864423
401.547490116312	314.515255547154	-1.27242518216885	71.0047699442606
401.418306865387	314.974281605545	-1.2786883009516	70.9787296599777
401.279696501625	315.430754939861	-1.26986265396446	70.5525090045741
401.683280664805	493.539111568148	1.77706083432837	76.2196085325465
401.587436279944	494.018212483816	1.76199687786122	76.7337869172087
401.500331749721	494.50006807099	1.75514603098217	76.9395589712997
401.414248729502	494.982471329615	1.75725859506256	76.7657455502356
401.321439558262	495.463141697838	1.76926316355518	76.2808550505204
402.216149074685	312.5762094375	-1.23023904914153	70.2375118834096
402.058970324211	313.020944799549	-1.22011151026546	70.3334970914372
401.909785666227	313.468231907527	-1.22380116681017	70.3662944993724
401.750771158116	313.914704446178	-1.24360664720536	70.3568695293671
402.157495927089	491.535776762654	1.80351422907087	75.6830120153787
402.046301631109	492.010710131196	1.81460465784616	75.4942555761183
401.936351286934	492.485275239444	1.81371499827671	75.4764510374559
401.824422331235	492.960030941491	1.80116956629524	75.6273467778107
402.732579205285	311.083917895974	-1.22344344815107	70.3823384920604
402.577258729133	311.52704732885	-1.24063248605202	70.7681451954957
402.436478416647	311.978059293034	-1.24531861438333	70.7573947705157
402.286331887975	312.425830442561	-1.23591890719853	70.3463709340681
402.659539236161	489.033092638966	1.77077117051276	76.5946922943255
402.567814040971	489.513749846288	1.75636817586006	77.042118075067
402.482789537991	489.996530574124	1.75288933232242	77.1352226816778
402.396071778606	490.478746945713	1.76065015191668	76.8423137930882
402.299200055389	490.95766819533	1.77804172124619	76.2623720922368
403.123789310162	310.047999343259	-1.19992830326103	70.4088353421457
402.967328238937	310.487574247105	-1.20177163964148	70.4972769401739
402.807646630073	310.929092973328	-1.21581505003562	70.3830583687706
403.249839786924	486.556079643901	1.79054300503607	75.6003203796756
403.133533166973	487.030494917876	1.80948902711527	75.438684631658
403.021544953955	487.504955829826	1.81852590776392	75.4540995696413
402.910431948071	487.979562056506	1.81434831068851	75.6089607332976
402.796832369477	488.454705009128	1.79765977469573	75.8817549978346
403.691873225864	308.579445834645	-1.18375245841557	70.1233096965426
403.52877456493	309.011503611233	-1.20182690125532	70.6019994593488
403.374633340784	309.450881516674	-1.20713736389513	70.5547174591681
403.650428004037	484.532696211424	1.77344653058308	76.4954507525703
403.557566180748	485.012239142031	1.76105443143753	76.7782306173867
403.470249269897	485.493724201932	1.7590327325931	76.7212391753381
403.380124741902	485.974499483853	1.76775816744492	76.3420968150898
403.278461392418	486.451859565044	1.78564946990578	75.7858121553189
404.136075523218	307.56543163548	-1.1313611814978	69.6483760356024
403.963172840389	307.983409690636	-1.15019356618963	70.0044264348097
403.786658596177	308.408763356702	-1.1726553009729	69.9643487277614
404.237920807628	482.052704289902	1.78858252808469	76.0953236696192
404.12427624343	482.528297739671	1.80699172993282	75.8725787336574
404.013876282022	483.003227408953	1.81640488980433	75.7702517228341
403.903234439465	483.477380880048	1.81346651752854	75.7987351497487
403.788976473077	483.951404352754	1.79799935663187	75.9333129406216
404.644252176985	306.597522071898	-0.999280808679241	67.9684209412471
404.452943221165	306.973005922541	-1.07843280286773	69.1562428985038
404.254605267273	307.375320026363	-1.11969469863675	69.2592649999143
404.646080343635	480.031956864937	1.78100609966559	76.6047789617708
404.550311975617	480.510776647849	1.76789034588596	77.0347667201703
404.460737543993	480.991721421475	1.7631837109234	77.0937840185286
404.369161737693	481.472465271058	1.76856087327637	76.7859683649036
404.266731748493	481.950091707601	1.78401544671774	76.2447091228271
405.07713364837	306.082898859819	-0.751038542331257	65.8951338218992
404.849013092968	306.372656706845	-0.894534850545101	66.9015019186516
405.247332806614	477.557214955359	1.79439007434747	75.8197204127116
405.130487561601	478.030464067688	1.81146018425471	75.5574113110698
405.017844854838	478.504180889054	1.82035959397404	75.4800214776153
404.905374368781	478.977866316887	1.81814962469158	75.5937547748869
404.789110792961	479.451152018905	1.80455069528478	75.8625222911859
405.61144321656	305.734604641292	-0.44468178966528	64.7328250611856
405.416673603927	305.865617204084	-0.55531598653839	64.7515296779887
405.6590999689	475.533928077619	1.77401608593615	76.367900273142
405.564305336047	476.013766322322	1.76561505905606	76.8222839469093
405.474491239162	476.494470867735	1.7660072602349	76.9213261049419
405.381790585115	476.974001461165	1.77417828639117	76.6110203184684
405.27775998783	477.450375482166	1.78971324615454	76.0170754144501
406.021835467973	305.592876096684	-0.237340039461039	65.3774936751811
406.133457601271	473.531788755029	1.81570579524321	75.695081965465
406.020431029931	474.004811180506	1.81939266843543	75.5265844774473
405.909398098604	474.479206665637	1.81160960976618	75.5227758473352
405.796681701589	474.954509099033	1.79520043983548	75.701366722046
406.500863375635	305.52197317226	-0.0424177843327857	66.760729159444
406.675816895699	471.038939823085	1.78398629214839	76.3482767774792
406.576885567195	471.51682803852	1.77186373951047	76.831113620117
406.484707443178	471.996642883093	1.77038363842639	76.9762344286646
406.390331019287	472.475558702337	1.77883811625645	76.7247153625735
406.284665150597	472.950980092385	1.79531265278598	76.1708882740665
406.996379665128	305.537694713712	0.094057888069897	68.1031073048719
407.171500594709	469.04149523467	1.81625236697761	75.8175329867595
407.053848598607	469.51320139699	1.82835411910242	75.6256558701254
406.938796989021	469.985169057828	1.82524550601081	75.5985353698547
406.822510891219	470.458126646849	1.80962625453658	75.7465377074629
407.482742563939	305.599246299808	0.166741623543626	68.6694319584343
407.70839359883	466.547074280811	1.79206262247106	76.5069328989828
407.605019836224	467.023091005341	1.77428269557052	77.0573173377052
407.512719099325	467.502751147807	1.7663654269649	77.2769659055232
407.421680795502	467.982956190481	1.77093118831433	77.0652803709703
407.322014697199	468.460122771862	1.78790904383191	76.4952400864577
407.959987721249	305.688549946624	0.206355945647936	68.5073401812789
408.204733202697	464.548382776381	1.80593784934517	76.0344820869436
408.087928469041	465.021018363739	1.82072251851429	75.8484499799435
407.974124477492	465.493778948756	1.82493393117494	75.8436006501967
407.859272609053	465.966343134755	1.81647899089421	75.996637994586
408.539499384903	305.833745139963	0.24047500575849	68.1015919621919
408.643710489855	462.533303141557	1.79213120807414	76.8304905455281
408.543248824111	463.009873399637	1.77987219104483	77.2292615310891
408.44844706787	463.488359733119	1.77658681980492	77.1896345553675
408.349851586679	463.966103795218	1.78413653526156	76.7432628985197
409.01236248416	305.948825184287	0.253852701263427	67.9914065137947
409.145923301768	460.534993140909	1.81734801715191	75.7799119109313
409.029837532997	461.007201495216	1.82744043601385	75.7264998997486
408.914413209036	461.479217063916	1.82703817507078	75.8427158757353
408.794704711114	461.950180218893	1.81484356297224	76.0913737749435
409.484965207108	306.062637990671	0.252667822684517	67.9993097138049
409.699456321978	458.046234143899	1.79376892724697	76.4073006318551
409.595177726046	458.521763787614	1.78007833908924	76.8924863273643
409.499794179867	458.999953053479	1.77615419204876	77.0383296828935
409.403972120157	459.477982021119	1.7815152886748	76.7833394665634
409.298664531452	459.953453076008	1.7952415288868	76.2401803072491
409.957878786698	306.178736866268	0.238250263603841	68.1212623924734
410.202127104299	456.049008069475	1.81278952495285	75.992148438701
410.083210440626	456.520447112496	1.82583465253596	75.8008164664747
409.968051435118	456.992133811979	1.827300777637	75.77653927846
409.85213060168	457.463928835249	1.81724307994142	75.9137313260357
410.53898907223	306.325489074345	0.213142302785503	68.6291772981976
410.64540012045	454.033352358965	1.78986247131593	76.7548742969746
410.545981919906	454.510306014907	1.77735111072518	77.1467385269261
410.451443112275	454.989116694223	1.7777379136147	77.1265145644691
410.351621743458	455.466128530041	1.78937178898733	76.6961476247367
411.016822277783	306.42388048947	0.20060383417774	68.9678200744514
411.163180606887	452.041758400945	1.83090402848653	75.816937660688
411.04046708545	452.510431306436	1.84191440058499	75.7514278764014
410.920143800618	452.979649699891	1.83756527590867	75.8310025779389
410.797124209959	453.44977324869	1.8189840918548	76.0425803261397
411.496524374289	306.515668085555	0.199225518709732	68.9561567131808
411.738035728478	449.556001777974	1.80313574947903	76.0913289271725
411.62671903231	450.029434727772	1.78712392808217	76.6566543133498
411.527775905798	450.506439083867	1.78099411794711	76.9544521874362
411.430571816833	450.983676877315	1.78671392780411	76.8415757973427
411.324599136682	451.457642106997	1.80351956679554	76.3612002697967
411.975073417689	306.610337504124	0.209201474167088	68.5643839959557
412.126534048506	448.031656221875	1.82681078841131	75.7689445182203
412.009111094571	448.502261995773	1.83100211567766	75.6800258326824
411.892785385621	448.973649495214	1.824261646029	75.7485510762918
411.772539969074	449.444786082776	1.80815421849363	75.9558875372687
412.449388626858	306.717890812232	0.228929892466106	67.9302800756029
412.560320112489	306.75103851772	0.23475910425896	67.7450851869068
412.705040306211	445.548667946835	1.80365671387636	76.4112987885102
412.596388748327	446.022676007009	1.78870945288577	76.9437548747759
412.49745521714	446.499399736392	1.78528194602342	77.100154479919
412.397433375658	446.975509458453	1.79253972780003	76.812634569667
412.285959734554	447.448189445235	1.80773036719316	76.2129690433294
413.031272479562	306.872945863196	0.253742912202732	67.4808510368346
413.227905222327	443.556851085584	1.81708649203975	75.8732314226886
413.103743748121	444.026081490233	1.83359179173375	75.7064098521956
412.984203173497	444.496028985163	1.83810462545151	75.7188470099383
412.864361698554	444.966190547642	1.82871527031521	75.8864250225607
413.502495020485	306.989842156494	0.259729679772176	67.4106628603957
413.68892445228	441.546362681601	1.80710051036162	76.4218422733903
413.580123192736	442.019335832773	1.79223498029474	76.902853500339
413.480449216194	442.495333633054	1.78732172841136	76.9805100257881
413.378958475393	442.971078170471	1.79416253341514	76.6232265426201
413.264332384814	443.442998185098	1.81159684501309	76.0127804255989
413.974555021361	307.105596638978	0.250795784712889	67.523034545266
414.215702803768	439.554056385607	1.82041226214111	75.8120101015506
414.09194244309	440.023332130206	1.83505258470213	75.707767257506
413.972403774377	440.492939942535	1.83884767433618	75.7369864960643
413.851442305761	440.961955712508	1.8304475523624	75.8867450246569
414.447590291635	307.223877811768	0.230049782168223	67.7874425264478
414.55476837525	307.256065590585	0.224155155059025	67.9325677510399
414.678636425552	437.54279721606	1.80381072710089	76.2074881724556
414.571798895617	438.016921516567	1.78936287114821	76.6629076266764
414.472595907683	438.493526172006	1.78777885670205	76.7466464151164
414.369969654371	438.96885159817	1.7974648132032	76.433615421548
414.252758761774	439.439689132305	1.81523219226415	75.8944918018806
415.030009493356	307.362960446941	0.204220965704083	68.5131879357444
415.213806589264	435.555603691213	1.82825626482769	75.788646391023
415.086669629403	436.022850061389	1.84429899462354	75.6196557567409
414.964127996405	436.490593847816	1.84593565776503	75.5824983304238
414.84039847868	436.95915789029	1.83229140155428	75.6758440977322
415.509429352882	307.456441860928	0.194921994764909	68.8563157266477
415.688811888206	433.546925009289	1.80932910653972	76.2337200907326
415.578622363886	434.0192168721	1.79548994657709	76.7108287733911
415.477080001236	434.49442100326	1.79283541854575	76.8256527978531
415.372776216379	434.968682848225	1.80239181241157	76.5033590899092
415.253424977814	435.437925584251	1.82218197756918	75.9003675477007
415.989923559852	307.546436379826	0.196874367649488	68.8331974498372
416.219425563976	431.555863495048	1.82123230735976	75.9382249600581
416.094723724762	432.024499312616	1.83659309622867	75.7757480661461
415.974492655746	432.493342490757	1.84105503587262	75.7258168747687
415.852843305888	432.961724123898	1.83265505498789	75.7853938649199
416.468703199454	307.641945367872	0.209396920125831	68.4619261309386
416.696592764712	429.549804781971	1.81781582036153	76.3211728696423
416.582957335641	430.02063699678	1.80179607757637	76.8107960816195
416.479501538468	430.494970353932	1.79543819669092	76.9223727611989
416.374874214797	430.969393654517	1.80041664026129	76.6159209549783
416.257452036053	431.440033496134	1.81603002350447	76.0515888261526
417.050381673854	307.785075525764	0.234945587739163	67.8279832615924
417.241697061745	427.562774098129	1.82306835411412	75.8840646928175
417.113156261524	428.029858129792	1.84081147644352	75.72975031909
416.990067144216	428.49735870961	1.84789401913429	75.7313231799245
416.866097609075	428.964510976661	1.84142030768189	75.8532068670882
417.523153456277	307.902880209838	0.250755511694861	67.6700595225133
417.723380024171	425.557188969539	1.82179930930241	76.1654225846728
417.605788352359	426.026610652664	1.80532669750784	76.6962559525369
417.500679559626	426.500168752784	1.79773516388123	76.8824079151821
417.396187252641	426.974222899632	1.80176489186794	76.6268417684906
417.280386365622	427.444664524417	1.81744819391257	76.06568685192
417.995983840467	308.016812487053	0.25381378807009	67.6666671097517
418.140264350967	424.037667243678	1.841807739962	75.7993737554283
418.015907945345	424.504264082796	1.84787330376741	75.7556211126378
417.892722300146	424.971401428371	1.84285107381779	75.8223344101787
417.763701741315	425.437725887055	1.82732917659036	75.9958934082989
418.469054698949	308.130939900032	0.244504827212158	67.8201125709662
418.64375078355	422.036519736448	1.81251712169611	76.3594037681054
418.534038658432	422.508625881617	1.8049183164397	76.7110161996781
418.427369763424	422.981391453272	1.8087810098723	76.6445395065572
418.311925771704	423.451082402412	1.82180809388702	76.2026541404228
418.94192832981	308.249846452563	0.226099839875246	68.0818701029984
419.049161502584	308.280910420351	0.221381231154452	68.2834943551868
419.188742579011	420.050176110045	1.83856421368344	75.6095226226649
419.060916634729	420.516370611089	1.85004828456384	75.5618002206462
418.93701122482	420.983073341846	1.8486782993866	75.6018955644048
418.809941384572	421.449514697158	1.83533413861031	75.7394180040334
419.525505429621	308.385719801035	0.207433580396488	68.7811743126389
419.690786777168	418.049648825761	1.82278933583247	75.879749022464
419.574930849208	418.519141755736	1.8089959468527	76.3083568004256
419.467804326057	418.991826734642	1.80658140161816	76.4107564842461
419.357085776405	419.463470688589	1.81591642109816	76.1228945703046
420.004331984395	308.480719791353	0.20361099874649	68.9644527230586
420.246686992432	416.066965917592	1.83164514597296	76.008189508586
420.114846570989	416.531397398999	1.84724734346905	75.7753888077677
419.989802209636	416.997209284429	1.85253897351524	75.6201469699513
419.863899459481	417.46303997982	1.84560427346059	75.5696767681492
420.482749184886	308.575572260452	0.20986198146342	68.7549984603063
420.626839006429	414.532781963156	1.81530787253878	76.5665092685993
420.516441068941	415.004272095597	1.80946874120337	76.9213836179958
420.407808158008	415.475876044226	1.81333278326611	76.777009751374
420.288643792459	415.94428017936	1.82637100196738	76.2237248521985
420.958099206033	308.679625510593	0.22545611104416	68.2407163892524
421.175198947391	412.547300087249	1.84231934982259	75.5997649726566
421.047409588813	413.012805410861	1.85217330523055	75.5043707205214
420.92253367437	413.479178616435	1.84985794633152	75.5757726534722
420.793586447702	413.944872624309	1.83613999570478	75.7961711082825
421.540686988313	308.834813877838	0.250183590900819	67.7173572393327
421.684453636599	410.549303470282	1.82612447221901	76.1588524585684
421.567939500292	411.017859109076	1.81242278974538	76.5884527777246
421.459670793274	411.48948946852	1.810195687645	76.6163238791033
421.346861370064	411.960049612872	1.8196317193528	76.2030581748944
422.011603410691	308.953146921434	0.259987058499368	67.610607877633
422.118047334446	409.033123356611	1.85583759130617	75.7442446065193
421.989829832404	409.497141906824	1.85999810296399	75.7133986065785
421.861358525725	409.961324528659	1.85083637907677	75.7475369990845
422.48299966974	309.069203334606	0.256856434874997	67.6589963418237
422.649423791245	407.040408654035	1.82905062398722	76.2765550788639
422.533140426053	407.508930208048	1.82031143679297	76.6149336764588
422.420653803334	407.978577372887	1.82260903565196	76.5181412676014
422.298499140676	408.44518713927	1.83542690975606	76.056080710476
422.954893344477	309.187426354024	0.241035074712867	67.8343643913474
423.219010523461	405.059896930632	1.83986420854261	75.700771568365
423.086316391163	405.523939743349	1.85675755900114	75.6074428771065
422.958536826412	405.988416445559	1.86079345432356	75.6242794179089
422.827773146945	406.451940084949	1.85128365762635	75.7285944614185
423.53715174732	309.335852082888	0.214938833788021	68.4216423172959
423.730933531119	403.062538098829	1.83710830894621	75.8386324563586
423.606761010663	403.52826865201	1.81804684774233	76.3914768055625
423.496504964837	403.999084736888	1.81045027237539	76.6090246309769
423.386413899992	404.470180834485	1.81616924353713	76.371881916648
423.262712258096	404.936827597979	1.83368007400012	75.8231918190069
424.01460266749	309.434433791705	0.202466510385028	68.7726020111026
424.173586763795	401.549818342788	1.85601329751193	75.6108467487157
424.040723709996	402.011719607292	1.86576207060291	75.5449749211749
423.911029998343	402.474646426915	1.86161328134575	75.5762664451846
423.776144620219	402.93753364153	1.8438205588684	75.6998390403508
424.494024473733	309.526932170093	0.200956673596642	68.7597089013164
424.70798793903	399.556685037579	1.83788563466371	75.8989555071335
424.584870374648	400.022962415347	1.82324127292158	76.428758535096
424.472017021316	400.492388830245	1.82161960032683	76.5382511717198
424.355068892147	400.960050632112	1.83203378835947	76.1768359293147
424.972493218381	309.622835308068	0.210578357293497	68.3875171996328
425.156221032793	398.045001598903	1.86135079398954	75.402635165586
425.022761742853	398.506571163394	1.86997933977271	75.3940553621046
424.8913592201	398.968964812902	1.86324707083807	75.4867706033562
424.753304760831	399.43076099798	1.84423401895145	75.6753211129447
425.446910142054	309.732148830208	0.229914906742534	67.8157907340859
425.555680371935	309.765105534482	0.235454148498494	67.6792074944506
425.695980655434	396.054795357553	1.83868287822857	75.8611121887524
425.573471084175	396.520248171135	1.82523032745863	76.2911049348643
425.459924778352	396.988993773608	1.8242291872234	76.3155614974181
425.340812443077	397.455897514895	1.83612375443126	75.901479415462
426.027506462809	309.885788158176	0.253363432582617	67.5000122605173
426.144244568075	394.541732707634	1.86028815591131	75.5463579869959
426.012213463154	395.003570481607	1.86857671473109	75.5103665878185
425.881002979526	395.465360633926	1.86247455426	75.5361425401725
426.499558257916	310.001831385422	0.258245407141408	67.4946437937975
426.685204779698	392.552539767943	1.84651821594713	75.8834254906641
426.561761124	393.017039433553	1.82806665529839	76.3543012889527
426.44783252211	393.485766018737	1.82383795164931	76.3811034331574
426.328044671722	393.95257980267	1.8351122039491	75.9724766130531
426.972221898308	310.117039747967	0.248040309286738	67.6422902732565
427.150937090131	391.045030576997	1.87045022926701	75.3365831753034
427.013880731431	391.504201582677	1.88155158494249	75.3584316137622
426.877689181999	391.963221439466	1.87532162214209	75.438459020948
427.445652594083	310.235154886994	0.226634449502202	67.9159625043145
427.551841055321	310.266535664377	0.220942331246623	68.0848223475187
427.698607045275	389.055773880812	1.84340349635937	75.6851797488302
427.574768801891	389.520546827386	1.82665529029773	76.133035858795
427.460619802985	389.989162689551	1.82563776306678	76.1741313608316
427.340492519764	390.455081490682	1.84044572007958	75.78649336441
428.028097329088	310.371391344717	0.202526334424218	68.6266596199317
428.158883958535	387.547611092815	1.86834670735239	75.3404081359217
428.022449648356	388.006780267332	1.87836727132835	75.3185208063932
427.887950068852	388.466615727718	1.87178826962626	75.3558892084492
428.507815267865	310.464283790367	0.195763804075157	68.8866491930766
428.715769066387	385.563111319807	1.85582314836635	75.6585950612656
428.586209780609	386.024565641997	1.83616257974618	76.1402573503275
428.469159330984	386.491301946693	1.83056829837842	76.2146068683114
428.348334258317	386.956735027238	1.8411707580585	75.8388051610045
428.987714451847	310.555267279208	0.200683317320181	68.7554698956597
429.190114381841	384.057780966429	1.87257905692718	75.2774704955134
429.048747751734	384.515042423456	1.88560845012775	75.3175576519676
428.911664769465	384.972821143022	1.88241626503154	75.3862155575749
428.767846121617	385.430139461883	1.86349105859787	75.4791226216234
429.464984229438	310.653651337417	0.21624063874514	68.2876646365474
429.625611979611	382.53639491982	1.84537004269114	75.78206534423
429.503807457502	383.001097073288	1.83927762377045	76.0154282876375
429.381943444441	383.4656800091	1.84687766988153	75.7921774247773
430.047842863903	310.803586640339	0.244904961063554	67.6480689031206
430.231230967399	380.569754666106	1.86316021890949	75.1914073904858
430.089070293849	381.027052640306	1.87698325655391	75.155185565527
429.954145897694	381.486079243427	1.87910684196247	75.181948752446
429.815671811583	381.944566296915	1.86782786194438	75.2373510997232
430.518934720611	310.924313395306	0.262484826249325	67.4912581039362
430.663961680757	379.048696206622	1.85604445348882	75.4822749634589
430.537061509574	379.510894270027	1.844136242402	75.9001922853026
430.41580293619	379.975295310802	1.84469359951532	75.8209122559096
430.283531499138	380.436043893101	1.85739456746257	75.3417454397435
430.988683728954	311.04346443928	0.270155035731406	67.4177302397144
431.141546969213	377.54391530654	1.88121452154832	74.8226807450076
431.002087142855	378.000649788691	1.88795050232774	74.8584198624362
430.86302137258	378.457583575008	1.88101835737934	74.9640413733427
431.452666754437	311.167790743667	0.275993873478359	67.2808338135439
431.730655858565	375.569804831477	1.86588382070861	74.9472898230825
431.59371925137	376.028181923888	1.85208414006792	75.450756945287
431.469867897852	376.490953832217	1.84957977817201	75.5752902994558
431.341739875339	376.952304901254	1.85883126857064	75.223873143337
432.047836987598	311.368243995006	0.322493780709484	66.9273128717018
432.209486972767	374.064607728179	1.87297696889985	74.8213280514056
432.066324526186	374.520592946671	1.88536180292089	74.8006449561876
431.928956631202	374.97794039513	1.88466095085771	74.8055451562829
431.785748067084	375.433829994037	1.87186927636293	74.8476932467075
432.486890493527	311.527106855525	0.426021864596664	66.2013945812791
432.654386246597	372.546809273172	1.86032273705806	75.222950574989
432.526219066739	373.007857804231	1.8496605018047	75.5469393278748
432.402157005673	373.470678980863	1.85250440003864	75.4069519485675
432.264548964166	373.928837936894	1.86698166925467	74.9067941637756
432.858959385457	311.713875726846	0.583212477505334	64.879813709658
433.074807966802	311.913860533556	0.718226099496659	64.4994408585889
433.140023681781	371.044752325565	1.88754550072192	74.7936113860148
432.998481924413	371.499513954073	1.89429193709721	74.8045183333633
432.857058814977	371.954764698782	1.88583528893593	74.8166706444877
433.337947906936	312.138955795061	0.870628348997874	64.1124565499791
433.541949568799	312.474383212624	1.03464901292814	64.5618936228015
433.745526034814	369.077763824735	1.88112594997051	74.9971665475048
433.602417069564	369.531808472993	1.86263281454069	75.4815115527184
433.475276614478	369.992391908099	1.85624158873714	75.5761604378108
433.344944770291	370.452053436174	1.86445595867094	75.2047621245469
433.829016166907	313.059765063321	1.23694809191903	65.50427922952
433.957558936408	313.51067888192	1.31934805568995	66.285772364117
434.060133363496	313.988502831907	1.3694198713909	66.7684297436174
434.14842375887	314.476663216372	1.40215342011945	67.0525785913931
434.22968885721	314.968102161549	1.4252136077959	67.2291741124155
434.248843425072	367.580600945792	1.88338825367739	74.7773965733463
434.09581817351	368.031510307927	1.89965307362942	74.8600342032825
433.95279419527	368.484472409879	1.90193745254033	74.9391213487147
433.805506742505	368.936997071924	1.8883047584715	74.9571945743311
434.312879405375	315.523562714826	1.44293640064825	67.5459566867424
434.374394801316	316.015348506176	1.45284608349202	67.7432847340221
434.430238718865	316.508432773891	1.45884038198652	67.8558338667038
434.483056942195	317.002049807418	1.46147511228563	67.8451073842442
434.535185764906	317.495702543668	1.46066686064129	67.6705811988701
434.589113502878	317.988920762006	1.4560944467907	67.3258274033461
434.647408857068	318.481236252079	1.44806690540494	66.8518690116965
434.712442759244	318.972338969211	1.4377453457772	66.3195379324471
434.70899037599	366.065078722611	1.87384507833183	74.7937144143801
434.571443180202	366.522098858011	1.86065744297972	75.2676374716245
434.443883820999	366.982497274262	1.86194307771859	75.3334388859755
434.307494115488	367.438786345186	1.87663586625508	74.9811128854678
434.798147378477	319.528032216376	1.42499089752527	65.772914366597
434.873551273742	320.017516239202	1.41600634907775	65.490978391524
434.948023954956	320.507160982894	1.41051015739686	65.2977422688777
435.022129399875	320.996956341015	1.40958354419292	65.1946966241302
435.096379193471	321.486723132739	1.41327503258494	65.1982435150034
435.171218904435	321.976452145857	1.42170901268352	65.3076891209859
435.246918273964	322.466378234317	1.43326804812827	65.5172648405069
435.208536910159	364.568603052566	1.89195104781334	74.422222571603
435.059430031145	365.019493290192	1.90120326624373	74.5004113270516
434.916993933443	365.47310168585	1.89720654795742	74.5641134040882
434.767196486942	365.925852974785	1.8805233548611	74.6142459757102
435.257818104326	322.531660037688	1.4349719986594	65.624391868136
435.325421152074	323.022415140934	1.4462844394361	66.0192620358334
435.385207061241	323.514544457875	1.45472053721314	66.3530103823562
435.440257081072	324.007532564542	1.45949619137268	66.5599543438261
435.493090154444	324.500873275767	1.46074620837746	66.6096334048728
435.545984913543	324.994154461064	1.45891448632145	66.4973489924369
435.601093583802	325.487074308965	1.4540703350725	66.236514061545
435.660583061281	325.97938087071	1.44639641614623	65.8543411041892
435.727009296387	326.470758971445	1.43645564276639	65.3922372181877
435.686762663628	363.060802707502	1.88301071014521	74.5659965849119
435.547497534966	363.515369869114	1.87272267120689	74.9692051415231
435.415561845277	363.972692090476	1.87423555066495	74.9217138852165
435.270790102021	364.425584790169	1.8865123798949	74.4853184218187
435.81308888319	327.02547861615	1.42427536388434	64.9072067617631
435.887677388297	327.515393228162	1.41602512247234	64.6263868380941
435.961234422158	328.005333227968	1.41217377490319	64.4348684803506
436.034264455057	328.495276987323	1.41275506302388	64.3679754910596
436.107189101514	328.985231770995	1.41750287886398	64.4157190020634
436.180598573683	329.47520454181	1.42534333430437	64.5527350072533
436.193277739062	361.563560676104	1.89109062428913	74.4004682073673
436.045493823954	362.015093346908	1.90245986107694	74.3725584972876
435.901864366987	362.467332448283	1.90170665869718	74.3517074468595
436.266077909171	330.030727846559	1.43669436275517	64.8484388597165
436.332790435796	330.521566542787	1.44646676408534	65.182068849096
436.392294104887	331.013537828439	1.4550054695938	65.4528199412237
436.446701031108	331.50651909682	1.46120393011504	65.6122163628163
436.498252168088	332.000209581735	1.46423211573888	65.6256638678556
436.549186178794	332.494143212157	1.46377545470023	65.4777386898554
436.601826562573	332.987801383642	1.4595049393327	65.1725712626399
436.658856369559	333.480642782644	1.45091981290589	64.7274890465632
436.723438731864	333.972030659945	1.43801806229995	64.1775208348133
436.669780264418	360.055126293762	1.88346232582514	74.8025702762359
436.532370305074	360.51039415422	1.87160201876984	75.1685305537096
436.400688960707	360.968233927022	1.871837251699	75.0016096234443
436.254456449067	361.420944361842	1.88494460872878	74.4466735290265
436.810177984995	334.526364740658	1.42031821764767	63.577768525044
436.887617749251	335.016081393658	1.40801877890647	63.2208831680382
436.965193807867	335.5050660784	1.40254440524724	63.008748922421
437.042258811946	335.993843684413	1.4047635368156	62.9668717567595
437.118451387032	336.48296377874	1.41293356031262	63.0855652341058
437.194089693306	336.972706667909	1.42504449091425	63.3112994846396
437.182047081936	358.560999200682	1.89881793236262	74.191683419488
437.032946104948	359.011098159632	1.9080827092182	74.3295611443802
436.887384563889	359.462147684733	1.90543040201134	74.4297257279873
437.279007425623	337.528704869803	1.44012081486201	63.7543228542014
437.342974756353	338.019734579254	1.45146530249144	64.174199230332
437.399871273703	338.512256500829	1.45959746726649	64.5213450254871
437.452586950413	339.005741213224	1.46365835761496	64.7407081313082
437.503726508979	339.499545703749	1.46358427812962	64.7954148886192
437.55571389047	339.993086402067	1.46016157681629	64.6799079311078
437.610640363921	340.486006256547	1.45418172330759	64.4133773799413
437.670412223161	340.978139574775	1.44617177916362	64.0255002509557
437.737423746553	341.469268438654	1.43624711692118	63.5592129311307
437.671551295589	357.057520383378	1.89019263492397	74.4070546679376
437.531198885788	357.510328832571	1.87997559090597	74.6991743840674
437.396055504522	357.965756842413	1.88119987857028	74.5740280756154
437.823386937316	342.024324776076	1.4237552954329	63.093208052365
437.897614607454	342.514237442742	1.41473127654815	62.808319089521
437.971630997812	343.003985124216	1.40985160534315	62.6097347831805
438.045897611247	343.493511280342	1.40990890153823	62.5341035670907
438.120527381245	343.983019552364	1.41532412272873	62.5829013754651
438.195608974204	344.4728717373	1.42501517192282	62.7450068473279
438.191771631584	355.565082516628	1.90415055878992	74.3315832924121
438.04017444193	356.013808466946	1.91340142697311	74.3738085742956
437.893267182316	356.463319084292	1.91009503686604	74.2882239523579
438.280905314095	345.028376742749	1.43868052524148	63.1236671928541
438.345831707196	345.519571678419	1.44906281915013	63.5019458140825
438.404163639419	346.01211977933	1.45595413921915	63.798152659037
438.458782890387	346.505262258068	1.45873397965113	63.9616042148527
438.512196131425	346.998431634145	1.45862470139106	63.9680920070796
438.566046851888	347.49160768869	1.45753107510882	63.808149062119
438.621494177124	347.985014197294	1.45556088668026	63.4839116317047
438.680338163232	348.478193481764	1.45044294753891	63.0238826112513
438.745469688732	348.9695364919	1.44126329286985	62.5137006140109
438.680763368524	354.051039846597	1.86699304815047	73.4107467739709
438.542374137466	354.513251873353	1.87627672169781	74.4231131810802
438.40810044905	354.970007421819	1.88447821022248	74.6738126737195
438.258270672616	355.419330003076	1.8983015389768	74.3364922517145
438.755004352896	349.032298599202	1.43996584120822	62.4088626424919
438.825913645847	349.524401834429	1.43237820971355	62.1892821593859
438.892840921749	350.016270360914	1.4350097669478	62.3434597011967
438.952947221355	350.507627283022	1.44843446854958	63.0497857503487
439.00384682206	350.999386160351	1.46849467463421	64.283587879329
439.042763951189	351.494504601696	1.50314448739303	65.7986262685462
439.060228853857	351.996358684366	1.57045210438907	67.3259068760626
439.038350047	352.501406523331	1.66721026681163	68.8264292580447
438.968537801332	352.995551277931	1.76371072222552	70.3746200727996
438.865365465371	353.469047514124	1.83272546117874	71.8622391052411
