380.248523978507	351.50195119887	-1.56204463436875	79.5125531159327
380.243300854455	352.00222639208	-1.56108415907853	79.4821171812635
380.237872544125	352.502087218518	-1.56165322605005	79.4747164326218
380.233258679018	353.001673538082	-1.56328982591194	79.4723528051285
380.229473032211	353.501296550461	-1.56477012831963	79.47048526903
380.226362931851	354.001183941937	-1.56517067901521	79.4595767523667
380.223077404705	354.501310550659	-1.56460020233651	79.4475850503134
380.219559259139	355.001448420895	-1.56401728006072	79.4318459721739
380.215847206915	355.501373933576	-1.56428014924539	79.4159740049885
380.212663870876	356.001087936314	-1.56535039472336	79.3862843804201
380.209982846652	356.500808771245	-1.56624789228849	79.3429461343741
380.207635527822	357.000746134284	-1.56604404189922	79.2810148613497
380.204773423277	357.500886858153	-1.56479179934512	79.2116616140295
380.201301589156	358.001036011003	-1.56354880655685	79.1336987688101
380.197345466366	358.501013737216	-1.56343995312933	79.059240655447
380.193827514512	359.000808192977	-1.56473827102582	78.9907952867967
380.191098750762	359.500556946651	-1.56662334354644	78.9404362418079
380.189356127358	360.000425508606	-1.56799088280282	78.8982000597315
380.187952579726	360.500478440204	-1.56826912240187	78.8591330180756
380.186532230423	361.000646448835	-1.56761569778165	78.8085954521124
380.184544975263	361.500796875381	-1.56649710075273	78.755091845993
380.182054854613	362.000864134257	-1.56531826047433	78.700416821899
380.178903151768	362.500887951161	-1.56425825414636	78.6522293887929
380.17536000415	363.000922066864	-1.5634019001945	78.5961571077376
380.171394514972	363.500930338007	-1.56293874504108	78.5352949660717
380.16750679056	364.000826221445	-1.56335672285494	78.4739681195417
380.164082024774	364.50058865323	-1.56499278832718	78.4319612247646
380.161815153925	365.000332366884	-1.56734625982333	78.4026999336854
380.160553082613	365.500219846848	-1.56905757343403	78.3812597751956
380.159844066286	366.000288624838	-1.56925843178675	78.3531938337324
380.158837157803	366.500397837405	-1.56846516472024	78.3275615835108
380.157484300821	367.000415407234	-1.567734018285	78.3012607861243
380.155807016537	367.500376802809	-1.56741110593841	78.2726261165052
380.154123898225	368.000389395734	-1.5672292362273	78.2183901403628
380.152301953676	368.500457072982	-1.5670985010771	78.1407136280108
380.150580958447	369.00048508943	-1.56737870629462	78.0536045053517
380.149068075992	369.500398112278	-1.56833449720436	77.9944689954042
380.148196313357	370.00021815477	-1.56968712193783	77.970754411735
380.147830972542	370.500045156052	-1.5705950377155	77.9750604535867
380.147710147722	370.999991357994	-1.57023229404132	77.9706202280358
380.147018365396	371.500093950406	-1.56854837626546	77.9406831470776
380.145473798476	372.000263064628	-1.56660244469769	77.8767160531611
380.143163659362	372.500334242755	-1.56586141972533	77.8026724752486
380.141016717602	373.000221781449	-1.56689526809631	77.7368625438042
380.139565282915	373.500001073285	-1.56878946502591	77.708356402186
380.139004588413	373.999837957267	-1.57016569029058	77.721287247647
380.138729178835	374.499847814809	-1.57040353833731	77.7738768453158
380.138393016252	375.000010006786	-1.56984349372096	77.8325436941274
380.13766146334	375.500192647077	-1.56918281142987	77.8727568176757
380.136772027816	376.000273793085	-1.56887919796576	77.8718870120337
380.135776230461	376.500239896352	-1.56890155786237	77.8453154779633
380.134889968844	377.000176866273	-1.56890834702167	77.8074846718244
380.133884593131	377.500168397827	-1.56860793861638	77.7740008968179
380.132742067909	378.00020819584	-1.56806710610156	77.7237109633803
380.131296145351	378.500222124126	-1.56763913400205	77.6432319369682
380.129812679462	379.000193253103	-1.56757236046093	77.5281390490442
380.128307428646	379.500190896035	-1.56777291884826	77.4177622482022
380.126982156084	380.000241864213	-1.56814420519161	77.3445360860551
380.125764572513	380.500264601298	-1.5686346882163	77.3262843954377
380.124820942675	381.000213037518	-1.56900558302181	77.3309500356564
380.123880132493	381.500171532051	-1.56874005889746	77.3334960018016
380.122704097701	382.000219689989	-1.56768801682956	77.3193143886245
380.120905893157	382.500300654872	-1.56650499574852	77.3084793918891
380.118740394796	383.000330926694	-1.566006688837	77.3045887049226
380.116472620651	383.500330291491	-1.56632348292274	77.3094845122719
380.114520111271	384.000352111095	-1.56702890845509	77.3032805942899
380.112852765896	384.500370757903	-1.56777348267597	77.2863795798816
380.111603707464	385.000325934635	-1.56863495294387	77.2606741783009
380.110777787424	385.500199945475	-1.56991019393891	77.2536374763407
380.110737145862	386.000005008938	-1.57175171861127	77.2771447730532
380.111585898772	386.499763212952	-1.57374934741707	77.3392589088866
380.113292369979	386.999567862294	-1.57483409088304	77.4102096823015
380.115069928388	387.49957050918	-1.57407405210094	77.4610073875644
380.116207668163	387.999793636639	-1.5720307489239	77.4617276589509
380.116422240786	388.500030436413	-1.57075404006445	77.4288126972978
380.116540618308	389.00007278697	-1.57139500211927	77.3879790668308
380.117153504132	389.49995190818	-1.57276736144182	77.3696766102334
380.118266921697	389.999856969059	-1.57302413938204	77.3641010723228
380.119079177853	390.499893963854	-1.57186817251773	77.3662108807881
380.119286040803	390.999983654296	-1.57051305532448	77.370910238769
380.118973458726	391.499976888149	-1.57009328924322	77.3943373007333
380.118791826547	391.999845428075	-1.57074099931313	77.4300875660214
380.119013827176	392.499712264028	-1.57188888482358	77.4770155711704
380.119847585841	392.999689377697	-1.57299207228907	77.5195321702056
380.121089114868	393.499751173015	-1.5738481025755	77.5533948093631
380.122711365258	393.999814483101	-1.57425668193474	77.5577220888362
380.124296491998	394.499867136404	-1.57384527119357	77.5346751964478
380.125519392791	394.999946229611	-1.5725333486922	77.4904033213912
380.125942893803	395.500036557857	-1.5709759004274	77.4494132949569
380.125817919021	396.000064734022	-1.57010977910991	77.4106700977165
380.125509730662	396.499976849802	-1.57040968563716	77.3765649923155
380.125679838812	396.999792234026	-1.57168023783346	77.3392204328968
380.126519806704	397.4995818957	-1.57335345780697	77.3133280947836
380.12820092473	397.999413694875	-1.57486904759826	77.3042862501859
380.130418202374	398.499321150802	-1.57582338983975	77.3271800346978
380.132963158791	398.999319663481	-1.57592735797865	77.3717766218033
380.135259773293	399.499415839641	-1.57509830877737	77.4261397011303
380.137043708886	399.999569221344	-1.57366069532256	77.4602052859537
380.138066590537	400.499678726842	-1.57243049164199	77.473210997484
380.13878200853	400.999658514061	-1.57219818807483	77.4745203026877
380.139611854644	401.499528982856	-1.57307730521694	77.4923807837084
380.141077844666	401.999412521447	-1.5742648519918	77.525241385858
380.142907919956	402.499429518943	-1.57465455595441	77.5674382133323
380.144728701249	402.999576359907	-1.57396710250575	77.5973981265467
380.14605786339	403.499713323817	-1.57315434790164	77.6139086936278
380.147258432129	403.999714033487	-1.57325533610434	77.6078585856664
380.148679233301	404.4995977722	-1.5742254822887	77.5850274277483
380.150686862836	404.99947930859	-1.57512046289956	77.5434549190917
380.15288355106	405.499428110494	-1.57522587062959	77.5074514907213
380.155022225514	405.999408603014	-1.57472767507957	77.4960179262526
380.15681604184	406.499346438389	-1.5743748417294	77.5272745315909
380.158622452624	406.99924329782	-1.57452118699288	77.5793760075721
380.160476376534	407.499196326912	-1.57475295019276	77.6306221514414
380.162458016269	407.999277985394	-1.574566933933	77.6560326732832
380.1642205828	408.499437098029	-1.57413228787111	77.6586533661671
380.165926260936	408.999558429761	-1.57393729099421	77.6342414588665
380.167578706755	409.499580427388	-1.57413224976956	77.5910385751439
380.169475220866	409.999511883957	-1.57447956922749	77.527885561151
380.171458332892	410.499375824951	-1.57479050224002	77.4649785275294
380.173689773697	410.999190952186	-1.57512819655635	77.4148902020208
380.176043288724	411.499003591339	-1.57561287872003	77.3968851958083
380.178737637822	411.998905721384	-1.57609937648671	77.4047372628342
380.18149929437	412.498976117745	-1.57625493754299	77.4352774664697
380.184303886074	412.999169510596	-1.57599172770862	77.4662554357711
380.186855586701	413.499317718175	-1.57569099238451	77.4801549094669
380.189446587234	413.999305150487	-1.57569481840767	77.4498225238087
380.192027093191	414.49919323365	-1.57585315718744	77.3884280086602
380.194752025361	414.99909948017	-1.57582839265172	77.3319389836133
380.197292899349	415.499019159239	-1.5756721152797	77.3323479371823
380.199876700785	415.998849276509	-1.57578027164325	77.3930167324825
380.202561571447	416.498562111794	-1.57642013092187	77.4863693675224
380.205784274247	416.998293714686	-1.57715718429833	77.5594237249062
380.209187566377	417.498233890295	-1.57721606573105	77.5933919030441
380.212548536013	417.998397946611	-1.57659176745736	77.5912753587549
380.215511499656	418.498575410126	-1.57626233156409	77.5825832047355
380.218644582452	418.998583361605	-1.57674311207584	77.5729835323105
380.222015787047	419.498490724911	-1.57725987198737	77.5605517482073
380.22558038851	419.998479303052	-1.57686066808479	77.5263464193734
380.22860636543	420.498594846448	-1.57577821877305	77.4747606265652
380.231190913215	420.998730417231	-1.57496118927138	77.4131746890462
380.233413338839	421.498769850826	-1.57492953140523	77.3615241291558
380.235956038491	421.998644882155	-1.57567466937539	77.3198178241249
380.238986213285	422.498340753669	-1.57707117346914	77.2959432734021
380.243030694028	422.99794678974	-1.5787188216886	77.2899089870743
380.247797231469	423.497651230474	-1.57986316082699	77.3091069249295
380.74061191175	300.504567493081	-1.550293784481	80.0076803165673
380.729824741308	301.004276076878	-1.5511043465612	80.1202214540225
380.719643277011	301.503986859536	-1.55194937491365	80.2577113430643
380.709949137761	302.003691742163	-1.55307808491451	80.3948760351429
380.701083926019	302.503427160096	-1.55442138800231	80.5123555045403
380.692851792073	303.003238651307	-1.55555501068137	80.6055834296802
380.685168772857	303.503128519943	-1.55602943525956	80.6848053183257
380.677507692759	304.003011373824	-1.55594040301369	80.7608139412261
380.669884285446	304.502787238936	-1.55590585569068	80.8476273023789
380.662312654621	305.00245845021	-1.55640071584619	80.9565416556286
380.655173329663	305.502161624679	-1.55716533019374	81.0874260969597
380.648305084236	306.002026631467	-1.55753060273543	81.2190926018647
380.641536009562	306.502051488518	-1.55713900623973	81.325700846354
380.634435130255	307.002106667989	-1.5563566721752	81.3933460662291
380.627114809582	307.502063037724	-1.55593349808309	81.4272136547873
380.619777519992	308.001899479348	-1.55635468027228	81.4433802355123
380.612902296562	308.501704689158	-1.55740782436119	81.4642745656162
380.606506835727	309.001567373882	-1.5583722654103	81.5096886766469
380.600441419216	309.501502823548	-1.5585790372227	81.5886211328231
380.594201301048	310.001462655276	-1.55798203296809	81.6940627662433
380.587626140553	310.50139372318	-1.55721804121559	81.810981820807
380.580778006921	311.00127030144	-1.55706320203798	81.9244457986143
380.574132784368	311.501107585928	-1.55777482844267	82.0227319259221
380.567977289698	312.00094865094	-1.55893061400493	82.0959382942559
380.562409788255	312.50083508731	-1.55980049322793	82.1386502704822
380.557109117648	313.000766911375	-1.55998394822878	82.1512546121947
380.551809311109	313.500705264544	-1.55970783319801	82.1382621633541
380.546355163285	314.000615879411	-1.55951030339093	82.107324262868
380.540911713002	314.500505415555	-1.55972950675368	82.0733435299024
380.535654004138	315.000405400893	-1.56034389197707	82.0583478317522
380.530758617291	315.50033794396	-1.56110862314907	82.0805438741393
380.52619718112	316.00029741542	-1.56171123691698	82.1399654868845
380.521850073556	316.500261832367	-1.56192643094861	82.2146623189744
380.517498734692	317.000214628123	-1.56176460781533	82.2732742979809
380.513012761963	317.500156489161	-1.56138898340654	82.2953271394648
380.508301957139	318.000096543174	-1.56088111169842	82.2815220327316
380.503318342872	318.500038294534	-1.56026030828364	82.2461333161155
380.498057205954	318.99997705109	-1.55977700019533	82.2049854816605
380.492698798451	319.499912430974	-1.55989066665735	82.170785480909
380.487580749862	319.999855021713	-1.5607054820388	82.1518812095787
380.482916091263	320.499812045556	-1.56166046410411	82.1481338225878
380.478609497705	320.999773573688	-1.56207118511163	82.1514010955688
380.474326918869	321.499722397157	-1.56183239223583	82.1540642268201
380.469868048992	321.999658456759	-1.56141925851032	82.1535211950219
380.465249548875	322.499605508965	-1.56131271489377	82.1447199939478
380.46067377448	322.999580528074	-1.56151155202973	82.1166711019539
380.456159275724	323.499556366076	-1.56153715529009	82.0641975919743
380.451543705928	323.999484520435	-1.56099437055183	81.9997424869224
380.446540575761	324.499358542711	-1.56013505971291	81.9472670336277
380.441225239558	324.99924184468	-1.55977153265301	81.9225197093433
380.435970940372	325.49921414948	-1.56052481288302	81.9203579802275
380.431317003467	325.999273292658	-1.56197795817333	81.9205558715197
380.427242144647	326.499312497237	-1.56285134218022	81.9051110590169
380.423308256384	326.999252241646	-1.56251652677065	81.8693466926124
380.419020015332	327.499146241783	-1.56183065966235	81.8193416513041
380.414575437881	327.999102901157	-1.56195241087985	81.7616939669905
380.410361877983	328.499141691533	-1.56294531109105	81.7017081514526
380.406708401165	328.999194325493	-1.56403857552373	81.6463350053463
380.403431114361	329.499203186728	-1.5645883009904	81.6056039245374
380.400292328558	329.999153987441	-1.56432395622611	81.58528954841
380.396821578261	330.499057044865	-1.56332189009331	81.5788365724666
380.392889656882	330.998975664814	-1.56235612383354	81.5669471255976
380.388689405009	331.499015552187	-1.56259280727979	81.5329664381726
380.384983592082	331.999192465602	-1.56413652285978	81.4764629799876
380.381996363572	332.499343541037	-1.56545527028065	81.4137736997138
380.379328542721	332.999287753881	-1.56508429632328	81.3627242514315
380.376035137029	333.499023655429	-1.56327414536714	81.3320143385448
380.371833164755	333.998696675117	-1.56143121387703	81.3175279457834
380.366859408103	334.498448788857	-1.56056554713886	81.3109574054751
380.361756246941	334.998359912138	-1.56079950375899	81.304577110602
380.356882609883	335.498460150056	-1.56179395663963	81.2913512359609
380.352647031722	335.998722996002	-1.56308730497478	81.2591277419296
380.348951106789	336.499031672864	-1.56410810707455	81.1967713829454
380.34566195732	336.999214345147	-1.5643456722551	81.1027917938599
380.342209862069	337.499161593897	-1.56373476206912	80.9950976527947
380.338434168075	337.998945532349	-1.56288523870298	80.9001722199626
380.334287724472	338.498781622404	-1.56263912743028	80.8349116259621
380.330326401852	338.998808302146	-1.56330331750614	80.7920263945131
380.326738235033	339.498942649068	-1.5643453027603	80.7530806097446
380.323673513252	339.999034956483	-1.56509762891899	80.7018068187036
380.320770687195	340.499065263306	-1.56544419730399	80.6339320214168
380.318042266346	340.999080986157	-1.56555470626158	80.5522512071517
380.31520346797	341.499045873286	-1.56529920838359	80.4685338946686
380.312178310173	341.998887237839	-1.56443694481866	80.3948577866556
380.308507166272	342.498638880267	-1.56315796387406	80.3370685222949
380.304319541877	342.998445595327	-1.56223071863155	80.285672419377
380.299813199295	343.498426876725	-1.56239806996145	80.2292081444383
380.295753732754	343.998561336502	-1.56357922355543	80.1640649935731
380.292252327626	344.498707379368	-1.56477848370688	80.1018613721091
380.289260292854	344.998761256827	-1.56509863397507	80.0536007495904
380.286093452023	345.498751334544	-1.56455300083293	80.0212397505899
380.282661964243	345.998753879263	-1.56382465942161	79.9918617633684
380.278827134843	346.498788282169	-1.56349816258411	79.9553457902762
380.275072945846	346.998849519927	-1.56379760194732	79.9076368990865
380.271504060216	347.498939410671	-1.56462322059177	79.8524876569807
380.268529301664	347.998988986844	-1.56559597964352	79.793885358719
380.265878251102	348.498879759664	-1.56621887360387	79.7484769912391
380.263538498868	348.998671760054	-1.56636900721402	79.7330342804774
380.261103879819	349.498635274007	-1.56633168700905	79.7453230170487
380.258750643307	349.998860577685	-1.56621684725708	79.7506822358025
380.256088458781	350.499019058136	-1.56552521938639	79.7212029722476
380.25291477223	350.998758494731	-1.56392445401658	79.660631106831
380.252980472431	424.002258108777	-1.57997593903173	77.4344599392976
380.257695337036	424.502136185592	-1.57927340867376	77.4628264467304
380.262023527728	425.001982528821	-1.57825507621357	77.4623543785533
380.265667956988	425.501796424096	-1.57724379595057	77.4386288831852
380.268956021594	426.001660701371	-1.57661939007717	77.4077016465619
380.272024718518	426.501763001941	-1.57689865512988	77.3830420396786
380.275584429044	427.002084372958	-1.57796369195928	77.3604382391767
380.279586043815	427.502301481625	-1.57882026552845	77.336639841825
380.283899806262	428.002174554771	-1.57879667758172	77.3201135687228
380.287969434596	428.501877163585	-1.57845258469122	77.3340210128129
380.292068058981	429.001731497334	-1.57859427029473	77.3898703185864
380.296271718666	429.501813187136	-1.57911759052723	77.4761824020418
380.300753603841	430.001917178269	-1.57921171602556	77.5597346483369
380.304952414783	430.501848815931	-1.57847087634865	77.6145809720362
380.308708435272	431.001624582051	-1.57738498765696	77.636019996763
380.31189629278	431.501421842593	-1.5767836521955	77.6397112753385
380.315029795405	432.001338912593	-1.57685654104941	77.6398863110219
380.318164065004	432.501309672328	-1.57704908272155	77.6437417169614
380.321396578115	433.001264274982	-1.57696176529381	77.6494469936649
380.324491390207	433.501269551229	-1.57696393935622	77.6550482124315
380.327791164929	434.001398143749	-1.57752320006356	77.6571942757958
380.331403417111	434.501596482209	-1.57844876340892	77.6541239636569
380.335526781577	435.001758030515	-1.57921037325373	77.6421481151504
380.339875959822	435.501860013767	-1.57966016504545	77.6209308027102
380.34448581495	436.00192052909	-1.57997792762626	77.5928858003008
380.349167203295	436.50191457588	-1.58016882216771	77.5655691247352
380.353906946747	437.001783740163	-1.57991485622074	77.5450297522032
380.358270760173	437.501540648188	-1.57901813853116	77.5335209911841
380.362130566919	438.001299308344	-1.57790028536939	77.5260021606712
380.365473116922	438.501196554514	-1.57743375500023	77.5176714524728
380.368884645399	439.001241850715	-1.57797977523974	77.5104631071554
380.372653332795	439.501307484189	-1.57894252098645	77.5172842841033
380.376909701203	440.001290869955	-1.5795751653923	77.5491150982882
380.38133758153	440.501237894011	-1.57981445892921	77.6004300033203
380.385912743633	441.00123779861	-1.57998475674572	77.6455696323293
380.390515913984	441.501294472509	-1.58014173378739	77.6602036270709
380.395181606817	442.001335387947	-1.58009817692103	77.6403521403297
380.399726868213	442.50131562399	-1.57993846392637	77.6029073079276
380.404280101665	443.001257184766	-1.58005764211906	77.5693396727372
380.408978055062	443.501215629644	-1.58069635564236	77.5539110159673
380.414105678128	444.001205258683	-1.58155648460875	77.5554563770814
380.41952772199	444.501186431901	-1.58195770125831	77.5553790661793
380.424938739107	445.001113555466	-1.58142999381919	77.5249308451512
380.429831780712	445.500989274467	-1.58016343174961	77.4465062590413
380.43406405123	446.000852322841	-1.57881384731093	77.3299880363324
380.437714500724	446.500747612452	-1.57798912520149	77.2097556776985
380.441196695503	447.000694947282	-1.57796555457618	77.1238887474503
380.444849957605	447.50068015116	-1.57864414927298	77.0930043704266
380.448949107737	448.000662675949	-1.57956925487138	77.110218407006
380.45341089074	448.500616268654	-1.58022317853622	77.1477881765134
380.458099157273	449.000555076599	-1.58057491411925	77.174418829425
380.462934173997	449.500508992797	-1.58104019345389	77.1719825373917
380.468039893825	450.000470175729	-1.58159532696067	77.1395622181158
380.473286927475	450.50040785509	-1.58157588442236	77.0840438965556
380.478348897951	451.000324119342	-1.58083992910258	77.0093418606876
380.48305968944	451.50024922898	-1.58031386563411	76.9154304612793
380.487734171812	452.000187069676	-1.58064567386875	76.8052174725643
380.492659060361	452.500117142563	-1.58119147363869	76.691042125896
380.497736873688	453.000036147141	-1.5811945359792	76.5928878419651
380.502747883087	453.499957057752	-1.58101564643892	76.5266421838785
380.507776102801	453.999878247142	-1.58133657051641	76.490902203683
380.513057056821	454.499791173976	-1.58200634607045	76.4644995398888
380.518615490096	454.999696796222	-1.58247693599963	76.4190459020904
380.524361577764	455.499589786384	-1.58277533798535	76.3372309806501
380.530301004667	455.999453650431	-1.58330093180864	76.222935290053
380.536594653184	456.499286804222	-1.58412687355229	76.095132717521
380.543300363911	456.999112574164	-1.58503790847112	75.971341675864
380.550445527745	457.498949029952	-1.58585059538434	75.8541144527981
380.557913274917	457.998802851306	-1.58633014733724	75.7318095230733
380.565528020248	458.498686637593	-1.58613068182516	75.5934230870802
380.572881654055	458.99861934605	-1.58517637050465	75.4410846813034
380.579747573491	459.498584748781	-1.58394771655617	75.2864766954016
380.58606875106	459.998526756062	-1.58308765707979	75.1350037970682
380.59217870718	460.498383584066	-1.58292007816388	74.9767961088356
380.598361426657	460.998138901279	-1.58347784142968	74.7933491604518
380.605052975573	461.497824538175	-1.58472647518557	74.576126140385
380.612467937808	461.99749682597	-1.58646938981835	74.3351490473663
380.620821264126	462.497193605331	-1.58819194755645	74.0907200601285
380.629846439522	462.996934549406	-1.58924966194817	73.856381260716
380.639247538423	463.496715342714	-1.58936783259692	73.6351982976009
380.648514614695	463.9965155543	-1.58885876452116	73.4245339943842
380.657623803167	464.496292708641	-1.58838306779059	73.2236477851719
380.666588867965	464.996024884701	-1.588412313332	73.0289471278803
380.675840518161	465.495703112887	-1.58903921546976	72.8302337645329
380.685526592471	465.995302203937	-1.59020994516805	72.6110520167612
380.696104382062	466.494761683016	-1.5919393831657	72.3651562188518
380.707664774246	466.994113103841	-1.59397868860028	72.1002099607667
380.720409152399	467.493534349591	-1.5956422299946	71.8317737146239
380.733767269475	467.993235902722	-1.59614406125015	71.5672724801734
380.747268130652	468.4932284554	-1.59528512988867	71.3103262715715
381.236414113975	283.508044016592	-1.53773787449007	79.3120767490978
381.218275349292	284.007229013401	-1.53754158461962	79.2399365799605
381.200272031602	284.506547849919	-1.53700517377583	79.1661852686495
381.182500036512	285.005972572149	-1.53658134483317	79.08585938949
381.16498590218	285.505354501338	-1.53695388619487	79.0061882283955
381.148308047223	286.00467711474	-1.5380825279203	78.9176317819358
381.132286288967	286.504071681192	-1.53856866005626	78.8305219453233
381.116356661389	287.003607503799	-1.53733218107522	78.7528017399069
381.099603277657	287.503161349518	-1.53495340917769	78.7018015147647
381.082097493306	288.002599655305	-1.53350496302004	78.6640988166867
381.064583626762	288.501948516767	-1.53435115918876	78.6346400870238
381.048105759483	289.001353533404	-1.5368896570321	78.6042873592786
381.032810235482	289.500892535022	-1.53884296933442	78.5870247720097
381.018021436601	290.000506435388	-1.5388493184267	78.5820318422706
381.002880670664	290.500085964514	-1.53765188374496	78.6014871860172
380.987287474793	290.999609627306	-1.53717467468259	78.63960825713
380.971803929428	291.499155966218	-1.53813664571093	78.6961178295825
380.956906934297	291.998782150187	-1.53966016812052	78.747732105134
380.942516856846	292.498448723337	-1.54025646533722	78.7914914760251
380.928059365664	292.998093462767	-1.53985598886146	78.8264104721034
380.913398489879	293.497746744421	-1.53978305614947	78.8757056060682
380.898888873743	293.997480974039	-1.54112390795418	78.9437293102949
380.885177333699	294.497280564328	-1.54323110493386	79.0404287529501
380.872239917261	294.997055625127	-1.54499730606543	79.1538092597058
380.859921629434	295.496800200814	-1.54613966759279	79.2766181070599
380.847873923639	295.996575932444	-1.54707847625247	79.3811258381636
380.83615788935	296.496392958676	-1.54781747727649	79.4601358389325
380.824471912399	296.99618895529	-1.5481709998069	79.5119724654303
380.812805909944	297.495948106771	-1.54819400745136	79.5622646908113
380.800890507523	297.995710970939	-1.54818625399772	79.6198064961279
380.7889146512	298.49551943639	-1.54821123854782	79.6888440913465
380.776666511292	298.995361854617	-1.54833108736964	79.7482577094304
380.764429376262	299.49521074677	-1.54869351641741	79.7947976590352
380.752142777965	299.995025786919	-1.54941750150295	79.8326791831138
380.760819431639	469.006924445929	-1.59359651513577	70.9949446844913
380.773052867075	469.506343039344	-1.59222963427668	70.7714082082543
380.784507678361	470.006096066624	-1.5920495496132	70.5343427666677
380.796235850926	470.506161539839	-1.59359013321397	70.2817913227953
380.809000724029	471.006459350477	-1.5970859487475	70.0092706462745
380.823953717501	471.50678180471	-1.60236669957552	69.7299851039333
380.841399131317	472.006802727155	-1.60803664922864	69.4461411667129
380.860993545043	472.506274619278	-1.61186838658695	69.1665269280363
380.881234701335	473.005312284147	-1.61264900745862	68.8841381812836
380.901063051624	473.504267910573	-1.61165227797488	68.6038595700197
380.920150963931	474.003377744238	-1.61099942674244	68.3223826961997
380.93911784848	474.502602592609	-1.6115644135979	68.0564629767516
380.958330451824	475.001810689095	-1.61242842450161	67.8142878426923
380.977720346032	475.500964259109	-1.61250145001004	67.6082846137356
380.996823292814	476.000133861128	-1.61157789983889	67.4228898242473
381.015453106065	476.499366741987	-1.61062712664222	67.2477648806713
381.033889214896	476.998623372614	-1.61047097591511	67.0670573116683
381.052571990363	477.497845254453	-1.61112839604805	66.8934759677119
381.071804203535	477.997024217963	-1.61190539776983	66.7398764879476
381.091497634815	478.496194410913	-1.61238522902301	66.6314829322848
381.111572589299	478.995390861884	-1.61233765600803	66.5661471281029
381.131741791379	479.49465171573	-1.61182250639584	66.53435770005
381.152000379196	479.993968411503	-1.61103619882071	66.5115155391833
381.172266558191	480.493242165152	-1.61060455077069	66.5064023816107
381.193014082641	480.992299698476	-1.61085307404933	66.5381904940978
381.214450327102	481.49105119501	-1.6116283496243	66.6259840973483
381.237037093028	481.989591865151	-1.61230472941661	66.7451008207125
381.744956297886	271.02863672171	-1.46274133190744	77.4047690904607
381.696850291743	271.517669337712	-1.4882340769813	78.2549441290022
381.659266879637	272.011848386013	-1.50405360903506	78.7973888397553
381.628637302147	272.508404336252	-1.51451339730602	79.2014422365241
381.602435025299	273.006145439162	-1.52109967277114	79.5366543298338
381.579025525025	273.504499736288	-1.52502728465177	79.8236351813332
381.557279646227	274.003145320433	-1.52759558432813	80.0656453364304
381.536760180453	274.50194112539	-1.52971613624223	80.2628716624591
381.517231719966	275.00086716889	-1.53155490948478	80.4142486492676
381.49848922906	275.499927460172	-1.53279232450462	80.516031205967
381.480229567776	275.999085560336	-1.53354890138648	80.5661821324071
381.462377302142	276.498325419354	-1.53468243264327	80.5748663301555
381.445278677797	276.997695982247	-1.53680112796002	80.5638336751956
381.429270008586	277.497224181589	-1.53937020767436	80.5467448254915
381.414338694942	277.996837530386	-1.54123060906474	80.5148169334415
381.399873158525	278.49641018931	-1.5417260629031	80.4505886774558
381.385316875962	278.995891127908	-1.5412172606713	80.3520482754599
381.370286479538	279.495339154916	-1.54055341860892	80.2389101632429
381.354959401811	279.994846250095	-1.54022142147451	80.1345441552454
381.339358846953	280.494408580006	-1.53999998178648	80.0470758191314
381.323553248883	280.993955916265	-1.53952835621423	79.9625503630392
381.307213717219	281.493441072876	-1.53881915849623	79.8626830514467
381.290417391413	281.992882364042	-1.53821630686834	79.7411347457955
381.273062094969	282.492305185764	-1.53787638495429	79.6109823817087
381.255462049995	282.991774857433	-1.53778428895326	79.4868313566346
381.260962929898	482.510314000525	-1.61241052461916	66.9707932271775
381.282952675613	483.009280813529	-1.61163336953315	67.1276453864083
381.303864101583	483.507970675456	-1.60997832336373	67.2905348326325
381.323541671166	484.00668753272	-1.60761395668591	67.4697207567779
381.341649976884	484.505645848635	-1.60498076560986	67.6591514275347
381.358342294709	485.00484999717	-1.60242742830476	67.8382054154812
381.373617342863	485.504220564138	-1.60014930231815	67.987441511598
381.38781078092	486.003709398428	-1.59842457760096	68.0956570219299
381.401266470971	486.503318392502	-1.59776555025481	68.1631749767815
381.414687557052	487.00298899762	-1.59829752799865	68.1957890324055
381.428467320744	487.502609567269	-1.59939123600235	68.1993877996328
381.442717597887	488.002118810834	-1.60017385343731	68.178406841719
381.457138964897	488.501568443273	-1.6003581712591	68.141747165067
381.471572950327	489.001030698534	-1.60037601980867	68.104249008641
381.486061156944	489.500513659233	-1.60081498193039	68.0789674576506
381.500855455783	489.999967317454	-1.60172150247775	68.0660404452143
381.516041952978	490.499370849319	-1.60245747517767	68.0499701145651
381.531388196837	490.998776384874	-1.60235832588952	68.012088643027
381.546544112833	491.498243523949	-1.60149923519802	67.948619207425
381.561301742104	491.997756745105	-1.60062486346135	67.8720983575209
381.575881263414	492.497232586812	-1.60046645426402	67.7915737067318
381.590640224939	492.996622152465	-1.60117403060364	67.6962886849448
381.605981352804	493.49597520762	-1.60222161566443	67.5643209999707
381.621831885097	493.995414384059	-1.60284969628729	67.3835997414082
381.638004636031	494.494993950307	-1.60282341398866	67.1633603812791
381.654179861415	494.994617891707	-1.6027402303346	66.924073240527
381.670698505343	495.494074290844	-1.60358888671849	66.6830683649333
381.688030685162	495.993236795709	-1.60561780776726	66.4467161562008
381.70680687512	496.492173257337	-1.60796534060052	66.2175601154823
381.726807194046	496.991084500034	-1.60961052351582	65.9927902882071
381.747886267017	497.49009274516	-1.61055697515732	65.7634571063936
382.112544305954	269.558488922706	-1.06662525586404	70.9142940180619
381.94729857341	269.982775675322	-1.26419442618867	73.4155925001478
381.833817075092	270.465846931257	-1.39614363336706	75.6959320639894
381.756215051574	270.966660764173	-1.45760536517396	77.1584085877182
381.771200068433	498.009969326618	-1.61138784323484	65.4687509073941
381.793402673559	498.508867272991	-1.61220375048573	65.2532096174171
381.815268465214	499.007677377346	-1.61294091582755	65.0580803363542
381.837128117005	499.50661449372	-1.61396650503961	64.9181280508777
381.859140625303	500.005794715336	-1.61580171767019	64.8295247044083
381.881950141144	500.505074288247	-1.61860615773792	64.7786659125677
381.90569903165	501.004236500113	-1.62146213913428	64.7406076635105
381.930235404225	501.503196801335	-1.62317430648301	64.7057655880688
381.954785407961	502.002048564769	-1.62296678039873	64.6531920410491
381.978727207137	502.500932274603	-1.62138069740976	64.5822361231724
382.001744384889	502.999926423808	-1.61947051737914	64.4976435168799
382.024035109366	503.499011954783	-1.61830406436323	64.4276456361577
382.046079385889	503.998117304786	-1.61804937120511	64.3870157739403
382.068246410287	504.497199561023	-1.61820827617064	64.3960679436794
382.090580905325	504.996304258545	-1.61755635040384	64.4526116385264
382.112507413716	505.495529670845	-1.61551301599465	64.5483847715868
382.133664413402	505.994842498627	-1.61298948719117	64.649537806847
382.154253229373	506.494023118907	-1.61212359240528	64.7427551556116
382.1754696311	506.992930070386	-1.61323534772209	64.8292429196159
382.197781275602	507.491785127964	-1.61425477558018	64.9337743164212
382.220887409109	507.990881839766	-1.61325456372168	65.0582402233945
382.243680129153	508.490134071381	-1.61098180948559	65.1953046957225
382.531433205468	269.036480552865	-0.737600209988513	69.5391017672629
382.275620268412	269.331673464399	-0.922404861987357	69.2858420024122
382.265976419734	509.009006546807	-1.60904783975707	65.4304468437598
382.285896052277	509.508445527623	-1.60791219593811	65.5674194162721
382.305045735622	510.007735566967	-1.60676639968833	65.6777823170263
382.323250119531	510.506892499222	-1.60555420205063	65.7754920306893
382.340739853887	511.006033908755	-1.60443042047498	65.874631785801
382.357399515923	511.50519433367	-1.60308543293874	65.9802900113379
382.373181234477	512.004386137905	-1.60123794080082	66.0845937965338
382.38787597779	512.503705573948	-1.59948087810296	66.1799851409188
382.401889252918	513.003214783718	-1.59870540981578	66.2662298307864
382.415716963249	513.502860587831	-1.59909486212528	66.3459775067771
382.429855219334	514.002510340232	-1.59997379031081	66.4111678322526
382.444280193706	514.502079871188	-1.60058970120589	66.4408980388733
382.458877232665	515.001572230772	-1.60083568255631	66.4152254272566
382.473561430532	515.501026366212	-1.60113293972079	66.335459581295
382.488436899403	516.000452485876	-1.60150139887133	66.2286813211617
382.503372872286	516.499869783895	-1.60131067016513	66.1297358478438
382.517984495343	516.999333353439	-1.60029915791102	66.0569768911202
382.532039966353	517.498864512638	-1.59926250257873	66.0027285743905
382.545797980385	517.998406360983	-1.59920898515474	65.9449444053399
382.559861104386	518.497895890742	-1.60018540490493	65.8690369008589
382.574546153364	518.997341843104	-1.60146280720487	65.7770505102868
382.589915493679	519.496783435718	-1.60252608569374	65.675473503308
382.605789687339	519.996215555613	-1.60335336982578	65.5593874574814
382.622184557463	520.495573143382	-1.60400849068573	65.4139186018108
382.638913672656	520.994853447594	-1.60424140076003	65.227006271077
382.655823707454	521.494179076552	-1.60376067819527	65.0013060333872
382.672473462431	521.993685716982	-1.60285397252965	64.7533097416749
382.688998203293	522.493290789933	-1.60253843838785	64.5070929940497
382.705768122928	522.992733454789	-1.60368169765692	64.2809757599297
382.723790287713	523.491790542506	-1.60633916691131	64.0844646688943
382.743578278653	523.990487231412	-1.60974461705231	63.9147395455599
383.071509144616	268.694293078022	-0.36583193687963	72.4465750796855
382.892568800244	268.797954501438	-0.498544118456816	70.8277051091027
382.767102083371	524.510075756222	-1.61300412135683	63.7164854886926
382.790554058802	525.009194627466	-1.61476023428968	63.607940174238
382.813815946412	525.508004216009	-1.61473379390572	63.4946297283589
382.835991173789	526.00679673801	-1.61360234209998	63.3707415023251
382.857273572747	526.505806203577	-1.61301714685701	63.2548181443033
382.878172970855	527.005008182995	-1.61384991917996	63.1604067432806
382.899492108244	527.504196173233	-1.61569478776888	63.1023601314119
382.921387025177	528.003283743902	-1.61777540357626	63.0682127732745
382.94408028092	528.502333712887	-1.62023698047551	63.050035910057
382.96773568518	529.001371749534	-1.62294345351893	63.0314149226162
382.992408676425	529.50033408485	-1.6249553181265	63.0092813076448
383.017622471073	529.999198967641	-1.62527697520924	62.9661749451692
383.042808133778	530.498013572898	-1.62438593309605	62.8999259851821
383.067701237343	530.996853868423	-1.62286835346189	62.8127303580468
383.092005863901	531.495845213357	-1.6206358672358	62.739126990457
383.115332103995	531.995079724922	-1.61734685076845	62.7107152252606
383.137195722037	532.494455737076	-1.61390015274318	62.7560145019475
383.157967037849	532.993725617495	-1.61152952762934	62.8615622810283
383.17827312012	533.492811303604	-1.6106438405046	63.0002653898145
383.198915107143	533.991904745534	-1.61018120138543	63.132356764594
383.219696349274	534.491268205481	-1.6090697089971	63.2463346049382
383.240411056474	534.99089334323	-1.60724683503486	63.3407142257024
383.515684086217	268.579516160099	-0.160839056125661	75.3410372667341
383.260727777693	535.508373592072	-1.60575771813408	63.5247069605101
383.279246897827	536.00779287834	-1.60539122820729	63.634322118814
383.297428887237	536.507330676632	-1.60563500560246	63.7376870029834
383.315545909328	537.006708793233	-1.60556189235214	63.845663226895
383.333217099923	537.505965447886	-1.60498881849433	63.9702816833255
383.350458189417	538.005297963586	-1.60434399313989	64.1073138652078
383.36723494548	538.504811614082	-1.6040264282592	64.2384638282915
383.383835637951	539.004414580726	-1.60391532166671	64.3425357014651
383.400186949348	539.503958450978	-1.60361652729472	64.4098360810434
383.416227472028	540.003375802164	-1.60287167432813	64.4438905281813
383.431697745164	540.502716877735	-1.60176716054251	64.4571756393055
383.446559556007	541.0020513946	-1.60052871559742	64.4637127318373
383.46077667681	541.50142979444	-1.59939203015034	64.4758787545707
383.474502560061	542.000880880724	-1.5985991314124	64.4992659922184
383.487935127438	542.500404682811	-1.59834154596706	64.5245657346614
383.501368071426	542.999953702518	-1.5985892941557	64.5277480466819
383.515009829422	543.499475620967	-1.59909705418187	64.4864441014295
383.528952059712	543.998955012569	-1.59974177539791	64.3973808168698
383.543302840864	544.498393038449	-1.60064367798723	64.2762868531663
383.558146466231	544.997793370242	-1.60168725152403	64.1429465436049
383.573476478243	545.497189637228	-1.60230055680079	64.0071135476364
383.588931843705	545.996647477211	-1.60205884679593	63.864758055703
383.604242269108	546.496183864038	-1.6013031121838	63.7053211791631
383.619285511544	546.995750853805	-1.60082561315057	63.5243888150228
383.634449827818	547.49527262296	-1.60121336751709	63.3352126264278
383.65009625511	547.994687266973	-1.60260889107679	63.1621376286185
383.666813805082	548.493933627023	-1.60478907577719	63.0185249494919
383.684765283822	548.993011963764	-1.60704724023644	62.8855145027252
383.70401385747	549.491910186171	-1.60864758103759	62.7166853434449
383.724110941788	549.990155110014	-1.61013956275058	62.4400177529211
383.745866613839	550.4858008548	-1.61620894178891	61.9225242878179
384.002648376861	268.530047449245	-0.0529685120048241	77.5734581877203
383.784727528942	551.026898768643	-1.6497051642626	60.7080344690804
383.854017179608	551.5340923448	-1.75887135223549	58.7229825679785
383.991356129708	552.003583613466	-1.98854312250665	56.1278066496153
384.187799936699	552.372945303992	-2.2324332921071	54.0176691266171
384.500464587391	268.514794230426	-0.0139310976215852	78.7499269483482
384.413195253035	552.590177681541	-2.37850674874458	53.3690973086873
384.629822361296	552.795342498799	-2.51231678015595	53.9389072709857
385.000091375487	268.510934664585	-0.00341756972938894	79.1917860196887
384.996381471115	473.02582044387	-2.88641991359273	1.18176657837532
384.993223139625	476.105614617878	3.09143467445519	1.3547160287304
385.005590709063	552.984977905248	-2.75957264188133	56.0081670951472
385.500010576738	268.510130063095	-0.000232959846069035	79.3149671007901
385.543051110504	470.707967792466	2.43289190092401	1.05806737069599
385.473914282753	470.854761020638	2.30105986216421	1.0607060760027
385.510915741146	473.388012275408	-2.33725650458756	1.14601495170499
385.503521906554	476.068390893023	3.08248321649844	1.3433768326699
385.47992944675	553.105121275823	-2.99312730651051	58.6151080068447
385.999988948213	268.510423696266	0.00135037984797138	79.329862186602
385.981628096138	470.428721737429	2.57505593634198	1.03949946954836
386.001142740193	476.016901874981	3.02767375866753	1.33431439764492
385.987640347038	553.150358641632	-3.10415640283957	60.5404501042294
386.499980776677	268.511250013101	0.00189986679338274	79.2964581668772
386.498490477209	475.938583292662	2.96691823647644	1.31800163829786
386.49542854921	553.160916251026	-3.13577277299064	61.4764861813013
386.999979569457	268.512094193694	0.00143267575218826	79.2319320770042
387.005250741223	475.838166007184	2.67732929303454	1.28746923144039
386.998773306621	553.16246465556	-3.14066001815051	61.788886064953
387.499981694347	268.512629808267	0.000684805153524676	79.1576873363159
387.514524192118	469.830938944515	3.07767987716507	1.02212271961872
387.499648247714	474.670645099297	3.02281670791717	1.26640415699309
387.49967079731	553.162981136449	-3.14002831115377	61.8513082326399
387.999981959198	268.512920271667	0.000477584548531949	79.0998608562267
388.017325357637	469.902997449287	-2.89740785931065	1.05736864688558
387.99205404975	474.684276193597	-2.95770187576105	1.25995917418433
387.999674654029	553.16409276328	-3.13881737220876	61.8484126294222
388.499980646411	268.513266225654	0.000814798679865269	79.072053626711
388.494024815329	470.029919427617	-2.80590988406889	1.06269730764685
388.511181926137	474.824781075677	-2.834349573446	1.27959346390165
388.499450868205	553.165736694541	-3.13768520397468	61.8541561410218
388.999982084181	268.513780565801	0.00111506065809177	79.0653956542565
388.969979489342	470.191538171448	-2.78974664098742	1.03460185503132
389.000287371246	474.994496613167	-2.79594107833016	1.32785653233649
388.999236755656	553.168030216243	-3.13664952486322	61.8782854586496
389.499987647669	268.514348334329	0.00103304253746327	79.058381712071
389.499467594227	475.122561470043	-2.93656830870672	1.38846712122399
389.499088732868	553.170749514585	-3.13580482866871	61.9195691492568
389.999994573217	268.51479157481	0.000759149355932769	79.0393113803587
390.007503606207	472.138243756226	2.74457935670222	1.07570691541356
390.009041760504	475.169976421735	-3.12151802381672	1.43439529016919
389.999075953965	553.17385155941	-3.13564816106042	61.960071445983
390.4999992037	268.51511686081	0.000690370236406286	79.0200231447041
390.502729486278	472.069271498747	-3.11754961663309	1.10924598207377
390.513051797027	475.145249725566	3.04572984692927	1.44034476827935
390.49932186095	553.17662412666	-3.1368618995548	61.9892818876462
390.999999049623	268.51546907802	0.00101426864250141	79.0253098728369
391.018445827708	469.165651467278	2.82535102098665	1.01600326276269
390.995744119635	472.185920385694	-2.74044183705003	1.12109795734941
391.008224346983	475.090507643289	2.98586809981963	1.40136552491673
390.999829291028	553.178471487291	-3.13951779868387	61.9889653287326
391.499992610926	268.516038630087	0.00157357669227686	79.0660054414348
391.50128298945	469.007501205671	2.79873785679142	1.05199169497863
391.493480122297	472.608154697889	-2.19307653342671	1.14601573973424
391.500727117437	475.011307463381	2.91198861126976	1.33107525589689
391.500347967654	553.178700313098	3.14067677126222	61.9635878330382
391.999981350722	268.516865339198	0.00203850554765956	79.1281533054797
391.967436448525	468.834632400338	2.74952536812955	1.05865260159795
392.011961803726	474.652075205215	1.89541916174045	1.24853512907913
391.993631245483	474.766924917885	2.06843158532563	1.25244531188337
392.000545807859	553.177735573492	3.13892441850858	61.9253485565708
392.499970392434	268.517867469534	0.00218693831429152	79.1916799300865
392.509716486316	468.54912243721	2.65620707643455	1.04040339412062
392.499476438223	473.209085271716	2.90543602102591	1.28176426328185
392.500307351526	553.176303153738	3.13925643021037	61.9054131915798
392.999964514558	268.518883287779	0.00208185090009385	79.2502180865452
392.976208413968	468.320730079998	2.64504116830298	1.01471759993591
392.99707691087	473.174779394963	-3.09648120194602	1.30832828282042
393.017509732046	475.822671065159	-1.97430461419334	1.12272166169507
392.999805038854	553.175616905747	3.14133174333071	61.9162679721938
393.499963553913	268.51985795662	0.00194966657678326	79.3056907546183
393.49248004559	473.232337640752	-2.91856180407426	1.30157010732075
393.497224875169	476.538456956523	-2.26192674049792	1.1342100485061
393.499344817051	553.176113698454	-3.13922299030447	61.959483670338
393.999965981255	268.520782769945	0.00184339753658793	79.3551099138894
394.006652445556	473.389955956138	-2.84303627758044	1.26803909873619
394.006345039416	476.845735408531	-2.93350784910339	1.16732011596369
393.999165436647	553.17791359431	-3.13732101524628	62.0074433967826
394.499971735738	268.521647277736	0.00160346832826054	79.3933814144881
394.498495796455	473.534165165856	-2.81813505138958	1.2249202635228
394.50765162674	476.821843984085	2.71013216795173	1.17353627522163
394.499325742292	553.180265385568	-3.13679628652697	62.0378094969844
394.999976978005	268.522351770043	0.00124829005984423	79.4222359245444
394.99396368233	473.720196687251	-2.7288423179887	1.18923103092455
395.00019340406	476.226245539205	2.27999812529676	1.16490201400226
394.999703527209	553.18266037698	-3.13744661037559	62.0279613341664
395.499972297309	268.52292241263	0.00107482543158815	79.4454766637216
395.513710561114	471.678941216711	2.78344507245732	1.04183366854352
395.498123373033	474.049085712779	-2.59410908548386	1.18242119298744
395.493252848725	475.867758489708	2.67705535710937	1.17302237986075
395.500092123094	553.184473717765	-3.13855152063162	61.9817403980468
395.999956661757	268.523460741789	0.00112719008344987	79.4578116578087
395.99843564847	468.874198471857	-2.78724640452605	1.01389222953537
396.003230107566	471.622023862961	-3.02780162523796	1.01990853005763
396.002970211655	474.407475528327	-2.37658721021822	1.20398612506037
395.997469127331	475.433553741254	2.00120395265535	1.19844430614334
396.000305686828	553.185839358437	-3.13942053303628	61.9075650204329
396.49994459489	268.524005568241	0.000970418625041369	79.4452430792136
396.489003823993	468.908775217215	3.0208004561064	1.05105170709674
396.487191055321	474.716502698935	-2.14788426298658	1.2414206112633
396.506186640111	474.817464918873	-1.90513045385219	1.23984148457565
396.5002382662	553.18682382098	-3.13961299706709	61.8317038233789
396.9999507277	268.52435705985	0.000382649316950494	79.3991724009723
396.96644520778	468.806913367606	2.84935722363534	1.05879161659618
396.99946977043	475.512551329857	-2.43609862271939	1.277710932663
396.9998613724	553.188039336788	-3.13893377849963	61.770604839217
397.499972204902	268.524409475146	-0.000192332794688787	79.3300696639552
397.518612050399	468.597679285866	2.79683815847235	1.03213650100364
397.505965761613	475.836532488654	-2.70074610686008	1.30614930045693
397.499244598616	553.189751143541	-3.13749889439319	61.7453476610044
397.999998004852	268.524249526647	-0.000383713564107288	79.2662697295312
397.999660320695	476.017636393503	-2.9029448590336	1.31464837528768
397.998598607954	553.192391599596	-3.13597548747611	61.7593174320482
398.500023304555	268.524024058593	-0.000500060318121694	79.2363837654935
398.500002652607	476.000165660529	2.68884064128112	1.31007343248929
398.49821007997	553.19556031144	-3.13522757283664	61.8166860452451
399.000042679856	268.523658966313	-0.000839222288178979	79.2498676160899
399.009599106072	472.674100944733	2.06445423285371	1.06989903940494
399.003381416217	475.642163284767	2.45353446684204	1.31146981860481
398.998206035338	553.198946062296	-3.1354318312528	61.9005942084656
399.50004293274	268.52315942205	-0.000974686695699613	79.2918462318708
399.514624120684	472.234556592719	2.66289500733026	1.05594012934449
399.500416092132	475.427567083143	2.95116055095033	1.32863929638262
399.498462163026	553.201999208727	-3.13596343694889	61.9920178979064
400.000018613815	268.522770210729	-0.000358784483507158	79.3367462928557
400.002753805272	472.052808098753	2.87573918885362	1.06734810252433
400.002471766862	475.435699059705	-2.99477096614619	1.3393534410652
399.998825733741	553.204856382953	-3.13666823178407	62.0594471597292
400.499983154406	268.522855011001	0.000751842420237195	79.3682481671819
400.498292767472	471.972830094506	3.12599885994838	1.10453474042586
400.499763251142	475.506830393653	-2.99037710106732	1.32140301718096
400.499318108355	553.207030112041	-3.13837401689989	62.0961012226007
400.999957291294	268.52343750364	0.0015662152097846	79.3863161639543
400.999929500509	471.999223538644	-3.0124396113566	1.15005135333364
401.00044199815	475.537649140037	-3.13968433823045	1.27032378144298
400.999932312714	553.208059809223	-3.1413021243511	62.1051467128853
401.499950228973	268.524268796713	0.00173672070271434	79.3969066382865
401.505570697701	472.055126720649	-2.99483854100787	1.18080747566569
401.501760821063	475.528431699702	-3.1409459306353	1.20239849668832
401.50043271764	553.207408770579	3.13922788487031	62.1010987947552
401.999950213998	268.525096993449	0.00171345822597682	79.4015166210175
402.011098520664	472.15618851729	-2.82580080644951	1.18048482309068
402.006467425728	475.602884674691	-2.84034682470791	1.14245163781433
402.000564856156	553.205925097383	3.13845379891646	62.0781292281331
402.499935953571	268.526021959993	0.00213218160469052	79.3979332576835
402.500988965058	472.378471400344	-2.69920922320786	1.16276162278029
402.496908945511	475.775170735586	-2.78179625309468	1.11998818254783
402.500361146938	553.20444612273	3.13939779860552	62.0410841792959
402.999903826814	268.527263888368	0.0029137172614647	79.3821096131304
402.994788101324	470.373029266906	2.198063057498	1.03530486507857
402.99513471791	472.572125495172	-2.80743967067763	1.1382248375787
402.999980183777	475.991290259209	-2.67658983742728	1.15128992741321
403.000076628366	553.203745583451	3.14076810312781	61.9976535992377
403.499875671015	268.52884667258	0.00328084596779891	79.3434667961231
403.499949005278	470.091584378886	2.94608272729291	1.06476993488675
403.48046213254	472.7096172017	-2.92416364983568	1.10718401202177
403.503754218005	476.166008516094	-2.77919748176009	1.21773187824443
403.499912564319	553.203606672924	-3.1412609453178	61.9654908477268
403.999873726236	268.530416449903	0.00288824931638169	79.2701429577645
403.999003804069	470.065643019454	-3.03043208389229	1.04734875060148
404.0122523187	472.886676038371	-2.73334824428815	1.08175937571618
404.013972692614	476.227396557749	-3.11978077451043	1.28211424099981
403.977504327964	476.274437486487	3.12007039169759	1.27979600491948
403.999855091043	553.204174719944	-3.14000066979393	61.9384971665549
404.499891490733	268.531750568901	0.00240294716772203	79.1702063716233
404.517645716313	476.212138344766	3.12241698403859	1.3081201620194
404.499733603418	553.205419536866	-3.13823703317199	61.9138660634385
404.999908703658	268.532935624138	0.00242546833135293	79.0787799112484
405.017822589284	476.249591589036	-3.0171270531299	1.28995250313594
404.988379210866	476.260234602355	-3.02243825705567	1.29482351233926
404.999405906138	553.207808530839	-3.1361510803179	61.8898966467563
405.49992029079	268.534174080853	0.00257960910250973	79.0317747208743
405.506263117913	473.657787260223	2.71035085221194	1.24823710904192
405.496903188266	476.327088232803	-2.9661469949309	1.25927448285808
405.498909021178	553.211141783314	-3.13444187194119	61.8864431790838
405.999928126715	268.535357970257	0.00237383753697864	79.0358882364211
405.999028436273	473.478513808158	2.7831925629651	1.29399097899024
405.998067185929	476.393702444849	-3.01585621033889	1.23457113564272
405.998445182301	553.215232426578	-3.13387223907655	61.9121210767125
406.499920114869	268.536417632949	0.00218553750777952	79.0692857969884
406.495631420182	473.325746753572	2.91416884716512	1.31672128852129
406.4980790098	476.434647581111	-3.06734926302183	1.23101606701985
406.498250777322	553.219146117611	-3.13477093034816	61.9722821711153
406.999887122204	268.537516050914	0.0026007381658783	79.1041976764605
407.004935212436	473.285178835841	-3.02223472946872	1.31942958308728
406.998548828933	476.444279949111	-3.12509582950261	1.23519190518407
406.998426733842	553.222369878141	-3.1368222095882	62.04980996722
407.49984715489	268.538960282047	0.00329868639298961	79.1231813170724
407.50121135449	473.482870231389	-2.53707966601938	1.30709452735588
407.498200143323	476.414946166556	3.01183443808858	1.22988072746662
407.498891972194	553.224255984969	-3.13919248517881	62.1300904789483
407.999834336736	268.540626308688	0.00332053828021478	79.1213843066416
408.002363096316	473.971882161086	-2.26816529095413	1.29949005564201
407.999468438874	553.225071434484	-3.14110815550905	62.1897345242641
408.499864107651	268.542062102081	0.00223008228121833	79.104479499566
408.500230696579	474.49411863365	-2.4730386263662	1.32368524331101
408.500001226775	553.224933706795	3.14093014179186	62.2212072767988
408.99991829264	268.54278304772	0.000652320544574118	79.0865739303805
408.99645545971	474.728330697864	-2.79526833294238	1.34262518181694
409.000366022538	553.224493568408	3.14054431428684	62.218062219486
409.499964979507	268.542834653377	-0.000341412101144523	79.084992424547
409.502344952009	474.932261179875	-2.72710145732861	1.33302895678303
409.50047803581	553.223911241809	3.14077973662702	62.193628013004
409.99999237013	268.542598997855	-0.000357452255827162	79.1095292079024
409.983059550967	475.239798784608	-2.27026921806039	1.31264013308535
410.016245271072	475.309088171143	-2.16315440741745	1.31024081361857
410.000359752926	553.223651270229	3.14122296994393	62.1592008533127
410.500011856362	268.542478170668	-1.235597464401e-05	79.1525321510084
410.489476583165	476.105858116044	-2.53858988467638	1.31740249731763
410.500150771818	553.223443272642	3.1413457999657	62.136132888645
411.000032505787	268.542433911677	-2.22284801162524e-05	79.1921245763076
410.983777592985	476.193449145271	3.07244319182173	1.32860086720635
410.999969041727	553.223315720065	3.14118771377744	62.1301622740018
411.500042818691	268.542328856995	-0.000320157520283862	79.2104846515357
411.498723899407	472.987738903148	2.66466286403832	1.1742797484569
411.492199177389	476.154853925929	3.09436739914696	1.32760880476554
411.499809035792	553.223073921647	3.14145629459494	62.1457619254743
412.000025725019	268.542128225122	-0.000355272004983139	79.2082540973133
412.027315083762	472.734451238689	2.8209099435113	1.19769049107484
411.970431313775	472.776293827241	2.80554624526824	1.19429549608677
411.996920634307	476.149734132004	-3.11271820273203	1.30757939767854
411.999621057611	553.223316482319	-3.14067591410101	62.1702817775062
412.499982611091	268.542079357338	0.000107991467860631	79.2002739689965
412.509566462045	472.592518331476	2.87782078041001	1.20540607396824
412.499397119131	476.191207904113	-2.99642381744334	1.2622337965934
412.499447865052	553.224112928797	-3.13945444443906	62.199304804087
412.999935788943	268.542335199695	0.000821890350288108	79.2014112138235
413.000725763231	472.512012465583	3.04153247652991	1.1838064460216
413.006125947997	476.379459097222	-2.44622116490126	1.1978645845163
412.999464303366	553.225553473298	-3.13876456264883	62.2192455828186
413.499908662934	268.542949314577	0.00145501891535931	79.2194138481663
413.498463426895	472.599523490179	-2.59783409946403	1.14394168130882
413.492508702314	474.915722856869	2.02195112072041	1.1404345963913
413.501360757026	476.985335660477	-2.22590648923678	1.13938357319855
413.500302835701	553.227079463475	-3.1387856605732	62.2010316724482
413.999904236335	268.543792890251	0.00194360709610446	79.2559808128385
413.990106216392	474.344714494929	2.56829126460701	1.20038188944643
414.003096997281	477.472439365747	-2.54022996329599	1.11066218537103
414.003842129655	553.227919612614	3.14142159316191	62.0128214772343
414.499900140639	268.544864377064	0.00247219381036868	79.3075889224776
414.500004526822	474.032879654555	2.72590097860779	1.28120496838559
414.479910564587	477.712204308052	-2.84745252231065	1.08114748157956
414.530237568963	477.754386861487	-2.87085738400811	1.08146145349814
414.513833693236	553.221911234538	3.12003209920503	61.3317185895983
414.999870574451	268.546197720179	0.00314964827155015	79.3618803338046
415.002292687053	473.878385705398	2.90926918695872	1.35956889343857
415.017378626938	477.795223664123	3.08726676742536	1.04605302433612
415.030608337118	553.185751234699	3.02742840754566	59.6876919736199
415.49979996258	268.547890840509	0.00376650696010296	79.3923314641004
415.502394850544	473.815210552752	3.08601996018773	1.40345229942095
415.524923867805	553.071412803525	2.79150031745454	57.2197979112838
415.999631992256	268.549844715132	0.00419105599596608	79.3453168926727
415.996126693261	473.974698433434	-2.58303599987049	1.41905107554604
416.159019574951	552.666503368599	2.34860319297165	54.4585054757379
415.92586019687	552.880866921235	2.52032277744716	55.2769470039298
416.499105463556	268.552351045106	0.00623178670623666	79.0968000759056
416.693798140637	551.544045984015	1.73274160759281	59.5090458598177
416.567201498869	552.027501046752	1.9327722345329	57.2236947014087
416.382943696615	552.420913561835	2.16637708461454	55.3208723669742
416.997402344822	268.558059768898	0.0188759228924166	78.3704449944033
417.24627170104	540.009217015243	1.60812100993803	63.104652844332
417.225539253971	540.508472920517	1.60792956294483	62.9857831035114
417.205625433148	541.007839937308	1.60775872712591	62.8620550901987
417.18606234408	541.507221336678	1.60819967737109	62.7349090428562
417.166573727401	542.006598871095	1.6096120696164	62.6031693261811
417.146459922815	542.505975699425	1.61198588479817	62.4724776306691
417.125573691332	543.005306298926	1.61460457022678	62.3325015629668
417.10384980753	543.504502690061	1.61664288879912	62.1890710064984
417.081748564883	544.003565750372	1.61766122916088	62.0495187606884
417.059520063542	544.502573410764	1.61803666031507	61.9341577551369
417.037436764623	545.001592070536	1.61802890360273	61.8406499488566
417.015569681511	545.500645714883	1.61774292858265	61.77004327248
416.993996335348	545.999758844674	1.61725928887319	61.7143396988603
416.972558668407	546.49892014896	1.61719578291642	61.67963369989
416.950871024764	546.99804806732	1.61774257388124	61.6554364165984
416.928654373033	547.497066079447	1.61852657417316	61.6394778936276
416.905850967355	547.996001371376	1.61871452662845	61.6277007819188
416.882841382846	548.494988192636	1.61807342143472	61.646132951586
416.859905176201	548.99413245542	1.61661032565101	61.714188960519
416.837495910893	549.493316142419	1.61461488376107	61.8291783684283
416.815549712659	549.991885121093	1.61298601379542	61.9103635841763
416.79330006472	550.48805292907	1.61581682195762	61.7915546966741
416.76573991875	550.97779957399	1.63668117608297	61.1844733925829
417.491538514422	268.578021219545	0.0684276314751243	76.7489971351927
417.737088821255	524.509634859426	1.61150093006655	64.0414677418212
417.715659657455	525.008728531779	1.61074443570631	64.1528740067274
417.695144560897	525.507726279038	1.60945751487671	64.2822204137525
417.675718978683	526.006591634408	1.60713623603797	64.4339626218077
417.6578874603	526.505548819869	1.60433717972314	64.6037169199667
417.641451447614	527.004796100963	1.60205168772278	64.7669567833773
417.626086563812	527.504325301393	1.6008425762705	64.8931427194412
417.611158580413	528.00396589795	1.60049923059338	64.9647169283363
417.59644289002	528.5035678536	1.60050065235593	64.9867382907575
417.581794247932	529.003074697405	1.60035171220793	64.9762536887327
417.567421314341	529.502523006773	1.59978278906921	64.9486666779764
417.553440513066	530.001966617037	1.59890902216118	64.9126098440455
417.539927086388	530.501435433014	1.59816597261608	64.8789904839449
417.526693930568	531.000927651285	1.59779572674807	64.8676379236014
417.51361844933	531.500450854636	1.59764775384668	64.8987130409234
417.500607869557	532.000019242635	1.59770409177322	64.9742325833837
417.487464957078	532.499603100472	1.59844059047006	65.0681994913877
417.473740309734	532.999116790993	1.6001527686273	65.1382530830097
417.459042144982	533.49850974366	1.60208920880578	65.151459910737
417.44357116628	533.997857587981	1.60289513412331	65.1005996946499
417.42799747862	534.497303924971	1.60198647748215	64.9996942540768
417.413052688828	534.996900987176	1.60022606636852	64.8706914184658
417.398737457775	535.496531379222	1.59919960967333	64.7350927555904
417.384571643405	535.996059826325	1.59960263218838	64.606855871378
417.369900314074	536.495487320559	1.60067985942835	64.4839715151499
417.354699334594	536.994913324287	1.6014891452773	64.3466365525144
417.338931073149	537.494350028206	1.60220022323089	64.1752989584719
417.322568614827	537.993735833255	1.60347182776484	63.9680820379522
417.30513543486	538.493057980856	1.60528612795813	63.7446897215671
417.28665886653	538.99239355867	1.606932688659	63.5297413170112
417.267159065922	539.491762490778	1.60789958366546	63.3398694845787
417.968210319707	268.639563231299	0.20197297637076	74.061966550248
418.238926980292	513.00963444367	1.60825881520867	65.0369375385302
418.217731892233	513.508984468828	1.6103289574014	64.862670158439
418.196309149216	514.008128386305	1.61178556357463	64.6944670896478
418.174828345508	514.507140648697	1.61251301313119	64.5330960424028
418.153641444119	515.006191737739	1.61310201383395	64.3768861940319
418.132375168215	515.505363767167	1.61430745087214	64.2366127743668
418.110809013551	516.004591799275	1.61610957790626	64.1065120994677
418.08864643297	516.503735436494	1.61785383001095	63.9949821486187
418.066195796048	517.002759939758	1.61859018322874	63.9092509051793
418.043871820521	517.501762837243	1.61806439949082	63.8644099738888
418.022196131604	518.00085713733	1.61664842154977	63.8418754322707
418.001239189841	518.500047152119	1.61540516445965	63.8188749098545
417.980683946575	518.999254681694	1.61494669853745	63.7710524647237
417.96008978123	519.498424184878	1.61523130028132	63.7146175809304
417.939192739184	519.997554928294	1.6156057737109	63.6729581590012
417.918045903657	520.496633857877	1.61576036038737	63.671577646614
417.896619168464	520.995618164103	1.6156442493456	63.6969721445277
417.874941105286	521.49453421582	1.61557852904707	63.7326874072706
417.852769794671	521.993472565006	1.61556795513102	63.7597120735393
417.830179431593	522.492495109314	1.6154812827185	63.7848796823034
417.807093387628	522.991587579524	1.61491748305272	63.809305366338
417.78390287922	523.49073947674	1.61383057448485	63.8434004919161
417.760565697715	523.989898393489	1.61251655838718	63.8865164898404
418.560379151478	268.900618588666	0.577956025662827	69.809155388998
418.736950649757	497.507878225947	1.60521238548329	65.8549410141986
418.718251516567	498.007650429016	1.60656560711955	65.9874370343574
418.699218749398	498.507409577309	1.60772789248399	66.1291307792263
418.679962141408	499.006966037885	1.60803262427448	66.2732856591544
418.661065401562	499.506335745262	1.60753764236998	66.4204380211969
418.642682991189	500.005597250622	1.60650548286804	66.5717213903398
418.625140431887	500.504813232218	1.6050723161998	66.7245875975959
418.608467852189	501.004037545374	1.60338965598899	66.8687670324032
418.592742655404	501.503346328864	1.60192438708407	66.9934241164705
418.577639960325	502.002760555573	1.60104682645363	67.0929547147725
418.562934790505	502.502239130087	1.60060410837979	67.1701429588033
418.548473393917	503.001726247911	1.60003842702433	67.2317919457813
418.534462951865	503.501212544989	1.59893018853408	67.2816987725286
418.521129314426	504.00072249452	1.59735186378865	67.3134434923065
418.508595626773	504.500283481922	1.59587755189371	67.3099614356011
418.496613048369	504.999891044254	1.5952404711794	67.2543028294216
418.484659297465	505.499505750589	1.59575144875817	67.1464185970883
418.472263793012	505.999089807611	1.59687717840737	67.0095063842773
418.459326678706	506.498651394426	1.59770456247801	66.8762216381701
418.446103632684	506.998213048604	1.59807653645985	66.7670506744486
418.432591030043	507.497719582999	1.59887813011264	66.6790448810812
418.418418451352	507.997078850849	1.60077870031278	66.5921192405924
418.403059247077	508.496300720923	1.60316020583593	66.4874069609492
418.386588386591	508.995524788018	1.60488231040714	66.3606990590462
418.369315687383	509.494853128047	1.60564683972048	66.2227838100161
418.351692666754	509.994270181919	1.60593034165345	66.0871545453661
418.333719484389	510.493708945076	1.60614036828382	65.960102640841
418.315555454679	510.99316599017	1.60619854794934	65.8341216419429
418.297144547456	511.492647320031	1.60598989464177	65.6924703089587
418.278706699831	511.992090993077	1.60583760182233	65.5182528006294
418.259814838702	512.491339772651	1.60649015983304	65.3133967941523
418.883252855797	269.118522369548	0.770872093879198	69.1687044828084
419.106322928642	269.430780783957	0.97036647547942	70.2953438116477
419.247860664768	486.009739350541	1.60941072411663	66.5689618876826
419.225439695461	486.509445726902	1.61232938249777	66.3901680516951
419.202669341244	487.008826896248	1.61384787634593	66.2027602885945
419.179894304422	487.507956251938	1.61468689631272	66.0237482648492
419.157268819957	488.007003950085	1.61591525969659	65.8594299447267
419.134322256314	488.505990390162	1.61750796743415	65.72507563636
419.111211482539	489.004903667437	1.6186040352665	65.6193963607123
419.088095599452	489.503787648521	1.61904990445002	65.5450007011958
419.065296421653	490.002712511063	1.61903712781203	65.4880075626639
419.042819405385	490.501715218341	1.61878008471072	65.4476198557656
419.020699540275	491.000809320898	1.61848967907008	65.4155301972965
418.998627029177	491.499945817335	1.61902905868943	65.3982943891651
418.976045682218	491.999009841959	1.62063428016069	65.3893354031669
418.952530549977	492.497919285898	1.62246911555788	65.3923344424479
418.928166639146	492.996716566429	1.62303729172572	65.3981022480118
418.903617996621	493.495533400542	1.62185971787052	65.4114898228899
418.879484857515	493.994494768141	1.61925121885109	65.4275910345456
418.856361049096	494.493699284283	1.61600165594192	65.4534126121044
418.834353099832	494.99317093368	1.61258748091883	65.4829511668306
418.813647152545	495.492836737142	1.60945597562768	65.5204450197833
418.793903235492	495.992555676833	1.60685538427001	65.5603502200476
418.774971757179	496.492217315477	1.60513937121059	65.6111600890422
418.756089965229	496.991692395043	1.60454429509158	65.6740468959693
419.384700061493	270.032196422478	1.34125243658632	74.8581262935341
419.462663178857	270.506390638162	1.45436372506072	77.3662293732941
419.5067214573	270.999257385149	1.49930700996422	78.824558531172
419.536992855665	271.497049564113	1.51604313456636	79.4877806931288
419.561855802171	271.995977595918	1.52318706650558	79.741869674617
419.584295634739	272.495145236415	1.52686344202018	79.8277591400426
419.605454942267	272.994408294687	1.52894213120689	79.8421206201203
419.62601627422	273.493766254747	1.53016098730204	79.8049900740393
419.646250827532	273.993203523506	1.53085382976542	79.7116635720874
419.666535121703	274.492627840184	1.53106288870822	79.5638548930953
419.686998671226	274.991940300642	1.53081338218832	79.3790320868891
419.708013059661	275.491123298212	1.53024995839814	79.1877964777601
419.729511544981	275.990315426236	1.52976725418723	79.0148380917884
419.749864054922	467.006907417518	1.59427221632739	71.6998703696847
419.737660837508	467.506540704508	1.59318341336079	71.6566876144691
419.725692053222	468.006425208682	1.59345080270311	71.5936695345204
419.713459581597	468.506520341717	1.59482501630291	71.5304199454303
419.700420275989	469.006633906617	1.5963396853438	71.4767665559872
419.686993019074	469.50651300213	1.59692983928041	71.4321945361372
419.673666355741	470.006036898615	1.59609233272796	71.3868402537489
419.661250369853	470.505341692428	1.59421435668884	71.3332212754543
419.649898692992	471.004652182725	1.59212296653806	71.2663484074395
419.639622506637	471.504131817621	1.59056162371612	71.185632102054
419.629901592444	472.003819052833	1.5898927553161	71.0903851690618
419.620383195686	472.503668702013	1.59008724758043	70.9795457861361
419.610614483441	473.003565920243	1.59078460647578	70.8501158086358
419.600560018295	473.503399466173	1.59157390150135	70.70315837265
419.590134123212	474.003127123663	1.59237265547189	70.5474419578866
419.579343469342	474.502797952698	1.59347021467253	70.3982208798488
419.567912237996	475.00246100533	1.59501762492057	70.2650670497632
419.555749376515	475.502106551074	1.59660834904316	70.1422536283957
419.542962694634	476.001680321303	1.59747083911257	70.0135978069704
419.530062397181	476.501177560207	1.59716412524993	69.8713053768834
419.517507050396	477.000664545236	1.5960994653887	69.7232646007261
419.505464446369	477.500200716713	1.59520211746921	69.5765051019448
419.493675326168	477.999769075482	1.59508062369069	69.4234683748536
419.481734164529	478.499323839385	1.5957470346395	69.2551953619348
419.469291966304	478.998846211459	1.59711342911731	69.0766443729614
419.455971327226	479.498315218916	1.59926083329496	68.8964898448124
419.441460233582	479.997695644712	1.60185981155563	68.7120907047005
419.425702044297	480.497009634415	1.60381194245544	68.5175734586861
419.409322031992	480.99639705197	1.60396747341843	68.3185245408023
419.393192323713	481.496009471136	1.60223207992946	68.1274751856283
419.378086255626	481.995848228918	1.59977416601972	67.948247247581
419.363878322084	482.495705746684	1.59825022591351	67.7751897812332
419.34996818868	482.995342792942	1.59853944859347	67.604135094328
419.335410750843	483.494689026558	1.60015473176274	67.441393579251
419.319960909206	483.99391811575	1.60185818818028	67.2940925768401
419.30358651312	484.493258526915	1.60297996921283	67.1588945712483
419.286601209511	484.99272608231	1.60402818714742	67.0171182703448
419.268511577085	485.492020261935	1.6061168174845	66.8507052851222
419.752670707817	276.510464161403	1.52975769718358	78.7823406803739
419.7752107506	277.009054044681	1.53052923305156	78.7017598372165
419.796597514399	277.507803477546	1.5319986831462	78.6296854465478
419.816455857456	278.006750943863	1.53387418482208	78.5581218993456
419.835020741176	278.505797409863	1.53562453889242	78.4946682297221
419.852365594705	279.004901927334	1.53683165786017	78.4299893340249
419.869085379649	279.504122473773	1.53709460989682	78.3674198613464
419.885569616811	280.003512650659	1.53640453907887	78.3033854818316
419.902397742128	280.503013104013	1.53504641441991	78.2532261776944
419.919645940894	281.002525374506	1.53380026104748	78.217556013843
419.937207014794	281.501995543942	1.53340231397395	78.2076528587783
419.954499848334	282.001441331928	1.53440459653083	78.2188659066679
419.971007386993	282.5009026896	1.53655580424374	78.2604233511609
419.986368473646	283.000411465671	1.53907704263829	78.3230441070351
420.000696560578	283.499979935769	1.54098149600414	78.4043630633493
420.014327513274	283.99961235483	1.54213676690388	78.4836558098795
420.027491819346	284.499304818686	1.54300580727926	78.561270422311
420.040270266782	284.999029670021	1.54378251999147	78.6303346514771
420.052833530245	285.498734352508	1.54378155341639	78.6960271420871
420.065709362777	285.998376910375	1.54277026771293	78.7440371573885
420.079192020604	286.497978864746	1.54151776185806	78.7824640144502
420.093256846521	286.997608393443	1.54091625459969	78.8172307756737
420.107517576104	287.49731951269	1.54088652351571	78.8657587995447
420.121841240851	287.997114516993	1.54147138119751	78.9190433662202
420.135712246841	288.496983124118	1.54330610222825	78.984164269689
420.148552843891	288.996892428211	1.54661914236361	79.0668599304218
420.159747635312	289.496770748746	1.54999216814027	79.1829170018885
420.169847922672	289.996533044445	1.55161199650258	79.3120028016332
420.179757499948	290.496177282589	1.55095547668922	79.4315256283088
420.19057652227	290.995794230757	1.54921859682616	79.513237484123
420.202278617462	291.495517115638	1.54806539841241	79.5629869226072
420.214491165344	291.995401296453	1.54845386532092	79.593581627412
420.226216963632	292.495386709392	1.55003671610571	79.6384521614507
420.237275403319	292.995350294026	1.55174395218984	79.7110429190015
420.2476110669	293.495250769461	1.5526848422405	79.8155685831432
420.24725377773	443.503382645725	1.58277192465058	75.7150427821307
420.240276459894	444.003412445835	1.58389453069948	75.6739706944006
420.232484862187	444.50364483509	1.5855282355109	75.6222996414604
420.223910312792	445.003974558599	1.58744162533727	75.5479223173477
420.214375334926	445.504202194904	1.5889443274593	75.4552474302575
420.204542140659	446.004193586283	1.58942261961749	75.3398137406895
420.194728536868	446.503966893937	1.58904838697722	75.2153477366398
420.185433568339	447.003631662204	1.58831053247057	75.090261255689
420.176558794492	447.503279852745	1.58744371989853	74.9778646331324
420.168335998316	448.002982382122	1.58650881648287	74.8631908270899
420.160532561615	448.502784744297	1.58588002478056	74.7379881760856
420.153037316409	449.002684680215	1.58594359722645	74.5955461369084
420.145300258716	449.502624892322	1.58672000499601	74.4600201856221
420.13718636539	450.002563101725	1.58786827282314	74.3439712254515
420.128438763012	450.502504322924	1.58918544352906	74.2516407019422
420.119132167857	451.002460770718	1.59070790409955	74.152587455462
420.109053926799	451.502392044842	1.59244848494193	74.0319672599742
420.098357471068	452.002234806673	1.59380136146828	73.8840914259874
420.087333147536	452.501970880798	1.59395562481392	73.7301986346874
420.076676146467	453.001664597222	1.59290815189099	73.5731999495278
420.066556008667	453.501395826938	1.59196090153219	73.4220661976961
420.056675901531	454.001183451993	1.59219425291044	73.2755012664418
420.046449715334	454.500983125396	1.59323417483954	73.1526738776643
420.035875458863	455.000763004597	1.59373667292519	73.0568138001389
420.025336308174	455.500535334872	1.59310888319474	72.9917791656894
420.01524245002	456.000321858496	1.59199814634931	72.935366363476
420.005460495804	456.500117723327	1.59174442091808	72.8795002637306
419.995425612602	456.999897167115	1.59302386089629	72.8133430960389
419.984547429164	457.499635125557	1.59527969066163	72.7475272192154
419.972726718991	457.999334580492	1.59691597480168	72.6761420343021
419.960555830766	458.499039729299	1.59674649625438	72.6004664411637
419.948782410208	458.998789906846	1.59516215724372	72.5091818938509
419.937675344295	459.498554791363	1.59407945437253	72.4146616495279
419.926604154006	459.998254869963	1.59468489459937	72.3231506492728
419.914950775379	460.497863836237	1.59617953654979	72.2482602294827
419.902599120195	460.99744414449	1.59683449455133	72.1794905182109
419.890194384911	461.49708192015	1.59613706756095	72.120858792723
419.878118751745	461.996778294065	1.59491941101233	72.0714990596977
419.866488132244	462.496459461738	1.59422093520182	72.0372677215042
419.85486296519	462.996097163427	1.59408997070003	71.9944078354529
419.843204168235	463.495778074457	1.5939990121677	71.9313050970374
419.831383303796	463.995534754038	1.59388183360351	71.8460965185962
419.819411808856	464.495219543569	1.59449956546385	71.7682029006056
419.806630938382	464.994678703319	1.59604867863803	71.7122137316878
419.792914227269	465.494028665815	1.59751555665062	71.6871715023273
419.778385841919	465.993540601051	1.59759798145469	71.6745907724699
419.764048631846	466.493330160997	1.59619574583072	71.6595299476366
419.750259334813	466.993239840027	1.59431324781343	71.6190826713176
420.257635216392	294.004183904434	1.55299074977969	80.0414739601705
420.266996997842	294.503897654369	1.55348798136751	80.1722603354505
420.275964183695	295.003558383698	1.55463394676549	80.2972588335312
420.284118705497	295.503270015173	1.555870006518	80.422971303416
420.291828704862	296.003103481855	1.55650037604098	80.5440852208426
420.299252867379	296.503015943939	1.55650181836093	80.6523670337353
420.306792883544	297.002923319411	1.55630545989988	80.7455864921241
420.314305180395	297.502800840107	1.5561558986062	80.8368297888612
420.321903829691	298.002648715469	1.55622519686193	80.9387310668148
420.329253861297	298.502467154044	1.55674786232576	81.0527730078052
420.336267767618	299.002289158191	1.55766867371581	81.1656379920593
420.342742945805	299.502188974865	1.55836537386099	81.2685053967562
420.349103422628	300.002179573554	1.55828918561303	81.3630942386616
420.355583980738	300.502166777354	1.55765854267872	81.4534011025365
420.36236811246	301.002038384062	1.55733131163375	81.5301843801141
420.368991209474	301.501796621721	1.55789271302878	81.5802580395582
420.375184646936	302.001556316352	1.55897854449316	81.6017759836428
420.380831870249	302.501429636762	1.55966637498818	81.6117101771028
420.3863655991	303.001398221898	1.55969590028858	81.6308564006098
420.391849062645	303.501336894413	1.5598423256275	81.6665171335027
420.397100707121	304.001171021189	1.56082006113976	81.7082628962206
420.401668864195	304.500962294399	1.56224385959647	81.7463136942916
420.405656454224	305.000808992819	1.56320506283746	81.7820297559481
420.409329722721	305.500739975093	1.5633880876229	81.8198838073068
420.41307435113	306.000721067878	1.56317288497874	81.8548121209329
420.41688999874	306.500721624909	1.5629905363735	81.8789109023934
420.420794359923	307.00073877992	1.56291859580896	81.8944453850454
420.424716089371	307.50077775079	1.5627166898737	81.9150573720278
420.42886026895	308.000823292823	1.56209712188329	81.9503708189037
420.433375480864	308.500838032682	1.56108978062483	81.9937231216262
420.438367925067	309.000786061318	1.56030608151586	82.0277373285039
420.443456712259	309.500667081651	1.56059321678406	82.0461035839816
420.448089430439	310.00052066965	1.56216458525404	82.0639856422724
420.45177915053	310.500399559324	1.56419497127973	82.1023816952045
420.45465788015	311.00033431009	1.5654625887952	82.1632615024913
420.457242898644	311.500321877853	1.5653494827772	82.2242263317532
420.460167501685	312.000334236783	1.56426489711989	82.2577158727174
420.463634161477	312.500340458651	1.56315383564736	82.2564492252617
420.467525637581	313.000325110366	1.56258217071526	82.2388484140266
420.471564904932	313.500289732092	1.56242730632698	82.2293565662002
420.475627576506	314.000240730382	1.56249484196481	82.2385183254761
420.479539201449	314.500185506937	1.56299321959486	82.2636436949784
420.483058195879	315.000134067978	1.56409929735544	82.2991159165508
420.4859668273	315.500095614861	1.56540483542214	82.3379114130513
420.48837564894	316.000071753925	1.56616484580237	82.3683537184456
420.490655934347	316.500057077521	1.56598047833898	82.3777690962426
420.493218957272	317.000043927071	1.56511448084507	82.3619139446639
420.496220175329	317.500026699229	1.56422817879358	82.3296529215007
420.499532229646	318.000003594598	1.56385196253557	82.2988937894135
420.502882426565	318.499976513336	1.56405003870286	82.286385323971
420.506064942358	318.999949909479	1.56451254806142	82.2986963595749
420.509044160935	319.499927877576	1.56486731724848	82.3295924277618
420.511914963977	319.999909202652	1.56490703934813	82.3659000833535
420.514840679662	320.499886082459	1.56465641844559	82.3970738302204
420.517914398317	320.999853641719	1.56433127729553	82.420806737747
420.521134883858	321.499820392422	1.56416750470698	82.4389589405178
420.524385630567	321.999800616239	1.56418871923132	82.4485850511126
420.527626297005	322.499793865829	1.56417693172449	82.4378804032068
420.530889708475	322.999784723682	1.56395942127549	82.3946061287842
420.534280187089	323.499763422964	1.56369288001058	82.3220304471152
420.537717627473	323.999738046723	1.56375089616322	82.2445619236927
420.541017812221	324.499725436359	1.56433008930646	82.1925573746383
420.543918788375	324.999735033686	1.56523347567541	82.1805623440531
420.546391630179	325.499759706943	1.56603636704486	82.1988811709044
420.548530767792	325.999781807876	1.56648482523079	82.2218196573679
420.550555874383	326.4997867437	1.56669739671047	82.2242965097678
420.55249360251	326.999773310081	1.56694317429439	82.1968863917884
420.55433636787	327.499753292098	1.56731370752056	82.1511747969917
420.55597798642	327.999741281726	1.56768231596814	82.1087183680382
420.557478456567	328.499745060948	1.56790989640488	82.0802603061809
420.558859767402	328.999765903188	1.56800483859638	82.0547548837025
420.560232135433	329.49980067837	1.56804644926782	82.0116403065375
420.561587693524	329.999836861791	1.5679919818252	81.9422461330367
420.563062307319	330.499849746753	1.56767808144506	81.8605826343212
420.564730028001	330.999814264152	1.56708645263833	81.7964588015279
420.566724348342	331.499725333445	1.56641848831625	81.7779835204301
420.56898691901	331.999608221068	1.56579360199573	81.8108632851839
420.571580906901	332.49950738476	1.56515090331694	81.8697587569878
420.574456445992	332.999458425243	1.5646231830462	81.91458567874
420.577534940831	333.499469858609	1.56462500994097	81.923901208388
420.580430478696	333.999531028324	1.56531334250085	81.9058110938146
420.582950824813	334.49961985178	1.56623564068166	81.8741301218077
420.585057496074	334.999698284363	1.56677831998778	81.8266459328607
420.587056301778	335.499724612316	1.56681688607924	81.7592209512843
420.589025185165	335.999697969401	1.56678165641602	81.6852975851968
420.590949626676	336.499674469135	1.56714938747948	81.628144274382
420.592522367912	336.999708005734	1.56799487371446	81.5976812652914
420.593668500773	337.499785777128	1.56896553735231	81.5864432285828
420.594366144377	337.999847371376	1.56960192133308	81.579903818924
420.594927604977	338.499854359811	1.56969237600406	81.5659769892408
420.595522204906	338.999819061693	1.56936250937834	81.5351048530593
420.596382678926	339.499776037219	1.56885718340223	81.4814926938383
420.597485001039	339.999737326379	1.56827462544431	81.4059482611489
420.598959535879	340.49968873543	1.56758796000646	81.320309930677
420.600736734058	340.999633092187	1.56697528107959	81.2427288904064
420.602752442247	341.499614535033	1.56687455017802	81.1877542999842
420.60457712808	341.999672166022	1.56752067028066	81.1570431623646
420.605990056416	342.49978658696	1.56856458489897	81.1423243690495
420.606862994777	342.999897357159	1.56934984801597	81.1315024179358
420.607542451693	343.499955219785	1.56944261741577	81.1152893334801
420.60829898254	343.999935441585	1.56883705641671	81.0893081242574
420.609506174412	344.499835662214	1.5678844464369	81.0580109432165
420.611111481592	344.999691325455	1.56717111747114	81.0324091265143
420.612962593247	345.499575405261	1.56721001914535	81.0239755710183
420.614563479457	345.99954274872	1.56800164502024	81.0342629792837
420.615756458937	346.499586159635	1.56899767486061	81.0531121605374
420.616473183966	346.999667948846	1.56968085394849	81.0627968305286
420.61699697068	347.499762453453	1.56998437101975	81.0504969135715
420.617387506297	347.999839044575	1.56999091802143	81.015425176593
420.617910392615	348.499857475787	1.56962528707182	80.9698422603675
420.618635187852	348.999827528977	1.5689956216967	80.9289106386707
420.619672112282	349.499827580249	1.56863970491943	80.9026431270118
420.620651900491	349.9998996061	1.56898087825197	80.8917452467691
420.621393387816	350.499966872622	1.56966148275559	80.8934731469947
420.621851164464	350.999918451997	1.56976702911205	80.9022622536977
420.62258693198	351.499757747109	1.56880066784482	80.9085023064509
420.62390761287	351.999619474006	1.56744186031918	80.8978896276097
420.625766976591	352.499652171566	1.56710011411847	80.863548942426
420.627332645825	352.999873490241	1.56838641469234	80.81243659402
420.628079715557	353.50014241459	1.57036256953123	80.7592094706105
420.627910089949	354.000304328433	1.57163910107918	80.7095740434515
420.627461843247	354.500323604604	1.57170330948722	80.6586963334961
420.627162191762	355.00022860595	1.57090938320544	80.6004299061197
420.627429336239	355.500029547415	1.56975785639466	80.5426229624884
420.628228093112	355.999758507071	1.56865952807357	80.5051817892183
420.629536921904	356.499532710425	1.56800666261871	80.5040478393132
420.630930905062	356.999486634042	1.56804752155163	80.5316235941798
420.632182604267	357.499647938546	1.56868206997881	80.560620999194
420.632982802729	357.999905995873	1.5694910398008	80.5620398870461
420.633495966133	358.500099186387	1.57000561325194	80.5270561169863
420.633837719336	359.000131393251	1.56997489256235	80.4680633780837
420.634403552548	359.500026520172	1.56945427627395	80.4051002410513
420.635241947658	359.999884183805	1.56879645380091	80.3482569682579
420.636414004605	360.499799982022	1.56848791189162	80.2996493482844
420.637531609425	360.999809502498	1.56879441450905	80.2593851637567
420.638424106291	361.499889231338	1.5695569996665	80.2291893724366
420.638822819144	361.999993913691	1.57043310015273	80.2063239323393
420.63886176002	362.50008650869	1.57119671345768	80.1860430162139
420.638505646382	363.0001330645	1.57175463382238	80.1663391022443
420.637996484298	363.50011879509	1.57206101982985	80.1550444121857
420.637326698822	364.000089159197	1.57215514266036	80.1606638285235
420.636696330741	364.500130021955	1.57211594749277	80.1789842113155
420.63606057685	365.000249925124	1.57183701972487	80.1869006175438
420.635731484045	365.500340747535	1.57105790399472	80.1626175096198
420.63583681316	366.000306432686	1.56992141649111	80.1060972200714
420.636501566281	366.500188600412	1.56920075898321	80.0434206832854
420.637210132608	367.000106301652	1.56952613112873	80.0034222757729
420.637584157772	367.500121301803	1.57065517271895	79.9952046263011
420.637304683774	368.00019152372	1.5717626999203	80.0019301026742
420.636693964257	368.500239714986	1.57221978851579	80.0022683949463
420.635983771788	369.000232346486	1.57203370873297	79.9881839053748
420.635494330184	369.500207434506	1.57172393428474	79.9670381292602
420.635007976565	370.000233735016	1.57186398499598	79.9463743650745
420.634347422089	370.500348213963	1.57264145744041	79.9275105750394
420.633148618494	371.000508807171	1.5736801764213	79.9046082505234
420.631583041995	371.500617121509	1.57424716161157	79.8719093685236
420.629928063133	372.000595088602	1.57379337937475	79.8269270553276
420.628802280192	372.500452301201	1.57245136890794	79.775289034504
420.62834284037	373.000269940739	1.57104025831115	79.7266006200516
420.628457693154	373.500139633118	1.57047086084205	79.6896383874454
420.628525793207	374.000096001399	1.57095531496089	79.6657498867221
420.628279661541	374.500106939052	1.57181676511469	79.6516627211425
420.627630099719	375.00012712795	1.57223632166683	79.6409863739187
420.626967323417	375.500155479152	1.57209871140406	79.6280658726494
420.626325842334	376.000219729292	1.57199361417853	79.6086317915394
420.625658558757	376.500326726888	1.57245586486662	79.584723120208
420.624601974606	377.000433936202	1.57326455321018	79.5612805265555
420.62329302292	377.5004799273	1.5736073510083	79.5405698987097
420.621986596503	378.000439317293	1.57307320518293	79.5178898207203
420.621102976287	378.500354367325	1.57226961148925	79.4909849364522
420.620413698172	379.00030139348	1.57217272030287	79.4653801728203
420.619568971745	379.500334604097	1.57307091820601	79.4514131266489
420.618102713479	380.000438637326	1.57434290232637	79.4528150372576
420.616166215911	380.500538560457	1.5750730670349	79.4650415599224
420.614059426977	381.00055494243	1.57479160248023	79.4792327784822
420.612337554842	381.500459609404	1.57374972998968	79.4919063747962
420.611128760665	382.000281031297	1.57256982995805	79.5077368153545
420.610474180052	382.500093445091	1.57175846141544	79.5370799853307
420.610037922094	382.99999031218	1.57152610814245	79.5838734171095
420.609629419253	383.500032697214	1.57182949110453	79.6379523504235
420.608948520446	384.000179229726	1.57234514481779	79.6783982002919
420.608116159782	384.500296635035	1.57253192669846	79.6924758133486
420.607309435088	385.000276397028	1.57203136715989	79.6868205117668
420.606943027239	385.500133938702	1.57102688970234	79.6818524112951
420.607034723375	385.999974603548	1.57011637312385	79.6927237151969
420.607466516775	386.499904032776	1.5699269735644	79.7204393470868
420.607690781108	386.999971242624	1.57075781079884	79.7545753634316
420.607322733319	387.50015953852	1.57242336314175	79.7852714764562
420.605987880425	388.000396912991	1.57435546090401	79.8103424394198
420.603821175756	388.500590448623	1.57586068390581	79.8365701243971
420.601086776802	389.000673598371	1.57640312524646	79.8696069491856
420.598392749981	389.500645514241	1.57589839294758	79.9043186021308
420.596069033992	390.000561378372	1.57488565024282	79.9232727158692
420.594246706899	390.500490471499	1.57424666718177	79.9116486274327
420.592533001701	391.000458458706	1.57441234112589	79.8711898352302
420.590688400348	391.500434378867	1.57492147997698	79.821263417869
420.588646006416	392.000373494225	1.57496777336156	79.7830833391931
420.586783165007	392.500281189167	1.57431493568342	79.7648863518436
420.585235179881	393.000220981703	1.57361346454745	79.759358944972
420.583868979569	393.50026249287	1.57380424549497	79.7571095940198
420.582087567109	394.000398708594	1.57507198511269	79.7568830519486
420.579629389048	394.500528426927	1.57648779515066	79.7630152749869
420.576665392178	395.000544013362	1.57684740962317	79.7765462977925
420.573921467626	395.500432366871	1.57576453281587	79.7957617324286
420.57191088453	396.000268448166	1.57390293369949	79.8182766757361
420.570817706103	396.500144518418	1.57233396685975	79.8399757939965
420.57025123147	397.000102712306	1.57170241911602	79.8562341211454
420.569806088905	397.500124984214	1.57190189334599	79.8699410295426
420.569113836611	398.000177181	1.57246265552393	79.8903114642523
420.568135744316	398.500248013772	1.57307502317906	79.919921491559
420.566815158527	399.000326344076	1.57367110998031	79.9485044793385
420.565231772389	399.500378240352	1.57425003621853	79.9682263553741
420.563347795334	400.00037308079	1.5748176876372	79.9883608668336
420.561226361129	400.50032082055	1.57536945096047	80.0278120116275
420.558851520708	401.000257331754	1.57576899735943	80.0930127296105
420.556410899179	401.500209472117	1.57576231583348	80.1681442544062
420.554098934663	402.000178714132	1.57519614820465	80.2259169937423
420.55220714622	402.500156813464	1.57420888958897	80.2476143300958
420.550798415218	403.000144408844	1.57318948591933	80.2314960848074
420.549815251755	403.500155578087	1.5725783973626	80.1847880660642
420.548931789375	404.000200973571	1.57269044573302	80.1141206733254
420.547807770457	404.500275355564	1.57364316141653	80.0279007944353
420.546017543143	405.000359650831	1.5753468421065	79.9406804976571
420.543311707683	405.500430103096	1.5774618300887	79.86802625099
420.539592429344	406.000458916505	1.57935926192463	79.8173902670099
420.535171130263	406.500428217579	1.58031393016101	79.787379492438
420.530579927411	407.00034755162	1.57995343983537	79.77434863653
420.52644935308	407.500250616662	1.57851440274304	79.777138133111
420.523150318325	408.000166270842	1.57658188318731	79.7951028496842
420.520813868091	408.500105881832	1.57470168548959	79.8238540554057
420.519297246399	409.000068481779	1.57327207375354	79.85562239061
420.518325803802	409.500049860916	1.57254633644611	79.8838765878879
420.517520606617	410.000044080449	1.57253120784876	79.9049254380024
420.516590247741	410.500045445677	1.57302018652582	79.9141242119712
420.51530934151	411.000052238259	1.57389234902116	79.9067717349391
420.513489845418	411.500064902824	1.57522247270739	79.8871894172322
420.510910001545	412.000075235419	1.57690963292622	79.8720395312251
420.507536611445	412.500067190744	1.57838632563262	79.8764713748888
420.503657553058	413.000036076033	1.57893013600189	79.8973603845549
420.499822652404	413.499998334526	1.57830721629615	79.9140849014852
420.496476211855	413.999971204605	1.57712044096984	79.9071769107115
420.493639367108	414.499953252361	1.57633921372474	79.8752823488256
420.490989481232	414.999932975404	1.57628120928402	79.8329280511363
420.488288986247	415.49990752968	1.57632177320896	79.7912723901578
420.485679491027	415.999886832986	1.57582116810177	79.7482119173242
420.483403377827	416.49987820653	1.57500528367454	79.7013450708441
420.481455635101	416.999874428154	1.57462659307043	79.6605995339127
420.479495479902	417.499860283561	1.57506320942578	79.6376669170922
420.477177935694	417.999825898554	1.57606864565069	79.6288386483468
420.474325859149	418.499772979661	1.5771117288279	79.6168653395731
420.471064387103	418.99971910041	1.57770970114276	79.5899434224147
420.467668476435	419.49969100604	1.57763645964873	79.5553059497985
420.464490766678	419.999703096689	1.57702504574509	79.5319890932603
420.46167884377	420.499736072223	1.57627394767821	79.5286843922552
420.459195899373	420.999751223606	1.57582734239747	79.5317613747495
420.456744371994	421.499721411378	1.57597206809311	79.5175400825626
420.454034937495	421.999646867663	1.57672495463675	79.4707656164056
420.450792651465	422.499546786726	1.57783318126577	79.3891053812929
420.447019844896	422.999450531242	1.57881849465922	79.2794549219045
420.442892623009	423.499387406105	1.5791629118665	79.1586026918648
420.438858007867	423.999376870773	1.5786668874603	79.0517623081619
420.435223377316	424.499411803743	1.57765929807675	78.9805245250163
420.432133952497	424.999459771628	1.57676943725953	78.9474936355566
420.429322116044	425.499479672788	1.57648715920816	78.9345077393439
420.426497342573	425.999450714499	1.57686611487152	78.916767293664
420.423337858528	426.499378627145	1.57757647209518	78.8821647186055
420.419850642879	426.999283835399	1.57823693003443	78.8364560858689
420.416062541646	427.499184501186	1.57865523479207	78.79233033405
420.412190338436	427.999102266861	1.57876217981602	78.7564482013412
420.408312583594	428.499052335245	1.57857717734344	78.7294035199501
420.40458397494	428.99901724005	1.57835830032914	78.7074611268686
420.400821544349	429.498946429076	1.57851240768136	78.6800829746716
420.396875705146	429.998832012492	1.57907626259108	78.630393155675
420.392564953738	430.498740157328	1.57955398508524	78.5498357830469
420.388145748219	430.998728972313	1.57957960146429	78.4474732942437
420.383726742311	431.498752152094	1.57940588468224	78.3417640652886
420.37941428774	431.998722218078	1.57940007645036	78.2402476044553
420.375011433983	432.498619471363	1.57952357273089	78.1349087171862
420.370599074492	432.998493152434	1.57960141910935	78.0132528523795
420.366063430061	433.498374002492	1.57977950789828	77.8768375063379
420.361413158857	433.998261736145	1.58028831886638	77.7426591342245
420.356388550403	434.498161689056	1.58101659640452	77.6306612177497
420.351094453761	434.998109576278	1.58160622328478	77.5469112312011
420.34553188092	435.498127353367	1.58180634514765	77.4851592977433
420.34004987471	435.99818536947	1.58148843403269	77.4320819600676
420.334767470058	436.498199723641	1.58065099676896	77.3744449565277
420.330014582994	436.998110681221	1.57966522295057	77.3003893916897
420.325529857728	437.497932798284	1.57931559742754	77.2090539543461
420.320989704001	437.997738020976	1.58013781499176	77.1083194605869
420.315685243567	438.497583264965	1.58181981756832	77.0074109170702
420.309563334216	438.997492508153	1.58342822869993	76.9036613139266
420.30268301993	439.497444029092	1.58428130005434	76.789197435752
420.295613998194	439.99737770313	1.58447431079847	76.6564970083795
420.288362444885	440.497218225186	1.58459818412393	76.5067192659947
420.281078191837	440.996973960019	1.58480205314651	76.3448732543389
420.273630913683	441.496754002901	1.58457104083922	76.1845354919247
420.26657176982	441.996668393426	1.58360766430877	76.0411167728689
420.259948920812	442.496695302293	1.58255554045621	75.930303541699
420.253810952453	442.996735139911	1.58222832968146	75.8531464662706
