353.747546654113	490.502940671463	-1.55910922001165	62.326861535664
353.741550290766	491.002486793786	-1.56017326279129	62.3560130900351
353.735930874264	491.502259362539	-1.56002791702194	62.3857307077475
353.729890092887	492.002278666467	-1.55906953740697	62.4221690593859
353.723417147289	492.502404978376	-1.55805917074255	62.4633810433259
353.71652510446	493.002412264778	-1.5578707306282	62.4963518175824
353.710021723757	493.502175994482	-1.55898303581724	62.5130520798965
353.70430622155	494.001808398375	-1.56092520955333	62.5173093192735
353.699645535696	494.501592892251	-1.56235862698223	62.5288714714467
353.695245930181	495.001713115754	-1.56221673516199	62.5661112626761
353.690424586066	495.502082501387	-1.56057186407199	62.6327455833453
353.684489933545	496.002448795489	-1.55842192484822	62.7099896237604
353.677631303389	496.5025843353	-1.55665614491489	62.7709540146836
353.669968474023	497.002222548248	-1.55531555735369	62.7761606882845
353.661896638502	497.50075683912	-1.55444981708577	62.6280798611269
353.654457584505	497.996911483397	-1.55964100160047	62.0846956896073
353.655680089368	498.488074513486	-1.59457384038283	60.7608321323743
353.691720445133	498.964593969934	-1.71194455254575	58.4135038470669
354.246007809831	458.503466241058	-1.55433484832532	63.1112506696863
354.236673079437	459.003319419443	-1.55376721558952	63.004484352924
354.227144398843	459.503230620358	-1.55367809366639	62.9221779881064
354.217967581068	460.00313439492	-1.55430786853136	62.8708586578513
354.209310023258	460.502916890793	-1.5556143866078	62.8511080666987
354.201602361692	461.002629242646	-1.55692536523076	62.8381990681562
354.194362607591	461.50244755837	-1.55728807598141	62.8187638042879
354.187215644916	462.002423575048	-1.55671986832868	62.7864888282279
354.179747965052	462.502370782898	-1.55641327065197	62.756310318733
354.17259157627	463.002124014474	-1.55739590926956	62.729062800174
354.16617050768	463.501749421343	-1.5591874221529	62.7059393816652
354.160724160505	464.001451736847	-1.5604328463667	62.6721544391808
354.155516726065	464.501372271861	-1.56015530924498	62.6228027595381
354.149898396828	465.001539420379	-1.55836005498618	62.547330166212
354.143083000434	465.501879926754	-1.55563519615435	62.455526922317
354.134966798093	466.002229484558	-1.55284919534721	62.3559147743287
354.125592137312	466.50238476689	-1.55081783336749	62.2691435485738
354.115671797051	467.002250077605	-1.55030472482626	62.2001598573386
354.105921367996	467.501894356775	-1.55160007805638	62.1606964112551
354.097249437318	468.001475702057	-1.55428199494863	62.1474978784187
354.08992792548	468.501119011949	-1.5570877348532	62.1598092496852
354.08378813284	469.000885873231	-1.5586860653275	62.1758392213829
354.077971294285	469.500783627915	-1.55834763581861	62.1834616856076
354.071670601034	470.00078379978	-1.5563237046921	62.1685264957529
354.064191961927	470.500826698366	-1.55345975312387	62.1415919310843
354.055443264767	471.000843067404	-1.5508085501516	62.1105219824885
354.045642686016	471.500778238706	-1.54914822930349	62.0942858700353
354.035437518433	472.0006223472	-1.54901370456215	62.0909455211836
354.0255233875	472.50041816575	-1.55035051700703	62.0970759591623
354.016499584931	473.0002335059	-1.55243940195546	62.0911109691729
354.008433215135	473.500102232239	-1.55412393439498	62.0691150242687
354.001017409319	474.000011104532	-1.55506301671307	62.0275178110008
353.993980370828	474.499939185946	-1.55575535646754	61.9798290322215
353.987263983752	474.999879263525	-1.55635370042778	61.925438488975
353.980636131023	475.499810791913	-1.55598579322736	61.8746301577039
353.973521138724	475.999701852875	-1.55449065488907	61.8297393052888
353.965692409577	476.499564117976	-1.55331092792657	61.8044950135722
353.957652667028	476.999458849625	-1.55393938847511	61.7940265314409
353.950224139071	477.499406097251	-1.5557600099983	61.799119082056
353.943469449838	477.999327310594	-1.55675189970314	61.8084296348901
353.936688082312	478.4991399765	-1.55563349256296	61.8229916678941
353.928947152633	478.998874416339	-1.55326806992671	61.8297968476832
353.920200095313	479.49868013024	-1.55172569684601	61.8231349745188
353.91112896618	479.998666387535	-1.55227624028465	61.792034420263
353.902701477263	480.498739974295	-1.55412467577395	61.7573432194705
353.89509351346	480.998696538367	-1.55579684633635	61.7461659441751
353.888102281141	481.498491936881	-1.55657664357901	61.7891735990958
353.881208189434	481.998286727832	-1.55669667431279	61.8710176360349
353.874310579982	482.498254415865	-1.55661241676795	61.9514130213624
353.867253474933	482.998384896855	-1.55653555548951	61.9764295494171
353.860137496007	483.498483594741	-1.55625573350898	61.9419564889207
353.852703852411	483.998340025889	-1.55568818495591	61.8830919459697
353.84498688732	484.49792943007	-1.55497685512388	61.8626633987004
353.836824831809	484.99743833547	-1.55440349416686	61.9054993885631
353.828495244167	485.497138422444	-1.55423859720521	62.0032403053953
353.820076090304	485.997189235792	-1.55470986028297	62.1102474996564
353.812025535539	486.49752783685	-1.5556139544532	62.1915709009121
353.8042527253	486.997882103348	-1.55639635502078	62.2220201774888
353.796738315642	487.49795303959	-1.5564931992041	62.2116316958528
353.788876682489	487.997619792623	-1.55584733920423	62.179454039827
353.780579762902	488.497041463765	-1.55492659372394	62.1582103121845
353.771685243875	488.996525552716	-1.55455230106674	62.1595875718084
353.762895349646	489.496325458224	-1.55532694604721	62.1859926797954
353.754622162116	489.996491357988	-1.5571493500774	62.217875673379
353.916919717599	499.545826342175	-2.12390626784471	54.3026234003243
354.135083398014	499.873346599749	-2.35038011019476	52.9790139394149
354.748281087237	412.003337387049	-1.55682673247897	64.5684532248182
354.74067951838	412.503273294221	-1.55660952571927	64.5756918577592
354.733430623069	413.002888001469	-1.55826439044082	64.5813701622686
354.727417460573	413.50237645561	-1.56046733745517	64.6065608291989
354.722248967026	414.001989936779	-1.56166176034396	64.6692395452409
354.717395802325	414.501872011175	-1.56127906872456	64.7714895127581
354.71193038507	415.002012255355	-1.55981413173544	64.8916150660304
354.70571193365	415.502305848135	-1.55804482968551	65.0028505026595
354.698570491338	416.002607663235	-1.55653812319574	65.0861544152449
354.690945208959	416.502766201373	-1.55567712775784	65.139399252226
354.683124568884	417.002654149226	-1.55595443746047	65.1678562070657
354.675933820243	417.502270230453	-1.55759885428886	65.1805623655794
354.66972962477	418.001810593262	-1.55980052812979	65.18369804105
354.66450546643	418.501568862263	-1.56084268687509	65.1825279421129
354.659228265719	419.001655815896	-1.55982240453569	65.1788972549953
354.653214669172	419.501877106736	-1.55781704380151	65.1750664768343
354.646356330916	420.001952817833	-1.55684712808929	65.1743278588997
354.639604434525	420.501800902196	-1.55791784619903	65.1877290690177
354.633711125221	421.001536098418	-1.5603915055262	65.2297503046308
354.629091975039	421.501317300771	-1.56268783445145	65.3067557461825
354.62516968339	422.001238703072	-1.56337493166184	65.4029798306932
354.621129108561	422.501298324095	-1.56202439538482	65.4850199706379
354.616079465135	423.00139602335	-1.55958468019528	65.5193020609932
354.610034547053	423.501403272731	-1.55776326875592	65.4952183881348
354.603515513982	424.00127448522	-1.55762043160454	65.4316327622951
354.597355113529	424.501090042295	-1.55873909561521	65.365855311717
354.591743371498	425.000970447449	-1.55989981821606	65.3327777627622
354.586511512336	425.500966039815	-1.56028115468802	65.3522213923664
354.581203117009	426.001007852148	-1.56002707075334	65.422270537046
354.575793155561	426.500979467174	-1.55987765114852	65.5186507177961
354.570457435554	427.000843123584	-1.56032747931267	65.6024269922861
354.565530738859	427.500669695459	-1.56114635111913	65.6397689771992
354.561000252061	428.000538128554	-1.56190379496421	65.6212739805463
354.556841792876	428.500464020049	-1.56258379364149	65.5695916586311
354.552985888477	429.000424197439	-1.56326639808536	65.52589574592
354.549425659254	429.500403914472	-1.56366562834195	65.5216515316348
354.545896184618	430.000396021291	-1.5634854039308	65.5564440158521
354.542189410631	430.500385669284	-1.56295973574315	65.6012352274058
354.538255233551	431.000356486201	-1.56271579791015	65.6237066489422
354.53438685226	431.500308075778	-1.56313715182411	65.6142544914224
354.530843623114	432.000256966016	-1.56394034141615	65.5882004306783
354.527646675507	432.500225553103	-1.56425447113209	65.5630523131152
354.524291071874	433.000225961575	-1.56313592328396	65.539698000922
354.520002375467	433.500241026799	-1.56039747758444	65.5103753386154
354.514203111931	434.000219395609	-1.55723584755462	65.4789639069982
354.507163320831	434.500126046422	-1.55559697016241	65.4647023244012
354.499892640236	434.99999815179	-1.5564102802089	65.484448722867
354.493407088591	435.499902278742	-1.55869639419272	65.5313903274514
354.487983122647	435.999853573515	-1.56057378364536	65.5731019334673
354.483105520253	436.499817595186	-1.56089145087793	65.5758496900014
354.478067416417	436.999759918012	-1.55995773422243	65.5326741425727
354.472532040124	437.499676487883	-1.55900103399514	65.4655986906756
354.46678271549	437.999598797007	-1.55908525118375	65.4027710599571
354.461365751402	438.499566171724	-1.56037525001724	65.3552691027596
354.456724790104	438.999578092294	-1.56209417716495	65.3155341718351
354.452758347065	439.499584245767	-1.56314922619065	65.2742161147169
354.449041732941	439.999543279163	-1.56311196110301	65.2305520684322
354.445105951994	440.499467151733	-1.56248758999965	65.184352737529
354.440876070777	440.99938593552	-1.56187892139396	65.1300579981577
354.436324983489	441.499289262747	-1.56123620966236	65.0694060591918
354.431409829901	441.999144869671	-1.56025449343082	65.0201371341329
354.42594686738	442.498970514601	-1.55917902552187	65.0003841381082
354.420142362794	442.998861472079	-1.55884507215229	65.0067750710023
354.414453619409	443.49891438807	-1.55984371893869	65.0156482943553
354.409498373433	443.999104461252	-1.56159120141905	65.0015355760243
354.405212560033	444.499260701513	-1.56259676758511	64.9523214142491
354.401075354903	444.999230481997	-1.56212715557087	64.8719533966089
354.396448667447	445.499029624932	-1.5610704849266	64.7775442561833
354.391464746462	445.99879660071	-1.56067551792862	64.6899947624761
354.386446635931	446.4986409709	-1.56106645823881	64.6255531800434
354.381714380719	446.998570780285	-1.56148330486992	64.5895371600463
354.377011962554	447.498524587787	-1.56127576985759	64.5763721325421
354.372076996892	447.998443930813	-1.56029195870261	64.5703010997712
354.366458028684	448.498329014968	-1.55885134019482	64.5511489953004
354.360218888525	448.998271472531	-1.55784924327531	64.5014610596725
354.353701767176	449.498385008114	-1.55826737939157	64.4180875682532
354.347773216679	449.998640142754	-1.55996973032374	64.3133183541686
354.342616646314	450.498808555385	-1.56143989475808	64.2067662288049
354.337904835298	450.998704320594	-1.56143663098158	64.1099891109885
354.332784335826	451.498408254818	-1.5603397809086	64.0239418595089
354.32717307222	451.998148423754	-1.55943034235	63.9416971018597
354.321190781095	452.498013329625	-1.55921678692157	63.860558873239
354.315223311077	452.997872168041	-1.55906660344596	63.7851688898343
354.308922010217	453.497565169158	-1.5582217610668	63.7269932365708
354.302125768532	453.997165580035	-1.55700336185721	63.6931755946551
354.294773506872	454.496986713984	-1.55672755697429	63.683387439874
354.287822361126	454.997262012954	-1.55833486712369	63.6861369592132
354.281950548673	455.497825432195	-1.56110495734632	63.6867071246976
354.277500605637	455.998244745405	-1.56314308453224	63.6678122969223
354.273448352305	456.498228220984	-1.56297432823632	63.6190821117304
354.268794596286	456.997839329332	-1.56072249841297	63.5369123145098
354.262552148892	457.497366548292	-1.55779482147362	63.4286849596615
354.254968555994	457.997055497669	-1.55557297439771	63.3038895713967
354.443358557641	500.090849730791	-2.53385560282359	53.4700200262981
355.243415352445	379.50272736123	-1.55838946671743	65.7662482959724
355.236380236548	380.002785950704	-1.55786047999399	65.714392138199
355.228870313747	380.502925025187	-1.5567062045499	65.6438687046713
355.220703385139	381.003185433441	-1.55471957779994	65.5351230095532
355.211468141736	381.503429779234	-1.55293950021472	65.3968467515266
355.201881061811	382.003480348559	-1.55267022635742	65.2512645477571
355.192528099036	382.503302655763	-1.55376822544544	65.1368010928289
355.183961778145	383.00303723495	-1.55486798211526	65.0649804974453
355.175646964278	383.502821698446	-1.5547811391052	65.0331586917145
355.16720843553	384.002635138822	-1.55382504918992	65.0152038629309
355.158413843586	384.5023271312	-1.55347411928604	65.0000849966928
355.150062385928	385.001865487977	-1.55484557595542	64.9762670885837
355.142743397207	385.501425720966	-1.55735673643864	64.9454895945904
355.136727510306	386.001224228688	-1.55935484690351	64.8979860403504
355.131200641453	386.501310156061	-1.55951000362761	64.8459189284833
355.125303114501	387.001541178093	-1.55782374015762	64.8033994990291
355.118247611915	387.501693064705	-1.55540269328537	64.7881676094516
355.110261127029	388.001625233776	-1.55390950217958	64.7836398723415
355.102027695069	388.501365298308	-1.55434609509	64.7758525724017
355.094520760629	389.001071719875	-1.55611390627503	64.7514888409356
355.087823606939	389.500893084555	-1.55731257601729	64.7205578878632
355.081391833226	390.00085782786	-1.55673841631682	64.6801430438648
355.074356861773	390.500875764904	-1.55491614916083	64.6337684228264
355.066530773864	391.000863514053	-1.55319471294153	64.575484550151
355.05804384531	391.500811627096	-1.55210086835078	64.520283528931
355.049217536567	392.000732987562	-1.55150306290531	64.4751686425857
355.040175571804	392.500619195449	-1.55122193756933	64.4500084344729
355.031122718333	393.000476901584	-1.55128281358938	64.4308769316968
355.022143629259	393.50033083808	-1.551515016313	64.416127988207
355.013330778357	394.000192261334	-1.55196721992244	64.3997124648675
355.004833911918	394.500064089474	-1.55300121108664	64.3867557535361
354.997027350751	394.999966723928	-1.55494094437483	64.3636046973661
354.990236215738	395.499910806877	-1.55721394973451	64.3326115430525
354.984353249331	395.99986803402	-1.55865587206409	64.297678023025
354.978757546971	396.499797639091	-1.55833413862893	64.2799544025523
354.972612217771	396.999681649856	-1.55650451846494	64.2788465275966
354.965495729383	397.499532654714	-1.55443654025301	64.2940514002641
354.957565507135	397.999377632934	-1.55339270421626	64.3109946308398
354.949398153019	398.499236636667	-1.55351014497074	64.3316554328228
354.941370613145	398.999120839542	-1.5541757478318	64.3498677152544
354.933661453718	399.499047242047	-1.55471922487485	64.3719784894874
354.92610985362	399.999004525602	-1.554875048592	64.3913063193616
354.918569544503	400.498924591325	-1.55456631339703	64.4113071414858
354.910721566896	400.998737003759	-1.5539705834276	64.4222592706165
354.902548970712	401.498479890372	-1.5534929310071	64.4256541531121
354.894166480976	401.998308442838	-1.55380193399638	64.4111027284418
354.886194712101	402.498372682477	-1.55526249610937	64.3815948865059
354.879063900771	402.998639380848	-1.55748283539299	64.3359000305667
354.873026423812	403.498889161972	-1.55931845015527	64.2945824401527
354.86755478851	403.998934246941	-1.55997203087869	64.2703361445691
354.862165001665	404.498790078442	-1.55944438905377	64.2766293259712
354.856221023997	404.998544028885	-1.55811347676183	64.3012418518223
354.849512388145	405.498206262393	-1.55621165575593	64.341964328855
354.841697921484	405.997806438111	-1.55426690314626	64.3936017612346
354.833093686296	406.497521821243	-1.55312491185054	64.4588964567473
354.8240374546	406.997483128535	-1.55313853587655	64.5176976617661
354.815102725763	407.497552605457	-1.55352039400545	64.5603386482987
354.806071489258	407.997475867428	-1.55353579715883	64.5805900469582
354.796995208452	408.49723673863	-1.55358109370998	64.5913017429041
354.787961696518	408.99706044219	-1.55467034646354	64.5898305738355
354.779860648393	409.497134987518	-1.5570132430207	64.5769005801877
354.772982834007	409.997382270002	-1.55966728676806	64.5479600297049
354.767369245547	410.497536087375	-1.56116139067293	64.5187122974619
354.761896208521	410.997389618674	-1.56068253593034	64.4982132893992
354.755773910374	411.496995725211	-1.5587143845871	64.4942331593771
355.028947919642	500.347224850572	-2.98251812761705	57.5248658582147
355.733405532595	338.507269448835	-1.53243281835462	68.4379519178906
355.713894779876	339.006260778377	-1.53542128589805	68.4340694535791
355.696216545628	339.505382155704	-1.5381346129541	68.4330485559858
355.68003934487	340.004574680946	-1.54092587754411	68.4454334789776
355.66565915872	340.503782519913	-1.54439197550647	68.4669462019862
355.653276980183	341.003023252752	-1.54863161110358	68.483589295969
355.643163654703	341.502410582307	-1.55269198984357	68.4859580215711
355.634791335763	342.002013073314	-1.55552103152761	68.46970444026
355.627592468819	342.501775191542	-1.55702093909666	68.4327274719765
355.620975277664	343.001577044753	-1.55798735679374	68.3731694051723
355.614972548383	343.501355258564	-1.55916503549414	68.2997740851285
355.609597295925	344.001135820906	-1.56058954695672	68.2324385307687
355.604906508378	344.500988009624	-1.56165149781863	68.1885398668184
355.600453861977	345.000949051938	-1.5617245885687	68.1676039050417
355.595804207803	345.500994813574	-1.56075464025542	68.1579356167091
355.590498699857	346.00106279417	-1.55937534674869	68.1526314034189
355.584629618343	346.501095911937	-1.55847667448536	68.1583895447801
355.578503481755	347.001062952557	-1.55858724317899	68.1874036094086
355.5726570387	347.500973392017	-1.55944322741969	68.2444893454445
355.567202467799	348.000874855472	-1.56011168793865	68.3200149564418
355.561903066947	348.500815091602	-1.55976151907059	68.3964002500788
355.556224124315	349.000781034612	-1.55867443395503	68.4608983985757
355.550142053429	349.500713049841	-1.55818928634243	68.514399154826
355.54414418395	350.000588569241	-1.55919693547887	68.5663415322549
355.538901970381	350.500449192758	-1.56112526138794	68.6200770194165
355.53456142534	351.000337614178	-1.56280179893521	68.6636217081128
355.530901968618	351.500262078113	-1.56371109339173	68.6781427373038
355.527560461263	352.000214096158	-1.56400954359369	68.655189596318
355.524284637806	352.500187863044	-1.56381966244321	68.6036793384214
355.520771330184	353.000173370351	-1.56308639846619	68.5390876146669
355.516801454636	353.50015175763	-1.56205063295008	68.4664043500217
355.512411018902	354.000111573246	-1.56154429495504	68.3790459550594
355.508100384873	354.500064547665	-1.56237843174526	68.2777484476985
355.504474528073	355.000030346463	-1.56419496915262	68.1835929814963
355.501638672694	355.500011160464	-1.56538183227544	68.1245886672276
355.498906208582	355.999990477156	-1.56459180236452	68.1130032972493
355.495333431008	356.499945945593	-1.5621734102531	68.1385767965224
355.490526346082	356.999869803057	-1.55981332622753	68.1804758503155
355.484887111852	357.499787010961	-1.55889343036312	68.2235318413746
355.479179422955	357.999730915663	-1.55938573272607	68.2639249214949
355.473848693902	358.499701072064	-1.56025888637105	68.3001924915504
355.468884684683	358.999672170196	-1.56075665707476	68.3230283529011
355.464063617111	359.499631718982	-1.56099049975484	68.3163772887109
355.459339429875	359.999583758227	-1.56121916517596	68.2681966266056
355.454619246869	360.499522578797	-1.56113762803719	68.1810264420898
355.449701276429	360.999432623284	-1.56037645117148	68.0741760118839
355.444285657859	361.499314620724	-1.55925203784837	67.9744361841249
355.438429925096	361.999198930617	-1.55853295123556	67.8992012166359
355.432407800834	362.499125943337	-1.55869581082688	67.8435676747049
355.426684842213	362.999117313273	-1.5596498886965	67.7834813314301
355.421470195256	363.499153073286	-1.56090859479643	67.6976396094296
355.416832894076	363.999175882089	-1.56185956245341	67.5906579612234
355.412446948273	364.499121959447	-1.5620358339155	67.4969836735388
355.407991567271	364.998973223534	-1.56136969684245	67.4559311178773
355.403056503768	365.498779204402	-1.56021500979578	67.4773211348165
355.39760755404	365.998624282757	-1.55915317205008	67.5297206029644
355.391704502463	366.498562335596	-1.55865093185895	67.5669872021146
355.385735154566	366.99858535034	-1.55881679203401	67.559774836501
355.379883918942	367.498642702709	-1.55945044434212	67.50410052726
355.374409008031	367.998703114058	-1.56027475206273	67.4104236185911
355.369246131088	368.498772365788	-1.56104662027125	67.2977722080419
355.364457734064	368.998837504595	-1.56156589841779	67.1876252044197
355.35977858421	369.498816674126	-1.56163884312293	67.0963870189205
355.35507940339	369.998627691618	-1.5611777920358	67.0288074346563
355.349980026401	370.49830842329	-1.56036057802619	66.9852859505887
355.344544452066	370.998053540379	-1.55973562963055	66.9632042787795
355.338900035492	371.498081029164	-1.55991889174966	66.9519173873171
355.333656151587	371.998405268202	-1.56100188075636	66.9284625236502
355.328943883883	372.498747119674	-1.5621598490857	66.8731590336905
355.324639078929	372.998771329111	-1.56225958682961	66.7825161056609
355.319879877662	373.49839314101	-1.56088467847004	66.6731324971937
355.314221260117	373.997823580141	-1.55878359399124	66.5668232479245
355.307474851256	374.497369238265	-1.55727634384127	66.4812259274929
355.300368576258	374.99720899897	-1.55712946253343	66.4205130408687
355.293356303919	375.497292152971	-1.55790188758367	66.3772161272992
355.286852831984	375.997450482716	-1.55867909473448	66.333064289325
355.280524098335	376.497571329974	-1.55905497851211	66.2744116313025
355.274411262858	376.997658182827	-1.55928886181594	66.1977175896718
355.268313552894	377.497741308891	-1.55961564361519	66.1127495410817
355.262471156696	377.997791691381	-1.55985725211393	66.0293121667131
355.256509841173	378.497731478484	-1.55962711999545	65.9553654933556
355.250391044995	378.997550161134	-1.5589935848313	65.8905193647836
355.506259967794	500.382826576303	3.14047972557255	60.1359365936338
356.222030494976	331.517747423652	-1.48251569617407	70.1534533708884
356.174665831664	332.013796388095	-1.47867851408423	69.6639347141192
356.128603381997	332.509758210551	-1.47838722775243	69.2631616103034
356.084942245426	333.006031707001	-1.4812949971649	68.9654118574623
356.043896963016	333.502895450111	-1.48525010619497	68.7608428055262
356.005104627133	334.000317306323	-1.48886481129745	68.6110218072244
355.967877254293	334.498078143564	-1.49204568619157	68.496091931847
355.931912822711	334.99604626798	-1.49595626047062	68.3991097922384
355.897450919972	335.494280797021	-1.50094314350388	68.3297711946187
355.864792300017	335.992936799239	-1.50689461110199	68.2911621442065
355.834381700762	336.492134706565	-1.51319780627831	68.2932581813089
355.806195614471	336.991820970748	-1.51936421530453	68.3193270914191
355.780245304616	337.491788598467	-1.52467783496439	68.3497776343656
355.755899744665	337.991797344618	-1.52892713127645	68.3543197440513
355.99700970651	500.366476334215	3.08180016870209	61.6824576332292
356.746013093089	325.528757863891	-1.44545631523414	72.0893722234926
356.684143372176	326.020278598265	-1.45907118573196	72.4666239094167
356.631200033254	326.513526386454	-1.47131439154379	72.758200350335
356.584857263572	327.008226616493	-1.48111174017847	72.9311829400363
356.543068580207	327.503998791829	-1.48754216473254	72.9929578378463
356.503815666509	328.000345781828	-1.49080242588353	72.9621873551007
356.465687708306	328.496963409622	-1.4923539022335	72.844205420926
356.428021475438	328.993887481751	-1.493733145784	72.6301376242418
356.390547815434	329.491226467497	-1.49514174044212	72.3154446048274
356.352924646475	329.988860222635	-1.4954586361863	71.9062441517802
356.314034530296	330.486451411499	-1.49337941951617	71.4098897533009
356.272450464467	330.983691812221	-1.48876617613899	70.8361629992922
356.490305368326	500.332491488873	3.06616417527614	62.2774443566394
357.198053452902	322.52864772896	-1.41693408094773	72.4298715106415
357.120001144529	323.017079513104	-1.410716160998	72.0333080432098
357.044346100645	323.506194442142	-1.40895966849037	71.7473015760749
356.970447687862	323.995962163651	-1.41216408432546	71.5964831696744
356.897861846758	324.486416386598	-1.41939550639164	71.6064643767383
356.826186689173	324.977686115693	-1.43032618456325	71.7511124751031
356.75523768255	325.470043301505	-1.44369017350863	71.9837396530739
356.98511180117	500.292482434384	3.06139575083209	62.346592228793
357.699499573919	319.033328105314	-1.40408542379478	74.1475669397494
357.621174243978	319.519213656173	-1.42170527407588	74.5696508803382
357.552542493409	320.007973077384	-1.43303135798146	74.7902156966169
357.488835330677	320.498364298594	-1.43850196807213	74.7249762164287
357.426075865855	320.989450364362	-1.43893008578223	74.3727529577533
357.360796814801	321.480495788236	-1.43482362740206	73.8047957451748
357.289900808481	321.970945688437	-1.42731373366041	73.1311274949954
357.519560427857	500.244370889624	3.0565354170773	62.136099603879
358.214894047143	316.542504069295	-1.36736700279285	74.2292730637131
358.111039668757	317.022122691485	-1.35346134045126	73.8847483856194
358.010354549211	317.502045286156	-1.35023984756229	73.6647968782253
357.911327737111	317.982977449758	-1.35925809544083	73.5921863038186
357.812887958481	318.465647862906	-1.37781112912993	73.6867784105836
358.016600924588	500.196877098251	3.05093543675137	62.0043734363076
358.689699803714	314.040966309391	-1.35728749454797	75.1225626860528
358.592096255026	314.518800817813	-1.37940923497205	75.5329103002129
358.506186237685	315.001204257773	-1.39272621228714	75.6808114182926
358.423878576295	315.485607369101	-1.3954540838435	75.4860744973542
358.337488528861	315.96950169829	-1.3872988864389	74.9870790684238
358.513132164378	500.149016948759	3.04475430804251	61.8606155643597
359.192344812247	312.047390262686	-1.32124011870415	75.226949965798
359.071773371987	312.517609031243	-1.3104157307628	74.9402611655524
358.955153862711	312.989158790239	-1.31191230085959	74.7682814330981
358.8377599165	313.461964420529	-1.32655001972142	74.7426188517868
359.009151023179	500.100505409594	3.03905757813888	61.720446324566
359.677689214421	310.047455817097	-1.31068683255167	76.1060478237901
359.561615907429	310.515681347564	-1.33260099446821	76.4967863391209
359.456245995694	310.989277666194	-1.34266938412461	76.4638913346406
359.349102227357	311.463826941861	-1.33951427689022	75.9900001980529
359.50471855399	500.051165226152	3.03501568156797	61.6119129827104
360.131811495449	308.539758684005	-1.26586167269035	75.8197001916595
359.995903707471	308.998780292419	-1.26384137203401	75.7336136777076
359.861099786583	309.459848855827	-1.27671000250705	75.7176807361793
360.000130162147	500.001423552627	3.03393883993622	61.5558258680644
360.728207952814	306.572897643841	-1.25591910484361	76.3474671970231
360.586125945745	307.026433486908	-1.27788524532421	76.7532959789109
360.459400808591	307.487863345353	-1.28773024317284	76.7531230211072
360.329218372407	307.9494809977	-1.28321682150035	76.2886499648021
360.495706018363	499.951892755546	3.03599935480667	61.5810873100979
361.090743575831	305.531836742783	-1.2238668937007	76.4431539310974
360.942834982	305.980503933292	-1.22880397400074	76.385846165797
360.790215915177	306.431274461426	-1.24736675094009	76.2815045115367
360.991636761301	499.90325531508	3.04100048844139	61.6919488624177
361.617188714642	304.0432226329	-1.22121785370931	77.1581331209462
361.470584553355	304.48944651718	-1.23420265000641	77.186177468926
361.321178244978	304.936928872349	-1.23378527373421	76.7120246483409
361.487942791093	499.856055493233	3.04753858597335	61.8850225581025
362.198379960854	302.581448246108	-1.17616530698218	77.0558811982891
362.028669898937	303.011521234593	-1.17784280323225	77.1719552323859
361.865793816007	303.44772894071	-1.19070038509732	77.0055322774123
361.984388408465	499.810065672337	3.05398936650141	62.129840714427
362.627006110818	301.554567932809	-1.16661461997484	77.4818044183431
362.462442873437	301.984298037164	-1.17715885130362	77.6000757781096
362.291643304625	302.414656149291	-1.17801208286624	77.1330245607819
362.480530875152	499.764602164225	3.05875846251819	62.4003803129966
363.086940246323	300.54038903754	-1.132103221848	77.5111508912019
362.91264653547	300.960526265247	-1.14192042324103	77.455658658694
363.017443519238	499.716813543508	3.06209699967081	62.8113777874393
363.567219226873	299.532776784483	-1.118952458435	77.8405278494317
363.389962386003	299.947594124983	-1.12789692757909	77.6803166730341
363.514596163867	499.676282456505	3.0647962264377	63.1067840171064
364.073214903616	298.538516647691	-1.07993815588204	77.8650059322388
363.886014194296	298.94188731795	-1.09398583688003	77.7235055509177
364.011437128101	499.638373146184	3.06861742688712	63.335241116351
364.607161499104	297.561031041329	-1.05182216900076	78.105429864519
364.414882671921	297.953193432743	-1.06479210184294	78.0496354006638
364.508260469111	499.603364954308	3.07325165963439	63.4986744849118
365.171136672357	296.605238442136	-1.01853907743698	78.019009927161
364.968535288965	296.981156051002	-1.02942018655686	78.303030674068
364.755208553022	297.358054129665	-1.04336892391581	77.7026177873991
365.005393942585	499.57095933196	3.07757719102414	63.6172999830556
365.54531902907	296.028971964389	-1.00072998235091	78.4496976589813
365.339883618623	296.400320716878	-1.01298284494639	78.0880784275659
365.502949308832	499.540634163492	3.08071670785492	63.7065854343131
366.151187886572	295.105399922398	-0.958505241187198	78.1622895968327
365.940529912278	295.459928699617	-0.973488374428616	78.4421762547405
366.000817516641	499.511529990227	3.08209590753654	63.7599021971714
366.563729939451	294.547120138371	-0.933550940590784	78.4132864523773
366.348701853325	294.891946427378	-0.947958363340921	78.1567027217702
366.498754304755	499.482620635558	3.08125962746677	63.7563666472772
367.227408109816	293.685628825541	-0.887216709465609	77.7009829304896
366.997091008642	293.997707799519	-0.904322814027633	78.4209938006577
366.764946214967	294.321289477678	-0.92106341361858	77.762706259444
366.996490354036	499.452784470591	3.07850207674136	63.678196346959
367.673420619593	293.151231627772	-0.85416559861371	77.8987976057123
367.447945267241	293.456228397317	-0.872824792465311	78.331170396763
367.493927324272	499.421229671232	3.07510271863341	63.5187420146497
368.142801171686	292.633723724703	-0.817351542050642	78.0721215851948
367.915939142653	292.924263209623	-0.837043304656653	78.2541236949591
367.991191147214	499.387798052327	3.07214594608243	63.2830906825253
368.632127435082	292.133193391787	-0.780131368958983	78.2338895578494
368.402366845291	292.405389432821	-0.79955174445454	78.2994363921199
368.488378223494	499.35239445681	3.06935090454429	62.9886708719598
369.136837411619	291.649214257569	-0.740737376987829	78.3094036192035
368.908556009258	291.904286228266	-0.760943153958327	78.4565412284175
368.985384127318	499.314731020559	3.06569626902044	62.6587230496408
369.659754790381	291.189993617907	-0.697635369802051	78.2017439772437
369.433099574829	291.423740376587	-0.718561218062087	78.6315913003471
369.481954679384	499.273768009529	3.06054704590938	62.31400506693
369.972585942768	290.965602390046	-0.671187455790222	78.7251352128568
370.019398527842	499.223696485313	3.05354868584247	61.9204865927471
370.524694551246	290.534260298054	-0.62209339196506	78.6896236213757
370.515599141467	499.175554303649	3.04701086479012	61.6804211180868
371.088316955098	290.135605817643	-0.576345623748403	78.4191056393659
370.876713123988	290.318439427307	-0.595008325862019	78.2340833553076
371.011452253858	499.127159734842	3.04210231346384	61.4785939184453
371.459890994854	289.933900725654	-0.5456122172535	78.6227621894976
371.507019969994	499.07887757817	3.03977744015707	61.3419608347474
372.042928358747	289.580640007033	-0.486959146431832	78.6725300900883
372.002693287287	499.031363783132	3.04000427517289	61.2800094382336
372.450340922705	289.39797910441	-0.452769045099228	78.5477639599669
372.498731209792	498.984712279729	3.0413621311789	61.2975874371287
373.043680924484	289.103130270437	-0.407391183292185	78.4126782127525
372.994927128788	498.938561581245	3.04299989007547	61.3721939854242
373.478392560468	288.942321662483	-0.367344997791799	78.4838824758055
373.490910782354	498.892359020402	3.04482341739226	61.4939594242597
374.068246784128	288.726739622269	-0.292835680208915	78.6538669725464
373.930158525677	288.7833548038	-0.31198884233862	78.4641631833
373.986689759127	498.845707392782	3.04796026954264	61.6575430702998
374.526045476784	288.602324367692	-0.237341121113706	79.2002959211764
374.482737443074	498.798934206625	3.05295558350536	61.8787225852144
375.000694748924	288.503195490991	-0.196509914979035	79.4649114076679
375.019168318805	498.748474063277	3.06017553711148	62.2497896003103
374.979430033187	498.752351844624	3.05961283791404	62.1549130602609
375.48419105229	288.417156004812	-0.17277045758211	79.3788030224809
375.515321103657	498.707050828709	3.06658623355752	62.6378520601064
375.971391127976	288.335171395837	-0.163977101425961	79.0068822251079
376.012413790718	498.669501149861	3.07121756298652	63.0088011494416
376.539211071547	288.23226601201	-0.167588398489046	78.3742602245426
376.510052237522	498.634511454323	3.07343385514493	63.3311993290187
377.023890097779	288.144925623433	-0.174897730496309	78.0709167471455
377.007719885714	498.600770663544	3.07420727320834	63.5960161335839
377.50990320886	288.060901874254	-0.179690991437897	77.8525704718481
377.505240752354	498.567936030273	3.07519209501607	63.801884100314
377.99653977034	287.978462350017	-0.179066370659489	77.7609609106745
378.002756197528	498.536144606842	3.07715304690558	63.9346822816124
378.483517675248	287.896420806715	-0.173613532381349	77.8369617911571
378.500413762469	498.505471535234	3.07879893660929	63.9715816431457
378.970528279238	287.813602715418	-0.163773639686323	78.0729647390504
378.998039153517	498.47487145009	3.077066716542	63.89549403361
379.532328088267	287.716510822573	-0.148739928506886	78.6403353611644
379.494840543907	498.441445081551	3.06693914083436	63.6871211647398
380.021016904263	287.644262760136	-0.136107839609272	79.2011571937053
379.988463242941	498.399079527305	3.03905834512426	63.2840292194315
380.511366481181	287.580496076573	-0.126080225141583	79.6092600106879
380.47236943377	498.335714779743	2.97737115186173	62.5831828187468
381.002996846301	287.521785434723	-0.12044237927318	79.7823489849501
381.056378851757	498.180637128433	2.82627862703744	61.2710187831443
381.495189841838	287.464738163953	-0.120211134877211	79.7061731388314
381.501252364621	498.002662664175	2.67595622212293	60.7757024626644
381.986988627208	287.405895786248	-0.125640881586613	79.4135742277856
382.087601766775	497.612943304213	2.46772851787096	60.9609845912734
381.875112197282	497.80936966132	2.54666767398691	60.5415906892335
382.477446400691	287.34168301364	-0.136375972332102	78.9556414580411
382.616894668672	497.110215982728	2.30552653733824	62.4985781784968
382.39210791445	497.38751175493	2.36499606329504	61.7503072091869
382.965687609296	287.268251611285	-0.151264333557328	78.398472894159
383.077558450171	496.564238245465	2.2444098003583	63.7741095115899
382.859745579287	496.87993673317	2.26335780219346	63.0215774392609
383.52723108231	287.168850506365	-0.170177243797883	77.8895553199073
383.519849749833	496.01595991565	2.23363044011399	64.5037402538485
383.295244142811	496.335500804132	2.23488693395105	63.6714054993369
384.013883564001	287.083832023024	-0.181722696043602	77.6638872903013
384.183594598118	495.15012836305	2.24738597850025	64.5575740247501
383.961913260595	495.469193051516	2.24136344027157	64.8282430832523
384.499851627047	286.999111155885	-0.185581967231228	77.5942802647848
384.627007546397	494.605740825904	2.26015293701722	64.8820090716566
384.407984352225	494.924431455498	2.25268903485481	64.9094793202347
384.985970658343	286.91464148945	-0.18055411045396	77.682758454503
385.081694404113	494.069989886879	2.27717079407264	65.0710427101679
384.859179236402	494.381453604391	2.26785484939838	64.8525335291266
385.473093293277	286.830425196515	-0.167737725428739	77.9156232736906
385.547069110129	493.541706570857	2.29497555641238	65.20675649978
385.317814439633	493.841659496243	2.28538260333866	64.7577515430603
386.033768640745	286.732997334613	-0.148045622580416	78.4154869839128
386.022043575758	493.020228500633	2.31204468727822	65.3345030715988
385.784993694262	493.306590069928	2.30291210488649	64.7119161606313
386.52262880069	286.660907413207	-0.133724075458632	78.9616566181461
386.505559556325	492.505296506552	2.32931491695343	65.3975919868147
386.261296730076	492.777385719814	2.3199599309002	64.721265583701
387.013568672108	286.597354175824	-0.124828787260159	79.4164776360413
386.998988871477	491.998969283998	2.3557308480944	65.0992868862342
387.505369506868	286.538269716542	-0.121508423926936	79.7172590557421
387.512142692468	491.514781664154	2.42652306540218	63.9154900498611
387.997193670438	286.480269970418	-0.122921959857377	79.8186138274589
388.062789246616	491.117235118737	2.63280123537074	61.7155726481322
387.856682816974	491.272237770691	2.54126073253123	62.0174353888308
388.488493390027	286.420403051317	-0.128492985150492	79.6924521892401
388.488598213061	490.9569514432	2.83963689880382	60.6018481458519
388.978761162163	286.355675126306	-0.138034789973308	79.3417054273257
389.00651807832	490.837825220813	3.03530500196762	62.0138285520586
389.467400000264	286.282548486798	-0.150936817987151	78.8189391708975
389.5368983293	490.884321991916	-2.95076299352945	66.4643955649255
390.029303638633	286.183465157311	-0.167369119217901	78.2424495410392
389.988055422118	491.022818229641	-2.69839050021826	70.9054432040803
390.516009509334	286.0991254404	-0.177566545665809	77.9602333501506
390.370267249266	491.20052649386	-2.58378383649368	73.0552731730676
390.578095509665	491.381474361649	-2.55447231976932	74.2495170884462
391.002590463514	286.016016547194	-0.180938860687991	77.8143486572581
390.936435230536	491.588423203995	-2.51944077232053	75.2625282611116
391.156342840335	491.787341387531	-2.50564332837645	75.0815246745563
391.489366029529	285.933521065794	-0.177544782166482	77.8293004533959
391.490410495714	492.012540958442	-2.48986749058607	75.8673129344128
391.97672427907	285.850993232091	-0.1682101197643	77.9655505516323
391.808159100679	492.244163089971	-2.4779752083249	75.2435367535163
392.038068503695	492.452236035422	-2.46994035479374	75.9972717276235
392.464790928342	285.767490074062	-0.156106373176739	78.1764558355134
392.357980461444	492.674522228435	-2.4596216037301	75.6369091639393
392.581448060545	492.901217526759	-2.45201076121355	75.9836355033342
393.025007429681	285.675180357097	-0.144176441178036	78.6520503126386
392.897634234923	493.121951560368	-2.44326000147244	75.9276919497783
393.121295774147	493.357403704965	-2.43651723792468	75.8768912687308
393.514695779993	285.604586636337	-0.138901345650142	78.9389467805749
393.429998353578	493.580918193093	-2.42832501405725	76.0904378162944
393.657967863333	493.820262156731	-2.420219491103	75.6949775787779
394.005184645521	285.537324388665	-0.138221271744282	79.0164436247462
393.955620291386	494.049642872012	-2.41120506671375	76.104808085327
394.189762551216	494.29148928283	-2.40233639387541	75.4761054451105
394.495981773521	285.47059140129	-0.141071977906028	78.786917915246
394.474348832997	494.527702830454	-2.39305753029266	76.0295498521777
394.714730187158	494.772532716416	-2.38420184910886	75.27555822745
394.987003245057	285.401989156892	-0.146273525615275	78.171007051621
394.985950828828	495.014620725901	-2.37552662314617	75.9316622060932
395.23124936655	495.263621295461	-2.36784260617899	75.1692313764726
395.478342318708	285.328865482686	-0.153553699409743	77.1469634734458
395.490831908732	495.509223129631	-2.36074002317916	75.9160737146437
395.738068806681	495.763666818196	-2.35453576799708	75.1862462179714
396.032066630306	285.232886550167	-0.165238006724304	75.4726998991967
395.989958730442	496.009848588561	-2.34873520919906	75.9637957615531
396.235245779138	496.271515542714	-2.34306943283395	75.252513068192
396.519271428861	285.144294433981	-0.176099675421272	74.1623830106186
396.483906123855	496.515477288657	-2.3375548966146	76.0054780087665
396.725677564147	496.785179242615	-2.33181841032158	75.3076942731654
397.007689464484	285.05966170447	-0.181535690255691	72.8299039422322
396.972631338784	497.025783352785	-2.32630831070595	75.9943779307201
397.209830174549	497.304613849625	-2.32008176740688	75.3761714695736
397.497188914883	284.977417476312	-0.178362365225312	71.6301003477073
397.455728021493	497.540729620797	-2.3137500756511	75.9858820734518
397.687542553113	497.829756965296	-2.30628995932034	75.5079788683727
397.987534284393	284.89716537907	-0.166947671151609	70.7048729533749
397.931823261143	498.060959463975	-2.29856979150571	75.9819664293446
398.158069709094	498.360871666122	-2.29051511480913	75.7269766937707
398.478340387608	284.819205896681	-0.150704233583923	70.135364897364
398.399068420266	498.58734083207	-2.28265320262404	76.0010589487732
398.621343288073	498.896435774021	-2.27703331606605	76.0304320545278
399.02824782564	284.734540336852	-0.132101910089438	69.9608483303731
398.857296449774	499.120050083637	-2.27144752887956	76.0034759178539
399.079598915151	499.433823698679	-2.26664419439268	76.3318440367074
399.520176117351	284.669634751175	-0.118767649698663	70.0882053102248
399.306475732852	499.658756835663	-2.26067868341992	75.9307583923224
399.533036881413	499.973257548146	-2.25350261185268	76.4997681927984
400.013087422762	284.6134686123	-0.107413563550333	70.261021785915
399.980343097227	500.515577279866	-2.24193176308948	76.4428855545864
400.207578082655	500.837042979807	-2.23672116939608	75.7742232772547
400.506836014734	284.564473581726	-0.0944491915135593	70.4027441281454
400.421676412421	501.061386050094	-2.2344342884274	76.2017190162018
400.639378269959	501.391331982725	-2.23193640586059	75.9065983661259
401.002046748503	284.523111576697	-0.0769328228776003	70.4924573956466
400.85724850188	501.611130660358	-2.23123294396335	75.8406786941709
401.074763704914	501.942337192784	-2.22756244053956	76.0190459859714
401.499460931036	284.491367944598	-0.0538187554200249	70.5450623458782
401.282966766279	502.165733701119	-2.22343546622091	75.5110050596935
401.508725294056	502.493439585521	-2.21635339664983	76.15051594043
401.738816038701	502.823435932608	-2.20798529838302	75.5327694222199
401.999196402874	284.471878769959	-0.0251038682495869	70.577051996513
401.934849383523	503.047424930747	-2.2008127945542	76.178723259328
402.148675006337	503.393731717749	-2.19127384213629	75.982091842136
402.500382174713	284.46764496731	0.00905284954631679	70.5808763138084
402.346593004747	503.608223164231	-2.18398248250192	75.988507009911
402.557711376471	503.959833592339	-2.17713987490957	76.2500907626174
403.001043171108	284.481823824364	0.0486244457417185	70.5226315667392
402.96520066713	504.523963157921	-2.17282272565032	76.1636103223291
403.178212752039	504.877885896472	-2.17025219723218	75.7132124428175
403.498272076829	284.516202453291	0.0937219481066587	70.3579787407358
403.367185853829	505.090812317107	-2.16872376173126	75.8623709865799
403.575434366802	505.448612563171	-2.16707970527609	76.0313611392288
403.98848409583	284.57290913667	0.144992659129361	70.0453587506603
403.754306036894	505.666800783893	-2.1662939937393	75.4802087821834
403.977701566051	506.015040102509	-2.16398082521691	76.1684099600385
404.190808023252	506.372752477027	-2.15871759018731	75.7983830233341
404.467421081282	284.655269183406	0.202874918810071	69.5743177771753
404.372845793598	506.583724579778	-2.15317846470282	76.0599353956903
404.577747249996	506.949659094808	-2.14629942416198	76.2227030025013
405.052295981128	284.81346790976	0.280281717914776	68.9550107054213
404.96540092062	507.52187393605	-2.1378914440729	76.2361115123816
405.172275131182	507.892484783009	-2.13151254253646	75.8464490507574
405.514383317262	284.956181047838	0.33031853601188	68.9370018242885
405.342371286222	508.097823421397	-2.127860448857	75.8965097064017
405.545251759571	508.472158265737	-2.12292231299821	76.1369584304538
405.961243416852	285.104319994133	0.363557548784546	68.9334692499783
405.919963662594	509.04869199958	-2.1179410401692	76.0566865930195
406.119118909057	509.428215175959	-2.11258436302951	75.9818280780932
406.557598666464	285.36398040317	0.396900335061753	69.0999163822901
406.277697421327	509.632967874392	-2.10779600499536	75.695726174678
406.484451295251	510.009217427435	-2.10190880143299	76.1873520261257
406.685847716692	510.390668670797	-2.09974972730505	75.7338797140827
406.984397253575	285.533678915321	0.426767283608466	69.3481253230079
406.842789338997	510.592453883507	-2.09999596030245	75.7685346848077
407.040456533331	510.976468501838	-2.09687652588129	75.9315089432145
407.391362367876	285.716222838848	0.4625552795002	68.9624214884527
407.581141998419	285.845283825948	0.481783630045384	69.0148622953487
407.396718711193	511.558815953083	-2.08668459107034	75.7429279368679
407.589082198064	511.949919807129	-2.08234061483186	75.7036275939145
407.978586987627	286.038194508833	0.512615893941299	69.1709403087474
407.938892427995	512.53388016757	-2.07990136550232	75.6681511226384
408.131389495048	512.928019178637	-2.07367990185492	75.5672028015222
408.354087850046	286.245854917296	0.537724901210156	68.6898327682249
408.559861526637	286.402105996402	0.55101135301632	69.0980389364897
408.270882878794	513.124109849241	-2.06841129606827	75.3623523265724
408.47093121345	513.51561395565	-2.06148318354975	75.9294278112978
408.661327904093	513.913535450953	-2.06138696721218	75.7312860243679
408.93284228856	286.604090968696	0.575075829098193	69.1560735327107
409.145550854699	286.781818331537	0.591469394682037	68.8092379912823
408.799755323439	514.107270377476	-2.06291610838866	75.6177138231622
408.995703314413	514.50229810829	-2.06449202832325	76.0378275461056
409.189878067595	514.899209410069	-2.059959402288	75.764226598509
409.497458530348	287.003607481861	0.6168866649968	69.3796383031135
409.326390867077	515.091308228617	-2.0553838832228	75.8613108162399
409.515711763564	515.491818335907	-2.04920469887724	76.1959218844764
409.70899366729	515.89206205134	-2.04736938144572	75.7404628638505
409.832176103959	287.226827610805	0.638941549015599	68.8484019115932
410.054127908902	287.429116066788	0.653755672106897	69.3887821610048
409.84025131162	516.08256338798	-2.04798585946561	75.8220026872823
410.027369591903	516.485987208338	-2.04515386904303	75.9841656318854
410.221492807285	516.8879995723	-2.03745461933725	75.56348371328
410.383120543667	287.646956645686	0.67249150152212	69.1717760617956
410.604280388483	287.8726943599	0.686821863578636	69.2499376721583
410.346575198787	517.077001273286	-2.03297195091868	75.7669992850899
410.52906096981	517.485549927832	-2.02859615058207	75.994224812468
410.719163153863	517.891389274945	-2.03067133062483	75.5761178873315
410.920623043359	288.093742059884	0.702379069687571	69.3342273770046
411.146954907636	288.330985292277	0.714868616754127	69.0594705035875
410.842192335541	518.07821100747	-2.03241314598922	75.7157507827101
411.026101974451	518.487138958204	-2.03186934364845	75.973971429365
411.215816686466	518.894948639471	-2.02346790779928	75.6793865615645
411.447894095962	288.558290423294	0.728106591224285	69.3921903734441
411.681191081311	288.802311767069	0.740028628685044	68.8956741709668
411.334935806867	519.0795089873	-2.01787793417807	75.865433134354
411.514133337696	519.493262185619	-2.01142552743489	76.1250348217814
411.69654435315	519.906682939896	-2.01322516578333	75.6787831008881
411.965770804083	289.036433841037	0.752451375746926	69.3867350994601
412.205122203817	289.286703777151	0.763972077399776	68.788710483315
411.813395683333	520.089189090333	-2.01652184513385	75.6150921981542
411.996457415789	520.501686941564	-2.01800139566151	75.8026551056924
412.178114655718	520.916120323607	-2.01082783951036	75.5332345902026
412.47423121244	289.526211966071	0.775804464158398	69.3693998630251
412.716485386838	289.784635187178	0.787764383112082	68.7510114914847
412.291347567902	521.097184910679	-2.00492159680731	75.4993603503984
412.471699369007	521.512962607935	-1.99514095677832	75.8935444893425
412.644097639422	521.934777937804	-1.99342599783744	75.654825294985
412.972702503935	290.026550711832	0.800107645020856	69.359305795524
413.211240867916	290.299342508422	0.812974353734455	68.7964720944832
412.935249628714	522.529192396837	-1.99892768086308	75.5759082359014
413.107634296798	522.952004135872	-1.9941001245926	75.4524608900262
413.459715163501	290.537329675875	0.825476237284725	69.3879820332878
413.691906666692	290.826524749307	0.837781728862957	68.9404267985651
413.393021391524	523.546744014597	-1.97911867073591	75.5472372813353
413.559340771743	523.974179308101	-1.97670346209087	75.6411719971432
413.738510275283	524.396123451116	-1.98213063727041	75.2454732690761
413.934454853913	291.057891871975	0.848374590139127	69.3882590373115
414.160143058222	291.361769079658	0.858800596030091	69.1157794261738
413.838571363059	524.570372573253	-1.98478870181721	75.3926587347658
414.01063222156	524.995409278021	-1.98426283952514	75.6643908832956
414.183292626752	525.422322231313	-1.97304525642826	75.6117173144495
414.397607205032	291.586800125479	0.867098541069815	69.3052875537737
414.618955412135	291.901045511724	0.875471668393453	69.2660479295537
414.278831579633	525.591857325823	-1.96516930336445	75.649681540956
414.448835781121	526.020938873748	-1.95275474554848	76.1614375009224
414.607296051542	526.456216823031	-1.95260428623689	76.0791935742567
414.849594896006	292.12337398161	0.882180548574229	69.1132480907258
415.070984701254	292.442830177371	0.890651542706142	69.3850540426822
414.873563975963	527.052424146888	-1.96647255257195	75.772894804173
415.038151449333	527.484246319704	-1.96788718225997	75.7736377927198
415.209396376548	527.914810150547	-1.9579776711533	75.486118431871
415.287994372509	292.668074137806	0.898580914707295	68.8831209243136
415.515392102221	292.988038353033	0.908472223959807	69.4616021041621
415.299547514663	528.080802701304	-1.95234670096642	75.5522866436962
415.463784072374	528.514550766982	-1.94494013510484	75.8129219747971
415.621165357119	528.94991825595	-1.95428883182914	75.4271570179128
415.950347694754	293.537333549894	0.924227156933974	69.390550349062
416.16828775057	293.875733686996	0.933563959577736	69.0243999313265
415.903423859177	529.546918048732	-2.01033728247879	74.3648445130247
416.084202597396	529.952063513716	-2.07328502998692	73.1377073825011
416.373405890091	294.092487097284	0.939604465628711	69.1407483964138
416.585668283141	294.438408129547	0.947881814729534	69.2125960357212
416.486321035571	530.512281773297	-2.28984210515464	70.6304351595402
416.708825094299	530.754416560258	-2.43006711828485	69.2904759427527
416.779169949059	294.657365492706	0.952524411116331	68.7435808668216
417.000377726452	294.99973517943	0.960186611241669	69.2536540235272
417.221217138503	295.347355751901	0.968303704218079	68.7386897847848
417.024492684337	530.956311346503	-2.6019260231105	69.6349272201632
417.406598472807	295.563713967959	0.974006668190995	69.1510499387106
417.61362510374	295.923513257822	0.979284948802298	69.1208376548406
417.455223786575	531.145253950076	-2.82615142463192	70.7620386194708
417.796305606576	296.13604902373	0.98203564721396	68.816901135508
418.010477737809	296.493097338456	0.986841175190754	69.2631783103117
418.228329418167	296.852224560771	0.995207986391999	68.7304520738052
418.019582074409	531.268793703014	-3.06508478663343	73.3243441651847
418.400490218788	297.063648063272	1.00111676192663	69.1047192919118
418.602869168608	297.435451563856	1.00995018630951	69.0858431900741
418.500268441497	531.280660092022	3.12602206962664	74.6672184841042
418.767566858617	297.644308872464	1.01425069935236	68.6975946105346
418.980636700358	298.011818159007	1.02165894966467	69.2156591250329
419.185201579518	298.388742385007	1.02990121081977	68.9350817817833
418.990438418924	531.261851127253	3.08953826675133	75.2024365661387
419.346036132577	298.59143708715	1.03570955215054	69.0600936803734
419.544322330756	298.973955140766	1.04111675016984	69.3324497994
419.513441003971	531.226310616022	3.07439050927104	75.2036995198959
419.905536464968	299.554987059757	1.04270630604065	69.1692521355911
420.100712623503	299.942025404941	1.04692114993455	69.0977256514468
420.012858289916	531.188404694904	3.06697269800936	75.1048001193015
420.455589544009	300.524973639431	1.05782062031379	69.0943187954305
420.649835565811	300.9171667953	1.06269357540155	68.7998585288094
420.510929066185	531.14896255088	3.06125672823415	74.9332140357769
420.794276240948	301.113218416436	1.06418131684432	68.5848385496997
420.993224080687	301.503662543624	1.07010218986454	68.8958483499785
421.188647737242	301.900007087747	1.08153276387019	68.5959511656703
421.008397466986	531.108423447424	3.05583564082063	74.7296892324416
421.32446434354	302.0918911123	1.08883559157018	68.6660700725668
421.513132714515	302.49321900263	1.09784127705978	68.9899901387336
421.704125738764	302.895283334811	1.09860657857998	68.6442353549276
421.505341656915	531.066526074187	3.05094689786629	74.5515394411227
421.834211209341	303.085015777436	1.09704511569189	68.7046669494876
422.021724493204	303.488940875757	1.0968940768235	68.9297836652875
422.214534984997	303.89239982982	1.10382406158269	68.5797897654881
422.001904429699	531.023556843104	3.04818650203537	74.4555740736909
422.339819543665	304.079619473798	1.10870191522304	68.715361336749
422.522586735768	304.488943477772	1.11576785947695	68.8925781196453
422.710738423858	304.897808685873	1.11635634592845	68.4473265989129
422.49845195333	530.980309876348	3.04868768546058	74.4880214336905
422.831269176953	305.082039488271	1.11485331149659	68.4794624221728
423.015054889743	305.492729892282	1.11611004520872	68.6843624220458
423.201161384715	305.903869402381	1.12473679907057	68.4800599622037
422.995341079889	530.937879819921	3.05234264817447	74.6287857051922
423.317171384668	306.086112542337	1.1316374537159	68.6010789329803
423.495952020234	306.501878381999	1.14138289329403	69.0088861985316
423.671721052095	306.921327277647	1.14416358203523	68.8066875599838
423.49251142656	530.89681169823	3.05682859115503	74.8295784230314
423.780585868769	307.10028632328	1.14308457096313	68.6628323092334
423.962742731135	307.516862425507	1.1425312285368	68.9445787196709
424.135856357129	307.939326286165	1.14841517977752	68.8038221369381
423.989639470946	530.856548898828	3.06062021775727	75.027454195315
424.420653896376	308.534639074866	1.16188505241973	68.9169017829112
424.586747921807	308.962498584239	1.16403390414177	68.7971598183708
424.48678196504	530.816553957167	3.06433931460421	75.2083304816126
424.867958744952	309.557303967001	1.15570348534621	68.4409848754558
425.038449483541	309.983419166419	1.15689938159992	68.4850466157796
425.215366256809	310.40817724035	1.1673485272277	68.2822861793267
424.984326248289	530.776714854197	3.06927845576585	75.3812136148569
425.311991927078	310.579047557395	1.17427833977371	68.4119321876013
425.479163770521	311.008629998368	1.1850862200943	68.7790925621053
425.640308112342	311.442556298529	1.18651391825342	68.6395955786974
425.515154870128	530.735895964284	3.07487007842722	75.7020786266148
425.905713466616	312.038345498724	1.1789127359215	68.5552483932775
426.067840210593	312.472768432131	1.18111814435125	68.5538374698929
426.240858290328	312.905123033158	1.19306135616149	68.3069226827488
426.012741435198	530.701799473946	3.07883390547034	75.9769161611493
426.325406966045	313.068030411149	1.19894829982098	68.4708726757726
426.483593916141	313.506296175622	1.20865272404901	68.6642321116099
426.637898387903	313.947485048442	1.20826120697352	68.366081400727
426.510862859336	530.670157204508	3.08140849193162	76.2394522928624
426.888740587092	314.542823480099	1.1966337662769	68.0907442325502
427.046341647537	314.982259248965	1.19781726722922	68.1043493697306
427.209830532712	315.420572910927	1.2100177867272	68.0172902322283
427.009075243342	530.640153972316	3.08360630010337	76.4840152585947
427.288419740498	315.578627264548	1.21739635931808	68.1256152634897
427.443777186784	316.020569168977	1.23174517816826	68.5739278746922
427.587578352388	316.468323814657	1.23594191517259	68.6055043633269
427.744441023888	316.912228577932	1.22992013210431	68.2568502759242
427.507231367712	530.611701891888	3.0858056910523	76.7201093724996
427.816715432237	317.066147587098	1.22597691877014	68.2878930018067
427.970631723977	317.510513682026	1.22018839991207	68.4061296141239
428.120526655117	317.957354542482	1.22380324574288	68.3881020352265
428.005412019344	530.58450344607	3.0875207666609	76.952394596136
428.349478951239	318.551727203819	1.24101457677133	68.5658226569539
428.492524622191	319.002543148723	1.24799684071085	68.7334963149008
428.633926191925	319.454669057455	1.24499025354076	68.4055196616345
428.503698496003	530.558200078897	3.08821885219052	77.1667650256648
428.859031384758	320.048595391002	1.2297462697268	67.9264083436419
429.007913423314	320.49728961111	1.22818399404518	67.8741235737529
429.156687664282	320.947034125982	1.23935232788001	67.8270641431096
429.002051592255	530.532214525139	3.0880697318778	77.331477382767
429.371418893776	321.541680955071	1.26527979082971	68.2966775322068
429.504343328634	321.998608397354	1.27434762471734	68.6311927266607
429.636483410788	322.456389530419	1.27087920111725	68.5497290634121
429.500400515267	530.506245566963	3.08776654890128	77.4155906890345
429.844025031187	323.050312011925	1.25438712639384	68.3141719627018
429.985769452273	323.504547140228	1.24935844039194	68.3556050535238
430.125364510525	323.960822094601	1.25755847027295	68.2889259880036
429.998729022515	530.480216887987	3.08778290547351	77.4058044313839
430.326314442233	324.551918763606	1.2817403062074	68.4077896081305
430.455243875357	325.013116317422	1.29476140768258	68.604236845629
430.577148178064	325.477625988599	1.29664002424645	68.4325026422848
430.708198800481	325.939748927031	1.28738150034391	67.9445907340611
430.497072233202	530.454117953469	3.08779824345723	77.308910071727
430.758511049631	326.071421937992	1.28256876767471	67.7724702534385
430.899863458612	326.529677026693	1.27053790973059	67.6856634477026
431.03280155944	326.990279693956	1.26901891822059	67.6747145254724
431.167665707005	327.450601671207	1.27945502014762	67.7403184439983
430.995430722422	530.427729962462	3.08706575279082	77.1408977299366
431.353582481678	328.041421094535	1.30377827122469	68.2504310065529
431.472678631785	328.507622608514	1.31474086043015	68.6028594738274
431.587350610467	328.97585307477	1.31503287902311	68.5756255943302
431.711302950684	329.441870851197	1.30524562919934	68.2222150806318
431.493720856843	530.400481632345	3.08523409426042	76.9149613814538
431.756372390732	329.568081083809	1.30090195900491	68.0747601235894
431.890640575307	330.030426197976	1.28896294097537	68.0155218279815
432.016905419876	330.495349750635	1.28689537409442	67.9790972923102
432.143528639648	330.961238389478	1.29674936524439	67.9765322249292
431.991860703999	530.371892990883	3.08275544786443	76.6398124416716
432.316032834366	331.547476967172	1.32023738055128	68.2733273565018
432.43083305975	332.017598291129	1.33327603651489	68.5963411533068
432.537386721251	332.490528908866	1.33616133032685	68.5790562317983
432.647692936001	332.962438339304	1.32847840043857	68.2041345648552
432.489839106922	530.341603602464	3.08033173331547	76.3288939112217
432.813826297037	333.54911676841	1.30702737282289	67.6623916492054
432.939620317545	334.015980764554	1.29578588413683	67.5732481225724
433.061914348578	334.483761206568	1.29739419251295	67.6023597809716
433.186662851365	334.952282828652	1.31363169856338	67.7292894586922
432.987655533838	530.309656100304	3.07796714457955	76.0004937893293
433.345232337884	335.536863987027	1.34307071540533	68.2700442807921
433.448283244853	336.012001684106	1.35775967768809	68.5865236152807
433.545034132875	336.489630105881	1.36035284251774	68.5549183640154
433.645593094365	336.966237856569	1.35184762870479	68.1930993539463
433.485134186667	530.275554399308	3.07465929539815	75.6673265569171
433.79406412871	337.549666991843	1.3321169889524	67.5906456269439
433.911256129904	338.021292825718	1.32159507875097	67.403312250716
434.02383022928	338.494374011562	1.32166001772738	67.3198883077186
434.136282570772	338.96844674836	1.33172708010585	67.3615798421031
434.017123632608	530.234998117079	3.06925702067153	75.2474226375382
434.28264026335	339.547933786468	1.35289523212494	67.6972857064572
434.386226415297	340.024764948169	1.36713700429168	68.153985115039
434.479271720038	340.504474056997	1.37390873532934	68.3791618655856
434.570135531127	340.984957847329	1.37303154290521	68.2721769342988
434.666666257611	341.464349926401	1.36410939070097	67.873048488268
434.514643610268	530.194349314209	3.06311751187063	74.9906349274182
434.805721137274	342.042979226096	1.34598010322321	67.3205586609997
434.915892031066	342.518566415501	1.33620304232071	67.1380935038524
435.022263173839	342.995144006956	1.33686774023118	67.0803664263487
435.127993474083	343.472673228359	1.3474034978907	67.1876919661464
435.23600276766	343.951038057284	1.36613524012103	67.4570622564509
435.011697534734	530.152852175442	3.05749415747603	74.7476904702533
435.261044327494	344.047389059514	1.37073739701134	67.6045198101653
435.357122809619	344.527380496	1.38961281197012	68.1937003540563
435.440433561426	345.011122433274	1.40219272056883	68.6200072497249
435.51788819997	345.496704698602	1.40675341639313	68.7448687125548
435.59584933591	345.982351277715	1.40302311771814	68.543146926103
435.680614481902	346.466492304588	1.39157533591009	68.0882255705483
435.508446827456	530.110600833997	3.05323473272766	74.5480782998909
435.800728632054	347.038817314377	1.37245010777382	67.4908743189082
435.900317277041	347.519468903613	1.3608865446483	67.2394895615011
435.997217754381	348.00054102349	1.35862176840453	67.1126723944071
436.093082989486	348.482135341519	1.36562186053266	67.1387042425477
436.189396975851	348.964506978797	1.38074391608646	67.3028465581264
436.005153553778	530.068144114572	3.05097030554467	74.4039670397258
436.302825091221	349.534366794548	1.40225320844479	67.792214308566
436.382848999695	350.019859101235	1.41569786839368	68.2105601683861
436.455144208904	350.507496902728	1.42220608713482	68.4493683944046
436.524961233627	350.995829994632	1.42213190720283	68.4537656248816
436.596706314897	351.483732344619	1.41678218749473	68.2266940705518
436.674375719318	351.970483511622	1.4076316056618	67.820086394848
436.501935824943	530.025853245198	3.05076850172341	74.3338083345329
436.780702044518	352.538465867108	1.39431257618434	67.2654099092986
436.871453583172	353.02228961889	1.38558061033644	67.0318861836517
436.958946103467	353.506987302778	1.38214349957021	66.9038703536841
437.044782066783	353.992532788726	1.38484164841841	66.9024743258724
437.130273697125	354.47868329778	1.39308931869353	67.0389987732286
437.216708657631	354.965225953357	1.40634090763825	67.2822746721917
436.998820800455	529.984162236445	3.05229325617683	74.3402275861329
437.313192637164	355.527961530547	1.42417785362868	67.8293416863859
437.382577635929	356.017049319776	1.43772135028254	68.2345226443008
437.444141014873	356.507874093948	1.44772211613573	68.4921749007125
437.501352507941	356.999813384326	1.45291644050781	68.5813943991761
437.557443892006	357.492162643919	1.45299181237627	68.507193554134
437.615455317074	357.984320390961	1.44844291703838	68.278059032384
437.678381533644	358.47580687852	1.44020760829511	67.911916878607
437.749212846344	358.966101415342	1.42943310574549	67.4584451659076
437.495736505519	529.943132054637	3.05423791013654	74.430771076397
437.761449667005	359.033949467603	1.42768385291392	67.3561098394734
437.838906403813	359.523126228252	1.41672512250432	67.0672773450813
437.914971638551	360.012292583748	1.40961354991924	66.8585250021543
437.990050107961	360.501437375025	1.40823056608945	66.7810653932936
438.064038130068	360.990877341886	1.41299940536101	66.8450537782992
438.136922256966	361.481015917443	1.422426292454	67.0383087951412
438.209164110507	361.972026302298	1.43466902844544	67.3152686261841
437.992466170514	529.902405898727	3.05614374479494	74.5694050003638
438.288101042514	362.525806193805	1.44896482656785	67.8202723099207
438.347439652927	363.0178496836	1.45986246420953	68.2466797895265
438.399996333707	363.511262630289	1.46853643018602	68.5734532959609
438.447925237335	364.005675636906	1.47461532176514	68.7519410525655
438.493120235593	364.5007333819	1.47792285445151	68.7660797020738
438.537386499969	364.996052617758	1.47875115617434	68.6360247755654
438.582210231208	365.491323992201	1.47751035844171	68.3989495958361
438.628822346445	365.986336714318	1.47436207967982	68.0870304288405
438.678707892571	366.480858715812	1.46902592674301	67.7252673380663
438.733521010705	366.974671555276	1.46162446918732	67.3410487319555
438.488536333462	529.861692837214	3.05813082085295	74.6719103826117
438.802380960021	367.522541163064	1.45227056939939	66.9693914176385
438.86388375261	368.015407625366	1.44549553793034	66.7682006987677
438.924804846537	368.508366473382	1.44160656147107	66.6291072998161
438.984793528631	369.001655950491	1.44171314113601	66.5562129887922
439.043517003517	369.495370686842	1.44575365056407	66.5677023613859
439.100626969503	369.989580193498	1.45306681985377	66.662943848072
439.156006093994	370.484364629488	1.46169111849751	66.833087944966
439.210157066548	370.979770139704	1.47064172229915	67.0401021708472
438.982544417037	529.820500444961	3.05857405268566	74.5267433255084
439.267092074463	371.520293156673	1.48060697823302	67.3996877644273
439.311758730711	372.015555017406	1.48952504482067	67.7232037978969
439.350983342032	372.511768355476	1.49730907220183	68.0427179811634
439.386163822308	373.008706762415	1.50322217475111	68.3425593131734
439.418315580493	373.506069645474	1.50763387542233	68.594496873847
439.448230158406	374.003707991424	1.51125631545639	68.7726088071958
439.476416347297	374.501624043166	1.51386987235972	68.8692954183872
439.503666819156	374.999754404379	1.51485887065152	68.8934783834464
439.530822494077	375.497965222063	1.51444367370588	68.8569952182545
439.558343092676	375.996209272893	1.51385254239676	68.763208167664
439.586139089002	376.494580104212	1.51424233589687	68.6075520177976
439.613767349886	376.993158520135	1.51550337425253	68.3894437756763
439.641250723562	377.491822220083	1.51634810816992	68.124572160224
439.668972366658	377.990369985429	1.51596779444937	67.8433602576043
439.69761676702	378.488786399137	1.51497210533485	67.5779307943348
439.727115188808	378.987300457004	1.51462746426495	67.3457163647376
439.470348215865	529.775751711495	3.04385215900721	73.7760443189789
439.759333349521	379.513565045716	1.51523684784427	67.0904526401446
439.789415449669	380.011435219065	1.51589557470486	66.9765150272706
439.818380699893	380.509668562727	1.51548366454193	66.8727814141901
439.846778322504	381.008107888586	1.5141112905115	66.7594191517877
439.875114836857	381.506518674579	1.51295939864477	66.640103892116
439.90295285697	382.004881870212	1.51325172584753	66.523053220209
439.929891369497	382.503340868663	1.5147961404329	66.4342706562938
439.955562076375	383.002002154514	1.51696499226575	66.3760165643145
439.980004589265	383.500853956518	1.51928232673441	66.3435298785769
440.003192346264	383.999871324504	1.52203258864624	66.3129586476801
440.025018021592	384.499056085121	1.52532608190159	66.2885920344537
440.045292856014	384.998411190563	1.52917270241993	66.2826063213521
440.063826072242	385.497929458048	1.53311359923843	66.3188516441037
440.080716503827	385.997589311021	1.53671924317645	66.3855114165477
440.09615459009	386.497362844871	1.53967881403453	66.4632941661662
440.110470639618	386.997237751864	1.54249021646815	66.5233888726428
440.123447928163	387.497238057994	1.54585202814866	66.5689482147617
440.134849836696	387.997338686355	1.54969133543101	66.6070997286344
440.144525188915	388.49742229127	1.55274500308236	66.6552269620913
440.153221021739	388.997386339268	1.55417520609321	66.7078641895767
440.161486359538	389.497299587715	1.55460971535312	66.7671002597725
440.169630713973	389.997333063948	1.55539518123483	66.8269932000654
440.177123190632	390.497567112587	1.55698104751433	66.8923479524995
440.183832856424	390.997868277639	1.55876929827524	66.9532543066956
440.189702072609	391.498003507831	1.55983355598532	67.0151485745107
440.195443466329	391.997858380598	1.55973355567638	67.0810139327977
440.201440961935	392.497559607248	1.55874832953347	67.1607802787958
440.208147398434	392.997339559367	1.55787779232103	67.2384011286891
440.215021966456	393.497338516831	1.55812905172873	67.3015483218879
440.221623937295	393.997504403215	1.55948248081549	67.3365747663249
440.227409616142	394.497659979762	1.56069299439007	67.3528654187351
440.233004450765	394.99762283979	1.56066805155967	67.3560068910259
440.238870844718	395.497348630643	1.55952699440166	67.3620059050369
440.245650322127	395.996977697239	1.55817368689798	67.3723877528216
440.048945283581	529.680611825142	2.94422326632309	71.590540909447
440.252970898357	396.503088475697	1.55723402648249	67.4740517622344
440.260404063336	397.002886762228	1.55697512423936	67.4926035110093
440.267614267644	397.50256855857	1.55743452440506	67.4917450764123
440.274473476611	398.002315564531	1.55849205385935	67.4744182184881
440.280557785444	398.502204328368	1.55976070183292	67.4646453687769
440.286102748579	399.002178101016	1.56085815027836	67.4898480242207
440.291081902254	399.502156698581	1.56155587342883	67.5645997216844
440.295942781779	400.002134821431	1.56172369412848	67.6756058432871
440.300797764203	400.50218020193	1.56119786503452	67.7977174222717
440.306175786914	401.002310503569	1.56005039431232	67.9109460087418
440.312081908254	401.502425094354	1.55879651757841	68.0145749355699
440.318551622025	402.002377018429	1.55813392753633	68.1146446743148
440.324997865015	402.502122030024	1.55839006300156	68.2108943980457
440.331152862977	403.001769859503	1.55932152385463	68.2884547818922
440.336683409738	403.501511937266	1.5602947475355	68.3343475144256
440.341870850091	404.001463969236	1.56086167403665	68.3510894168632
440.346798918938	404.501575229874	1.56107660391127	68.3601200649142
440.351706608934	405.001672385938	1.56128737007387	68.3829965032477
440.35637970614	405.501608902987	1.56176436125366	68.4271962929503
440.360773612309	406.001382403309	1.56260162317102	68.4842651888018
440.36461232712	406.501126615937	1.56364861567711	68.546149570048
440.368011131165	407.000972161099	1.56454046809561	68.6111536499708
440.371036118312	407.500937891152	1.5648843888966	68.6779904837229
440.374107427962	408.000946553092	1.5645746379725	68.736185786435
440.377365318859	408.500925826988	1.56387784228552	68.7751653509493
440.381021375956	409.000882009281	1.56312132552018	68.7963978818208
440.384986094036	409.500890679272	1.5623650239419	68.8163020016048
440.389413227847	410.001009941716	1.56146940886971	68.8519787224692
440.394313355069	410.501207995909	1.56034065314542	68.9073634154725
440.399860767232	411.001372954436	1.55913063083074	68.9671582873038
440.405902929707	411.501408625814	1.55818951594668	69.008036606726
440.41229434868	412.001316210506	1.55780669660897	69.015808975585
440.41865113961	412.50116829434	1.55808688297641	68.9971645505893
440.424701015745	413.000998892178	1.55915929706626	68.9729339639856
440.429961705594	413.500790172409	1.56112864039936	68.9620517227653
440.434118786411	414.000562199077	1.56363122394057	68.9708418393244
440.437075479961	414.500403332776	1.56568309027153	68.9965803463387
440.439368166843	415.000375967686	1.56633590790587	69.0334272876764
440.441719636554	415.500444037006	1.56541051815011	69.0733612644098
440.444836172629	416.000519791368	1.56346942349929	69.1045829050607
440.448955695322	416.50055380667	1.56130480883959	69.1166414541004
440.454039472216	417.000546211909	1.55959653674547	69.1064662038569
440.459687954686	417.500506698659	1.55881470502698	69.0770412359299
440.465441576726	418.000437520437	1.5591160635959	69.0320980764876
440.470809941018	418.500347795652	1.56024904643216	68.9761810690163
440.475565872612	419.000258077694	1.56167153072857	68.9196561881162
440.479685116656	419.500188089182	1.56289054247692	68.880220191047
440.483329054625	420.000141452337	1.56378691348103	68.8744324463756
440.486588159737	420.500108585446	1.56454599447455	68.9040169372951
440.489503031307	421.00008061731	1.56522931337697	68.951958799924
440.492145156767	421.500056351535	1.56554221399312	68.9947312645631
440.494774311474	422.00003657047	1.56515599966394	69.0178542698534
440.497711364909	422.50001725297	1.5641771403089	69.0198184999015
440.501136216495	422.999990262019	1.56315635466831	69.0071983392046
440.504949833633	423.499953843234	1.56264885015901	68.9888006497722
440.508870104158	423.999917125317	1.56277395170479	68.9704293676832
440.512671623301	424.499886020471	1.5631566092319	68.949700610618
440.516335665592	424.999853709592	1.56328666859782	68.9177579867684
440.520061249444	425.49981056517	1.56293058896415	68.8698440172923
440.524050448558	425.999753849187	1.56222930618441	68.8128173782833
440.528412107819	426.499687186523	1.5615326767325	68.7593840907357
440.533026325758	426.999622749435	1.56121278626197	68.7187213257552
440.537671738657	427.499580344957	1.56147733771153	68.695098374899
440.542051835983	427.999570190541	1.56218811784691	68.6907161089088
440.546084410928	428.499574726942	1.56287870466172	68.7036132067563
440.549852695237	428.999568013321	1.56311259672027	68.723549231949
440.553635209296	429.4995483885	1.56291865925804	68.7344614446361
440.557487696743	429.999537511516	1.56284854458498	68.7232288532155
440.561269766498	430.49954489665	1.56342897882995	68.6883239338891
440.564638887885	430.999543704515	1.56444439210122	68.6415604269105
440.567642368249	431.499488498863	1.56495972278452	68.6012246271716
440.570649265895	431.999366361439	1.56428447983755	68.5783339490402
440.574259618729	432.499215835492	1.56270390379542	68.5659591936603
440.578655332884	432.99908923495	1.56108065114826	68.5424937866345
440.583772626073	433.499012286491	1.56002377648467	68.4897782264653
440.589215236615	433.998997636169	1.55971596313819	68.4048613962853
440.594685298055	434.499054525859	1.56013029708268	68.2964503013627
440.599792380341	434.999143920252	1.56099257852889	68.1780720250128
440.604524751561	435.499159182965	1.56173482087196	68.0700294267019
440.608970211181	435.999035417631	1.5618842456309	67.9924919028761
440.613538371365	436.498842224888	1.56139825055184	67.9463552330204
440.618367416423	436.998703303568	1.56065912138212	67.9046287675011
440.623586467233	437.498655292412	1.56013087041212	67.8379917037955
440.628932615531	437.998648674384	1.56005114159481	67.7425531942257
440.634294732057	438.498642834266	1.56040700137261	67.6406372546109
440.639356182821	438.998655366585	1.56107432641226	67.5555918598337
440.644117185912	439.498720084059	1.56188787783071	67.4944090101675
440.648413881114	439.998833582719	1.56269204167923	67.4459026097723
440.652434423715	440.498937618122	1.56328328402313	67.3955298927882
440.656202723742	440.99895537484	1.5634286185493	67.3348594372513
440.660125698738	441.498837781027	1.56296728591248	67.266136952649
440.66434206831	441.998593415262	1.56202504190554	67.1979787763311
440.669141661887	442.498292477075	1.56104009318857	67.1453804892171
440.674255199177	442.998052435042	1.56052422980921	67.1199000802568
440.679542181019	443.497975310616	1.5606600735586	67.1200221704519
440.684575054981	443.998065050034	1.56116221094232	67.1243745771479
440.689494557982	444.498210068263	1.56146393268131	67.1069713151736
440.694341678312	444.99829785327	1.56122653084096	67.0500074076039
440.699565319347	445.498303210356	1.56053348394695	66.9522473477112
440.705150697575	445.99824283433	1.55959435099662	66.8218956259664
440.711396556038	446.498101112426	1.55845112662095	66.6768858464714
440.718167821652	446.997883388019	1.55731587423851	66.5368702531421
440.725550676312	447.497678419203	1.55670059002351	66.4191687843901
440.732937507985	447.997588856419	1.55704269181893	66.3264560313172
440.740085261284	448.497597124396	1.55810726966766	66.2518472339323
440.746558724293	448.997576015955	1.5591593655021	66.1827766060476
440.518136063503	529.539063553769	2.73223834010187	68.811831771713
440.752966293433	449.502739648038	1.55955346089916	66.0574453603058
440.759250698707	450.002784280426	1.55932518588969	66.0059371942786
440.765782910265	450.502732434943	1.55900540917025	65.9630559869366
440.772237849437	451.002572631049	1.55896746595439	65.9136656472212
440.778736437443	451.50240921206	1.55902231014116	65.8450929635322
440.78505635129	452.002310207842	1.55897081798848	65.7422994579427
440.791452759638	452.502212366338	1.55897791910418	65.6202095143621
440.797605635722	453.00206116062	1.55925728109802	65.5018288652101
440.803662761473	453.501925157081	1.5594789155107	65.4212008997679
440.809590750122	454.001929937071	1.55912976443704	65.3830472669402
440.815957848574	454.502093731621	1.55806827253077	65.3775503908013
440.822813618843	455.002292719235	1.55685138109916	65.3723689631413
440.830221508042	455.502346572024	1.55619662876377	65.3552628199564
440.837610979389	456.00216897474	1.55629851348116	65.3222450130749
440.844880606172	456.501833689314	1.55658746854511	65.2889819350217
440.851925305428	457.001537033375	1.55649915416316	65.2536396093402
440.859142040188	457.501433484173	1.5559826239387	65.2172957278786
440.866492987944	458.001493788953	1.55553451667078	65.1718943330755
440.873991003947	458.501547675207	1.5555151972665	65.1303067803289
440.881315581702	459.001512742708	1.5558068828321	65.0992315455411
440.888575333113	459.501457131143	1.55597129585643	65.0911617088149
440.895732382692	460.001426605285	1.55611872888682	65.0960297750252
440.902774817095	460.501339925599	1.55682412435011	65.1104958915422
440.909262338703	461.001141718805	1.55812536072547	65.1203471971583
440.915220547402	461.500911113559	1.55884293655059	65.1211595779956
440.921097614539	462.000772004209	1.55786093065764	65.0935682335622
440.927770598693	462.500751870674	1.55542650794284	65.0387793800787
440.935537129287	463.000773914694	1.55300554619933	64.9640110420702
440.944183099058	463.500746813504	1.5517717362725	64.8966357002996
440.953016175716	464.000647316217	1.55199985204915	64.843538600418
440.961523003604	464.500509523043	1.55317123249497	64.8111921462258
440.969349490222	465.000374150579	1.55474230169121	64.7880141972801
440.976445854593	465.500259176685	1.55628777567564	64.7743937073922
440.982862797667	466.000168565604	1.55752104029301	64.7590975451684
440.988841226292	466.500098677078	1.5581798945145	64.7424903515728
440.994598671426	467.000042988082	1.5585120321614	64.7125712366454
441.000170770092	467.499998795094	1.55902286128001	64.672802097277
441.005437343647	467.99996460297	1.55968540519468	64.6219907628832
441.010520624789	468.499925399052	1.55962524531017	64.5791796758985
441.015904677524	468.999860066707	1.55846816957662	64.5512006462826
441.021945777123	469.499770846084	1.55697502917982	64.5446174852272
441.028564286554	469.999683555852	1.55611342697281	64.5397491895545
441.035415402551	470.499605097685	1.55585731917018	64.530198598932
441.042351636059	470.999512056458	1.55590806386126	64.5108218439806
441.049221023565	471.499399587477	1.55629962797626	64.4963374336712
441.05595606275	471.999284835581	1.55676758367018	64.4839495780292
441.062691855455	472.499164980189	1.55626176339735	64.4751488874373
441.070031203063	472.999024736877	1.55454924585111	64.4602302808619
441.07816491111	473.498895181065	1.55305623648257	64.4493818917814
441.086651433358	473.998835798362	1.55334818617123	64.4455785626595
441.09455586857	474.49885867625	1.55515885771006	64.4589623771842
441.101564523024	474.998903315789	1.55711993229129	64.479984303744
441.107778187228	475.498906943984	1.55830359774493	64.5107590245236
441.113716911549	475.998844875145	1.55873715399497	64.5483131250651
441.119577078975	476.498737668337	1.5586868559224	64.6011673869798
441.125635981169	476.9986476911	1.55842034158868	64.6524260793765
441.131787873602	477.498657960157	1.55825796908695	64.6796552342419
441.138006761492	477.998777522739	1.55859473151937	64.6508766194641
441.143885664921	478.49888868921	1.55944002302499	64.574836531097
441.149401304261	478.998825864432	1.56033000803046	64.4831822339999
441.15456967189	479.498539071983	1.56049108540214	64.4232073510717
441.160045161746	479.998143800521	1.55953596862113	64.403581336269
441.166174701284	480.497824340023	1.55786553786142	64.4153137005989
441.173281731768	480.99766001161	1.55632390151486	64.4341666366841
441.180996362647	481.497565658068	1.55532976021939	64.4620659826323
441.189228003363	481.997399474348	1.55481720971191	64.5042888448206
441.197602685071	482.49715245643	1.55462021076497	64.574977161723
441.20612911528	482.996972589754	1.55498245908936	64.6641582102796
441.214202672207	483.497055035702	1.5563413061794	64.7589503940677
441.221461314041	483.997469004746	1.55871853903558	64.8308431569249
441.227290736119	484.498090100763	1.56130692971394	64.862862831709
441.232044464287	484.998644843294	1.56311492912146	64.8398152586492
441.236048240424	485.498864634142	1.56367650308856	64.7789560269929
441.240200425083	485.998608550422	1.56313804048716	64.7096756265013
441.244796084137	486.497939983899	1.56176326303789	64.6715551927583
441.112373225756	529.094502640241	2.28033349294936	65.8291930029834
440.886512450663	529.348681350224	2.48678564228595	66.5779746399809
441.250525732998	487.002775637468	1.55980301850811	64.7476144002604
441.256950405019	487.503132587479	1.55785601428393	64.7944092924956
441.264273177837	488.003062277131	1.55689907155784	64.854089530875
441.271499191335	488.502605055165	1.55764384007582	64.9120001115223
441.2780037286	489.002029218866	1.55968534164669	64.961555640457
441.283273522312	489.501648582965	1.56157292077652	65.0070254306599
441.287953047795	490.001598075089	1.56219374926763	65.0522330870621
441.292527326335	490.501773241685	1.56168638047946	65.098676702776
441.297561652388	491.001976940354	1.5608776739949	65.1412489970438
441.302876963201	491.502106154997	1.56019755487139	65.1799427884197
441.308589067013	492.002165531631	1.55961793305918	65.2196475325686
441.314468769905	492.502169680845	1.55918791294783	65.2661230597979
441.320517538803	493.002071306126	1.55927393288333	65.3142732359355
441.326216631774	493.501824800405	1.56014531777616	65.3553245889823
441.331384351399	494.001498201027	1.56148089856534	65.3847524979617
441.33585428435	494.501276074171	1.56241269010338	65.4087740588101
441.340164488254	495.001285532603	1.56233863266465	65.433193484523
441.344646339168	495.501459785853	1.56147984026603	65.4548769985854
441.349630629108	496.001600899122	1.56060510343193	65.4597745432022
441.354816280977	496.501568738808	1.56028918090307	65.4405081928647
441.360039141327	497.001385856043	1.56054926980218	65.4073118968226
441.364982698745	497.501186613872	1.56106808648022	65.3833648863028
441.369717341258	498.001070974601	1.56162763959388	65.3832848278874
441.374130544127	498.501042374104	1.56213773944828	65.4026542713777
441.378400124865	499.001073856047	1.56236155854653	65.4233915762684
441.382667138298	499.501172520599	1.56184394340391	65.4346063083525
441.387468786676	500.001328637994	1.56044540697318	65.4424614680673
441.393014306964	500.501453360384	1.55883236233859	65.4620657782155
441.399206545975	501.001420499022	1.55820696484841	65.4981843816476
441.405227918632	501.501193809358	1.55934863216583	65.5401398298518
441.410352578121	502.000882429755	1.56175977880031	65.5720423580235
441.414228928747	502.500654165442	1.56394137189822	65.5887158042683
441.417336478684	503.000578162708	1.56490137919134	65.5986543744788
441.420176166942	503.500583982414	1.56494167433535	65.6137417930991
441.423105238264	504.000584420042	1.56471654404954	65.6364818333972
441.426164564421	504.500577465813	1.56424534003748	65.6605981423861
441.429588147897	505.000583418794	1.56337136028299	65.6765043735439
441.43341418904	505.500572242409	1.5625343452969	65.6741872147843
441.437503320706	506.000512382042	1.56236343721318	65.6468742601692
441.441460731501	506.500434306635	1.56280351220108	65.5995429447576
441.445210963311	507.000393520154	1.56318236019099	65.5477044608189
441.448896117095	507.500404162803	1.56296624835686	65.5018759603666
441.452847558976	508.000426054063	1.56224788869917	65.4553807173462
441.457124815259	508.500411150827	1.5615891596237	65.3936138952519
441.461623179773	509.000353475705	1.56138639100842	65.3142988202967
441.466115894953	509.500286764681	1.561534342256	65.2354014706746
441.470548791154	510.000238827241	1.56179094892564	65.1817641024385
441.474871877115	510.500211269825	1.56208031732064	65.1652953792427
441.479097738413	511.000194833072	1.56231250032924	65.1811762128404
441.483261883314	511.500179670186	1.56233103181693	65.2228921102609
441.487455466763	512.000151143176	1.56229705611167	65.2910913760637
441.491559276874	512.500102933887	1.56272753941772	65.3803962142743
441.495278285612	513.000051065451	1.56376991252166	65.4667430073301
441.498454732613	513.500013806256	1.56470915962554	65.5184343726704
441.501378691292	513.999989079079	1.56469729655028	65.520665652856
441.504581900665	514.499962152799	1.56362582294349	65.4882843178686
441.508508970197	514.999917040617	1.56179388487779	65.4552226714859
441.513447986038	515.499839480377	1.55949669788116	65.4489191186519
441.519429191346	515.999733085286	1.55757033308887	65.4716481839072
441.525930882487	516.499647048372	1.55743927985004	65.5029010969744
441.531901610321	516.999641121266	1.55958891528112	65.519081161704
441.536550389848	517.499691858216	1.56257041373755	65.5106829665413
441.539912833015	517.999710119613	1.56450237409225	65.4832216646298
441.542667854549	518.499653985131	1.56493893637216	65.4474359965489
441.545307821747	518.999553355375	1.56472192824164	65.4125228936507
441.547933321829	519.499455908521	1.56482496561755	65.3882589033834
441.550184959541	519.9993972956	1.56585862661184	65.3860604449043
441.551564830402	520.499388463473	1.56811691944604	65.4128892073032
441.551437757228	520.999394974621	1.57144491178558	65.4729699981681
441.549481170776	521.499356655661	1.57522598295401	65.583863799056
441.54561330955	521.999274933771	1.57893530517254	65.781897092521
441.540045464856	522.49922901102	1.58250951807275	66.1020997604301
441.532910677251	522.999277785737	1.58600109592056	66.5599571771315
441.524530275718	523.499402568433	1.58878283842412	67.1600614230511
441.51567935848	523.99956637146	1.58921816815117	67.9073205399
441.507974045936	524.499742880668	1.58560883685256	68.7951230384526
441.503393991385	524.999872907794	1.5777343820748	69.7878972656102
441.503467240049	525.499853945738	1.56727497876098	70.8244254524058
441.50868225919	525.999610821539	1.55646429819356	71.8322697231504
441.518675069937	526.49920479615	1.54681201878216	72.7125045999396
441.532209119248	526.999105112818	1.54122030573263	73.2573340875253
441.544296765558	527.500714133744	1.55559752687948	73.0342225677619
441.532942791343	528.003782440713	1.6384928797332	71.500799419054
441.452480610282	528.486089293108	1.84482911895311	68.8428107043974
441.289212203552	528.882531144867	2.11317415313761	66.5695288612375
