381.231814366311	268.522607035018	-1.48939289366086	76.8488422410897
381.194967353079	269.012679324907	-1.50508796039995	76.7472106455016
381.164231282068	269.5079395416	-1.51214672610745	76.3100212603687
381.13726650286	270.005399092976	-1.5169462581611	75.7943419542727
381.112856062151	270.503782248689	-1.52092982325419	75.3090993486547
381.090738491956	271.002593880899	-1.52502169769708	74.8707012925465
381.070646166974	271.501733295651	-1.52885681174618	74.4844132642798
381.052369019267	272.001149192746	-1.53212528902698	74.1402371996189
381.035486574052	272.500726366347	-1.53483301773655	73.8391989581277
381.019749388034	273.000383935423	-1.53696165446926	73.5595941940139
381.004629931086	273.500087111237	-1.53778625885928	73.2947056265204
380.989601745488	273.99981003606	-1.53803833799124	73.0331553971367
380.974831676376	274.499579904078	-1.5397222213837	72.7834946610274
380.961199706721	274.999459893563	-1.54340685031874	72.5381552658223
380.949116568088	275.499401662149	-1.54629380979849	72.3085010717458
380.937562303744	275.999265417606	-1.54616006236124	72.1011738661779
380.925360015828	276.499019956305	-1.54419362075667	71.9380708894784
380.912233043499	276.998769011436	-1.54317605815573	71.8126178678098
380.898994915229	277.49861053905	-1.54397898651595	71.7184455836371
380.886304582293	277.998587329994	-1.54628813932964	71.6286783990016
380.874977287366	278.498768274608	-1.54997431658074	71.5271042069642
380.865552463745	278.999155099923	-1.55473002365416	71.3877043713792
380.858411965655	279.499541566678	-1.55877657330523	71.219586401325
380.852605657884	279.999654416664	-1.56033303424054	71.0450585360313
380.84695478307	280.499431488506	-1.55923751561526	70.9051696784071
380.840234330714	280.999028532281	-1.55698108422604	70.8054726147502
380.832488489491	281.498664791145	-1.55539125609661	70.7391043336711
380.824200176333	281.998534903662	-1.55580101598511	70.6777760229712
380.81674511314	282.498772130431	-1.55838649020963	70.6128796935326
380.810875193739	282.999326614487	-1.56211356085917	70.5325048214499
380.807020191732	283.499921880701	-1.56515895997415	70.4434646968031
380.804207314279	284.000224055923	-1.5662915748404	70.3458662607962
380.801615538997	284.500092499256	-1.56559543488515	70.2611186720136
380.798209817481	284.999647230289	-1.56391694368824	70.2011984357112
380.793903788155	285.499154324518	-1.56197225246747	70.1775530343245
380.788470762871	285.998836516463	-1.56055368548866	70.171871786765
380.78268810325	286.498761549584	-1.56049034317134	70.1761654548418
380.777107216584	286.998862820471	-1.56185099194261	70.1819931201814
380.772573642586	287.49906272952	-1.56361173228848	70.1965161497379
380.768760517469	287.999347991609	-1.56491428107726	70.2057820927207
380.765709419184	288.499757533262	-1.56589630007562	70.1995112322423
380.763087324076	289.000273653797	-1.56696406528214	70.1586725447588
380.761215818863	289.500780828716	-1.56789584970787	70.0839899436185
380.759626587773	290.001149680322	-1.5684846886764	69.9739712928035
380.75853433415	290.501340908011	-1.5692049251523	69.8481667743584
380.757882638175	291.001389001108	-1.57054251618365	69.7215516421545
380.758250212808	291.501310666329	-1.57202299758292	69.6175259801562
380.759115576767	292.001077038477	-1.57263688515106	69.538997391435
380.760112736923	292.500694415698	-1.57198937526366	69.4925336294826
380.760365815938	293.000317636113	-1.57079496487864	69.4682444839603
380.760220424719	293.500202449727	-1.57029075458191	69.4592592283341
380.760034183669	294.00047005042	-1.5712140364096	69.4418800846262
380.760909258821	294.500993235922	-1.57333044522142	69.4107358347786
380.763032801326	295.001581637386	-1.57594947875701	69.3636042670117
380.766799361396	295.502131758426	-1.57847482020646	69.3154005849285
380.771645052151	296.00248410253	-1.58019738328238	69.2665580747708
380.77711496483	296.502370148197	-1.58020402345415	69.2289658800085
380.781793852534	297.001731427123	-1.57805788048211	69.2067325597604
380.784939182428	297.500918692733	-1.57457886085263	69.2086554519562
380.786055429661	298.000439212756	-1.57165386931602	69.213135147675
380.786268031396	298.500559497471	-1.57106318133243	69.2005263372441
380.786754887661	299.001153026144	-1.57296418327943	69.1504119263641
380.788782609974	299.501839475192	-1.57585082102684	69.0744298895748
380.792176133405	300.002280633359	-1.57826624411059	68.9863269693562
380.796831774663	300.502382834054	-1.58013576867841	68.9142014727791
380.802342827114	301.002264818991	-1.58207376665225	68.8668797583361
380.808983740769	301.502073552783	-1.58402047268519	68.8530022255363
380.816229770471	302.001855803965	-1.58491891690867	68.8580660185103
380.823447008222	302.501575242832	-1.58376143674791	68.8755089019872
380.829341013828	303.001251849242	-1.58067633195485	68.8888022863839
380.833539199587	303.501001224632	-1.57723211013115	68.9000014643024
380.836189882746	304.000927454691	-1.57528533314089	68.9039138796186
380.838547949336	304.501020074195	-1.57568843604075	68.9107006789608
380.841502747281	305.001189805275	-1.57783514917778	68.9152435863809
380.845764562468	305.501360218286	-1.58036110890895	68.9188883816831
380.851006464815	306.001497716919	-1.58217718838676	68.9051773908003
380.856954743587	306.501586066647	-1.58310714389435	68.8730004890582
380.863070926956	307.001618967704	-1.58349672093603	68.8156186167906
380.869350272211	307.501591794573	-1.58367449027565	68.7457674117941
380.875562168267	308.001497909876	-1.58368626810488	68.6670167436417
380.881805251038	308.501346750372	-1.58360400138118	68.60125505844
380.887934525217	309.001203384328	-1.58354772896533	68.5573260881576
380.894120469412	309.501134738136	-1.58352083310948	68.5463359266356
380.900154968309	310.00110593517	-1.58307308581734	68.5504904762481
380.905845735173	310.501010794724	-1.58188313325776	68.5632201948501
380.910835222113	311.000851945498	-1.58071732212956	68.5730802396895
380.915637482672	311.500764941789	-1.58128911815213	68.5861671299049
380.921176161538	312.000814371413	-1.58403929765128	68.590716091037
380.928194173057	312.500875003247	-1.587002387543	68.5918970347873
380.936052988967	313.000814919234	-1.58759779060504	68.5896884147891
380.943524105535	313.500665495598	-1.5854773953978	68.5977242158311
380.949676976813	314.00053561698	-1.58268324711134	68.6029900064323
380.954897207129	314.500477173661	-1.58181372747385	68.5982955531283
380.9603273397	315.000469882856	-1.58374219001634	68.5708658529704
380.967115474671	315.500456944826	-1.58728012433857	68.5400165932307
380.975528964606	316.000387483467	-1.59052286009898	68.5203389915765
380.985182840016	316.500248838522	-1.59243127358739	68.5322423650887
380.995318768435	317.000076135507	-1.59264434598905	68.5630295592743
381.005105641272	317.499926609313	-1.59106146593509	68.601590526422
381.013696730979	317.999837283594	-1.58779954018314	68.6239046700327
381.020532111927	318.499797687413	-1.58391208009932	68.6313902713134
381.025757166171	318.999765889358	-1.58100548470346	68.6226535738889
381.030168881232	319.499710285229	-1.58029202936706	68.6155204844747
381.034788044413	319.999633811487	-1.58137273597057	68.6109264656394
381.039995261716	320.499572754524	-1.58250856260838	68.6189496701387
381.045441459695	320.999564855811	-1.58226729897637	68.632770949846
381.050479893806	321.499589803942	-1.58124484173872	68.6592741072759
381.055275974465	321.999546446871	-1.5815799066759	68.6885667259896
381.060882242776	322.499331033808	-1.58492041886971	68.7222338689447
381.06867861794	322.998952774407	-1.59024937718115	68.753334066182
381.078836732601	323.498582157879	-1.59443940493185	68.802492252281
381.090270331057	323.998417125225	-1.59514714418096	68.8809805808019
381.10130179383	324.498435512217	-1.59305255509989	68.992770151367
381.111279631152	324.998407681743	-1.59051178608355	69.096230628376
381.120374877311	325.498208300533	-1.58918530370072	69.1641466152552
381.129289750227	325.997921239101	-1.58877770314045	69.1907562443963
381.138049527983	326.497694260357	-1.5882690304021	69.209394265379
381.146514775203	326.997623599075	-1.58692714107473	69.2333737719514
381.154082023566	327.497755093517	-1.58483015181562	69.2676541926693
381.160647085272	327.998058411043	-1.5825448888778	69.2907395755876
381.166095872373	328.498416169964	-1.58080713886431	69.2951432022106
381.170991653542	328.99867643968	-1.58005175519341	69.2745026067824
381.175669811942	329.498726596072	-1.58037746880899	69.2563880488665
381.180850061911	329.998495042623	-1.5816164248912	69.2666888219755
381.186772269392	330.497979049463	-1.58351968029874	69.3290911778692
381.193917186438	330.997340211677	-1.58553939129266	69.4276316793395
381.201981250813	331.49689908741	-1.58692468997598	69.5480826294281
381.210730501505	331.996868692317	-1.58726508784026	69.6753489588741
381.219506352002	332.49711632048	-1.587267487397	69.8189841272089
381.228724186572	332.997288513302	-1.58827006291909	69.9826005054785
381.238985108344	333.497212120109	-1.59110402741147	70.1922259499965
381.583069110422	267.048036487597	-1.04157091152785	72.1334234179954
381.413916868989	267.470045873822	-1.27076571327724	74.2117594180317
381.302832349297	267.961819262254	-1.42602797320207	76.0494598764132
381.251555792434	334.00165705444	-1.59490623830443	70.5500982213893
381.265205552037	334.500974917339	-1.59761477519575	70.9544253449896
381.279533478889	335.000200043157	-1.59781221715415	71.4338595903805
381.293024908195	335.499717725045	-1.59597435425795	71.9429947726903
381.305256903755	335.999702288364	-1.59339112784261	72.4335981084431
381.315981010063	336.499987556159	-1.59093818588782	72.8735825227068
381.325609481901	337.000331256732	-1.58897284394441	73.2422994734976
381.334343089207	337.500647622239	-1.58796673885183	73.5387113676345
381.342900634957	338.000927457423	-1.58800748746313	73.7827210271912
381.351501931948	338.501096967635	-1.58836558626176	74.0086722395005
381.360171471105	339.001053886791	-1.58797347082295	74.2416375827102
381.368266510661	339.500818491851	-1.58655354403307	74.4865479631218
381.375605684313	340.00056802016	-1.5850003788578	74.730739268197
381.382387506673	340.500508319262	-1.58470657632262	74.9639293963941
381.389542878235	341.000670642713	-1.58610404047435	75.1919689360928
381.397562302306	341.500882766634	-1.58810824703381	75.4355157557209
381.4064024207	342.00097164077	-1.58913616130203	75.70779218346
381.415256629855	342.500935521393	-1.5885606987583	75.9973347465608
381.423568417748	343.000868053777	-1.58708400419547	76.2698188994587
381.431159564514	343.500825007378	-1.5859464607225	76.4927227203606
381.438442666729	344.000786339385	-1.58566839082182	76.6567500222541
381.445651465915	344.500707256048	-1.58558884761339	76.7746692626031
381.45266462292	345.00057058804	-1.5845467894146	76.862077191641
381.458840105445	345.500410396171	-1.58208684979266	76.9246287503792
381.463725712539	346.00028219457	-1.57919721591633	76.9637806059372
381.467516494687	346.500222899062	-1.57780020113557	76.9938592172201
381.47128027206	347.000223004622	-1.57909763562354	77.0473112578575
381.476159686254	347.500231419595	-1.58242272701891	77.1553319057613
381.482652695826	348.000198562264	-1.58572795799174	77.3207347094281
381.490235506139	348.500120174585	-1.58704575539413	77.5110944086509
381.497818956729	349.000026475048	-1.58578058303503	77.679838913364
381.504429060743	349.499951257253	-1.58304484822235	77.7999171446956
381.509830469938	349.999907378227	-1.58083608673834	77.8836881340026
381.514616228169	350.499877312595	-1.58047589653367	77.9687493264503
381.519594015168	350.999833313056	-1.58145582890107	78.0795858406553
381.525032591353	351.499767951821	-1.58201946784681	78.1990211116527
381.530429281055	351.999702781129	-1.58115271721686	78.2812544804772
381.535269876159	352.499656929806	-1.57972198501268	78.2987716641784
381.539599039826	352.999619775236	-1.57922158838115	78.2695887951243
381.54399161246	353.499564865004	-1.57991358469766	78.2325624648089
381.548773442478	353.999485288049	-1.58086199376036	78.2110450951784
381.553898079682	354.499402547975	-1.58127276090962	78.2113063865993
381.55903571591	354.999345614585	-1.58122886872601	78.2393869637454
381.564132697537	355.499316317062	-1.58126254437212	78.3011173232368
381.569234698574	355.999290732081	-1.58148971551611	78.3883201461817
381.574455531496	356.499234048774	-1.58151527748648	78.4771493611927
381.579628305442	356.999113906686	-1.58124199881757	78.5415221312346
381.584807133092	357.498925082341	-1.58117828195311	78.5692064408492
381.590072392726	357.99875041516	-1.58151171160559	78.5668412291489
381.595525376502	358.498737928118	-1.58159295466546	78.555568160144
381.600788116556	358.998939094473	-1.58094928540164	78.5608965507569
381.605709879536	359.499172014973	-1.58021883629458	78.6005312170559
381.610441604478	359.999171128518	-1.5805236088826	78.6691034673688
381.615755299204	360.498845042196	-1.58227029657898	78.738281431975
381.622121255345	360.998343676216	-1.58468250996242	78.773867332714
381.62965159453	361.497930715787	-1.58637963576222	78.7648470507947
381.6375933383	361.997838168256	-1.58637526811444	78.7331830904756
381.645164306659	362.49811284101	-1.58470002613882	78.7146114187169
381.651588833243	362.998543488178	-1.58233710461716	78.7264923533711
381.656998314075	363.498775773379	-1.58061364358884	78.7632683331771
381.661766462816	363.998629487705	-1.58003529441167	78.8085916111009
381.666497970897	364.498260287804	-1.57986671136045	78.8484363881732
381.671006206878	364.99797807048	-1.57921272363643	78.8676100056239
381.675193631963	365.49792458	-1.57825303604735	78.8535184148661
381.678957285378	365.99798777798	-1.57795168532399	78.7959732740142
381.682946718914	366.497969615287	-1.57876166886695	78.6907729898228
381.68740032036	366.997825782287	-1.57985863315654	78.5386836205012
381.692311706163	367.497689937954	-1.5799714678107	78.3563912650831
381.696914519911	367.997678722479	-1.57912651845959	78.1755373720926
381.701265692841	368.497711769674	-1.57898498097836	78.0367021720495
381.705878634475	368.997642466794	-1.58068904380561	77.9657638963004
381.711734282707	369.497450668551	-1.58323318254456	77.9634745833683
381.718587476972	369.997230400158	-1.5846765976672	78.000020248952
381.725868510457	370.497015376265	-1.58435578091427	78.0323049760251
381.732647171653	370.996748087586	-1.58317331597635	78.0158551830975
381.739005710312	371.496399816248	-1.58226391005347	77.9254004752583
381.744921302232	371.996135095526	-1.58173775967231	77.7603619662292
382.035475922059	266.546775774485	-0.64473118380227	70.9655232498185
381.769802705224	266.801986488336	-0.852254056847539	70.5210184878923
381.750787848087	372.504390484549	-1.58084575703516	77.4419108913087
381.755976661886	373.003495481955	-1.57915779669104	77.2576134911473
381.760196509099	373.502391251534	-1.57711629118074	77.141114617337
381.763249446515	374.001701102736	-1.5756827495088	77.088032131409
381.765993249298	374.501803717956	-1.57564992781217	77.0528955934787
381.769000956032	375.002577869353	-1.5769836532677	76.9586650529887
381.773054499482	375.503505312793	-1.57883865864166	76.7668026377993
381.777938585849	376.004075093294	-1.58055406267722	76.4870098475098
381.783855640035	376.504129944818	-1.58239091418307	76.1917981851937
381.790755586528	377.003891835326	-1.58468603186421	75.9489522662873
381.798985930217	377.503668609027	-1.58683946664116	75.7930657699899
381.807849754469	378.003557063816	-1.58760008857398	75.6876378227962
381.816583115457	378.503432554004	-1.58642784675589	75.5832243255986
381.824192327704	379.003239887395	-1.58445588536347	75.441928433341
381.831071362016	379.503079519704	-1.58380715436565	75.2790757490193
381.838000601171	380.002991980548	-1.58503597169175	75.1205037809476
381.845739619022	380.502836785503	-1.58630894096379	74.9976029855062
381.853574770789	381.00253766825	-1.58570386392151	74.9033358710415
381.8606954695	381.502224465171	-1.58354308744422	74.8178284591489
381.866548214947	382.002041612934	-1.58149955069624	74.7008339248181
381.871645007197	382.501968813987	-1.58063279668822	74.5416307773588
381.876492868906	383.00192648465	-1.58107356674786	74.3434494275373
381.881880742563	383.501896177247	-1.58262756398627	74.1365439782078
381.888058937866	384.001871303234	-1.58438952196389	73.9326036273916
381.89489290424	384.501794075837	-1.58481684341516	73.743242499717
381.901386199148	385.001647560128	-1.58323316723138	73.5563648450915
381.906926756028	385.501504538993	-1.58090936660866	73.36676523496
381.911487532238	386.001443748023	-1.57970244781067	73.1555250861948
381.915897571515	386.501461058397	-1.58033911366216	72.9276907443601
381.920855899384	387.001494159079	-1.58247933959113	72.69429446077
381.927045494564	387.501477900033	-1.58549991279674	72.4944325032425
381.934590423663	388.001375221224	-1.58826430010377	72.3489624403597
381.943082704232	388.501183102189	-1.58915407208294	72.2659637077538
381.951313062169	389.000945698477	-1.58741804196384	72.2093876115335
381.958310562665	389.500725990258	-1.58429267035175	72.1453959378924
381.963808690095	390.000567811827	-1.58160307417975	72.0394830181463
381.968287339738	390.500475483497	-1.57998245971861	71.892748896662
381.972146481179	391.00042096901	-1.5789067498506	71.710053250754
381.975580302114	391.500368047061	-1.57793091816525	71.5188809466631
381.978574013732	392.000306975763	-1.57699112787889	71.3299482360499
381.98110899769	392.50025504945	-1.57595335912531	71.1498140354004
381.983052855001	393.000227892359	-1.57472135953277	70.9512113116541
381.984421726319	393.500222333237	-1.57375630004659	70.7198574156156
381.98559895948	394.000225439926	-1.57414695963064	70.4491810265393
381.987492551183	394.500219311402	-1.57670742673252	70.1691995980865
381.991046080145	395.000176753774	-1.5809066007452	69.9050374326542
381.996586275274	395.500073347376	-1.58483142029743	69.690809936881
382.003486524098	395.999923873768	-1.58674764867388	69.5355142911563
382.010639457163	396.499780520436	-1.58637360351368	69.4451517812742
382.017120549744	396.999681592778	-1.58445088856492	69.3917551703835
382.022416753212	397.499626223924	-1.58174200053586	69.3430836061017
382.0263532872	397.999599443591	-1.57860998316486	69.2503652802367
382.028868196878	398.499599551881	-1.57545980465231	69.0974412824994
382.030195481561	398.999625042783	-1.57317172256704	68.8881873664996
382.030985945777	399.499650684593	-1.57305362374552	68.6679043573187
382.032516154884	399.999631536836	-1.57612620444666	68.475920008839
382.036207295108	400.499528470782	-1.58208724871093	68.3516447438205
382.043013039313	400.999332081	-1.58885304965544	68.2976182616996
382.052572705467	401.499095598174	-1.59343923678385	68.3071356364709
382.063413958971	401.998919886162	-1.59394560060847	68.3455811963822
382.073655970385	402.498855375396	-1.59110364170191	68.3872817892579
382.082312705172	402.998854029757	-1.58718839539632	68.3988413048953
382.089309178608	403.498858790916	-1.58416018219827	68.3739352844705
382.095352646995	403.998862164714	-1.58261592769618	68.3119684564479
382.101003371729	404.498867484534	-1.58234005959025	68.2402381443783
382.106833474313	404.998831284728	-1.58294179477516	68.1753499163473
382.113055109862	405.498687464432	-1.58420572476143	68.1342085035545
382.120033956467	405.998437122227	-1.58584280079509	68.1074841807299
382.127742125441	406.49819725459	-1.5873897431784	68.0994507499414
382.136168974351	406.998099689676	-1.58834905960766	68.1145653153156
382.144852299886	407.498150503248	-1.58859924146768	68.1738943207382
382.153621043579	407.998209260256	-1.58828329986705	68.2714684443334
382.162159688748	408.498112034359	-1.58788749491344	68.3921445744877
382.170754416878	408.997789569442	-1.58788032679289	68.5028668320903
382.179517093321	409.497321790525	-1.58840942558757	68.5978004742842
382.188804124834	409.996898129467	-1.58891846983323	68.6797456527114
382.198202411967	410.496696341561	-1.58870072491272	68.7669894736968
382.207448365215	410.996701930794	-1.58765096101812	68.8544247573952
382.216056287567	411.496712320519	-1.58657640933764	68.9365322889754
382.224409872445	411.996596992358	-1.58597955056868	68.994867200294
382.232459243186	412.496497392036	-1.58544882849684	69.024580609049
382.240347935888	412.996593822703	-1.58458058373059	69.0181735104918
382.247756426746	413.496798893136	-1.58404043193914	68.9953624869782
382.426169670696	266.335747818828	-0.40827396055552	72.2939790621694
382.255277744397	414.003019104438	-1.58468048655063	69.0287638779122
382.263131451966	414.502977197566	-1.58627330845202	69.0626995831128
382.271917258526	415.00308685928	-1.5876651331226	69.1320192356903
382.280978744001	415.503110912299	-1.58786334303796	69.2200600587184
382.28981571256	416.002923032506	-1.58670242147151	69.3062919808735
382.297670333473	416.502628274075	-1.58490737757934	69.3789729477971
382.304692464059	417.002417408596	-1.58348062640761	69.4289021289158
382.311104279605	417.502410933565	-1.58318155426056	69.4548311267618
382.317756555041	418.002589704163	-1.58417912902815	69.4618425143065
382.325044077923	418.502831297761	-1.58600595617982	69.4608054248718
382.333306903449	419.002950652367	-1.58761458919999	69.4572737037805
382.341964051724	419.502815098087	-1.587907176836	69.4521526588136
382.350373307435	420.002439025396	-1.58653679022912	69.4430244730495
382.357713410281	420.501982387549	-1.58422578224846	69.4322043471779
382.363942136843	421.001603131288	-1.58200503365399	69.4264510930836
382.369165558815	421.501375075351	-1.5804992425604	69.4367472273455
382.373961457825	422.001299914508	-1.58004941199039	69.469781535904
382.378795040116	422.501353924946	-1.58093965253052	69.5220675378938
382.384387154937	423.001468992833	-1.58288934056342	69.5771602998688
382.390873715379	423.501544210575	-1.58476856383672	69.6160063297523
382.39801499759	424.001508333855	-1.58537844755185	69.6284675470422
382.40501625495	424.501375840708	-1.58449121724066	69.6210611366952
382.411426755203	425.001206206026	-1.58286941853522	69.6104789272236
382.417059414162	425.501056386818	-1.58150511065004	69.6119201238023
382.42226516999	426.000954013478	-1.5809147234858	69.6310928160441
382.427331247985	426.500899466902	-1.58100625324769	69.6684446368524
382.432561562946	427.000861284378	-1.58141351902547	69.723416471322
382.437952379181	427.500804233821	-1.58185258613261	69.7917183482485
382.443515876719	428.000722805048	-1.58213136165554	69.8591310247735
382.449070224751	428.50064423145	-1.58208121557279	69.9048963172367
382.454497049359	429.000581929024	-1.58164564833691	69.9156850074771
382.459612011644	429.500521972747	-1.58097854202166	69.8998809875254
382.464419324432	430.000450228817	-1.58033879531722	69.8829600153847
382.468937243155	430.50037695642	-1.57988632422829	69.8828088340638
382.473293932399	431.000319267555	-1.57966989564217	69.8907120685454
382.47759238367	431.500280630947	-1.57975189268033	69.8807609669526
382.482025579319	432.000246583898	-1.58013636070421	69.8351657904305
382.486711120856	432.500199800126	-1.58067429075778	69.7577170803686
382.491698579873	433.000132457021	-1.5811450348086	69.6658759106245
382.496887209888	433.500050465396	-1.58132647182738	69.573425916762
382.502076647629	433.999967230414	-1.58100131624945	69.4826975966873
382.506985225257	434.499895849642	-1.58017794789488	69.3917901588121
382.511452444997	434.999837786076	-1.57938521588162	69.3034213981799
382.515654153216	435.499780580507	-1.57929989457505	69.2228977211378
382.51992768634	435.99971984455	-1.57974658703026	69.1525758514075
382.524319926485	436.49967945967	-1.57967191313105	69.0930090079613
382.528436366055	436.999683868411	-1.57869872958636	69.0475749576648
382.532092896021	437.499702377689	-1.57794569806829	69.0204414643913
382.535671897134	437.999670597857	-1.5785364087449	69.0101072523814
382.53980901041	438.499561639328	-1.5800683296658	69.0078489402425
382.544634741027	438.999408211635	-1.5812775345091	69.0006700548366
382.549852825747	439.499270722739	-1.58149553137657	68.9756083761708
382.55496232713	439.999202333966	-1.58079470280535	68.9251368947614
382.559619250022	440.499214221293	-1.57944580890448	68.8498626972072
382.563546358494	440.999253800725	-1.57796179944432	68.753196418225
382.566909755607	441.499227806657	-1.57717687663872	68.6333166737407
382.570130158963	441.999101528249	-1.57752708897622	68.4864020945425
382.573729651693	442.498947984945	-1.5785180320042	68.3227847264555
382.577761779883	442.998869208639	-1.5794554683673	68.1730444127002
382.582208109717	443.498867634531	-1.5802578621909	68.0707265394402
382.587008409276	443.998836681042	-1.58121481915395	68.0251463468342
382.59240837099	444.498655322756	-1.58254877949075	68.0142273588002
382.598578082128	444.998282829607	-1.5843852858241	68.0016267610833
382.605913910671	445.497743711981	-1.58699499550695	67.9604203432202
382.614864007385	445.997007159182	-1.59120641969501	67.8795154221173
382.626745687574	446.495777717447	-1.59900959668213	67.7545461156887
382.644020571427	446.993330005455	-1.61362915553935	67.5801744687101
382.671000036271	447.488476408514	-1.63766068155769	67.3645274018377
382.712345219684	447.97995406826	-1.66962372649209	67.137221644299
383.026447119811	266.154944159448	-0.13653979776821	75.7399450121505
382.783150428568	448.527081414789	-1.70704688658651	66.8297399469997
382.861208298538	449.019477998063	-1.732095491028	66.8316784265549
382.94108603513	449.508464840597	-1.74166064186057	66.9012844965418
383.018586666578	449.997444360871	-1.73577771603098	67.0180440413081
383.091336400382	450.488466973733	-1.71979168492648	67.1935455384673
383.158206052856	450.981981010848	-1.69964517263473	67.426767923233
383.219171836176	451.477431311846	-1.68080785196551	67.7172124549423
383.509296967741	266.111017601698	-0.0539428668233187	77.4869239456274
383.279613545052	452.019505445137	-1.66468396910055	68.1535809949436
383.32564416565	452.514559898262	-1.65465002253754	68.570926282174
383.366265308571	453.010737970523	-1.64747724644234	68.9586976225551
383.402930439808	453.507523260048	-1.64181021601924	69.3089090195915
383.436604820561	454.004724832154	-1.63704913365747	69.6218427854638
383.467889011026	454.502308103263	-1.63341819082665	69.8933526139282
383.497565894895	455.000171158519	-1.63124053806641	70.1059755617582
383.526437317344	455.498150982301	-1.63043148353958	70.23809817402
383.555217493044	455.99612321483	-1.63061697414674	70.2774093630556
383.584476693233	456.494042420355	-1.63143716120497	70.222585388674
383.614525149083	456.991930803085	-1.63253525470615	70.0786105406751
383.645626747032	457.489832981472	-1.63363436079973	69.8583580426592
383.677778478884	457.987775326134	-1.63478246723608	69.5840539888589
383.711342948147	458.48566601213	-1.63648486750922	69.2836479568555
383.746709509943	458.983367072084	-1.63903253554562	68.9805910431553
384.003946333011	266.091781318544	-0.0301161323564114	78.3282240111411
383.787979316635	459.515094898626	-1.64238999394147	68.6627290495568
383.826167106043	460.012403270328	-1.64515801940394	68.4693205079338
383.864099859217	460.50975086658	-1.64729088501478	68.2953357376139
383.901596141684	461.007104379098	-1.6487674422189	68.1268905141809
383.938846361931	461.504414308797	-1.64985720218412	67.9746078470169
383.975879642954	462.001717966478	-1.65039743676107	67.85250404955
384.012746592013	462.499116119689	-1.65017294123659	67.7841491951045
384.049270811649	462.996706129842	-1.64859934631425	67.763598651214
384.085129735929	463.49453880995	-1.64573257771102	67.7897604951878
384.120116610998	463.992581006021	-1.64187799804615	67.8570923711095
384.154022673518	464.490702258106	-1.63783459481668	67.9737014680933
384.187140862696	464.98875745448	-1.63405076193799	68.1218327064318
384.219649656152	465.486788308759	-1.630811892771	68.2818095143017
384.502206994177	266.078562166635	-0.0264153054581316	78.6273899622023
384.253873515471	466.014049690354	-1.62760166858446	68.5210681359348
384.283107569629	466.512123528804	-1.62466783027437	68.7058934360921
384.310394032494	467.01031322472	-1.62194681024489	68.880703017538
384.336036330413	467.508779033883	-1.62018127334382	69.0612449515494
384.360884539979	468.007486381808	-1.61976923884424	69.2549230599183
384.385434120945	468.506283650955	-1.62022288644574	69.4553668193177
384.40992534395	469.00502870484	-1.62031497878614	69.6389977789249
384.433886953817	469.503710661832	-1.61905999985718	69.7755150935359
384.456787396333	470.002401598519	-1.61646417652043	69.8447631634634
384.478271700132	470.501181082235	-1.6135837095554	69.8523914290042
384.498573317223	471.000075162164	-1.61161636679776	69.8255389847206
384.518239112844	471.499074403035	-1.61093850250557	69.7883637418245
384.537780888326	471.99815168494	-1.61104854428022	69.7416771856412
384.557476642203	472.497251404168	-1.61131102915232	69.6682266305325
384.577363687163	472.99629594145	-1.61158236948074	69.5544971935083
384.59760479267	473.495232556358	-1.61216592839637	69.4059943045592
384.618360970827	473.994106614655	-1.61321220867923	69.2435197195111
384.639916122461	474.493023782984	-1.61443276410205	69.0868597201553
384.662228858469	474.992023637537	-1.61554198572504	68.9376446723002
384.685505998286	475.490947487257	-1.61687926644764	68.7781333080525
384.70997289432	475.989598177269	-1.61902436996267	68.5836799623651
384.736378420677	476.487956931028	-1.6220378969312	68.3474292670713
385.00158651453	266.066005513854	-0.0269807231335992	78.7087909651661
384.766979092965	477.012966977879	-1.62528003021865	68.0428716292487
384.79690944193	477.511338198472	-1.62736376993693	67.837846395296
384.826324890335	478.009629668802	-1.62805132925392	67.6444907321665
384.855041747907	478.507971928169	-1.62817595390265	67.4718903487779
384.883103891572	479.006392132179	-1.62881081379092	67.3233644983568
384.911197437279	479.504847811051	-1.63038364844159	67.2156820591799
384.939623737334	480.00328773182	-1.63200179873842	67.1431775847065
384.968359540987	480.501701194393	-1.63260070041082	67.098123065121
384.996905982501	481.000162172678	-1.63173562524859	67.0577694055193
385.024934676249	481.498725011555	-1.6303486482122	67.0196686858807
385.052555072508	481.997331230898	-1.62937275321478	66.9792785893114
385.080136319161	482.495870847546	-1.62908710145139	66.9498413854174
385.108055249186	482.99429689132	-1.62875114425881	66.9350521878693
385.136200023559	483.492675106822	-1.627763992342	66.9531092017081
385.164402736324	483.991132885378	-1.62582739295543	67.0106722556244
385.192213835629	484.489804910828	-1.62334488138536	67.1176984173165
385.219704699203	484.988723031899	-1.62073683024709	67.2602434535945
385.24675652276	485.487833717988	-1.61829408866641	67.425709570733
385.501239651843	266.053156215963	-0.0275775221344892	78.7333158830228
385.272795224192	486.010089981412	-1.6156601665181	67.7415832968601
385.295446348157	486.508715736469	-1.61274607953348	67.931739338422
385.316305949609	487.007567444459	-1.60971976834357	68.0873385155233
385.335540488031	487.506757309047	-1.60773557818638	68.2066242846742
385.35413282145	488.006241730415	-1.60761308392643	68.2984290322351
385.372856435795	488.505769182154	-1.60887264706514	68.3808000844248
385.392108447037	489.005056286754	-1.60987445505225	68.4691163264645
385.411248353038	489.504063295544	-1.60906411705553	68.5678048001019
385.429340683238	490.003000414545	-1.60611215784383	68.6630830230005
385.445590030036	490.502118806941	-1.60231839833937	68.7250218547731
385.460188671933	491.001485312279	-1.59974096335899	68.724202292859
385.47408664872	491.500987157264	-1.59960301611589	68.6599410961445
385.48842318895	492.000464307767	-1.60132408763616	68.5654862426413
385.503659007926	492.49984750858	-1.6031517773451	68.4763963962635
385.519496713412	492.999178442821	-1.60381522763435	68.3982327449941
385.535454834325	493.498500764439	-1.60368394725295	68.3079800185305
385.551519917661	493.997770252973	-1.60416532565362	68.1779589826078
385.568305069316	494.496910808483	-1.60603989481041	67.9947413983923
385.586356359177	494.995955129621	-1.60861353116383	67.7646879514653
385.605755028866	495.495072406097	-1.61044438103824	67.5124589995813
385.625839228037	495.994409181102	-1.61076288755589	67.2718512928373
385.646026846576	496.493851319306	-1.61016197309133	67.0671054950732
385.666042687679	496.993117480107	-1.60991934201468	66.8938374156094
385.686481039032	497.492065885854	-1.61089602791385	66.7245937547618
385.707876663121	497.990851956909	-1.61278671720649	66.5293826527829
385.730743823751	498.489729695925	-1.61461241300572	66.3010150129512
386.000948983343	266.040255817895	-0.0275359716859232	78.748685810874
385.756055064109	499.011482281842	-1.61572511031469	66.0085759973994
385.78081490662	499.509971596472	-1.61630783395998	65.8292956570561
385.805036683952	500.008694404699	-1.61710930062801	65.6806342149585
385.829275314326	500.507735700504	-1.61863267864077	65.5580321426813
385.853705167597	501.00689367488	-1.62059956644938	65.4318494565054
385.878627426176	501.505902849974	-1.62261941409977	65.2944125918159
385.903993583247	502.004735376358	-1.62476498980854	65.1548538043575
385.930205686693	502.503505022115	-1.62769595742138	65.0482651319386
385.957575484727	503.002207641458	-1.63105818433802	64.9852307262121
385.986109894147	503.500745051973	-1.63331738262853	64.9633905911674
386.014947007466	503.99920561525	-1.63250506801198	64.9536807893063
386.042734505935	504.497857778396	-1.62827226159427	64.9403923074473
386.068319787764	504.99686121815	-1.6219707912182	64.9049157680652
386.091302083364	505.496115627755	-1.6161879850429	64.8510416388402
386.112461232692	505.995378052159	-1.61286065533749	64.785505374845
386.133012149317	506.494490526971	-1.6124192120527	64.743674695683
386.154188780097	506.993487985717	-1.61345783089372	64.7549843922111
386.17617410666	507.492552827881	-1.6141261689821	64.8429003903138
386.198735972259	507.99177804172	-1.61341097392954	64.9909490341831
386.221216524881	508.491039742125	-1.61201756906798	65.175625785058
386.243842837734	508.99016040843	-1.6109643991039	65.3690425103737
386.500672201124	266.027358779852	-0.0276971382494899	78.7782278884901
386.26638257494	509.50865188961	-1.61054459127409	65.7010059882613
386.287339576354	510.007813121584	-1.61025804937666	65.9544395629674
386.307699103064	510.507052555168	-1.60969345159597	66.2173017445787
386.327453850374	511.00650981681	-1.60858427304077	66.4658402692817
386.346190886537	511.506106071792	-1.60678575472259	66.6631460729467
386.36377301496	512.00562342691	-1.60444114049869	66.7807492014994
386.380050769117	512.504962319044	-1.60235599521636	66.8256821894133
386.395504591477	513.004204261626	-1.60141272746526	66.8342554105323
386.41064491292	513.503501388166	-1.60166441416283	66.8372469821623
386.425934720359	514.002878152583	-1.60226335006805	66.8346833157281
386.441274325872	514.502252565977	-1.60227505295056	66.8166204168395
386.456378930679	515.001597096121	-1.6014062033609	66.7930340902231
386.470909337889	515.500992401829	-1.60015963504679	66.7885672665223
386.484901411608	516.000492124351	-1.59934045714031	66.809771343209
386.498702000251	516.500043162203	-1.59949294415332	66.8306834792266
386.512793593867	516.999546273384	-1.6003756880706	66.8145812568971
386.527357589793	517.498980280212	-1.6010661586637	66.7469549557065
386.542137770301	517.998429557188	-1.6010319776478	66.6450143321591
386.556873448601	518.49795653399	-1.60072988292131	66.5346213477209
386.571576483729	518.997498940763	-1.60093748762201	66.4234609616993
386.586666602452	519.496919883813	-1.6019665095009	66.3022048354756
386.602465146636	519.996150789662	-1.60350590447615	66.1625896986079
386.619188059157	520.495256664573	-1.60495369268084	66.0053210826471
386.636562292835	520.994409805034	-1.60565052529804	65.8340361850897
386.654206054789	521.493764533205	-1.60512796974288	65.651213072475
386.671395915785	521.993382791208	-1.60350463147542	65.4542536223809
386.687917437028	522.49318776315	-1.60173828184323	65.2372313548738
386.703839455389	522.993021954463	-1.60097593603483	64.9952534230919
386.720022097403	523.4926974858	-1.60177030245997	64.7376935494044
386.737052622545	523.992103752306	-1.60379824936837	64.4849649896374
387.000367573067	266.014247582104	-0.0285630705706012	78.8081656499353
386.756577620499	524.509106891639	-1.60644363377279	64.1999056561652
386.776839998731	525.00854458401	-1.60874787539358	64.0327631546293
386.797719349539	525.50793086008	-1.61054783700475	63.8801988353483
386.818834119008	526.007288756524	-1.61238006242273	63.7243929005165
386.840692650555	526.50666126282	-1.61530408142314	63.5765416724208
386.863752136764	527.005998858963	-1.61936491741622	63.4532746153366
386.888391935774	527.505145675417	-1.62316052450413	63.3753422534657
386.91385695028	528.004034072109	-1.62469679098703	63.3286881725242
386.939043785381	528.502777348704	-1.62332961530641	63.2943094635527
386.962827024749	529.001589278196	-1.61995498700621	63.2479837355697
386.984905299369	529.500601050992	-1.61658978368563	63.1964510132597
387.005709506198	529.999781246791	-1.61475890589384	63.1490784295373
387.026167178269	530.49898036748	-1.61498372725363	63.1276300560251
387.047130902158	530.998066178781	-1.61641694470447	63.1331848955384
387.068908238764	531.497047471761	-1.61787738937269	63.1703650399384
387.091389929063	531.996049158034	-1.61841094469194	63.2304223569031
387.114098042934	532.49517554651	-1.61789434165198	63.3166370925287
387.136686228833	532.994458527235	-1.61610647189369	63.4153174886128
387.158454677549	533.493960256802	-1.6128530016387	63.5143937025485
387.178880145432	533.993721547623	-1.6084568972255	63.59065514512
387.197507175942	534.493601100811	-1.60454862334115	63.6484233134308
387.215101180421	534.993257558699	-1.60277078536304	63.7036776561523
387.232710469224	535.492436964498	-1.60347420528567	63.7868280593418
387.500017767162	266.000681387738	-0.0295413044951998	78.8250143910626
387.252207576783	536.008094010847	-1.6053207043069	63.992916402446
387.271015989904	536.507894449271	-1.60645456544211	64.1607983914264
387.289876408473	537.007418812542	-1.60621211502841	64.3225453759562
387.308095881333	537.506846063154	-1.60539459942038	64.4676094466738
387.325786878975	538.006311401383	-1.60462280854563	64.592988482187
387.3427438464	538.50575686312	-1.60349291594521	64.6886971983757
387.358779613712	539.005096784699	-1.60158957618097	64.7394620165174
387.373622721909	539.504409541983	-1.5997590195919	64.7595733278325
387.387852621228	540.003834489612	-1.5992444124488	64.7957078779978
387.402160809445	540.503419283592	-1.60021171531452	64.8797724848165
387.417080836163	541.003046301543	-1.60158790891536	64.990649595672
387.432338439093	541.502568096684	-1.6019653903631	65.0847791084334
387.447313778035	542.001966656244	-1.60065032282596	65.1452325574629
387.461268919459	542.501358908184	-1.5981262194666	65.1843595422022
387.473936523621	543.000845228383	-1.59548818700852	65.2116283363764
387.485495401886	543.500440272965	-1.59373936698772	65.2207918439688
387.496530084851	544.000101386575	-1.59336396838182	65.2029791862666
387.507681063948	544.499776979386	-1.59420314627325	65.1574337663071
387.519398912342	544.99942415612	-1.59562219676551	65.0878186422783
387.531814674168	545.499015707441	-1.59690827007651	64.9939974203128
387.544763037968	545.998548983793	-1.59770079533103	64.8718397169423
387.558055546836	546.498051233703	-1.59806163213538	64.7227832738809
387.571468463323	546.997588966152	-1.59809816964786	64.5635452752194
387.584875629125	547.497234727965	-1.59780512537419	64.4244408971689
387.598077462619	547.996989624998	-1.59741280119891	64.3321264758485
387.611260544442	548.496711695251	-1.5976042587149	64.2875185934334
387.62483439508	548.99621224511	-1.59900107999248	64.2573114592354
387.639541461941	549.49542248171	-1.60141138628654	64.1932827841392
387.655581646761	549.994492150081	-1.60368895089147	64.0613128304117
387.672756417568	550.493693684577	-1.60465534159134	63.8624502306345
387.690177523585	550.993244558642	-1.60405786184309	63.6283970968638
387.70733642783	551.493128996409	-1.6026915029416	63.4015376457267
387.723870114595	551.993165349456	-1.60153619940921	63.2076949025113
387.740251043706	552.493126517537	-1.60124929108467	63.05112735437
387.999675902166	265.986892406527	-0.0294925507590411	78.8039025861487
387.7576291812	553.007242493123	-1.60212458880654	62.8589328793798
387.775525298566	553.50702227891	-1.60413176841802	62.75897837563
387.794120139976	554.00706790809	-1.60677957530852	62.6386198579679
387.813732332105	554.50701091692	-1.60936234996453	62.4904819459505
387.833992074981	555.006644263451	-1.61156549296665	62.3140091460977
387.854991918358	555.506002144928	-1.6138056399832	62.1356196654196
387.876600556648	556.005181702923	-1.61587002640584	61.9757522752683
387.898603480655	556.504207387786	-1.61651735898708	61.8523048032274
387.919939118478	557.003150274103	-1.61460028192471	61.7570053275291
387.939744323935	557.502164809066	-1.61105985021139	61.6940711790401
387.957842696585	558.001382687282	-1.60830334774356	61.6660845615666
387.975252947535	558.500786845953	-1.60843982224667	61.6810785452709
387.993364224186	559.000221883596	-1.61140591387779	61.7164079892482
388.013097473342	559.499524167936	-1.61522222408624	61.7552425707947
388.034240249339	559.998691677702	-1.6172166030109	61.7850860842299
388.055686327063	560.497892272925	-1.61637744910654	61.8241346338315
388.076402067518	560.997247564467	-1.61362956713365	61.882336532723
388.096003443123	561.496658817356	-1.61108321667597	61.9660345988545
388.115092456308	561.99591432165	-1.60996728154963	62.0502991817217
388.134316321986	562.494952089929	-1.61008664770481	62.1127489115679
388.154147410717	562.993900958015	-1.61027287399842	62.1285081465912
388.174304839864	563.492935233853	-1.6099471052957	62.1050563654353
388.194672515431	563.992150350984	-1.60912871793359	62.0647594236551
388.214865021924	564.491624702838	-1.60801623421303	62.0563357706087
388.234905685415	564.99143458195	-1.60637795293299	62.1137193156891
388.499399073014	265.973404205831	-0.0283891237361912	78.7539493433353
388.254591982911	565.507350330805	-1.60396615106076	62.3333773577925
388.271706408356	566.006034628208	-1.60131888210782	62.5471898467736
388.287245072332	566.505406837923	-1.59929458713214	62.7450481962852
388.30196356998	567.005587742762	-1.59841588092573	62.8639176202577
388.316423798282	567.506903464239	-1.59892297124361	62.8311980975108
388.33243052062	568.010383484953	-1.60458210463997	62.4913742675893
388.357140501506	568.517032521697	-1.63516795824035	61.5241937417275
388.414444740035	569.020130015275	-1.74291934278698	59.6058930613957
388.541769687076	569.481860897463	-1.96677803352944	57.152603077903
388.727812817904	569.834569050512	-2.22030166614581	55.2901787352711
388.999159164458	265.960459607263	-0.0272672321094435	78.6905692636582
388.955648527346	570.050299824809	-2.39958361241889	55.116010357338
389.498871122346	265.947789219852	-0.0273439521380029	78.654271296289
389.532259532895	570.398864644891	-2.83827770027357	58.0562714736643
389.998477056954	265.934733983202	-0.0285963321448827	78.6648398796502
390.00154831	570.489385858801	-3.04637124070136	60.7564615749063
390.498001979162	265.921014166619	-0.0298791284238238	78.7361998429159
390.499373312507	570.512866393213	-3.13315335855986	62.6546129177561
390.997550974368	265.906822973244	-0.0298625299931693	78.8441447587274
390.99996383509	570.510751801194	3.12753475955203	63.5619833038107
391.497254681979	265.892898961911	-0.0283657589303152	78.9682975314958
391.500039833288	570.502566457855	3.12266263526004	63.8978176746487
391.997143397039	265.879684006378	-0.0261538060761746	79.0825438589112
391.999827341142	570.492769345738	3.12010882952396	64.0018365615951
392.497102622697	265.867399723639	-0.0243344142255595	79.191762077313
392.499503352421	570.481983556521	3.11868108537251	64.0198614847875
392.996972371849	265.85559715043	-0.023480011926929	79.2946388366851
392.999196395465	570.471019269221	3.11950304863177	64.0038043629689
393.496702198514	265.843916929427	-0.0236066334002117	79.397427870531
393.498995498176	570.460834098592	3.12187560655658	63.9826286792686
393.996332344009	265.831798765198	-0.0242447726349427	79.4864845943472
393.998849851528	570.451702815741	3.12354617491922	63.9713437917359
394.495921317703	265.819247471775	-0.0248658510894443	79.5692701542787
394.498612117554	570.442810030246	3.12283185240122	63.9591544039717
394.995530955053	265.806207646559	-0.0249591968314771	79.6513849429285
394.998205206697	570.433040250947	3.1201026696334	63.9163318836155
395.495257629762	265.793188991556	-0.0243433281360747	79.745186131355
395.497711595448	570.421791873229	3.11737531007724	63.8215625798716
395.995119359821	265.780326222594	-0.0231782256383719	79.833661052661
395.997297150129	570.409513223955	3.11616962293607	63.6812519521025
396.495008217718	265.768002961721	-0.0219718889838579	79.9105570344408
396.497007622777	570.396831752147	3.11606433498943	63.5227662762852
396.994820800909	265.755936113536	-0.0210270990527879	79.9720002052867
396.996723063379	570.384050309438	3.11569540216539	63.3727391263757
397.504913302935	265.744331631316	-0.0203038117947664	80.1407160409292
397.496303296484	570.370754056784	3.11440584107571	63.2478499462603
398.004571958314	265.73357872375	-0.0196679349913047	80.2154560466172
397.995721335203	570.356677917905	3.11271783720228	63.1531885694428
398.504220973937	265.72333526299	-0.0191865374862807	80.2779271716237
398.495035033547	570.341719203757	3.11155709996036	63.0783723889511
399.003973708413	265.713251465873	-0.0190055760375209	80.3314789093516
398.99435897078	570.326370915944	3.1113738352757	62.9941968231479
399.503879360423	265.703338738765	-0.0191294509007811	80.3950149850937
399.493823865936	570.310876766148	3.11183254510596	62.8704618492041
400.003879139236	265.693279763015	-0.019371202661177	80.4861187716331
399.993551455202	570.295552054009	3.11238856797429	62.6991146278571
400.503874609926	265.683226883849	-0.0195921931602145	80.6128367791184
400.493563278571	570.280206473521	3.11279398489258	62.5081101742596
401.003781906892	265.673051177518	-0.0197132410939579	80.7627665982251
400.993746373846	570.265007914261	3.11314533261204	62.3398903389028
401.503577714751	265.662985734597	-0.0196838247444161	80.9109473586846
401.506499381877	570.249312565057	3.11325531011019	62.1437036669421
402.00328606498	265.653004027352	-0.0193667627121961	81.0322333012902
402.006080719179	570.233264850093	3.11236794162866	62.0880940472687
402.502961530701	265.643408124018	-0.0186791266456234	81.1230552308765
402.506305043425	570.216515282124	3.10978784954387	62.0453104535295
403.002647076501	265.634206691969	-0.0177713605726417	81.1997358969751
403.006674390545	570.198552987725	3.10621481702016	61.9923935259953
403.502372345573	265.62550995174	-0.0170668005962459	81.2797876796002
403.506603021348	570.1792079611	3.10342057074422	61.928366481952
404.00215540313	265.617014328126	-0.0168878128596369	81.3620344585204
404.005952102714	570.159479656397	3.10241479691649	61.8478897430221
404.502008257271	265.608569552846	-0.0171815085542365	81.4348483781615
404.50503136964	570.13989439522	3.10226781403619	61.760892383653
405.001910208525	265.599925861776	-0.0176125594920726	81.4916723487609
405.004168518565	570.120640758191	3.10189231566898	61.673216993881
405.501813219741	265.591173786275	-0.0178897141660467	81.5377062672485
405.503440168188	570.10133381009	3.10126052232666	61.6025243775616
406.001672643691	265.582332138394	-0.0179068473170799	81.581789844989
406.002803849408	570.081993089701	3.10073651040765	61.548694208855
406.501485377549	265.573579708594	-0.0177390526836766	81.6292524798603
406.502196377144	570.062463197522	3.09991712818484	61.5125429890425
407.001281444468	265.564899714055	-0.0175675207326271	81.676441988695
407.001537719704	570.042714924339	3.09911552793648	61.4792196600214
407.501096739892	265.556307765968	-0.0176043971633284	81.7113357716793
407.500810407886	570.02300768383	3.09968561090183	61.4509474489309
408.00093836772	265.547641062727	-0.0179004088043573	81.7224826191256
408.000135330065	570.004160956337	3.102131464108	61.4298866380904
408.500783652961	265.538875060566	-0.0181280748578821	81.7136756788523
408.499599149685	569.986554586556	3.10439869463472	61.4351643871751
409.000607225078	265.530139425462	-0.0176324045135944	81.7050767359212
408.999111161591	569.969549522594	3.10455106509777	61.4661903197802
409.500419250663	265.521913632388	-0.0160182666482833	81.7150645107076
409.49853303365	569.952134683485	3.10302918311052	61.5181882428029
410.000256884776	265.514619253052	-0.0138638930962059	81.7438744360274
409.997853021212	569.933912025878	3.10207792717365	61.5631106380494
410.500137281739	265.508222264154	-0.0125576473510386	81.7773369261413
410.497181639818	569.915439695444	3.10284532938606	61.5866004141323
411.000035426094	265.502071987235	-0.0129197224331517	81.8009192202266
410.996609586587	569.897317785234	3.10473122039523	61.5802064564575
411.4999197327	265.495502140746	-0.0141951525956224	81.8056291490735
411.496118306414	569.879805728834	3.10615583542735	61.5671166190519
411.999800742936	265.488460762936	-0.0147066237739855	81.7846966073022
411.995584805227	569.862358775389	3.10634522325619	61.5687580123489
412.499754761796	265.481689800068	-0.0128194891432773	81.7227205831566
412.494886629695	569.844535395514	3.10561797568733	61.6100274434326
412.999964486873	265.476874684023	-0.0058916872303015	81.5538662873266
412.994014279241	569.825928840673	3.1049195570496	61.6880582943668
413.500646893608	265.478490201967	0.0150735105705269	81.0722162217078
413.493147673113	569.806821992791	3.10482190893795	61.7969728510444
414.000070964314	265.499296627747	0.0751383974202126	79.9319609556639
413.992538181453	569.787399103536	3.10578024897344	61.9178891536671
414.485036217493	265.565372681188	0.206638968208791	78.0553343454143
414.492306650765	569.768448750243	3.10792963450687	62.0454511907238
414.917900312842	265.696945762197	0.402870888952968	76.0681327315829
415.106158410314	265.812323406579	0.516579353479	75.0297165579673
415.007156673113	569.749756833264	3.11076978386384	62.2452331369605
414.992270960163	569.750300881666	3.11069998295812	62.1693897798099
415.463511306883	266.041975316043	0.721600435640367	75.0165946910081
415.71145655077	266.324606060731	0.889862974434893	75.0419493677994
415.506433584919	569.733824396238	3.11257972977393	62.3959943267383
415.904792144347	266.559233146181	1.01735805910198	76.5438715876229
416.09010994706	266.958330057199	1.15108340285613	78.1235801221129
416.006085493023	569.718427513062	3.11257264430546	62.5496840118653
416.326953057455	267.553856999623	1.28573195168008	80.0145250212575
416.444113107324	268.014671739232	1.33597131153467	80.9452555482687
416.544454608629	268.4896891539	1.36231394453192	81.1828556586621
416.640205345138	268.970297284054	1.37325504874428	80.8965882386288
416.740664860599	269.452245456706	1.37299316795287	80.3496035133838
416.50592279769	569.702877521984	3.1112655239023	62.7164244474135
416.765172636134	269.547525310229	1.37175967294778	80.2228422770908
416.866295546111	270.025940573681	1.36717261292701	79.9779864682418
416.961362911264	270.507260934367	1.36624434884721	79.8575423234577
417.053494549113	270.990244764985	1.37172110005597	79.8807065722265
417.144595547181	271.474598161305	1.38432842150188	80.0587833656339
417.235833064766	271.96056735777	1.40339874654872	80.3756352874802
417.005820655957	569.686640616654	3.10981957235407	62.8942575740307
417.252351374706	272.039369410931	1.40696449035831	80.5197351382504
417.331526308121	272.525153963154	1.4267687874145	81.1400905202576
417.398338763528	273.014282791449	1.44284269955532	81.6719255647097
417.456991785479	273.505722068309	1.45397405018423	82.0070023263375
417.511018631216	273.998597209673	1.46024041309696	82.0903626655053
417.563459620507	274.49214243467	1.46177612426945	81.9208605450423
417.617152421877	274.985598275104	1.45866742171532	81.5419500185678
417.674862204511	275.478293630393	1.4518187890546	81.0253895508726
417.738946376759	275.969899138871	1.44315869574977	80.4566442295029
417.50596895774	569.669959531679	3.10869788490129	63.0556984109647
417.819588047316	276.523859469681	1.43414011288577	79.9529464610463
417.888100382242	277.014553141804	1.42978778018745	79.6965047373554
417.954731824164	277.505739213037	1.42871379013793	79.5627267904825
418.019922797749	277.997540083501	1.43056549930784	79.5537943734754
418.084148501001	278.489884805098	1.43508427458022	79.6692487923402
418.147718634392	278.982793051157	1.44282630208121	79.8795102119804
418.210595326144	279.476360207704	1.45297181035475	80.1622428101637
418.006968475764	569.652627406827	3.10699021113677	63.1034998092721
418.278060497488	280.022744616463	1.46530212791875	80.6596911822764
418.329835656306	280.516790716199	1.47536025225773	81.0972302850312
418.375495768836	281.011828128751	1.48390574823692	81.4652053165432
418.416496871419	281.507636147665	1.49048775472224	81.7342524462095
418.454372900797	282.0040383296	1.4948092612298	81.8895437378992
418.490477338041	282.500827410006	1.49680052965249	81.938182747011
418.526097106621	282.997733181842	1.49670581204504	81.9014061221694
418.562326316412	283.494513292709	1.49483550133236	81.7902777028335
418.600141132139	283.990999087232	1.49138164402776	81.5961034441635
418.640629003107	284.487062876382	1.4865199967694	81.3107453305612
418.684650634042	284.982725017003	1.48094415502926	80.944217903292
418.733002810408	285.478238458221	1.47567848639143	80.5205463913612
418.509868670294	569.632871856177	3.09771392156931	62.7914038381666
418.791527411548	286.020089238841	1.47085704563355	80.0361816722801
418.843875715918	286.514680513227	1.46723297378834	79.7208042498244
418.895155709282	287.009700651012	1.46421682756364	79.4566150829222
418.945942266785	287.504963457761	1.46239475514659	79.2911144610674
418.996127765283	288.00035236444	1.46290937443067	79.2286205406197
419.045482263103	288.49592375958	1.46560910004541	79.2600285213258
419.093911598338	288.99173744836	1.46993501230293	79.3523613117118
419.141537953025	289.48775159808	1.47478620107178	79.4899151139542
419.188890059364	289.98388717551	1.47988148197795	79.649911408127
419.236166630849	290.480194448876	1.48525656963292	79.8360561671959
419.014235150689	569.600676545101	3.05345026674655	61.6965891659932
419.284481241544	291.016812236608	1.49162063120678	80.2361736494908
419.323853032671	291.51319405136	1.49760771065452	80.5750409329369
419.359531673187	292.010094333638	1.50315655217713	80.917092023644
419.392118732253	292.507524396437	1.5075347204009	81.2339123487616
419.422565892393	293.005340184302	1.51037233276062	81.4915503598183
419.45165925963	293.503344556603	1.51178214301896	81.6651458594263
419.480124551285	294.00138371577	1.51230663624224	81.7454860938636
419.508349066894	294.499419332531	1.51247048925928	81.7354647238071
419.536587599612	294.997481138646	1.51237096686992	81.6397511259766
419.565149046385	295.495574886042	1.51173518911416	81.4586392230546
419.594394016144	295.993653543621	1.51049085536249	81.1944984434434
419.624732313256	296.491659343675	1.50894467590652	80.8658558494991
419.656277753372	296.989562590395	1.5072826236792	80.5089491151229
419.689380745443	297.487297577444	1.50510864518672	80.1597961129245
419.724423880132	297.984798088986	1.502076027004	79.8299896509186
419.507786724317	569.528835833818	2.92304296961531	59.5738364970486
419.76579749608	298.516898513634	1.49801038351679	79.4321967487138
419.805894055092	299.014128822507	1.4942924298026	79.1872762866018
419.845862683986	299.511227543822	1.49119732264549	78.9362529259774
419.885508495352	300.008277432988	1.48892450589406	78.6959781924339
419.925065626578	300.505357035168	1.48701601034502	78.5047108213609
419.964634803647	301.002500464281	1.48540389301865	78.3702415153801
420.004449595016	301.499688238349	1.48425630425755	78.2942377159441
420.044502516148	301.996899887666	1.48445981356472	78.2602422000423
420.084526103878	302.494119681055	1.48642152023157	78.2804255283305
420.124116188187	302.99138448998	1.49040907300882	78.3654331898824
420.162606910524	303.488869419073	1.495855255416	78.5338110284571
420.199780822965	303.986739688465	1.50179154619693	78.7645618530442
420.235650826393	304.484932584413	1.50665603279737	79.0227656108677
420.173109653245	569.240917761557	2.51195207834871	55.3273037368221
419.9470664683	569.388112665803	2.69312129929946	57.0251614934395
420.272025565624	305.013464030845	1.50975356808284	79.4047389711954
420.303579364458	305.511601748124	1.5112263652834	79.6572568694476
420.333838975413	306.009810092144	1.51280747873187	79.8658930122198
420.362518560558	306.507995828835	1.51530933581945	80.054242590844
420.3894043716	307.0062408352	1.51867021696107	80.2351091678966
420.414241675588	307.504665016987	1.52225912623626	80.4084910867968
420.437250430225	308.003292527014	1.5254606329966	80.5651752358518
420.458729649498	308.502091286478	1.52789376522932	80.6895267985325
420.479177464508	309.001023423342	1.52939942513401	80.7628458975211
420.499074750717	309.500044824257	1.52992292698083	80.7745289735784
420.518928156914	309.999073864587	1.52960899468158	80.7293995827111
420.539118171475	310.498038080877	1.52882641706667	80.6416539017839
420.559802054594	310.996940343273	1.52793103486264	80.5227775927231
420.581072676095	311.495841767305	1.5270106121139	80.3745742484254
420.602939873072	311.994789841433	1.52593167037101	80.1887893921575
420.625644374268	312.493751260844	1.52448204829198	79.9512959798953
420.649384608614	312.992643162415	1.52253304282562	79.6511551329957
420.674628234327	313.491370661263	1.52004956804746	79.2958806721309
420.701579966368	313.989865027052	1.51719153908008	78.9141325337053
420.730668254707	314.48806892165	1.51419656287514	78.5455045909854
420.710877184283	568.60844871725	2.05383573521445	55.496342895853
420.47208867555	568.975527299782	2.28653561452503	54.8618058992777
420.764058778842	315.013413880071	1.51145110253224	78.1498820794405
420.796757704476	315.511640187043	1.50968024716481	77.951079179934
420.828730492811	316.009765050283	1.50862474472808	77.7932873802624
420.860243085032	316.507916493125	1.50734046428771	77.6631958488791
420.891546677267	317.00613368527	1.50559879144512	77.5366212534458
420.923013390521	317.504340382396	1.50418699734806	77.415540039819
420.954266624165	318.002541294824	1.50438842427755	77.3030849458688
420.984811603492	318.500825000268	1.50608315940373	77.221283708452
421.014359562235	318.999233622206	1.5081658539801	77.1726638584534
421.043241561087	319.497698742978	1.50919899954379	77.1710979044779
421.072128429587	319.996131044094	1.50923814189675	77.2181494972578
421.101324535075	320.49453027337	1.5094203649546	77.3269856804237
421.130709115956	320.992975517999	1.51099983598499	77.4833045488261
421.159708254355	321.49153613367	1.51365370109979	77.6722810228305
421.188330881894	321.99016232319	1.51624326435116	77.8629538650481
421.216756572509	322.488773107981	1.51792892548779	78.0486972459968
421.245616970369	322.98739724645	1.5193672926359	78.2250297265396
421.246195788178	553.003972860262	1.58632905219882	62.6287239047541
421.237355863537	553.503866635917	1.58660392734969	62.6214855692181
421.22858087502	554.003795214187	1.58697232327509	62.6003872111396
421.21949750932	554.503812086436	1.5877299767185	62.5630361267611
421.210141198307	555.003817936603	1.58875836287234	62.509851769183
421.200285648432	555.503621750721	1.58954740004906	62.4595204620085
421.190431176449	556.003199549036	1.5895513746477	62.4194130517485
421.18082979289	556.502776436951	1.58873446454919	62.3915278905916
421.171981070039	557.002610795751	1.5875844604043	62.3486696857261
421.163658932964	557.502740086205	1.58685877762083	62.2685726460736
421.155676889437	558.002981490627	1.58693280486606	62.1368784297248
421.147429838394	558.503111142418	1.58782634149121	61.9790626233145
421.138649869743	559.003052098003	1.5894985905256	61.8265766776152
421.128820881545	559.502868383139	1.59184678780273	61.7096990902021
421.11794064418	560.002620965758	1.59411800598336	61.6213141012049
421.106255459705	560.502295768177	1.5951106261867	61.5524892221532
421.094721462589	561.001912510204	1.59412436235871	61.4923326557632
421.084042985	561.501563720145	1.59186611148944	61.451525459566
421.074595679772	562.001322746108	1.58958102656069	61.4248000632278
421.06609789528	562.501160235378	1.58796349429694	61.405075926888
421.058343584359	563.000988150108	1.58675078714346	61.3726537208538
421.051150861831	563.500758032811	1.58564974803121	61.3385264475659
421.044456869751	564.000518459343	1.58495291542589	61.3234588318826
421.03785639155	564.50035879879	1.5853414364888	61.3540950726644
421.030817535929	565.000303730494	1.58703282924533	61.4163502183505
421.022790473624	565.500286571005	1.58953529163351	61.4848843572953
421.013616136671	566.000228284416	1.59192832290522	61.5168651580925
421.003289447239	566.500079841164	1.59435628574953	61.4598715971373
420.990947194091	566.999611373769	1.60082549516436	61.1674005202523
420.970796558235	567.497395863033	1.62938567042093	60.3553395509764
420.92196547882	567.985468544731	1.72656157751041	58.7281321035849
420.806424591261	568.431233061089	1.93364539870803	56.5926465055592
421.274097782194	323.510684291514	1.521890240791	78.5539076285647
421.298853745382	324.009065209775	1.52572120926387	78.7850250475698
421.321048763096	324.507662506767	1.52983231239828	79.00677081166
421.341235264404	325.006594760443	1.5327618656293	79.2164514580242
421.360134092633	325.505770744559	1.53399728602345	79.4156893642486
421.378596904516	326.00500266804	1.53426275272526	79.6016528925148
421.396734756918	326.504204419209	1.53457650872347	79.7677205173428
421.414484916136	327.003411888549	1.53534530120019	79.9070596808788
421.43164643628	327.502694564586	1.53619391165279	80.0196468885025
421.448393451714	328.002046124682	1.53669827826042	80.1093248231745
421.464886611613	328.501410337369	1.53688252452351	80.174891224276
421.481282271493	329.000754215854	1.536982046673	80.2052439255226
421.497608084479	329.500095187085	1.53706169871811	80.1879274181768
421.513913468085	329.999458277387	1.53714894847262	80.1216059860467
421.530186172603	330.498849436551	1.53742489957349	80.0191494144272
421.546301693419	330.998255988079	1.53798089461815	79.9003650290676
421.56221884727	331.497652819301	1.53855052386631	79.7809627403022
421.577992091562	331.997027217654	1.53875854224623	79.6652587724
421.593903664659	332.49639258188	1.5384867852836	79.5468939019692
421.610092791485	332.995778158152	1.53790313726003	79.4168707543727
421.626748053516	333.495188476253	1.53723958258701	79.2739878828902
421.643762232659	333.994627520342	1.53672825411083	79.1246615249279
421.661171694223	334.494092569693	1.53638592826797	78.9756987398063
421.678876821306	334.993508048948	1.53577297784117	78.8266596183783
421.697390519049	335.492672183295	1.53410968122107	78.6760384638708
421.717218142452	335.991465741944	1.53124824405421	78.5221889441572
421.739078840158	336.490051780999	1.52802394666907	78.3629060267706
421.748133820053	513.502936715657	1.58178696456067	63.9678929249958
421.742832207561	514.002257892595	1.579830999839	63.9689685347847
421.737846524241	514.502299306048	1.58100515672747	63.9815561402378
421.731622104029	515.002767977163	1.58374098745606	64.0199612827264
421.72414697247	515.503210149376	1.58595305157876	64.0828469645383
421.715821765966	516.003396943538	1.58675691083293	64.1498872283036
421.707469935134	516.503422850112	1.58683126434017	64.2051218062842
421.699029660387	517.00342402054	1.58699959273776	64.2457947130359
421.690622815929	517.503387817913	1.58714199430419	64.2808805721501
421.682247949324	518.003225949319	1.58663996242349	64.3152745255411
421.674434972483	518.502951052574	1.58545939533566	64.3507794891034
421.667205975921	519.002662255365	1.58422574555518	64.387192181715
421.660545456706	519.502456022666	1.58359763670462	64.42600120188
421.653953883079	520.002345297652	1.58367379861614	64.4653083365805
421.647332627248	520.502278865203	1.58398370773012	64.5013852428051
421.640615273108	521.002187427825	1.58385966523927	64.5271263782711
421.634249896259	521.502044035914	1.58297067433113	64.5350299540233
421.628448628644	522.001862402944	1.58158072433011	64.5189728660395
421.623393018064	522.501683964204	1.58044121176106	64.4827501142054
421.618655827127	523.001542280221	1.58026286032517	64.4421424626826
421.613803405813	523.501452317765	1.58115113961207	64.4203859154245
421.608334301112	524.001397806927	1.58243828962096	64.4343254951493
421.602366162903	524.501352375211	1.58322593914364	64.4861329225496
421.596149536325	525.001298450692	1.58326411472562	64.5640384113278
421.590015026959	525.501242058441	1.58315458982337	64.6542805923008
421.58381450841	526.001190472942	1.58340377009007	64.747876864929
421.577504294988	526.501138606655	1.5837009363299	64.839037640782
421.571154896976	527.001062695682	1.58346623660113	64.9222836791347
421.565117343659	527.50094665648	1.5827210752083	64.9974129863152
421.559469573563	528.000802496661	1.58195683276892	65.0684436592071
421.554176064164	528.50067204879	1.58148963722598	65.1317263652619
421.549019897983	529.000589248509	1.58132847728499	65.1712067862661
421.543879887381	529.500553879774	1.5814549116296	65.1761254526235
421.538559397069	530.000533144851	1.58189199333305	65.1585573983666
421.532959950952	530.500493252727	1.58257419706537	65.1452001395307
421.527023507991	531.000422453324	1.58319621587638	65.1515908252493
421.520934398323	531.500332495424	1.58331113258118	65.1671960377568
421.514973442893	532.00023784027	1.58276440829086	65.1662143079632
421.509376051526	532.500147135279	1.58197875618274	65.1337511540254
421.504063050879	533.000062798967	1.58165616786241	65.0797855062163
421.498707260797	533.499979961021	1.5821390629951	65.0256125810433
421.49298317844	533.999888801426	1.58306157103101	64.9812862989478
421.486854203142	534.499789639379	1.58367308093472	64.9400783575175
421.480598965645	534.999697728677	1.58356054217108	64.8927300573686
421.474512825692	535.499621526486	1.5829784605042	64.842711883341
421.468737724154	535.999553382775	1.58237275204033	64.8051409622082
421.463225341051	536.499485736398	1.5819072039856	64.7904018264523
421.457926385096	536.999418755931	1.58165248989491	64.792372877922
421.452637919894	537.499343927992	1.5818419978808	64.7945224989066
421.44711769836	537.999247569212	1.58256322827415	64.7838105183179
421.441130158334	538.49912883057	1.58339379390305	64.7566007186969
421.434828535642	538.999009227217	1.58368148604668	64.7149580017602
421.428518781863	539.498909232541	1.58319619917909	64.6620539275277
421.422556073072	539.998824930952	1.58242325790462	64.6001564642159
421.416822145285	540.498717526312	1.58223274810018	64.5306305864464
421.410958116765	540.998546819739	1.58312649888413	64.4523486916671
421.404429227277	541.498318663377	1.58468095959205	64.3616711150582
421.397256678464	541.998127362229	1.58571046682276	64.2560845005408
421.389870710923	542.498102175936	1.5852540772197	64.1426964104321
421.383082102104	542.998267907988	1.58359093941635	64.0384744334838
421.377111379945	543.498475961355	1.5819678837328	63.9591901245854
421.371832767736	543.998589138841	1.58106179509857	63.9061380196154
421.366853419286	544.498626604651	1.58041093917378	63.8690723221115
421.362240238027	544.998629295071	1.57977096935465	63.833491346277
421.357666170056	545.498501581605	1.58001797861535	63.7869605703239
421.35262968488	545.998175575209	1.58166002240495	63.7203334071713
421.346532839222	546.497779860289	1.58362816509515	63.634180586762
421.339692620333	546.997481050398	1.58474599573095	63.5391650212057
421.332370268056	547.497245155411	1.58537390747734	63.4526064444645
421.324715466782	547.996973736486	1.5863579277484	63.3847408185648
421.316390081353	548.496745032365	1.5874217741194	63.333048421311
421.307747638809	548.99673848969	1.58756590287905	63.2821995359517
421.29919429464	549.496951000706	1.58654605354405	63.217562039211
421.291364394968	549.997196418311	1.5850868055109	63.1314353711632
421.284076558824	550.49730089429	1.58407315754247	63.0292634696447
421.277181850686	550.997217310098	1.58387515418605	62.9230124500775
421.270063544802	551.4969643294	1.58436661504136	62.8293326201441
421.26266557397	551.996605081452	1.58514795143602	62.7586890550774
421.254702028094	552.496237774565	1.58586569079792	62.7148479363965
421.764432875449	337.010542967413	1.52555470766514	78.1164235095815
421.789496615003	337.509346397121	1.52456641450662	77.9677691530011
421.813787094751	338.007985208421	1.5248092746226	77.785739952642
421.837138164553	338.50665440875	1.52570106133119	77.5873391671963
421.859334575732	339.00547671176	1.52666114780519	77.3907945098536
421.880841601816	339.504496797429	1.52688717505853	77.2311428855241
421.902126947481	340.003692707814	1.5259628286862	77.1203601045634
421.923952117526	340.502954638889	1.52385256019391	77.0630592186883
421.946617766826	341.002157566094	1.52140867017259	77.0298568757255
421.970092611984	341.501241876971	1.51977055869759	77.001096959524
421.993786220794	342.000258948914	1.51994756030346	76.9576052424559
422.017007414404	342.499303739926	1.52178831700967	76.9154788637966
422.039216004481	342.998452542093	1.52464390271407	76.8853190542375
422.060154764392	343.497757515012	1.5275817968755	76.8833080777498
422.079992280574	343.997205572416	1.52992491938816	76.8978055193378
422.099133688895	344.496662321946	1.53096981301603	76.9309855366973
422.118352708458	344.995938528909	1.53078519014245	76.9849367280704
422.138043828036	345.4949905498	1.53011247236178	77.0861756823838
422.158396213127	345.99397240053	1.52992267995664	77.2359098457687
422.179004337887	346.493117218948	1.53049659219321	77.4178760210282
422.199739030256	346.99254027329	1.53177039426386	77.5817796240219
422.220161190991	347.492192550419	1.53346880791263	77.7047033484403
422.240285709228	347.991890980054	1.53540481031545	77.7911381075712
422.246357677835	487.004180167753	1.58633933872504	65.1119309906433
422.237028103635	487.504410350764	1.58834833398766	65.0017485338625
422.227055134329	488.00445539105	1.58946701410031	64.8971911688528
422.216823097081	488.504354742805	1.5894046659461	64.8037598171854
422.207072159394	489.004210397796	1.58873594979408	64.7022141003047
422.197611174123	489.504070292043	1.58849015433909	64.5894055431208
422.188247925496	490.003907688793	1.58910275363174	64.4719434258348
422.178439110712	490.503650287374	1.59008564755799	64.3735690666371
422.168430281245	491.00326103106	1.59061806517758	64.297431444895
422.15838141073	491.502781992962	1.59045468740494	64.2486672238298
422.148747972651	492.002342376862	1.58978180442138	64.2215482937895
422.139526635701	492.502069320955	1.58880815859112	64.2163138519988
422.13096849533	493.001978841774	1.58758219700106	64.2097614518175
422.123003996573	493.501953540307	1.58634699779847	64.1849728180283
422.115682785546	494.001864871792	1.58551582274846	64.1275706809601
422.108572392327	494.501686107005	1.58557276415254	64.0567486806526
422.101317881899	495.001498610296	1.58655224978942	63.9899844495969
422.09345850085	495.501390738524	1.58795199076756	63.9432063989364
422.085055079839	496.001361644212	1.58904545321269	63.9020851366799
422.076244147726	496.501326854742	1.58954161068629	63.8631097916829
422.067345047428	497.001223813761	1.58970589745492	63.8253989085028
422.058304983904	497.501060795156	1.59018040285752	63.8044734489659
422.048994356708	498.000876243666	1.59119745300387	63.7914019943739
422.039182507794	498.500690059411	1.59246640106525	63.7777426160365
422.028932250136	499.000507325464	1.59341457987577	63.7492344511491
422.018398385443	499.500326170601	1.5937738881024	63.7205831590245
422.007863737431	500.000141591957	1.59342453188979	63.7039436703662
421.997603041187	500.499956930353	1.59246592458336	63.7145757825959
421.987867253979	500.999787952813	1.59115375108509	63.7375777848232
421.978713949246	501.499639716281	1.59008513041054	63.7606350798901
421.969915163129	501.999498861883	1.58958713075477	63.7649914575383
421.9612254323	502.499362423458	1.5894409429414	63.7552154508006
421.952563166297	502.999250347143	1.5889997642508	63.7314197939645
421.944176781758	503.499171645263	1.58808224372344	63.7066622059828
421.936161537422	503.999077664271	1.58729668216381	63.6786174211911
421.928291915226	504.498880730028	1.58771376810992	63.6528507437978
421.919839047209	504.998543761099	1.5895022160359	63.6243759046699
421.910433897479	505.498158553299	1.59150645430992	63.6057229293874
421.900232981549	505.997901326649	1.59221693512743	63.59835094097
421.890079912981	506.497888483914	1.59119713533366	63.6032646141314
421.880573911248	506.998053404965	1.58908443253891	63.5947167909854
421.872091317558	507.498198632556	1.58704177359199	63.5591061524609
421.86428107675	507.998162391034	1.58589693616787	63.4928520456559
421.856750851518	508.497919638439	1.58606384489056	63.4270334346421
421.848693853907	508.997498172539	1.58764825760422	63.389851975547
421.839582086693	509.496901266228	1.59041328747771	63.4106881832753
421.82883242119	509.996182165211	1.59338287899043	63.4862444703382
421.816742681846	510.495521625223	1.59534894702484	63.5992439875692
421.803738110763	510.995066836879	1.59579565263623	63.7095245624283
421.790632341813	511.494802000971	1.59528070275867	63.7966706116065
421.777650330251	511.994724896945	1.59394369570791	63.8508615668708
421.765676154658	512.495060934951	1.5910192493099	63.8835508590113
421.75553841307	512.995945319387	1.58635212183831	63.8953803897093
422.259812751093	348.507495192849	1.5373012150734	77.9897430120154
422.277307407812	349.006774607473	1.53884664862834	78.1354823424024
422.293753944266	349.506115366901	1.54015002364632	78.2851706561202
422.309405063526	350.005466412694	1.54150764839141	78.4070666030693
422.324055893186	350.504892837426	1.54300383866807	78.4916920484785
422.337901915453	351.004453747205	1.5444285594769	78.5627056053254
422.35100142602	351.504136858507	1.54536656017308	78.6586981167816
422.363833847463	352.003879925022	1.54559293545602	78.7979589393914
422.376599257225	352.503625328672	1.54527709335831	78.969661012684
422.389520875646	353.003299427792	1.54494346142126	79.1414580298828
422.402340483266	353.502855336883	1.54513799494274	79.278475916982
422.414809468178	354.002336563733	1.54608844608797	79.3606107034064
422.426581368455	354.50186550422	1.54745464992495	79.3955125422894
422.437723195858	355.001519043142	1.54856476807267	79.4103696764461
422.448467417676	355.501273655708	1.54889248093142	79.4289269637758
422.459240115793	356.00104954879	1.54849541290473	79.4543800877467
422.470195734052	356.500791470655	1.54801401941812	79.4750736703131
422.481239827251	357.000497825673	1.54810776756949	79.4799067689566
422.492044000749	357.500203889828	1.54893936835476	79.4653224409105
422.502339950911	357.999943442698	1.55024796100566	79.433938850103
422.511996071171	358.499727865868	1.55161262261119	79.3922262610165
422.521087628976	358.999542100483	1.55252684126587	79.346574548966
422.529953881809	359.499353779117	1.55254230372917	79.2960988726996
422.539031807483	359.999137512591	1.55168623262881	79.231685069171
422.548639921562	360.498896215901	1.55061943850726	79.146263397717
422.558656975081	360.998656205461	1.55009276131827	79.0455967866513
422.568801216044	361.49843200522	1.5502586344333	78.9451767610963
422.578789966726	361.998219562652	1.55062338516431	78.8537829455348
422.588752393169	362.498014067621	1.55056854035221	78.7604897291774
422.598887537066	362.997820900863	1.54996002922312	78.6396948265935
422.609453890024	363.497636247378	1.54925368165734	78.4736734508618
422.620261242647	363.997454880403	1.54906207790921	78.2678480809667
422.631089795775	364.497281813306	1.54958999030962	78.0468030352004
422.641543749785	364.997136332749	1.55051754133022	77.8368907634847
422.651684267935	365.497014242547	1.55123146880282	77.657062602863
422.661594447523	365.996868562747	1.55128351745561	77.51312339388
422.671776262875	366.496617198929	1.55055670959774	77.3985008155984
422.682450067357	366.996217509407	1.54924094870651	77.2943642974779
422.69402491334	367.495726164818	1.54769208490087	77.1816369740513
422.706351068609	367.99530834822	1.54647292863875	77.0469133920976
422.719334211501	368.495118871191	1.54605215862332	76.8894051689375
422.732340825009	368.995155210408	1.54645508076896	76.715203711182
422.745270264282	369.495215293005	1.54713809277269	76.5391578610831
422.747766632614	448.00321095426	1.58203337502277	66.1668576130869
422.742070268003	448.50277369626	1.58126675341405	66.1847920218458
422.736168318977	449.002850203699	1.58237634257258	66.2159749042129
422.729561889663	449.503065422749	1.58415474850222	66.2609197652909
422.722105560347	450.003037165791	1.58514651155577	66.3248693096764
422.714529325209	450.502823508992	1.58521042181724	66.4108264283093
422.706941397328	451.002676440517	1.58507834784628	66.5051622388878
422.699512458069	451.502670065669	1.58513924849447	66.5899013519348
422.692040649376	452.002698023011	1.58500827505604	66.6513103372978
422.684902203197	452.502698292838	1.58435889403631	66.6861728980678
422.67808408308	453.00269856538	1.58368920198265	66.6986893056668
422.671463858311	453.502742734989	1.5840724629824	66.7094239143985
422.664208419755	454.002811122509	1.58582298615856	66.745690176263
422.65601615515	454.502840808597	1.5878981203709	66.8188119956185
422.646992657208	455.002764097949	1.58889416630109	66.9079584054504
422.637986983691	455.502560895984	1.58836894502891	66.9845197522342
422.629516673641	456.002252285621	1.58681265570431	67.0403134644152
422.622014839072	456.501894281824	1.58486429385378	67.091150929193
422.615457992776	457.001547431759	1.58286571612489	67.1531300298614
422.609912855494	457.501275702514	1.58108645308807	67.2261992158977
422.605083381098	458.001131212803	1.57997251495338	67.292191944684
422.600622379103	458.501129779639	1.57997104339326	67.3287368220846
422.595894324638	459.00120495306	1.58094201900147	67.3260493819501
422.590674831976	459.501240765186	1.58204493722397	67.2987593424124
422.585009862204	460.001173430436	1.58248142886854	67.2767896035079
422.579331028227	460.501051840719	1.58222918816728	67.2823213403499
422.573772917134	461.000962399476	1.58195221156883	67.3145855987047
422.56825016641	461.500939977264	1.58231309419827	67.3603191205264
422.562371272127	462.00094317296	1.58328346152285	67.408562899193
422.556053545089	462.500908241209	1.58415434098747	67.4506229191502
422.5494827509	463.000809418931	1.58424739216483	67.4746780531504
422.543102459021	463.500678334872	1.5835805568721	67.4724532094649
422.537091273181	464.000560532204	1.58277673414554	67.4475550620797
422.531377388536	464.500474533453	1.58242857263576	67.4129126847146
422.52566632226	465.000400548523	1.5826046427246	67.3838716464124
422.51982084272	465.500312790974	1.58290696026042	67.375720328098
422.513881635335	466.000211719214	1.58294555424201	67.3981584113057
422.508023256314	466.500116714424	1.58270134391789	67.4437630916547
422.502307165723	467.00003310906	1.5824734494378	67.4892534450849
422.496650019501	467.499950906109	1.58253572255536	67.5177290913825
422.490905796783	467.999863497548	1.582868502182	67.5331639600696
422.485004321377	468.49977145276	1.58317489037277	67.544076705449
422.479041547091	468.999675620562	1.58308649578914	67.5417914881785
422.473213256777	469.499579892653	1.58242598670404	67.5062655281394
422.467770447627	469.999501943736	1.58135560013565	67.432012471125
422.462792663348	470.499461572263	1.58039034975008	67.3413846832867
422.458149534631	470.999449695528	1.58014546850722	67.2687719834149
422.453413392984	471.499417931277	1.5808489766919	67.230080366564
422.448232793964	471.999329153893	1.58207978822024	67.2113915913165
422.442473976429	472.499202891648	1.58303097296731	67.1899040332841
422.436432762078	472.999091069231	1.58324887844135	67.1576285017693
422.430353476273	473.499005460415	1.58307385070298	67.1204208871702
422.4243375196	473.998912911523	1.58308953447128	67.0816567569106
422.418177586807	474.498786323497	1.58342209919995	67.035213609866
422.411848146483	474.998635062966	1.58376849824465	66.9687858998566
422.405333924947	475.49848038711	1.58389449796881	66.8704873492562
422.398812875106	475.998345857084	1.58386433956879	66.7371566465157
422.392238925457	476.498250765846	1.58386290412932	66.5851279733217
422.385698776297	476.998204249253	1.5838772913785	66.445750487893
422.379149928683	477.498180406618	1.58373075631294	66.3440696567371
422.372768261187	477.998134484748	1.58350721131341	66.280012322502
422.366368198129	478.498039325383	1.58361209472679	66.2365575891238
422.359864799695	478.997937856173	1.58399388890723	66.1963084855651
422.353168887383	479.497918992409	1.58387263171203	66.1507397313705
422.346816526505	479.998028041703	1.5827612290007	66.098538312063
422.341054584358	480.498175343842	1.58135580507543	66.0485594264683
422.335899734057	480.99819838126	1.58076540088152	66.0127960283836
422.330668656312	481.497988159672	1.5813594939404	65.9937174576508
422.324974812279	481.997566936178	1.58275654135442	65.9742842066203
422.318355127607	482.497053644698	1.58448877750732	65.9334478726537
422.310870483523	482.996607484065	1.58620916550682	65.8615983560432
422.302435106829	483.496350711792	1.58756046011903	65.7672414561873
422.293524401244	483.996335045254	1.58807113381152	65.6657301553016
422.284485642222	484.496510404622	1.58743790069806	65.5745275100742
422.27609950855	484.9967607711	1.58587201275381	65.5019161915966
422.268464229554	485.49693620727	1.58425131055995	65.4435857912295
422.261549445088	485.996918584176	1.58359726599431	65.3789799844165
422.254446180337	486.496649831335	1.5844110891756	65.2904525272063
422.758431689842	370.005027085731	1.54770895276777	76.3040909845165
422.771168911216	370.504699232971	1.54818095423997	76.1890829635822
422.783296385565	371.004430969374	1.54870745894723	76.0946426926522
422.795117050681	371.504230193727	1.54893756344354	76.0259046546421
422.806715823941	372.004113225585	1.54845944407618	75.9755417167576
422.818699529422	372.503975567075	1.54729138820953	75.9414219794889
422.831055863323	373.003686961897	1.54614093114304	75.8985743825323
422.843726003863	373.503224477983	1.54576609753024	75.8300413915484
422.856039368615	374.002712835263	1.54648377204904	75.7154605563952
422.867718865951	374.50229999621	1.54783514843748	75.5649525886162
422.878519165427	375.002044266852	1.54915727531012	75.3917844548574
422.88879522378	375.501889876472	1.54979946277426	75.2274881618115
422.898867355109	376.001763538235	1.5494678400668	75.0827030843948
422.909338692207	376.501631384797	1.54812877241344	74.9676563357939
422.920476566098	377.001486602059	1.54630953358513	74.8685130527819
422.932408659118	377.501310362709	1.54477906547856	74.7821953089437
422.944729030715	378.001090497044	1.54427864045507	74.6934241304668
422.956986677494	378.50083934304	1.54482315082716	74.6023876578648
422.96875517122	379.000590222929	1.54591125753784	74.5009345283541
422.980020954908	379.500365055098	1.54683412284845	74.4087429816826
422.990901833291	380.000163218738	1.54758916845794	74.3435024565512
423.001427876345	380.499974720701	1.54864902972036	74.3287443355315
423.011376393924	380.999806756747	1.55031721102933	74.3454119624252
423.020557290349	381.499683623628	1.55200889925846	74.3632974332721
423.029124336041	381.99961156247	1.5529388173919	74.3404196355371
423.037482092059	382.49955253559	1.55275087878614	74.2779516999119
423.046104796998	382.999450292391	1.55187600857854	74.1935890095418
423.055153072173	383.499290595821	1.55094100569432	74.123327360844
423.064588700169	383.99911597094	1.55056315555741	74.0681076780608
423.074028759627	384.498984185094	1.55106115027526	74.0230066660604
423.083117861255	384.998915691929	1.55244546798176	73.9729273266123
423.091450367871	385.498890809361	1.55418911308575	73.9371384295426
423.09905465428	385.998873238817	1.55568737615525	73.933169119677
423.106045533085	386.498840722162	1.55651306033271	73.9755962468152
423.112865635656	386.998779893429	1.55669647943891	74.0341829341375
423.119702585432	387.498677352272	1.55641835787502	74.0784766764092
423.126890152358	387.99851356814	1.55578882403608	74.0821926842448
423.134500710455	388.498291230957	1.55476429389598	74.0603445876379
423.142801095608	388.99805850168	1.55367529879394	74.0274530271827
423.151512992209	389.49791479035	1.55325186678653	74.0001548947953
423.160271558339	389.997944341527	1.55415226022128	73.9658312218562
423.168253124515	390.498154911838	1.5562118666771	73.9230867105129
423.175196665361	390.998459007489	1.55861435543699	73.8701447679258
423.18098577173	391.498728945973	1.56034127278533	73.8235319750825
423.186308236376	391.998843129713	1.56080549277036	73.7821564097979
423.19162669245	392.498761859227	1.56019053623294	73.7511165337743
423.197459622764	392.9985909514	1.55956845550853	73.7222858798509
423.203314500896	393.498540275687	1.56004105695941	73.6950995815561
423.208762904204	393.99870065072	1.56156241632139	73.6518094965009
423.213353367308	394.498915132505	1.56275745543309	73.5894467297998
423.217786764375	394.998953419914	1.56259387328782	73.5064989130494
423.222502324122	395.498778151402	1.56154083094475	73.4232000557076
423.22790301563	395.998533580002	1.5607085450019	73.3502240877723
423.233516779277	396.498359145646	1.56041790351268	73.3059984423734
423.239370358362	396.998262298421	1.56036735146727	73.2942984803827
423.24514312181	397.498196494374	1.56048055922141	73.3213000390751
423.249781353207	418.002858711271	1.57595202946567	69.3451109245521
423.247087282431	418.502855910441	1.57516601747668	69.2053070200079
423.244544447628	419.003110871862	1.57588291120284	69.0584297963678
423.241159354345	419.503437837339	1.57761354995125	68.9107258039714
423.236904156127	420.003640950378	1.57933467037387	68.7532372826343
423.231838218533	420.50357456235	1.5801487326271	68.5887348319775
423.226783753571	421.003281477334	1.5799705560648	68.4186899153943
423.221864772514	421.502989069829	1.57955140192623	68.2552983030442
423.217209498108	422.002904403255	1.57964527738298	68.0906001100663
423.21224592764	422.503032799857	1.58039407930596	67.919177171052
423.206916688357	423.003249884189	1.58151493116659	67.7283355818556
423.200888814717	423.503442789626	1.58276656770792	67.5236531093571
423.194389215965	424.003549800005	1.58384758565848	67.3056543810109
423.187420858927	424.503527242125	1.58437648343468	67.0880293147273
423.180490032397	425.003382036808	1.58437536407113	66.8776555790187
423.173488444864	425.50319121202	1.58461070625309	66.6967473010998
423.166248098434	426.003067778639	1.58583277176837	66.5529523629927
423.158090053055	426.503055022537	1.58793841388809	66.4482173892964
423.148991717059	427.00307266735	1.58998783284413	66.3584023676662
423.139083526498	427.502979234905	1.59113284558125	66.2771895092692
423.129004390591	428.002733149146	1.59129156842466	66.2079301878839
423.118926036143	428.502419141971	1.59113972248963	66.1719611763787
423.108996467617	429.002132500001	1.59119611309785	66.1608818958001
423.099020274239	429.501885844144	1.59150001613208	66.1574902646397
423.089079141592	430.001660529841	1.59180828391053	66.1336833493087
423.079070076328	430.501454767293	1.59207819453889	66.0942822933253
423.069070936943	431.00127038052	1.59210728886942	66.0492473595205
423.059145983924	431.501091427558	1.59158220015611	66.0144550388584
423.049639307445	432.000910257988	1.59052598647204	65.9751529111813
423.040595224408	432.500734372394	1.58976051458797	65.9253218748284
423.031757447883	433.000568637437	1.58996306010146	65.8620028126986
423.022651789754	433.5004041854	1.5909007287099	65.8056768341089
423.013166528058	434.000233847362	1.59161854990151	65.7581807137928
423.003508921324	434.500061544453	1.59163004540155	65.7212210536696
422.993943923722	434.999895839875	1.59127711939149	65.6818287157418
422.984431195016	435.49973736884	1.59140058358867	65.6496866322191
422.974658682445	435.999579360011	1.59221687017272	65.6332611625581
422.964474218418	436.499419459466	1.59305472145459	65.6512992570694
422.954113224112	436.999262772386	1.59285304834894	65.6929880693474
422.944195986753	437.499114204119	1.59133832611973	65.7401886379969
422.93513510233	437.998973725858	1.58911338629734	65.757898106154
422.927027333753	438.498846281698	1.58726159456408	65.7414406965157
422.919435996783	438.998736597019	1.58646006892557	65.7042722995818
422.911919173951	439.498629709061	1.58682900656176	65.6908837539774
422.903946392944	439.998471989148	1.58802927610136	65.7236093390187
422.895320402515	440.498204492037	1.58965880449661	65.801822775499
422.885847821319	440.997840120268	1.59106929988375	65.8812894334435
422.875871905466	441.497508122559	1.5915179859527	65.9290858810709
422.865813833412	441.997347616884	1.59069780462496	65.9292705034732
422.856277461304	442.497352743953	1.58938440899424	65.90593802366
422.847119799618	442.99735180753	1.58867388493535	65.877222390332
422.838020389748	443.497176232386	1.58918071631914	65.8606785693916
422.828241547774	443.996811825969	1.59061454631194	65.854958472278
422.817662735633	444.49640774095	1.59216078412985	65.8752931253408
422.806262655991	444.99611043998	1.59292916373758	65.9287722744806
422.794724212703	445.495928413844	1.59254918986835	66.0139404532569
422.783380551402	445.995774481005	1.59119864144364	66.0912522282473
422.772828895596	446.495659743599	1.58933528615449	66.1308218409073
422.763121001037	446.995744098582	1.58704075783216	66.1241609211098
422.75479763978	447.496158284513	1.58438337173012	66.1022766978373
423.250887691681	398.001596892197	1.56117033105074	73.4572843796135
423.255640702438	398.501401400257	1.56271085324201	73.5051466795552
423.259488080297	399.001073982494	1.56479721365971	73.5094766777421
423.262127135367	399.500701657822	1.56660075986699	73.4626477142451
423.264113271533	400.000373434021	1.56759977575027	73.3789533012411
423.265627214602	400.500084812116	1.56798511114438	73.2800612614239
423.267112484583	400.999856546721	1.56814120510461	73.1742950301825
423.268456836575	401.499812521844	1.56805110079077	73.0724489158158
423.270070788296	402.000005088225	1.56755830558749	72.9909297972183
423.271914998767	402.500248533567	1.56688126380766	72.9414269107169
423.274132848005	403.000275695804	1.5666973359162	72.9072822079442
423.276076361552	403.50002997838	1.56749050307248	72.8617590271944
423.277531350335	403.99974553011	1.56873294866619	72.7919232412219
423.27838479203	404.49972448133	1.56916036049119	72.7152677703762
423.279497511047	405.000014471058	1.56821680766464	72.6566010712512
423.281209989033	405.500331367808	1.56676719269355	72.6230125671354
423.283613277142	406.000383239043	1.56615993992677	72.5871716271019
423.285875426669	406.500168389351	1.56679839449309	72.5142336123414
423.287683675388	406.999877190159	1.56802713872073	72.3869547929532
423.288738467378	407.499630503288	1.56913390677105	72.2208359661247
423.289356495041	407.999408035141	1.5700859441127	72.0480292371581
423.289331747029	408.499151980175	1.57130568702321	71.9027363827577
423.288671802671	408.998883596658	1.5729255565579	71.8009046889217
423.287092401567	409.498701753119	1.57436894236122	71.7388170207778
423.285095372176	409.998688729046	1.57481592008688	71.6934810064724
423.28309495569	410.498812514857	1.5740066933353	71.6400774153819
423.281827364749	410.998951592689	1.57252662758816	71.5590228028057
423.281186459394	411.49898989097	1.57135346245489	71.4452525862778
423.281030070129	411.99891072819	1.57107907969255	71.3015725319802
423.280701186059	412.498794674513	1.57149874178496	71.1398942792674
423.280213556085	412.998746567026	1.57194992329304	70.972574092916
423.279480987023	413.498786092712	1.57203616927189	70.8128543656988
423.278850084434	413.998804276182	1.57211156606622	70.6643035301462
423.277897965365	414.498617240192	1.57302926969962	70.5225167325721
423.276222392252	414.99812891057	1.57525033704997	70.3742527984477
423.273022048237	415.497445081981	1.57818711585217	70.2130155809191
423.268452233316	415.996855857139	1.5805381570505	70.0411534161507
423.262911208773	416.496650718317	1.58123879709493	69.8719916941031
423.257589691883	416.996898407436	1.58011959711067	69.7143853462093
423.253070072112	417.497348573283	1.57795590936402	69.5696236788276
