345.748251602332	426.500753268819	-1.56684477034842	64.8188982904666
345.746356575969	427.000606837356	-1.56756454996921	64.8146944481433
345.744308279303	427.500963952239	-1.56585156487516	64.8000248343078
345.740845256719	428.001516377269	-1.56316611439202	64.7881983895802
345.736477815453	428.501648830384	-1.56245367199633	64.7960561024941
345.73254507645	429.001084596045	-1.56512214775746	64.8236601730595
345.730701722767	429.500218319636	-1.56933273859462	64.858363261271
345.730670074413	429.999690870229	-1.57186337120776	64.8787431731226
345.73123459071	430.499808174762	-1.57111382649019	64.8742114414097
345.730595342389	431.000377289718	-1.56808788686299	64.8509611641118
345.728340465279	431.50096421287	-1.56498694856889	64.8329258175158
345.72467931459	432.001267353826	-1.56331965274274	64.837478683123
345.720674134048	432.501275164235	-1.56314533403971	64.8606502140521
345.716720982846	433.001147903929	-1.56366012233936	64.8750878095185
345.71316885928	433.5010319736	-1.56410529127942	64.8625797491322
345.709702398142	434.000966261634	-1.56434791177351	64.8303009630946
345.706483226097	434.500890852304	-1.56475031792786	64.8023041685532
345.703507158542	435.000712174055	-1.56567846545015	64.7870038521303
345.701260247175	435.500412935186	-1.56708622292984	64.7730162433727
345.699691085124	436.000141060254	-1.56845570283417	64.7452060108671
345.698761555107	436.500148181388	-1.56904801056144	64.712961490308
345.697716759314	437.000553692468	-1.56839888530444	64.7049777539824
345.696076007458	437.501169213289	-1.56661479370296	64.7420685899254
345.693268928987	438.001620728121	-1.56455717114911	64.8091665290489
345.689704114923	438.501649532355	-1.56352494576371	64.8729004194204
345.685971065929	439.001285568081	-1.56417298589753	64.9092733696407
345.683001155851	439.50077268099	-1.56592799839656	64.917731328066
345.680902680117	440.000355478377	-1.56765265920645	64.9069145757547
345.679590816578	440.500153981945	-1.56851825721107	64.8869142325754
345.678383136067	441.000188080987	-1.56834163098477	64.8661464852133
345.676969531862	441.50041914695	-1.56748737373019	64.8582339999389
345.674995075951	442.000726894154	-1.5666403261949	64.8734249608885
345.67277943985	442.500940990263	-1.56634588202221	64.9076899814999
345.670473089233	443.000987513166	-1.56651317850779	64.939850876298
345.668314306281	443.5009457416	-1.56645259596979	64.9553383155149
345.665900673537	444.000904016068	-1.56576979309166	64.9576625538483
345.663145506472	444.500854375398	-1.56489347494197	64.9595263334342
345.65995835087	445.000789327128	-1.56435299258295	64.964869801689
345.656652043635	445.500793004133	-1.56403800261116	64.9752979839318
345.653106113748	446.000927518152	-1.56367748763319	64.9969268001639
345.649465448143	446.501098609678	-1.56352860339682	65.0356559960775
345.645853111519	447.001114364749	-1.56415334872695	65.0807083954779
345.642874108018	447.500867120398	-1.56568868437683	65.1076372241346
345.640752878649	448.000435140908	-1.56752507588284	65.0932999140985
345.639524241254	448.500032401087	-1.5686881746648	65.0336334401683
345.638551399747	448.999850020383	-1.56868618910823	64.9455652073428
345.637415699445	449.499923847289	-1.56792135570647	64.860413779165
345.635803804307	450.000138099019	-1.56725669289469	64.8065912509606
345.634075488722	450.500325283223	-1.5673888119914	64.7972703793146
345.632611744193	451.00036799473	-1.56861372651243	64.8243116521678
345.632045851725	451.500258729296	-1.570658889444	64.8667757916754
345.632438558309	452.000113133224	-1.57246433641548	64.9016588978131
345.633421965182	452.500095319389	-1.57259812295842	64.9155876926967
345.633847792155	453.00026382103	-1.57053446601163	64.906602457758
345.632954410899	453.50049776166	-1.56736949511427	64.8824853940552
345.630524047491	454.000639647232	-1.5648439798688	64.8543488056363
345.627273245529	454.500662759751	-1.56385386788631	64.8357609659318
345.623813073434	455.00063962009	-1.56409105546548	64.8374202879928
345.62065620692	455.500622974898	-1.56474243566176	64.8617439092729
345.617752335947	456.000611986047	-1.56531593219937	64.898461735256
345.615165219699	456.500586546487	-1.56585193739136	64.9325760849518
345.612832782904	457.000528758216	-1.56653461864185	64.954880802663
345.610926862862	457.500431605241	-1.56733311480821	64.969043549795
345.60936176071	458.000314176819	-1.56810143804644	64.9836678249788
345.60818118414	458.500228996831	-1.56868372891208	65.0003765802136
345.607132034182	459.000236291054	-1.5687228395458	65.0108501820666
345.605918616573	459.500358817735	-1.56773447137212	65.0113875448123
345.60390308774	460.000551194198	-1.56577086441069	65.0102475959585
345.600882857618	460.500714595594	-1.56377738335379	65.0176085672471
345.597074518622	461.000762357512	-1.56295779421354	65.0319280301497
345.593320614839	461.500681686785	-1.56375773057465	65.0457831381275
345.590232267328	462.000530841378	-1.56553418445005	65.0568877664387
345.588089928809	462.500386564235	-1.56715875482311	65.0679840774357
345.586542221067	463.000285161016	-1.56799315075084	65.075045385387
345.585302710816	463.500211569783	-1.56829383884343	65.0637660352031
345.584187637457	464.000145263417	-1.56865882001047	65.0209609257185
345.583355865249	464.500098814889	-1.56922956200171	64.9530848517925
345.582724331626	465.000098106321	-1.56957089500945	64.8868768311546
345.58209916443	465.500144695992	-1.5691820626393	64.8487198378336
345.581025147914	466.000213918385	-1.56808473767423	64.8452429501469
345.579373048396	466.500273390902	-1.56689470675747	64.8673474576015
345.577204154894	467.000297214009	-1.56618780757124	64.9014194520532
345.574861428037	467.500282982042	-1.56591027025631	64.9320528081336
345.57239740826	468.000268779732	-1.56554900686059	64.9436027400593
345.569743246789	468.500305281258	-1.56481334097085	64.9328814602863
345.566696707465	469.00038596247	-1.56412109013986	64.9155911004475
345.563476379733	469.500438034067	-1.56419814088055	64.9118834146216
345.560446762872	470.000410401995	-1.56514259709901	64.9244895180291
345.557935334224	470.50033227128	-1.56619359473316	64.9367622089306
345.555769010835	471.000267096517	-1.56662067948481	64.9317443412416
345.553697788011	471.500245975989	-1.56655138411538	64.9136332112589
345.551569693863	472.000251939422	-1.56657891789849	64.9070367154057
345.549545249168	472.500247244759	-1.56693749970638	64.9314674362844
345.547735509555	473.000204851985	-1.56754039190097	64.9784503820686
345.546317796542	473.50012744406	-1.56838195826763	65.0174773680699
345.545381069659	474.000047936547	-1.56941700080011	65.0215863838518
345.544989554388	474.500004901333	-1.57034190633715	64.9861778978874
345.544942885308	475.000006478176	-1.57079358956867	64.9255230016889
345.544973621777	475.500026376904	-1.57055599187384	64.8547360467101
345.544674978408	476.000048638354	-1.56954521774443	64.7800306589082
345.543729780706	476.500088354949	-1.56792223550232	64.7079975213172
345.541940128781	477.00014420037	-1.56635350522528	64.6538739295769
345.53958766397	477.500174529822	-1.56569379040337	64.630476780029
345.537163536118	478.000157856951	-1.56606657154855	64.6310028198416
345.535036205102	478.500126855516	-1.56663565662074	64.6309870793072
345.533063000635	479.000119451071	-1.5666556133871	64.6114520768459
345.531003599827	479.500136353438	-1.56631540963755	64.5819213824916
345.528736203344	480.00015971132	-1.56598758962982	64.575499164447
345.526235623466	480.500180676386	-1.56543207580828	64.6151993723927
345.523324586136	481.000189672504	-1.56453343837213	64.6887772584428
345.52005708914	481.500169867785	-1.56410176406069	64.7602431216643
345.516920621277	482.000120227392	-1.56506231773823	64.8003351321199
345.514596488487	482.500063282759	-1.56711301582325	64.8018488856807
345.513259142641	483.000022349672	-1.56878014374735	64.772058428584
345.512376101068	483.500009020848	-1.5687943770154	64.7191853773528
345.511108505793	484.000017838218	-1.56736260626439	64.6505545764843
345.509087908219	484.500026904888	-1.56589902310036	64.5791866714022
345.506554097657	485.000024305165	-1.56527897552059	64.523653308753
345.503843635282	485.500016052602	-1.56504391241498	64.4968105585083
345.500994808978	486.000004949901	-1.5647632615151	64.4979941232794
345.498125809397	486.499989466564	-1.56516518762796	64.5192266243929
345.495792240298	486.99997817124	-1.56703593555836	64.5543033181719
345.494597989444	487.499979867293	-1.5696999868899	64.5970375951701
345.49452475804	487.999987241945	-1.57144744922675	64.6353313182874
345.494815645109	488.499989672796	-1.57119727001133	64.6532891635086
345.494581188955	488.999985260975	-1.56946733705471	64.641072578857
345.493462870482	489.499975979464	-1.56777454101373	64.6020179604917
345.491760256278	489.99996562757	-1.56706333062962	64.5529534680348
345.489886678673	490.499955605641	-1.56689683969482	64.5174965275439
345.487885305695	490.999939119623	-1.56630912488096	64.5129385093333
345.485455271161	491.499907827354	-1.56508522071385	64.5370874811945
345.482452227687	491.999865585481	-1.56401864393166	64.5695211033798
345.479174517114	492.499836317736	-1.5641134287803	64.5894525039557
345.476276285782	492.999847730759	-1.56556865683088	64.5915501081057
345.474232371832	493.499898606516	-1.56759753237246	64.5821877691527
345.473100315409	493.999959569011	-1.56925764440133	64.5655286993417
345.472557709348	494.500002760099	-1.57014334237886	64.5388579463135
345.47224165731	495.000012182194	-1.57019292739372	64.4996522339761
345.471721004637	495.499979942479	-1.56930785813382	64.4522422882072
345.470586220494	495.99991234442	-1.56756435596481	64.4054265690879
345.468533974244	496.49983727262	-1.56560055075611	64.3629402410558
345.465723137808	496.999796453234	-1.56446519644123	64.3187059159337
345.462715905111	497.499820732723	-1.56490774396501	64.2641448934912
345.460279300177	497.999899115483	-1.5667051249677	64.1988541374815
345.458789556554	498.49997804467	-1.56872907460962	64.1326101052502
345.458101834693	499.000006509793	-1.56978419888248	64.078261232368
345.457578664956	499.499973593241	-1.56941498992583	64.0425589002303
345.456641032574	499.999896849968	-1.56805866128057	64.0217205363431
345.454970765223	500.499800229999	-1.56662594629424	64.0052249965409
345.452749296184	500.999714180606	-1.56589072595304	63.983797341948
345.450337840777	501.499674561941	-1.56605293749703	63.9548520548245
345.448138221011	501.999693129682	-1.56670716791838	63.9221201096458
345.44621024526	502.499735891432	-1.56724865646586	63.8927396581168
345.444478231257	502.999757917409	-1.56746176674791	63.8772533822555
345.442810714876	503.499755577877	-1.56768428196621	63.8910774954664
345.441380682237	503.999770341985	-1.56829947343548	63.9444698459193
345.440348422807	504.499840313387	-1.5692462921531	64.0241265809601
345.439827205612	504.999947613044	-1.57008007871617	64.0928633792449
345.439561540507	505.500018416571	-1.57024805208913	64.1187991803289
345.439160890361	505.999983964449	-1.56939316681144	64.1006281364186
345.438069108728	506.499842280326	-1.56764344426299	64.059970461788
345.436051299121	506.999664296769	-1.56571969356374	64.015863651828
345.433217057221	507.499549969967	-1.56460848538796	63.9737148007557
345.430164528249	507.999554673652	-1.56472635239138	63.930422256911
345.427344818655	508.499641043529	-1.56554721821514	63.8814183520346
345.424983712572	508.999723521337	-1.56637624448398	63.8250625944632
345.422963586776	509.499749773663	-1.56707066376373	63.769064361667
345.421292945204	509.999717029531	-1.56766195666139	63.7292718030772
345.419789039279	510.499645769818	-1.56785812718801	63.7171335891798
345.418270742828	510.99957606954	-1.56750987614918	63.7276799152745
345.416502076113	511.49956434631	-1.56708078046926	63.7427231713498
345.414656288218	511.999639033862	-1.56705710815377	63.7409553248224
345.412831449965	512.499756135463	-1.56720746324139	63.7060752630483
345.411028733647	512.999825290239	-1.56693135264249	63.6327172074634
345.408908170197	513.499789584068	-1.56616182936765	63.5353366828831
345.406459384519	513.999679426781	-1.56559605656862	63.4467263273561
345.403918041455	514.499590308983	-1.56598705063147	63.4001217533182
345.401883039148	514.999589156441	-1.56733654496708	63.4057645275079
345.400537251845	515.499642324525	-1.56876870100034	63.4450622332889
345.399696449059	515.999665257843	-1.56919953938355	63.4838531713345
345.398622528291	516.499660828491	-1.56818438943854	63.4918810087865
345.396800130815	516.99989484721	-1.56635845233647	63.4325516365878
345.394348783993	517.501156181705	-1.56645397642916	63.1995203872287
345.394840180427	518.004902300612	-1.57915791877277	62.5228933106546
345.412161422315	518.511104892633	-1.63642001196306	60.9964566685704
345.479556423748	519.005575485503	-1.79254873469533	58.5048231348284
345.626739519053	519.4362083826	-2.04470003326667	55.9443960165655
346.239994872072	353.006687531613	-1.53849163019727	67.8272960115713
346.222753780065	353.505412489849	-1.54086966629252	67.6043761217023
346.207512837175	354.004294950099	-1.54400328136333	67.3981507699985
346.194229478892	354.503345471849	-1.54764202402928	67.2302550455902
346.183210025293	355.002528959025	-1.551454919165	67.0860558482154
346.174113403147	355.501905263975	-1.55474060056069	66.9473471248608
346.166749283979	356.001497237226	-1.55750193905591	66.7979713272014
346.160817833979	356.501153299571	-1.560652143416	66.6544853805367
346.156806605655	357.000706092784	-1.56472325102339	66.529463396295
346.154754243824	357.500201208867	-1.56850372913066	66.4357967625223
346.15417608036	357.99993249106	-1.5699726488826	66.3617218862825
346.153426214038	358.500198018439	-1.56811860364783	66.3056182366464
346.15114239296	359.000924318694	-1.56397368017786	66.2628772585292
346.146587650841	359.501601315495	-1.55991671800205	66.238440237337
346.140615207048	360.001763106662	-1.55822136781212	66.2140910737445
346.134568903203	360.501400282332	-1.55962017856635	66.1843020854702
346.129914371658	361.000828813836	-1.5630247469769	66.1490858377087
346.127001595467	361.500339653971	-1.56654934473968	66.1323953791072
346.125638380718	362.000062533063	-1.56903010802655	66.1420650016778
346.125079026953	362.500006044468	-1.57027121980023	66.1786871811993
346.124819260564	363.000145822137	-1.57007435090784	66.2129030486985
346.123915069711	363.500446364086	-1.56787797324401	66.2252330687367
346.121564842627	364.000811150437	-1.56403395079426	66.2011369426643
346.117266025401	364.501087946319	-1.56030162049511	66.1576685199363
346.111613013765	365.001195532505	-1.55808374350438	66.1071495466415
346.105200071889	365.501168530914	-1.55703854709458	66.0640359328811
346.098515247197	366.001053795905	-1.5565840549201	66.0171286417592
346.091836360431	366.500838754902	-1.55738558512032	65.9641217371968
346.086122875316	367.00053193088	-1.56042250242943	65.8994729167906
346.082263581514	367.500217470759	-1.56496668040427	65.8372147225461
346.080570413706	368.000012222176	-1.56876776325091	65.7781950797492
346.080077332063	368.49998521698	-1.56984751873493	65.7298301569939
346.079460840089	369.000098085617	-1.56828213895102	65.6841668147466
346.077781546597	369.500219287838	-1.56608325174138	65.6451231807836
346.075326122467	370.000253777319	-1.56520413245132	65.6067389873363
346.07273537649	370.500233186697	-1.56560165056188	65.5782000615352
346.070343249807	371.000253540958	-1.56560351518067	65.5564084637232
346.067512012169	371.500359031018	-1.56379581631338	65.5456205900858
346.063503044732	372.000493525792	-1.56075727276424	65.5351538828017
346.058185969837	372.500548666286	-1.55879803084339	65.5306338056601
346.052657831137	373.000473574387	-1.55984559034345	65.5309681371866
346.048288462979	373.500311717669	-1.56349976570766	65.5433290766134
346.045861320179	374.000148027998	-1.56743899310986	65.5522122412546
346.044848624472	374.500054120403	-1.56923449426604	65.5514491964433
346.044010947284	375.000062972648	-1.56819681626756	65.5338005389109
346.042185539651	375.500145145126	-1.5656009026883	65.518781731169
346.039117082992	376.000231124835	-1.56322130721548	65.5165599031943
346.035153501861	376.50026657379	-1.56198463164291	65.5377760101735
346.030993075635	377.000237084494	-1.56224493959956	65.5658730267048
346.027368062093	377.50015852682	-1.56421313367051	65.5910548101158
346.02504375728	378.000063327233	-1.56751227291025	65.5963188564829
346.024287970975	378.499983962139	-1.57060372893154	65.5836733095468
346.024576067321	378.999950468642	-1.57158302728619	65.5473996811564
346.024669204958	379.499980926866	-1.56975451684608	65.4998626323481
346.023518642177	380.000048742424	-1.56649079408944	65.4470959961954
346.020950553782	380.500095562166	-1.56407457570505	65.4055396979198
346.01766195802	381.000101711308	-1.56341381662067	65.3692895449665
346.014212701949	381.500091176744	-1.563315221365	65.3353065184247
346.010573438023	382.000076268752	-1.56269909897168	65.2870390876053
346.006593237292	382.500049235339	-1.5622216617521	65.2283094003056
346.002628929458	383.00001713157	-1.56286823321316	65.1619468689018
345.999153104849	383.499995669782	-1.56406924480059	65.107571925295
345.996181392146	383.999983796172	-1.56472052444519	65.0651370885956
345.993416438224	384.499976475753	-1.564805604328	65.0343404748659
345.9907715886	384.999978836855	-1.56516571783668	64.9988408188408
345.988455511053	385.499991691181	-1.56601080318436	64.9659605077521
345.986542254318	385.999998668707	-1.56667108858922	64.9450286880507
345.984766314239	386.49998307231	-1.56643226495511	64.9560143050339
345.982659440324	386.999946435433	-1.56538757782016	64.989332915149
345.980006757845	387.499906588956	-1.56434810875131	65.0331690676198
345.976943829141	387.999880637665	-1.56396139986881	65.0657588833096
345.973759687896	388.499866662121	-1.5639652761476	65.0905559647692
345.970478427272	388.999849756872	-1.5637407315701	65.1061008606678
345.966990883977	389.499828060273	-1.56312703581855	65.1176117016959
345.963211930373	389.999810874659	-1.56257722956634	65.1111219776604
345.959345284143	390.499797907302	-1.56256022402383	65.0907738262721
345.955640587398	390.9997796286	-1.56318802627149	65.0626168978633
345.952374311508	391.499762906402	-1.56422718895161	65.0483891649047
345.949634062865	391.999772404426	-1.5655375942254	65.0465677720432
345.947565894079	392.499819464809	-1.56701834026372	65.0562239199572
345.94610076253	392.999871799389	-1.56815754663817	65.0631367195078
345.944926472353	393.499875687878	-1.56807752350726	65.0703759212141
345.94333810872	393.999813974849	-1.56663367258716	65.0727572571301
345.940949167805	394.499724309192	-1.56479302066513	65.0758526791283
345.937746335633	394.99964366625	-1.56343364720303	65.0686068245912
345.933988120086	395.499562366057	-1.56232845745854	65.0493622911479
345.929612566927	395.999459180452	-1.56110120911506	65.0082696312388
345.924728161609	396.49936934266	-1.56029524238515	64.9570076870179
345.919715367722	396.999365063208	-1.56086040801259	64.9031877900969
345.91537561973	397.499476496769	-1.56282173764458	64.8642065301405
345.912096915612	397.999648819396	-1.56516437576583	64.8342683298121
345.909805012363	398.499777076921	-1.56643106366191	64.8095413283585
345.907606362077	398.99975462251	-1.56555805049688	64.7761200071225
345.904516798282	399.499531956676	-1.56261904633707	64.7447574366103
345.899792977165	399.999180649273	-1.55933037235475	64.7265997234415
345.893937460841	400.498903684007	-1.55808875620649	64.7424701872387
345.888164587351	400.998895802894	-1.5599984075372	64.7859735592397
345.883872343379	401.499163955574	-1.56379170172093	64.8463979526796
345.881334193072	401.999534845563	-1.56727645722	64.8948576993341
345.880188859426	402.499840680873	-1.56928194127798	64.919511826461
345.879621985457	403.000005111451	-1.5700125783784	64.9119940248142
345.879280729339	403.500015693343	-1.57003193470087	64.8900900812439
345.878759363963	403.999900258217	-1.56954952121784	64.862696406033
345.877908751862	404.49972719032	-1.56849994864237	64.8372738939306
345.876340467857	404.999568923974	-1.56700726159762	64.7965404503332
345.874031461068	405.499442309163	-1.56531339528955	64.7398395286827
345.870759416566	405.999280358423	-1.56328261270987	64.6752420560003
345.866416968526	406.499007079622	-1.56061624917845	64.6345293792307
345.860694748284	406.998676779863	-1.55809793602082	64.6321464098161
345.854240858405	407.49851916517	-1.55763222992016	64.6773092442569
345.848258494218	407.998736563361	-1.56036243466343	64.7494583096577
345.844263140477	408.499273048092	-1.56510317071344	64.8209229561132
345.842509291617	408.99985363783	-1.5694733700955	64.8441414869481
345.842499765775	409.500220975094	-1.57178938285709	64.7990218497368
345.842899603878	410.000227809582	-1.57158098840627	64.6965078666946
345.842701737071	410.499847269212	-1.56917229257298	64.5984369568324
345.84091216529	410.999241116698	-1.56562889312751	64.5588639881721
345.837523573046	411.498744112862	-1.56255138689868	64.5974291469861
345.832943180097	411.998620473749	-1.56132806794025	64.6656625758885
345.82831855486	412.49884616407	-1.56215325338601	64.7092208646494
345.824307774808	412.999191019233	-1.56418292007748	64.695091872148
345.821479505057	413.49948513188	-1.56648843160815	64.6428963107416
345.81966873398	413.999698733671	-1.56843118623179	64.5787487583062
345.818755530216	414.499837967207	-1.56943576088515	64.5301600207349
345.817976649927	414.999854371156	-1.56912769062153	64.4999315972266
345.816845174205	415.499702348658	-1.56763717428491	64.496461122863
345.814710291032	415.999449788744	-1.56567241886961	64.513419159167
345.811724755535	416.499262213766	-1.56416655600397	64.5393151343605
345.80810001633	416.999209826565	-1.56382065831939	64.5426497614344
345.80467332881	417.499190500714	-1.56473088418234	64.5235893872195
345.801833451948	417.999129474793	-1.56646526677697	64.5051703017281
345.800041978576	418.499135006256	-1.56817625899004	64.5199429714179
345.798836175103	418.999278364323	-1.56886923660173	64.5557673898163
345.797681015092	419.499393308465	-1.56790545897334	64.589089901681
345.795532203545	419.999266753945	-1.5656699827641	64.6010657538274
345.792251855969	420.49893111995	-1.56353314790498	64.6087887553602
345.788016668644	420.998625812581	-1.56264419925852	64.6251472843367
345.783747465006	421.498557295236	-1.56299310530153	64.657113586532
345.77972748024	421.998731803579	-1.56395086429573	64.6854740186781
345.776363179014	422.498980872729	-1.56501774600505	64.7012994118417
345.773399664043	422.99907564904	-1.5658506393582	64.7000840512845
345.770812855958	423.498883274803	-1.56596847767909	64.6977080248171
345.767870521145	423.998468792329	-1.56506030788693	64.6987546834433
345.764309792693	424.498076775289	-1.56349813366402	64.7087299902015
345.759802369698	424.997952379753	-1.56236050094219	64.7186921160989
345.755133734829	425.498191458396	-1.56268749636576	64.7307089870862
345.750968232251	425.998699401977	-1.5645911865152	64.7395743224294
345.784934618876	519.668295507423	-2.22271024018413	54.4680779592412
346.039913654917	519.948826001536	-2.42408543050693	54.8677939130609
346.73081731835	343.019399707566	-1.47848470076503	70.7824306627961
346.684939243975	343.514827564651	-1.48677719036863	71.0253051009879
346.644316680036	344.010991300704	-1.49434456460272	71.2280394492217
346.608122170761	344.507749128141	-1.50124111163996	71.3812624853163
346.575603096442	345.005033389575	-1.50762032925835	71.4750919848706
346.546281397521	345.502844734035	-1.51320720204903	71.4983033284282
346.519489213047	346.001113882002	-1.51768899561435	71.4454299621728
346.494638906287	346.499711919193	-1.521230789208	71.3208355331603
346.471329724164	346.998554569395	-1.52439321676719	71.1331495402695
346.449405281079	347.497649707789	-1.52746346711893	70.8886883686145
346.428735376341	347.996977201624	-1.5299368823731	70.5956443836107
346.408778529823	348.496360567185	-1.53095756910198	70.2744053258914
346.388899590714	348.995621075662	-1.53070206256171	69.9561722664263
346.368720331702	349.494846637892	-1.53064979770665	69.6649431565743
346.348764584302	349.994351278925	-1.53210827978874	69.4010767068423
346.329615040568	350.494257548491	-1.53471193471441	69.1501601905723
346.311632056688	350.994306504144	-1.53692005978085	68.8994546631513
346.294164606423	351.49413571237	-1.53763111085447	68.648916579056
346.276671002249	351.99373529101	-1.5372969509363	68.4014488305396
346.258708694936	352.493483653501	-1.53723861937038	68.1542601377382
346.420788979921	520.177842987084	-2.71196100147842	56.5343726200574
346.571741987711	520.260243079941	-2.83576556311582	57.7745262007206
347.204903461929	339.02543927655	-1.4409682323074	71.2909558022507
347.138203094195	339.516560679676	-1.43732163423735	70.9135598584545
347.074567549471	340.008488655943	-1.4380361119258	70.6300675953436
347.013700396575	340.501475348424	-1.44177054105242	70.4481361221948
346.955218807107	340.995423016245	-1.4474124287628	70.351167611317
346.898575645561	341.49007347844	-1.45383220132253	70.3374333903599
346.843132202119	341.985179668031	-1.46103228927166	70.3946042043234
346.788590392992	342.480725925427	-1.4690073868486	70.5135576530384
347.022295928225	520.351297640742	-3.03451668515296	60.3120066866839
347.737541666645	334.53456149752	-1.41764912639425	72.8132132108117
347.663409331209	335.022365610479	-1.43487083678001	73.1690013969039
347.600226035972	335.512880664808	-1.44939567537176	73.4357951538608
347.544461229074	336.005395591828	-1.46021514770295	73.5767776370863
347.493372642192	336.499231992161	-1.46701705667515	73.5739670249341
347.444356783799	336.993727567178	-1.46941907028552	73.403104786194
347.394583761337	337.488131455699	-1.4666489403014	73.0508165221633
347.341143257563	337.981749842531	-1.45927979350275	72.5418071811881
347.281408672193	338.474396354156	-1.44991398622017	71.9411926670129
347.507886460183	520.38144241574	-3.11280443197335	62.0411311595261
348.188038755396	332.031871417055	-1.39261989649813	72.9860873750404
348.098399696504	332.516720783046	-1.38217672479695	72.6932091963786
348.010611889359	333.001784580684	-1.37989624652562	72.5117585658497
347.923943094569	333.487502367106	-1.38540936155109	72.4642771624951
347.837720660116	333.974269987192	-1.39785845982051	72.5345711464416
347.751339567215	334.462494199414	-1.41486596404319	72.6957121366378
348.003100776555	520.389851835915	-3.13260740682222	62.8823653855091
348.664473722236	329.029436660514	-1.39558852463667	74.3646898571331
348.584032843005	329.514267343546	-1.41292119967005	74.6691179982194
348.512031615364	330.001964188944	-1.42287938786385	74.7450042555577
348.443039245158	330.490902747187	-1.42554845037302	74.5617115810341
348.372134273307	330.979681407671	-1.42094166458731	74.151410128791
348.294257430982	331.467062337368	-1.40973192441638	73.5922704650382
348.501434292461	520.393297519363	-3.13627146043937	63.2319576393155
349.209953989002	326.545238383721	-1.35389731700159	74.3644203216199
349.100661861082	327.02175217857	-1.33981536334844	74.0579519065135
348.99466754769	327.498863770263	-1.33701522971461	73.8665615045331
348.889628883777	327.977242928819	-1.34721474838354	73.8053293238462
348.783777745102	328.457545984367	-1.36776020720323	73.8853733902004
349.000888452602	520.395778698811	-3.13729249074848	63.3854992975939
349.719286171779	324.04934563724	-1.34431278725979	75.0738820449019
349.61384557272	324.524572330073	-1.36609428041029	75.5444167192702
349.521785853537	325.004549627292	-1.37947047136378	75.7447603271867
349.434044225066	325.486469551156	-1.38255359012616	75.5820922523769
349.34230876053	325.967659459892	-1.37463524232435	75.1017063546192
349.500714749044	520.397791829752	-3.13791705451016	63.4555851914974
350.237071803264	322.059687115726	-1.32246036024431	75.1419402402545
350.111667442903	322.528170014125	-1.30786615930058	74.8962999308446
349.992442272408	322.998117420441	-1.30523298005543	74.7552777241539
349.873822771758	323.469434909349	-1.31595470968578	74.7548669251443
349.751053394668	323.942043074363	-1.33826245472011	74.8931646476526
350.00065238421	520.399564659222	-3.13827260473414	63.478856540587
350.723695939185	320.059516034058	-1.30666932852565	75.653450851535
350.602164868593	320.525981664566	-1.32951877820966	76.0702433169762
350.495208641361	320.998818660049	-1.34154246581558	76.1931969041566
350.390083390575	321.473232644258	-1.3403889586569	75.9090317344045
350.274476183751	321.944959007908	-1.32727693596695	75.3172734680547
350.500615295205	520.401181020737	-3.13825648170075	63.4822054638825
351.170164083818	318.550202713486	-1.27832656730145	75.7419100807807
351.035501308462	319.010400148014	-1.27078871077229	75.6314976099004
350.904252703222	319.472674463045	-1.27797810294914	75.5464771460803
350.767643414207	319.936424420398	-1.2993035473537	75.5270083372151
351.000584593525	520.402917434203	-3.13790026406759	63.4892956960378
351.737610289316	316.571402433369	-1.27181127756026	76.0279639768659
351.600696744999	317.029314323362	-1.29477158954211	76.4928990662536
351.479997345001	317.494270242508	-1.30461842707444	76.6187696442026
351.358179970525	317.959371911102	-1.29932409375825	76.2896417668554
351.500576809279	520.404832044833	-3.13738232759016	63.5155110855842
352.233000460175	315.075899466908	-1.25379590196787	76.2825900786218
352.082030617688	315.526564512594	-1.24187141828298	76.1666418792688
351.93988375755	315.98090189593	-1.24477970380828	76.042336582012
351.79307127596	316.436274249442	-1.26351734619268	75.9569832387013
352.000606135452	520.407083304473	-3.13677067383378	63.5644409650571
352.712124698331	313.571334262159	-1.24461057338521	76.7178188854109
352.567371637564	314.021981563576	-1.26415656267535	77.1180558710019
352.435084941687	314.479171320196	-1.26928460377298	77.0441182593158
352.293979671182	314.934255936021	-1.25962261924751	76.4907425800802
352.500654054121	520.409677870143	-3.13593754516182	63.6265565892178
353.089700433818	312.532631627821	-1.21063819966087	76.726525391371
352.937594511229	312.977785637725	-1.21603700680315	76.6988172332118
352.779420672319	313.424065074653	-1.23570172157818	76.5905666485961
353.000674195042	520.412789640398	-3.13495462643087	63.6823993427666
353.628329001142	311.047632545192	-1.22002060469814	77.0883065932489
353.479854365668	311.49264013064	-1.22811703813598	77.2762287885067
353.328810753319	311.937889124275	-1.22339246860158	76.9215631559873
353.500631106717	520.416271969737	-3.13434818178024	63.7172562211057
354.204516646276	309.581793765905	-1.18670743118628	76.8656914781758
354.036664410399	310.014482906752	-1.18534479405253	76.9530747050722
353.87603149973	310.452005645455	-1.19479793068782	76.8468867741744
354.000534068558	520.41984317603	-3.1346674956355	63.7328120607458
354.61880462056	308.548535764105	-1.18436393453239	77.4496594041328
354.459469472602	308.983747237909	-1.19238018842478	77.4844825865032
354.29296303925	309.417898860382	-1.18999450896225	76.9724765606349
354.500436035921	520.422976065666	-3.13578563599583	63.7444219119466
355.241150087264	307.105360544219	-1.15824634966495	77.2724226249029
355.059623395568	307.525777621926	-1.15556412258808	77.5076315989684
354.89080911468	307.953673114899	-1.16256217925025	77.3902761134046
355.000392601817	520.42557158786	-3.13674834486029	63.7652501926119
355.685641257015	306.083858592532	-1.14741093235644	77.5422336459648
355.511544001058	306.50510043322	-1.15911227720434	77.8551983823881
355.341071046348	306.930757684842	-1.16060375005872	77.5431006435401
355.500416599444	520.427929440345	-3.13653904516835	63.7945566278084
356.158411908673	305.075373878044	-1.12287276725028	77.499883667277
355.978367445022	305.489851805827	-1.12688103937128	77.7206086963885
355.794606421892	305.905810248211	-1.13983410161566	77.4341999421223
356.000458323611	520.430714291313	-3.13530767871896	63.8189046714134
356.643887060526	304.070690223909	-1.11312069988581	77.557464430652
356.463495933825	304.482383854281	-1.12162235611758	77.7791035646533
356.274818988197	304.892581976116	-1.1231497331285	77.3548137997729
356.50044480134	520.434029323122	-3.13450076054214	63.8248356706899
357.149606970492	303.077517905357	-1.08947323518268	77.641672189318
356.962268373579	303.48081047282	-1.09495921256032	77.7335567137311
356.765489139756	303.883320369303	-1.10649957805642	77.284019981043
357.000356260162	520.437383152202	-3.13526037876819	63.8072169651414
357.668628587629	302.090596791805	-1.07709009751777	77.9006693403762
357.478096111061	302.488451149724	-1.08579573282972	78.1314820764387
357.281563094357	302.886739336807	-1.08934925990695	77.5440941549144
357.500248164149	520.440010980091	-3.1370763972564	63.7669752132591
358.207708575547	301.11688156287	-1.05783995042292	77.7888202952689
358.007158588327	301.503966396045	-1.06185612103699	78.2001206843763
357.8097053038	301.896619860135	-1.07095153139477	77.8296292537787
358.000195051394	520.441818433946	-3.13841415731449	63.7071597483061
358.550334432778	300.528892882989	-1.05224604934979	78.2423835601962
358.355633172769	300.918285226795	-1.05664239714721	78.0144706489543
358.500232974725	520.443295709436	-3.13823730056567	63.6385821687316
359.107261990038	299.564264701094	-1.03048656378341	78.0932695610966
358.910054019394	299.946976112268	-1.03833066085408	78.1320670703794
359.000335951634	520.4452462077	-3.13674705906261	63.584841094038
359.683891535516	298.615452643072	-1.00930056876696	77.8410847812687
359.478207053184	298.986590216741	-1.01943277720513	78.2676281670867
359.2649352188	299.357935246027	-1.0269469426234	77.695303062236
359.500427847945	520.448022460351	-3.13506548273142	63.5737621986625
360.062589572372	298.040625387546	-0.993082639514112	78.150059428505
359.856740240939	298.40873143934	-1.00169061121155	77.9476680023343
360.000431617255	520.451436601857	-3.13447438797212	63.6180719982724
360.6679006849	297.113739594604	-0.974294339277156	78.0465240162441
360.45771294242	297.471876608899	-0.982638142919767	78.2837989394595
360.500330539367	520.454700701521	-3.13564083982711	63.7032537993502
361.068031745664	296.547541648221	-0.95869607841822	78.5693603773218
360.856908311342	296.902172639742	-0.968824242544396	78.2019643459798
361.000184168534	520.457071391899	-3.1380008704695	63.7945651582123
361.704174132651	295.650795965888	-0.933003700368631	78.3060782205646
361.483473225207	295.988060653284	-0.943693583667396	78.8347704003892
361.254491580775	296.326696687876	-0.95326764764464	78.0292996430479
361.500084352968	520.458307317531	-3.13987947780077	63.8590985005788
362.124468229141	295.09535234059	-0.915804986439249	78.5706766191821
361.908757856906	295.43148215732	-0.924624419816339	78.7276585699191
362.000089142153	520.459070830157	-3.13983207238111	63.8852139648387
362.560714548446	294.548027712083	-0.901934460773726	78.6576019829057
362.340622289889	294.875950169668	-0.908905814987398	78.3919036956306
362.500175278442	520.46031885741	-3.13795887031152	63.8847248127408
363.243428424095	293.701643345081	-0.879591954095334	77.7908181320313
363.007361343643	294.006004097908	-0.88752373077355	78.5954869926952
362.775295282295	294.319460955262	-0.895197078736247	77.9843412572073
363.000253644699	520.462660090898	-3.13574865276186	63.8772868215354
363.68979087179	293.162349143952	-0.863512750226924	77.9727539124761
363.46219816795	293.468232965842	-0.872748755354831	78.5018061074088
363.500253359013	520.465810128178	-3.13484046015159	63.8729761107566
364.150202026891	292.633515428966	-0.844009580394749	78.1823558577906
363.925016210673	292.934790321409	-0.854972767157406	78.4226026151938
364.00018067244	520.46896042704	-3.13578618921017	63.8672965192206
364.623461428383	292.114571207896	-0.822625211615958	78.3914865765131
364.397377898935	292.407058728209	-0.83451849591433	78.4077240396906
364.500093524596	520.471337053547	-3.13766355729152	63.8492701308529
365.108829826803	291.605421313807	-0.800915824293225	78.5498010777041
364.8804058849	291.886773087423	-0.812196196768292	78.4434746878462
365.000048718778	520.472887205759	-3.13888257838716	63.8154980124782
365.604415358002	291.105024174661	-0.782198794089069	78.6198221636497
365.374227092915	291.375898312971	-0.791499843676004	78.4995150882013
365.500073542623	520.47420075804	-3.1384705074173	63.7803974916341
366.107606099952	290.612345505036	-0.763475925195581	78.6147808728997
365.878348728409	290.875371794795	-0.772887251027463	78.5360293702114
366.000144988627	520.476097796264	-3.13673824680358	63.7706366766426
366.619321438467	290.129768356986	-0.742962011867904	78.5887218059196
366.391836933054	290.384809753765	-0.753438051507849	78.6080684344172
366.500195801676	520.478921481841	-3.13500693415152	63.8028177240679
367.140405782533	289.660113259836	-0.71900256123584	78.5377864424304
366.913989053417	289.904262666844	-0.731059363396474	78.751159614646
367.000177675108	520.482287392746	-3.1348601352867	63.8672028011445
367.672832470966	289.207488385124	-0.693804608405401	78.3793359831857
367.44491016129	289.435451166747	-0.705490780853738	78.919681384053
367.500107605807	520.485145982937	-3.13710555694738	63.9357693821331
367.983348889472	288.979415159968	-0.679411124158671	78.9902567303102
368.000025542387	520.48646479414	-3.14099077215174	63.9789859054681
368.528664620782	288.537248236257	-0.654411544078329	78.9173077599536
368.499933521717	520.485745777652	3.13793480911143	63.9669563502635
369.08120572758	288.110672624116	-0.632166459884211	78.6637220706986
368.862393172294	288.316182711171	-0.641610776400267	78.401086937556
368.999750704723	520.482572334433	3.13162162478181	63.8502355001871
369.643665038844	287.707233820287	-0.606419504408873	78.3189515172679
369.428121849583	287.89884503593	-0.617992939826697	78.6853794541334
369.49905955112	520.47397272586	3.11416452162149	63.5247060492883
369.994471143253	287.491740891696	-0.590103074567533	78.8777925494802
369.995672207607	520.449941639172	3.06576840744861	62.8339634871427
370.564602160719	287.102394305262	-0.563336087863657	78.7639851258926
370.353171985328	287.272820525044	-0.573954236567307	78.3035254571253
370.480126336555	520.390247809259	2.96363961233974	61.7509309344447
371.146531789534	286.748175331116	-0.531953123731582	78.4179646973803
370.940570724383	286.902038361318	-0.544564514216463	78.8180881356649
371.081409585958	520.200479278085	2.74668362993855	60.1386357786225
370.926792562547	520.273845849692	2.81117285138721	60.6080869354903
371.522872713176	286.540310565556	-0.512535684822995	79.0293375665234
371.495327588906	519.992440766841	2.57816421436946	60.2177921995725
372.111056925659	286.20700151264	-0.492076359963326	78.6130555091509
371.916232495503	286.346788005482	-0.498547664425993	78.7736605086956
372.045327962417	519.545869368223	2.35024574640818	61.4273968655166
371.818868648887	519.783639710235	2.44452903996731	60.2811296957726
372.506911259508	286.013435326156	-0.476964335396033	79.0434048726435
372.731194899718	518.670948488267	2.18152263921707	63.3046033872247
372.508241288146	519.006417952053	2.21070875722322	63.1727752179082
372.284638919445	519.316822519026	2.26828614149635	61.7846307901946
373.098343925082	285.708728602048	-0.438614917421141	78.8716036133811
372.915160985992	285.826111892739	-0.45322919330556	78.8548106039981
373.127171039672	518.088910631858	2.16385614202533	64.3277984350414
372.921971465087	518.44484135703	2.16878507196888	64.0870229506834
373.513817772484	285.531189523668	-0.411101298020493	79.3293868224411
373.747868725696	517.172577562292	2.16863141508571	64.3984243140016
373.526534387412	517.518339119351	2.16368659865747	64.8422784236183
373.31504732134	517.872431697384	2.16206341213302	64.2823566879511
373.94358222363	285.364824714548	-0.392074583083752	79.1267276184679
374.138971852321	516.597850330171	2.17863449733874	64.865049073938
373.930167793793	516.951310124115	2.172836806821	64.9295425222281
374.539704357418	285.102376649794	-0.376002861859098	79.016051858912
374.547185984365	516.033623568126	2.18756754702291	65.2117797425684
374.333635308071	516.382599615135	2.18178419808143	64.815027621811
374.981066198767	284.947861374869	-0.356252740933924	79.0786869576766
375.180696206043	515.131645928234	2.19850985703279	65.0156516167374
374.964180702485	515.4741196672	2.19597058946215	65.3305649705832
375.573774565335	284.73023789226	-0.309420954817366	79.1606663613267
375.430350734322	284.792169039378	-0.323119516183533	79.041520921852
375.594982078548	514.570052891001	2.20268363583575	65.3113967496253
375.382803696384	514.914297601364	2.19968489537796	65.2437204046877
376.027471557021	284.594632428991	-0.270327752311504	79.6833575174998
376.019770252532	514.014849546524	2.21295711067125	65.3661538023154
375.797684374822	514.349493344977	2.20723289420881	64.9486591439592
376.494922315489	284.480557487844	-0.239222662803851	79.854834310142
376.671474592353	513.132678339332	2.22937458626638	64.9765048982679
376.451781254108	513.463115179669	2.22354072447366	65.2925197618327
376.970683060664	284.374730673263	-0.218052403752318	79.6017280701646
377.104924696673	512.582635798095	2.23767283797317	65.2952790879123
376.887673211655	512.912489622138	2.23280624699209	65.197267295309
377.55087196998	284.241165363309	-0.205112135115137	78.9329940308533
377.451390607806	284.267882030583	-0.206349894242345	79.0700111156809
377.54650484914	512.037019471597	2.24256367155144	65.5272662857754
377.32414200321	512.361025852776	2.2391010550102	65.1062489230161
378.026611768243	284.140340994127	-0.197102339593677	78.6440456024707
378.224392736529	511.182016610215	2.2535004220564	64.932770186001
377.99299447891	511.4943587061	2.24976090578568	65.5436781557617
377.757307450931	511.805856861865	2.24556032753373	64.9179450606725
378.508626487894	284.050818168305	-0.185270019922308	78.4263509101123
378.666074352094	510.637341592434	2.2615085570529	65.1148133787887
378.443130549382	510.953475563983	2.25711812831787	65.4469080644903
378.995339079893	283.969375920317	-0.169186162560105	78.3393979444096
379.117398940957	510.098874599501	2.26984226503515	65.2947751148189
378.896464527762	510.413620874393	2.26572633267388	65.3347087830204
379.485421004318	283.894274495078	-0.151392539902257	78.4080192030513
379.575411333514	509.5643029404	2.27591543008348	65.3970728049994
379.352323185136	509.874852587979	2.27295773667854	65.2000388466297
379.97763787933	283.823968387226	-0.133917446129048	78.59594643823
380.038148849514	509.03302974538	2.28270205390748	65.3953099607057
379.809217523549	509.336104317144	2.27939305447926	64.9934192040456
380.528138025912	283.748655053762	-0.116865057983399	78.9802062513422
380.471090874908	283.756972171581	-0.118555292982536	78.8697970051062
380.747353011912	508.222053989351	2.29891207484979	64.7848473479131
380.505585786375	508.504943460622	2.29217366009314	65.418986060879
380.267611922806	508.796805019079	2.28684897406534	64.7964296975701
381.020377919449	283.690575931382	-0.104739208707161	79.4343557777643
381.215123391582	507.696752368704	2.31042310635897	64.9707271196047
380.978951750388	507.980941547427	2.30465604900359	65.4911816714141
381.514289555816	283.639999801618	-0.0954080461790136	79.8620777519795
381.690547276511	507.176088425827	2.31711834668395	65.0782199381528
381.457751324485	507.461163580738	2.31404183541187	65.5333775040222
382.009319997444	283.594559671627	-0.0886654031292343	80.2075572318518
382.170092870046	506.659273687209	2.32333217637273	65.1312892287549
381.939695159954	506.943947458326	2.3197904700868	65.4880092463427
382.505066062075	283.552546718083	-0.0845054754961651	80.4278428518583
382.654178931308	506.147499160196	2.33403928554712	65.189721746308
382.424724818881	506.428840598641	2.32759667293769	65.440386296414
383.001177883586	283.512314160671	-0.0827639749444377	80.511938200612
383.145033649494	505.641880976706	2.34683952514766	65.2187791743424
382.914854078472	505.917588096154	2.34042150804852	65.4157366088992
383.497348660484	283.472484122618	-0.0831810839798877	80.4788972572231
383.641806194037	505.14123124295	2.35564001548454	65.1957836910764
383.4108666965	505.411974460941	2.35182212460911	65.3873632742281
383.993305781531	283.431841724896	-0.0854704637673053	80.3522435076259
384.141515560452	504.644352282657	2.36465117105635	65.1923680447293
383.911276098334	504.910675571603	2.35986435960606	65.3618866411589
384.488874907232	283.389228243479	-0.089390411244022	80.1400155556565
384.645979657112	504.153177863732	2.37738242564404	65.2282179488968
384.416816507253	504.414006025888	2.37045882751326	65.4178145389966
384.983962599534	283.343524538785	-0.0949203149268307	79.838662919225
385.157642252374	503.669179616337	2.39047605260187	65.2041731553346
384.927916778926	503.923431762571	2.38444721720329	65.5009522286554
385.478349535396	283.293187992308	-0.102378036237375	79.4540442083452
385.67580173907	503.191368691174	2.3991451450341	65.08134323811
385.4438726652	503.439238788532	2.3958319467016	65.5314728729087
386.025795788081	283.228592860831	-0.112762809608717	78.925267187137
386.198396956171	502.719171807866	2.40727223557842	64.9336789508663
385.962744795327	502.959118850478	2.40344963113807	65.5073626097463
386.51931789976	283.166800637062	-0.122262255495236	78.6385519577455
386.484515859594	502.482725641801	2.41232842775661	65.5051466010919
387.01233623496	283.104966212598	-0.129434498234862	78.4038573718852
387.009756792197	502.011127123493	2.42296167485836	65.5245863773571
387.505069349687	283.043111331096	-0.133305968736625	78.254535158601
387.538970502019	501.545716766737	2.43552808268482	65.5350593165135
387.305285081511	501.77485546689	2.42935882423154	64.9637265891553
387.997831468772	282.981401503306	-0.133748690681209	78.1995522859045
388.073004597333	501.088309003841	2.44894978931405	65.4655958278323
387.847896443526	501.318628981227	2.44270083466627	65.162201187929
388.49071905292	282.919690397487	-0.131635173988895	78.2560638472307
388.613077372112	500.640953421591	2.46307536598202	65.3477635071597
388.392087505485	500.867319559583	2.45659839556181	65.3647786166704
388.98367579843	282.85767002618	-0.126758639832046	78.4210942222022
389.161026466918	500.205811109125	2.47415359295294	65.2261724566394
388.937624227042	500.421234166789	2.46919969376999	65.5895749015494
389.476820566766	282.795322205654	-0.11907655773495	78.6925417736579
389.48405393325	499.979433768822	2.47905892607739	65.8178447388298
390.023742728689	282.726681840638	-0.10813741430869	79.2004166811769
390.03251517047	499.542771861771	2.49027315266439	65.9426623498919
390.517653019509	282.673026986125	-0.0989991878586103	79.6970627658569
390.585306332283	499.114698612017	2.50181132981211	65.7959928136856
390.366984774528	499.322983428777	2.49675736969215	65.6022971631888
391.01250679168	282.625039235813	-0.0919324011941154	80.1373447125152
391.146096140593	498.703060211597	2.51940003493468	65.4416796409226
390.928102322602	498.901433647186	2.51192236604734	65.7964304361282
391.507980415128	282.580977654486	-0.0870872244254091	80.4886031299442
391.489374860363	498.484892626569	2.53061319912905	65.8401434744639
392.003827318674	282.539267833984	-0.0843748344612784	80.7346826954531
392.053238880169	498.078108488242	2.54424302292646	65.7012686501852
391.834700751018	498.260246908257	2.53924687606423	65.2579971907444
392.499850764786	282.498465078752	-0.0844031570950652	80.8587919181437
392.623778625106	497.687287703712	2.55629891524752	65.478635113885
392.412965111095	497.870134654401	2.55068975641409	65.6103079807858
392.995775818386	282.456861992752	-0.0875961053192577	80.8306553014801
392.984546832621	497.47626416682	2.56230067200275	65.9374882347231
393.49141422514	282.412770285462	-0.0933939216239289	80.6108371339177
393.555633797456	497.088051895232	2.57494939059096	66.0085508487977
393.343373153672	497.25582036053	2.56906604468453	65.5056244503646
393.986846110239	282.364913927946	-0.100780702405504	80.1700470522702
394.135513588865	496.723095352101	2.59541769648172	65.7974597365566
393.929539698329	496.886102478623	2.58644888040794	66.0396787382486
394.482229440702	282.312103829426	-0.109479556815661	79.5074836962516
394.509041924309	496.515238600762	2.60770141483882	66.2754139865133
395.025088055933	282.245175082294	-0.12098607542047	78.3959673383463
394.977508637031	282.252960287963	-0.119754538922108	78.6530528015979
395.091226716637	496.158458632419	2.61665066750431	65.9623515990587
394.891466129395	496.313114601614	2.61461339338302	65.9135759892854
395.517922939817	282.176086054938	-0.132851329036242	77.5591668479264
395.478246818103	495.961440642275	2.62344662955619	66.1643244846081
396.010875215902	282.106891674684	-0.143035171897375	76.6594154811558
396.061903062574	495.614006812871	2.64234684876062	66.0887343981611
395.863519965623	495.752350839337	2.63523024857233	65.7328802233395
396.503811149126	282.037641418366	-0.149077801034651	75.7412132645339
396.460505584236	495.425507770873	2.65308143908364	66.1716127785867
396.996902927148	281.968771525832	-0.149286661086428	74.8428007651611
397.048354734217	495.095154090197	2.66758517772549	66.0990199758039
397.490528634635	281.900486957878	-0.144621139339026	74.0128923340904
397.458863595385	494.914179989575	2.68948932610902	66.0430389771396
397.984947019217	281.832637962351	-0.135834790449877	73.282016188542
398.052075677053	494.630469333275	2.76712417809569	65.7023125977029
398.480107798799	281.765193421794	-0.124028135757932	72.6892865226961
398.497880821344	494.492874724383	2.86454324009681	65.2375523981685
399.016707930447	281.697012961757	-0.108808397313423	72.3657326014173
398.982968738132	494.388207278141	2.9936447298759	64.6509526976846
399.511684076415	281.645527571692	-0.0943440108483668	72.1898197082295
399.503516165539	494.342419861362	3.1252775821145	65.0889002710479
400.007816766982	281.60242779751	-0.0812384032855841	72.0411928098807
400.024014867601	494.377423886802	-3.02457307912294	67.0530184548404
400.504804558716	281.565724940334	-0.0711753658691572	71.8600874066199
400.509736068196	494.471157707396	-2.89473706846738	69.8125652591871
401.002366597882	281.533090412066	-0.0652495426080325	71.6099087959287
400.959046460971	494.594370872087	-2.80039809212309	72.0825114844205
401.500162526016	281.50224171121	-0.0636246752634175	71.2943459773089
401.37735467603	494.749744412542	-2.74584458792839	73.2765819806761
401.567999430332	494.859507598365	-2.72895462157111	73.9690226353318
401.997810168491	281.471153749837	-0.0654123830697976	70.9506865094334
401.984538082977	495.030378820635	-2.70095888217902	75.0604352757285
402.495091238391	281.438517530919	-0.0688705579223679	70.6171567005795
402.389766151035	495.211379030964	-2.6851838193559	75.2734400018153
402.583011711411	495.339400509682	-2.68010144376119	75.570375617912
402.992209937625	281.404049992576	-0.0715543552627692	70.3009250091307
402.987441938643	495.523776245877	-2.66690552701056	76.1249967762984
403.489830327123	281.368503821247	-0.0708527452612857	69.979994842708
403.382484783575	495.716653875517	-2.65010421019207	75.7946694796314
403.578725999301	495.857129782723	-2.63991385966826	75.9829853044761
403.988764369999	281.333887463694	-0.0649144544162448	69.6391174135013
403.97133610029	496.050471202932	-2.62522412268603	76.2031479190901
404.489492867631	281.302867088444	-0.0533952479646399	69.3035400541313
404.553461034848	496.409583612609	-2.60866147165969	76.2113581160973
404.992115484252	281.278724773499	-0.0367878815767961	69.0284880964917
404.935199536665	496.606773705721	-2.59660949415503	76.2031660470934
405.142891424595	496.768291199788	-2.58840307088683	75.7954226669026
405.49650350606	281.264259041213	-0.015930256160049	68.8614594561691
405.510444958446	496.983469891777	-2.57590356439939	76.336217426741
406.002160256071	281.262047828838	0.00796653479793839	68.8129748651107
405.875569930157	497.193029501464	-2.56765041705714	75.8782056172937
406.084635065461	497.37026847047	-2.56322572024718	76.0976025094341
406.507933157236	281.273139739847	0.0329563017527363	68.8760551110864
406.449590823796	497.575928670785	-2.55629276585522	76.2015988007832
406.66701362376	497.752080220697	-2.54993660054514	75.6042077816689
407.012375620643	281.297379066814	0.0569124649506812	69.0456391736018
407.01608869049	497.976539697158	-2.5407573043472	76.1745151847668
407.514436263892	281.333041403693	0.078797222237938	69.3116358043171
407.366174513296	498.191749605788	-2.53223204837938	75.6537521425991
407.581124329148	498.385431542433	-2.52586425854904	75.9042866371284
408.013559403259	281.378477135207	0.0993843121487338	69.6268870113291
407.930083082857	498.596763289011	-2.51568808615619	75.9128761246793
408.14906210974	498.797306059271	-2.50704174782328	75.4993088903589
408.509263960807	281.432657650967	0.12118682116199	69.8950331975016
408.484701617113	499.020342307645	-2.49550096585021	76.0163350206765
409.000600634755	281.49636452181	0.147020117487193	69.9911471865022
409.034241506471	499.455966200805	-2.47972653180926	76.0212849195539
409.48591205871	281.572407656684	0.178937138524904	69.8194237436354
409.359753015665	499.677593200516	-2.47230127384274	75.597275505197
409.581361472705	499.898051875409	-2.46692586086904	75.8955557403551
409.962529623155	281.666307761398	0.218169260881723	69.3826335615738
409.905671472466	500.116820381761	-2.46179859363529	75.8215630785176
410.127725193368	500.343347004224	-2.45739226903475	75.6661266726367
410.546766863965	281.827302853938	0.272937214929522	68.8485900442752
410.446003222572	500.56543482239	-2.45218254020477	75.9553672015277
410.674649535251	500.790730522007	-2.4468144929119	75.4220861366276
411.011570162257	281.961374350547	0.305782519975155	68.8265446620265
410.981624017775	501.021723017207	-2.44050056005055	76.0268775883799
411.467919614268	282.098829574487	0.324089731489663	68.8812521127236
411.513397080661	501.484516903836	-2.42978056742102	76.0580325370601
412.062916726549	282.319782904587	0.333412486174641	69.092123793628
411.808390775525	501.718880573914	-2.42379511767857	75.3790441404682
412.041812265769	501.952805581212	-2.41769890592528	75.9871233233661
412.51075733881	282.471171492571	0.347906299195426	69.4356372850044
412.336181623217	502.182262296518	-2.41039271633895	75.4763115008864
412.56604680356	502.427678842506	-2.40277758108417	75.8788537060346
412.95073116026	282.623171966564	0.373902689289351	69.2661698025783
412.855339361821	502.655559837234	-2.39412537518116	75.5577194925486
413.084650427851	502.910458630819	-2.38609860274392	75.8267089370677
413.546406315286	282.8953645886	0.419532715258581	69.0249680095768
413.366532056548	503.138766022815	-2.37757726357658	75.6754961632928
413.596321098941	503.401099706033	-2.37070612937681	75.8734305735469
413.967771026899	283.068945119645	0.440045997757021	69.0434277423602
413.871072208322	503.630509248752	-2.36304006126485	75.7996143137014
414.101372148986	503.898605177	-2.35592366988334	75.9384969084093
414.560570711877	283.377649619806	0.457746875532978	69.1012244832321
414.369289608002	504.129004551029	-2.34848957954446	75.8469401804588
414.598551349232	504.4039772242	-2.34183083918632	75.9636648134883
414.968958167412	283.560050867135	0.473944544515805	69.2892216298091
414.861194972557	504.633776678619	-2.33629504121379	75.7880616901323
415.089700642112	504.914543368928	-2.33114876672595	75.939148184592
415.556984320049	283.897224162463	0.507860740153731	69.1327915021127
415.347558607128	505.144082181984	-2.32715927434395	75.6624166245223
415.576258453588	505.428633943686	-2.32277274698415	75.9053978188899
415.947918071625	284.090545272874	0.524126532567589	69.1111808753762
415.829114161699	505.658697254075	-2.31879144222206	75.5005440371792
416.05890728315	505.945972644429	-2.31266973358417	75.8673226328109
416.527219901161	284.454912905218	0.54361405910997	69.1682874127928
416.30392398485	506.177796293757	-2.30678854319526	75.3306115070548
416.53602587935	506.467798776022	-2.29956386489567	75.8777093070584
416.902377114561	284.656561140141	0.558246154276587	68.9187532887155
417.108941624302	284.829199343218	0.568956124986585	68.8430202736931
416.769336059638	506.703638868367	-2.29371395129289	75.1955666305799
417.00686011774	506.994015498382	-2.28747959810166	75.9373826252289
417.248277502711	507.285480735778	-2.28202998897769	75.2065233464754
417.474609326354	285.038450393657	0.585469108033123	69.1599202644493
417.47204157989	507.523956071843	-2.27781212734072	75.9902252814374
417.702453888843	507.827706985647	-2.27443009720473	75.4205477234565
418.040531854146	285.44167834824	0.608407293769321	69.170731328002
417.932730098926	508.05694492043	-2.27173595048203	75.9092998193953
418.156189427483	508.368912777483	-2.26827744158687	75.5656173967002
418.390096070652	285.653653189748	0.62160306395885	68.9073965474314
418.605474982761	285.855727710306	0.631854554093066	68.9203980525597
418.388721556267	508.592805763079	-2.26508265853398	75.6968242366629
418.60910651481	508.910036887132	-2.26060600564278	75.6443848838213
418.946804463348	286.070825519186	0.643638706403851	69.0623165568217
419.171795375818	286.276358443441	0.652663249404331	68.5258116721824
418.837681261576	509.132937032468	-2.25722801653809	75.3824897116758
419.059808732157	509.451633788058	-2.25158741969994	75.6703223223315
419.496055933591	286.505011871417	0.663461301395276	69.0184603892415
419.276316897485	509.67925878868	-2.24628520830362	75.044627098151
419.505976557288	509.995284492866	-2.23859597448585	75.6564638682109
419.739441326032	510.314175617542	-2.23040425551885	74.9364748287669
419.808857763517	286.737136933208	0.67526460400948	68.2951075195391
420.039866380343	286.951616007901	0.685311365423633	68.8446686520101
419.944441156591	510.542537000229	-2.22393000217062	75.5924656343125
420.16286408495	510.87733036266	-2.21545023121179	75.2826662574404
420.351827729311	287.175883505047	0.696788641940281	68.40374311127
420.578032798078	287.409055437059	0.706006033585431	68.6880904830677
420.37167538261	511.095506899368	-2.2093728102007	75.4583961812053
420.58524917291	511.437132555816	-2.20434939518083	75.6198100848696
420.884507105064	287.631927795948	0.716639212380689	68.5527183185656
421.110522451913	287.875807650453	0.725372930246276	68.5996818821778
420.785130241166	511.657703085782	-2.20261447572497	75.1749165625277
421.008009960482	511.994151428743	-2.20064609840839	75.767529457989
421.234763584417	512.329615894263	-2.19817341730578	75.178736048686
421.408532928526	288.100717518462	0.735998808950551	68.7162634192885
421.636619461228	288.351991099549	0.744814009690612	68.586677911785
421.428404721472	512.551513762413	-2.19537322979849	75.7885138678971
421.641377163136	512.899087088458	-2.19284201075019	75.6689895134042
421.92427869392	288.580311143468	0.755945643718726	68.8739107003516
422.155035915149	288.83839053443	0.766007104189225	68.6316223091573
421.840085191393	513.113127048858	-2.18969685886785	75.6577771625903
422.053504547195	513.462434888542	-2.18592276149168	76.0375778236244
422.431100608266	289.070338499489	0.776865474422883	69.0118161087545
422.663524951912	289.335594245173	0.785295734705618	68.7315284974095
422.464078419257	514.024857598543	-2.17574282827771	76.0557406488241
422.677368482886	514.378430032413	-2.17037830082009	75.5500466566602
422.930000623321	289.569211480208	0.793019849151464	69.1119636038643
423.16164835462	289.842318997881	0.799124270461517	68.8128325563865
422.866394783981	514.591385897419	-2.16816483261336	75.6368343261806
423.073922799362	514.95011547891	-2.16135914339318	75.6684696722685
423.423058990449	290.074066858136	0.804839289409324	69.1094400467804
423.65293446792	290.355077451275	0.811020465487073	68.8003736509801
423.47075981029	515.519323473975	-2.15050217280147	75.5924921737101
423.680339597102	515.882078239721	-2.14748828831749	75.1399679116303
423.910202508839	290.583983292985	0.8173300752695	68.9552546282567
424.13781837941	290.873803041218	0.827086272365767	68.7081318824535
423.859201870682	516.09182652827	-2.14704547943334	75.2359030103073
424.064711726394	516.457855795834	-2.14746306563063	75.4267324145808
424.388741925994	291.100201483985	0.835908964935801	68.7355440736247
424.613465571532	291.400054196614	0.847120877248248	68.6872890323853
424.459270430797	517.027693658201	-2.16244508365751	75.3078589356267
424.669266362974	517.376186728444	-2.19931199540165	74.5413626368703
424.855807273817	291.624914765882	0.855757342947391	68.5545209217171
425.07944968775	291.932386232807	0.865364797159806	68.774638683267
424.884008409972	517.595937201319	-2.25621341832462	74.1536802709209
425.108498845075	517.894660923683	-2.34739225579206	73.3448201913887
425.310834989974	292.158852097455	0.872276626468363	68.4065724642707
425.537694956085	292.468722908982	0.878950267426094	68.8926530229388
425.406679295966	518.117195955864	-2.47864157500211	72.4747738286703
425.624922600073	518.306991627595	-2.5840582714866	72.01778073249
425.753846105566	292.702388818851	0.8833494564264	68.2427367862246
425.990759729751	293.007525236316	0.888474186449868	68.9516815990497
426.221777724761	293.321060910465	0.893505949890527	68.397998937061
426.007240374631	518.483280803406	-2.74830567014356	72.2036377549282
426.438418411789	293.549217252303	0.898115310870574	68.9483551428526
426.658578034444	293.874497282803	0.902307278090927	68.6962446209742
426.46777001309	518.628062155057	-2.9100248079674	72.7973707645218
426.878728740466	294.095055313116	0.906245088692611	68.8205126538944
427.095750560075	294.425999346762	0.91159846898087	68.9344930238044
426.972771815719	518.716004241714	-3.03523117873847	73.766524322328
427.30766934094	294.646602153388	0.917602785208428	68.5825444745252
427.529455919875	294.978010316411	0.926191289807191	69.0417626923443
427.511786445183	518.759017117303	-3.09857564429177	74.4067565578442
427.954576152946	295.532637589057	0.942726918085281	68.9203041707369
428.170587403207	295.880226588051	0.953828843250508	68.4976534737078
428.005392249728	518.775912702791	-3.11908327619784	74.7010091376758
428.365895182308	296.0933549059	0.959762999866587	68.5553432081455
428.575777611207	296.447978727939	0.967612955442373	68.5941781611902
428.503041936541	518.785786571812	-3.12697532277116	74.8364863402126
428.757623888023	296.666088781973	0.970005130416922	68.0242039810417
428.980674047191	297.013131049611	0.97429852713446	68.5277868840487
429.195197980656	297.368351671798	0.978995427818169	68.1171346238137
429.002067671728	518.792420822671	-3.13110435600496	74.9172137855378
429.379026578698	297.580936306166	0.983038624137773	68.387983399055
429.584936473598	297.94361228869	0.986478214691726	68.5556577030983
429.501566337404	518.79733240191	-3.13367573828633	74.972805347621
429.759263777719	298.158508488171	0.988988543639361	68.1377064652495
429.978838695874	298.513801588427	0.992980819529724	68.7667020285039
430.18903541914	298.8784262925	1.00027352717818	68.4465065238871
430.001266554862	518.801085990623	-3.13496067202173	74.9944042145142
430.36349455897	299.086699510578	1.00609576458935	68.6427911394621
430.565731846678	299.458901940318	1.0129544210847	68.8127819945373
430.501069258256	518.804514158362	-3.13527287332451	74.9867539042744
430.944027579085	300.034348198058	1.01878784194846	68.7407623887434
431.14544524073	300.41188010232	1.02474731105433	68.5167450297424
431.000917071792	518.807762765504	-3.13531833465576	74.9514309119289
431.307978552483	300.615377890889	1.03006173790032	68.375339369703
431.511042273617	300.993464260627	1.03857800000071	68.739145558349
431.716878400972	301.373652661487	1.04503246611112	68.2726326640025
431.500805825713	518.811015850827	-3.13562644212589	74.9088281482664
431.869501520005	301.575467067897	1.04738031503771	68.4800421488025
432.064008052469	301.963657055654	1.0541845258347	68.5715619815981
432.000789125933	518.813939843343	-3.13612944081549	74.8711161335601
432.414297292474	302.547474954424	1.06460386422701	68.5051762586797
432.605314425643	302.942146816176	1.06614347157088	68.4387202301724
432.500907102342	518.816766751872	-3.13629902810382	74.8590516132837
432.951187415242	303.526677119237	1.06529277902849	68.5003228553324
433.143677058646	303.922093823336	1.07078790114632	68.3925457348085
433.001086303996	518.819566887975	-3.13594251046228	74.8699926836047
433.282753286695	304.116508947354	1.07714777714528	68.26268099793
433.479579290999	304.510829899934	1.0863537341644	68.7498137187417
433.668613227884	304.911422392576	1.09042053162695	68.5144351627461
433.501157984527	518.82268509635	-3.13556554985568	74.8990703096745
433.802663967082	305.103352395101	1.09073228066698	68.416477507581
433.994317264703	305.50294297675	1.09363835056672	68.7259436467717
434.183431800871	305.906679416807	1.102184544474	68.442446483168
434.001051137938	518.825753981454	-3.13581192262202	74.9226060257989
434.310778558266	306.095120094951	1.10764414057765	68.4426031100668
434.4962658676	306.501838631242	1.11635126317502	68.7334642992515
434.680022493366	306.912696381731	1.11843097105951	68.3978029619559
434.500885296743	518.828593351563	-3.13663206760809	74.935175037912
434.800306867618	307.096783064228	1.11716772989659	68.2924523386084
434.986911386427	307.506281297606	1.11787275391285	68.553420621123
435.169185325068	307.919756067312	1.12557708125422	68.3862507216654
435.000826156213	518.830880053383	-3.13737556774347	74.9289860060277
435.283678245479	308.101312556858	1.132114771602	68.3389517126501
435.466772590815	308.515364679141	1.14203879124063	68.7901842230677
435.639841676271	308.935895001296	1.14392404640704	68.660620409113
435.500898179179	518.833002355553	-3.13740989620762	74.9103689528777
435.933914395241	309.530085035833	1.13978761321479	68.6348963791854
436.106629117134	309.952238559593	1.14548271820027	68.5040772337966
436.000995995724	518.835223780536	-3.13658093796022	74.8695211429869
436.392941591538	310.546602387703	1.16192148566323	68.4761093766877
436.559136459106	310.974554496064	1.16644014436179	68.4671704065437
436.737720328789	311.397979985766	1.16151083620771	67.9926917015529
436.501005201391	518.838080963793	-3.1352615987544	74.8123704824603
436.836925813306	311.570553049763	1.1579520222677	68.0582290954166
437.009307485098	311.995989228341	1.15645082360097	68.1689240666188
437.182536487436	312.422189955068	1.16483552243156	67.9929446226951
437.000888693584	518.84146284842	-3.13426399389914	74.7447861412835
437.279399264704	312.59281294109	1.17151493273477	67.9773664363729
437.451135325025	313.020244823734	1.18413267252196	68.3921519398363
437.610658760785	313.45469341478	1.18839915249936	68.3365129065994
437.500670302674	518.845140205367	-3.134502925794	74.6938071059834
437.873994379835	314.051033238119	1.1837668926204	68.1759596329764
438.03527737678	314.485990726039	1.18693648450024	68.2588218967292
438.200928949823	314.922350996335	1.2000112685647	68.0906933737514
438.000395964913	518.848194806775	-3.13648223847248	74.6702322566355
438.283527506764	315.082324972415	1.20673725915025	68.1177894936584
438.443159442095	315.521164302703	1.21927658088176	68.4092292438656
438.591994118417	315.966033861683	1.22010206777083	68.2456170495946
438.500130232946	518.850033737139	-3.13957260713294	74.6850452031352
438.83476941167	316.562193417338	1.20428695615455	67.7706861874472
438.994308503073	317.002145751595	1.19926409211389	67.7954191927111
439.152599345059	317.442922395542	1.20677826765837	67.7061158194426
438.999995402634	518.85035991371	3.14122978766704	74.7225558580733
439.391736195055	318.039039977796	1.23092939317023	68.0679795978255
439.535624932949	318.487373215065	1.23982969449968	68.2448345093065
439.683393277869	318.935725385186	1.23742835907442	67.9758260643782
439.500124832378	518.850173016288	3.14147576425367	74.7692036215894
439.752430435605	319.087342809066	1.23392635104511	67.7910691414135
439.911348359241	319.531020170059	1.22666310364543	67.8886790737864
440.058294817652	319.979906683428	1.22973186651342	67.8926995373315
440.210905055567	320.428743396415	1.24361661111837	67.8321555106323
440.000503036429	518.850771686593	-3.13866106817239	74.797461782877
440.275772832383	320.574309005322	1.25021406964045	67.905607874757
440.421224896573	321.025677595374	1.26419393031136	68.300388902682
440.553991104497	321.482547678403	1.26689390168322	68.3163166156431
440.694453451112	321.937325074021	1.25895422106786	67.9132783951756
440.500906952432	518.853255256675	-3.13487395661412	74.8038898877699
440.755148476618	322.08019753128	1.25418900581641	67.7250751441248
440.906898498318	322.530392988921	1.24477459853038	67.7100864281991
441.04811725604	322.984451752157	1.24708359475228	67.7014324089694
441.192755510448	323.438730826345	1.26103341775389	67.7154928633045
441.00112957929	518.85721908566	-3.13264680406977	74.7900719300695
441.390998610035	324.033127014583	1.28581718676911	68.2449999509821
441.515662745887	324.495314811105	1.29390204948842	68.4490529185907
441.640863650276	324.958296247687	1.29121222472869	68.2342172026254
441.501185347248	518.861842127581	-3.13239949062784	74.7816893541195
441.83275516494	325.549984247296	1.27577603792663	67.8364083015223
441.96767656555	326.009570380221	1.27014897494702	67.7918326462604
442.099271727729	326.471112852109	1.27597568469865	67.7449267234276
442.237553069075	326.932633295672	1.29290851614028	67.7141106846312
442.001221207946	518.866249153102	-3.1330313052817	74.7878898877101
442.284473139735	327.059901283244	1.29888127529391	67.8299672813241
442.409672057199	327.524471676113	1.31530658262159	68.133053796048
442.522960801989	327.993882749215	1.32179989712894	68.1235327420295
442.638135399778	328.463326135337	1.31640641125938	67.7622128982082
442.501302539324	518.870441474148	-3.13343552784513	74.8149638366836
442.812049689656	329.051626138295	1.29670792736127	67.2231195064794
442.941872423141	329.516045712804	1.28687616143882	67.1584844956986
443.067390421573	329.981518713333	1.28974194758852	67.1912408415468
443.195920463282	330.447358335733	1.30556779064817	67.3230540795439
443.001357888508	518.874483259995	-3.1333521135412	74.8392698271521
443.360723160442	331.035054614269	1.33379296770354	67.9255939687728
443.467072237029	331.508070248283	1.34750955901636	68.2879053978082
443.568170427763	331.983539393412	1.34992722311781	68.318942672031
443.674671955611	332.457942104904	1.34113623759452	68.0338998849381
443.5012758898	518.878651652401	-3.13312488118375	74.8437825232481
443.831323933056	333.041618584404	1.32212413677009	67.6355331225293
443.948960444057	333.512490140686	1.31461329483386	67.5228370293615
444.062941445169	333.984966157472	1.31978016389308	67.4509238207314
444.177838267994	334.458878839326	1.33525232043697	67.4735062700781
444.001048131289	518.882765473151	-3.13319930383292	74.8088680370043
444.322496401223	335.038734956165	1.35932833221485	67.8579010410683
444.420913273085	335.516980671024	1.37180479435447	68.2239491932659
444.511869234066	335.997467696137	1.37571159964145	68.345211144264
444.603197350403	336.478044133039	1.37231519677655	68.1549245127777
444.702479773152	336.956962429157	1.3620778208187	67.7207726280674
444.500775958371	518.88677603978	-3.13362787986882	74.7486573601631
444.842296093084	337.534531055623	1.34480579136771	67.2965335006621
444.949842500037	338.010935895511	1.33745954829639	67.1734879150629
445.054782697307	338.488233142868	1.34086819248703	67.1774112827127
445.159592420034	338.966716164361	1.35582910774922	67.3097748034843
445.000549189927	518.890528215228	-3.13397639623342	74.675802557135
445.288145620945	339.540791770445	1.38180219499465	67.7465444837812
445.377550857287	340.022785342109	1.39889022021634	68.2017771564407
445.456874734844	340.50785667184	1.40784796503305	68.4670052502843
445.532572302406	340.99413064628	1.4096977972449	68.4835003301744
445.609770616973	341.48030679165	1.40573456887131	68.2702946613049
445.69335844677	341.965237365482	1.39637794976936	67.9015007376851
445.500294856296	518.894451061053	-3.13326716646139	74.5945137312714
445.808926218514	342.535633109953	1.38053498976268	67.4938132848903
445.904152343337	343.017963295401	1.37050376948223	67.3746866805772
445.996697461818	343.500612953185	1.36888204519845	67.3341731501008
446.087631916227	343.984238745943	1.37728545199902	67.3670083097811
446.177668192479	344.469521238245	1.39311826402969	67.489558281523
445.999711459112	518.89918070621	-3.1309015401296	74.4232430167135
446.281888633948	345.034216602282	1.41458240195308	67.8566233380069
446.357170607827	345.521562580584	1.42919883640715	68.2643585553642
446.423605027115	346.011258088951	1.43863106909345	68.560700632587
446.485224347412	346.502140682519	1.44310939525682	68.6527353926995
446.545572025932	346.993487245507	1.44312206821072	68.4969559291689
446.607985404129	347.484661437516	1.43838053495026	68.1149428376705
446.675831294421	347.974849036984	1.42907244714693	67.584714189267
446.498171397494	518.905045314808	-3.12995329326259	73.9516140803847
446.766811656283	348.535658084941	1.41505876970904	66.9222138458
446.849439273139	349.023073951544	1.40550646999526	66.6287877408814
446.929119220387	349.510692014336	1.40256162175255	66.4738781205502
447.005783004374	349.999154725483	1.40681845647122	66.4469975848342
447.079791109086	350.488743764417	1.41551510323924	66.5420775727241
447.152045570495	350.979194645188	1.42631925322096	66.7405530387191
447.223638112652	351.470246398553	1.43787153598885	67.0312011193337
446.994496307504	518.907649008859	3.13714988045566	72.7826227703185
447.300523625664	352.024223456605	1.45137985949501	67.5886027525336
447.358108438634	352.516486940651	1.46234124705448	68.037376709611
447.40904883223	353.01006725161	1.47186173897989	68.3844267809353
447.454966893279	353.504743581253	1.47934677317406	68.586378241854
447.497586281873	354.000243626922	1.48432224470756	68.6337613955585
447.538642381625	354.496190340866	1.48619653139384	68.5535296988003
447.579946871928	354.992104744306	1.48465393924813	68.3904651639578
447.623281863906	355.487608229696	1.4802454321084	68.1736242202014
447.670062440649	355.982622660631	1.47430563644007	67.9025725289092
447.72151206228	356.477314393314	1.46833516241177	67.5729945690576
447.484327190609	518.889564004005	3.06626735415275	70.5216743733218
447.784849664948	357.022667163847	1.46329555704904	67.1706057322483
447.840918646337	357.516168413641	1.46131484953133	66.9255449693737
447.894343506639	358.010248383086	1.46152835263677	66.7178984689155
447.945693442539	358.505058686898	1.46253998584033	66.5722589471078
447.99557162481	359.000402109139	1.46405724408273	66.4861454054419
448.044487838813	359.496034360544	1.46666310725009	66.4679387862621
448.092394542039	359.991962400385	1.47153795971237	66.5227482494617
448.138782831723	360.488332838839	1.47833365036741	66.6660572953269
448.183428556639	360.985244238584	1.48619349705709	66.8776823026032
448.226122410323	361.482829714049	1.49418009036843	67.122415554693
448.106707098346	518.747972846964	2.78149607632382	65.7370378307333
447.947139243534	518.813908186959	2.8883753093011	67.2868056195241
448.268872870156	362.015401571205	1.50234235344554	67.4736322316455
448.302918797937	362.512309462705	1.50883427589736	67.7293228142319
448.333355054262	363.009909915334	1.51403203526043	67.9487365127569
448.360973555171	363.508012490702	1.51802648016587	68.1544819608489
448.386545408143	364.006366157114	1.52126190479787	68.3528102654279
448.410319718106	364.504844772081	1.52414235360606	68.5309427612509
448.432537390134	365.003451109696	1.52696043970422	68.6739525187349
448.453196611813	365.50224114574	1.5298535085755	68.7827593057982
448.472337953445	366.001230992323	1.53292265523447	68.8676189398629
448.489886371128	366.500414596528	1.53613725409268	68.9263743680709
448.505912388454	366.999777185531	1.53908825386055	68.9392414151951
448.520753518605	367.499264996976	1.54108241270131	68.8928208717489
448.534959287976	367.998793514972	1.5419598367745	68.8025834561916
448.548915720423	368.498337214705	1.54255757958377	68.7032398906159
448.56244040446	368.997972942368	1.54395726311276	68.6201893612542
448.575077203264	369.49778351797	1.54643557361634	68.5540967640097
448.586399713253	369.997752788279	1.54922066020292	68.4890165425646
448.596581873666	370.49777797893	1.55126275319076	68.4128662545146
448.605974309348	370.997798020653	1.55241610402751	68.3298187071862
448.614875543104	371.497859807951	1.55363526646908	68.2555240006455
448.622891400655	371.998053154513	1.55588250030591	68.2008968899595
448.629593247872	372.498384627513	1.55908543329576	68.1638508052985
448.634590581798	372.998773045707	1.56243711189759	68.1308641095089
448.638116576454	373.499134589787	1.56526061573068	68.0886018169852
448.640386292603	373.999436544069	1.56731695325236	68.0304827530309
448.641904156683	374.499668372184	1.56861054455777	67.9593626157399
448.642861217459	374.9998010594	1.5693442306375	67.8827114637024
448.643591396205	375.499786483651	1.56973585697342	67.8120392508562
448.64416034633	375.999600855608	1.56956873230027	67.7585341200708
448.645129272046	376.499292755061	1.56826769293007	67.7304234279915
448.646959028277	376.998982991339	1.56592539561031	67.7257752627711
448.650026800084	377.498812548449	1.56382042166978	67.7337045230936
448.653712962309	377.998865511	1.56333198188446	67.738735376242
448.657261797859	378.499113915772	1.56458566337124	67.732367308413
448.659867133217	378.99944463064	1.56660085470729	67.7150111458956
448.661547997226	379.499736524791	1.5683806989731	67.694899088576
448.662385032879	379.999910749208	1.56954661740772	67.6814929120296
448.662849424642	380.499934582606	1.57009306950569	67.686110786515
448.663137615111	380.999814706007	1.56988435722459	67.7125841995967
448.663862885452	381.499604108456	1.5687102697764	67.7489022675835
448.665302837937	381.999395082451	1.56697676732934	67.7678332832178
448.667625079844	382.499276097098	1.56579623448235	67.7530158306514
448.670173762455	382.999257168008	1.56584139940904	67.7132367429958
448.672589621409	383.499249593808	1.56649086062927	67.6730740296869
448.674706887277	383.999159647033	1.56658656116432	67.6466618561393
448.677123060781	384.498992193945	1.56570822228957	67.6340308366881
448.6800274918	384.998838576519	1.56450183296957	67.6284941308446
448.683494383392	385.498791343459	1.56391761222849	67.6284892170973
448.68690855672	385.998885976024	1.56432180268646	67.6315747897351
448.69004092795	386.499081937046	1.56527068986077	67.6294943196694
448.692629834676	386.999277831591	1.56608552364968	67.6063199744075
448.695026681147	387.499363305671	1.56646899399488	67.5560660237917
448.697227452051	387.999299070853	1.56659671375036	67.4888196127001
448.699463046802	388.499158813557	1.56674307146862	67.4257995266293
448.701489771546	388.99907618973	1.56701326848559	67.3786648032933
448.703451624801	389.499130245955	1.5673262557233	67.3466209412778
448.705162770675	389.999266725757	1.56756180841012	67.3193952855645
448.706895570311	390.499345433133	1.56758930750993	67.2914975101429
448.708595527611	390.999294432964	1.56727796059925	67.2604496807999
448.710662777522	391.499192927798	1.56659997853762	67.2254325660021
448.71301879078	391.99916398985	1.56587695081732	67.1811327984958
448.715759921468	392.499221045138	1.56560560254581	67.1296076062541
448.718386958726	392.99925748051	1.56586388354973	67.0809398172422
448.720958454421	393.499177895709	1.56613128989154	67.0501593457246
448.723373926985	393.999026915225	1.56606689089806	67.0409597335344
448.725958233421	394.498966088112	1.56605890863518	67.0480629132141
448.728297487834	394.999090045397	1.56665785491795	67.0593711982818
448.730295744528	395.499289592237	1.56769197758942	67.0686524306887
448.731685471369	395.999347290773	1.56838298584339	67.0723738840047
448.733051436139	396.499163785473	1.56817877314401	67.0721495695737
448.734610765479	396.998871670723	1.56734746809346	67.0667717291086
448.736714348926	397.498726617243	1.5667451156636	67.0578465468548
448.738817386789	397.998856189321	1.56695860674524	67.0464155197058
448.740764904102	398.499113667881	1.56763693674228	67.0387446053352
448.742311524665	398.99922257673	1.56782461012039	67.0380863279973
448.74416236441	399.499062027468	1.56690838360239	67.0464530327512
448.746609960333	399.998790419848	1.5653008054361	67.0541887684924
448.749992849463	400.498677862879	1.56411580418565	67.044350233528
448.515061676495	518.520019112382	2.49863505687474	63.162137184503
448.75002126125	400.50141066394	1.56411240515372	66.9775976756156
448.753787280553	401.001412917128	1.56405693545925	66.9357872518359
448.757441511646	401.501358401957	1.56477393822343	66.8589070177799
448.760487840792	402.001328474085	1.5656213903699	66.7669340404131
448.763197553892	402.501202042018	1.56640651403644	66.6999400607976
448.765339895077	403.000884671176	1.56719860748197	66.6737048919142
448.767207578245	403.500529811081	1.5677678581977	66.6875067777387
448.768810447206	404.000409915416	1.56761741026989	66.7121805589775
448.770878267496	404.50061191943	1.56653879857865	66.7275336227332
448.773550037599	405.000947030898	1.56510749676381	66.716550042885
448.776973133204	405.501130231298	1.56431991965204	66.6863985490097
448.780379209672	406.001053879846	1.5646559878227	66.6402756796414
448.783498344469	406.50086449129	1.56558639259969	66.5898572962275
448.786020900969	407.000792521727	1.56624977324424	66.5354422419753
448.788460860758	407.500926459871	1.56623637220515	66.4919108798404
448.790946685991	408.001162075409	1.56567846789247	66.4658425298101
448.793923163561	408.501306559365	1.5648847132587	66.4629621487723
448.79717105395	409.00124442277	1.56435012790569	66.463301196421
448.800617929533	409.501012843521	1.56458182811541	66.4578507299326
448.803612877139	410.000763864164	1.56559507000378	66.4440898454708
448.806132784973	410.500654043991	1.56664209990263	66.4434409180796
448.808218937823	411.000758728782	1.56679846458533	66.4631412679758
448.810643519245	411.501005380347	1.56583008092547	66.5049728982615
448.813591148042	412.001186277798	1.56456756440418	66.5433803600205
448.817050273886	412.501103047459	1.56417655649591	66.5566301070077
448.820238797569	413.000785892781	1.56484382111342	66.5208402876307
448.823076385296	413.500503821731	1.56541301971027	66.4449626594218
448.825783277903	414.000512704002	1.56487423149097	66.3511676318389
448.829135620356	414.500805836408	1.56358308359485	66.2842257862756
448.833067022435	415.001151071066	1.56270708972906	66.2666108213929
448.837311324701	415.501305000333	1.56290799462141	66.3019635880572
448.84109360458	416.001173683414	1.56407908615758	66.3540479530869
448.844168956066	416.500820341935	1.56569384118346	66.3895544649326
448.846281052552	417.000408437239	1.56721971520176	66.3788660237154
448.847757033323	417.500111459044	1.56829292265432	66.3278510052057
448.848743499368	418.000031774042	1.56874709821894	66.2463921176192
448.84975489678	418.500151938357	1.56848602129642	66.15507956898
448.850982475021	419.000361838314	1.56762937608818	66.0574948966698
448.852775697479	419.500523654042	1.5666782938157	65.9719364837974
448.854838557824	420.000541054161	1.56643875951995	65.9097109275049
448.856831168825	420.500409425677	1.56735957668752	65.8818710239549
448.858111553401	421.00023721159	1.56886971587694	65.8696981225627
448.858877929395	421.500186932429	1.56953348115453	65.8670354527017
448.859679425861	422.000351814878	1.5685015743607	65.8732615787222
448.861418280253	422.500659704478	1.56639649644883	65.9015951236363
448.864151401669	423.000928335628	1.56449622515073	65.9345666977627
448.867677121665	423.501015081486	1.56347323666784	65.9541122340971
448.871401837985	424.000920163723	1.56317991106899	65.9445589600808
448.875188156141	424.500747970138	1.56325386020813	65.9259415573013
448.878756577379	425.000600172363	1.56367254312664	65.9127078492786
448.882066888003	425.500509626214	1.56444829843042	65.9112771542553
448.884896532946	426.00048012424	1.5651887948729	65.8938260977352
448.887547683594	426.500514222569	1.56522050472408	65.8475771708054
448.89029908307	427.000580220479	1.56452075198455	65.7735093068062
448.893461064067	427.500600965315	1.56389063785738	65.7014110274114
448.896717187267	428.000538573729	1.56397525192544	65.642488664796
448.89988569253	428.50043924401	1.56445509526703	65.6037789284476
448.902810613381	429.000366052501	1.56483426351455	65.57315316245
448.905633418133	429.500317649141	1.56526243489469	65.5533321104972
448.908113083371	430.00025193378	1.56612485993896	65.5362759644196
448.910162144512	430.500161586708	1.56705509132948	65.5184780320039
448.91185132456	431.0001121449	1.56707851372643	65.4794643999648
448.913886979548	431.500187827709	1.56560398452231	65.4238199576678
448.916816725714	432.000384792375	1.56334279687324	65.3680084793699
448.920786738427	432.500578842875	1.56182877170184	65.3489427752655
448.925083673209	433.00064544663	1.56206703941483	65.3732262115423
448.928976227996	433.50057017218	1.56368138839853	65.4329929171282
448.931978474992	434.000430372292	1.56547736061681	65.494917663811
448.934311612147	434.500307666517	1.56646248239226	65.5427269174518
448.936346488446	435.000235124863	1.56649581857256	65.5619107029406
448.938506301357	435.500196240855	1.56605352035587	65.5611377103659
448.940845273531	436.000171829291	1.56561854143733	65.5409092727508
448.943398439514	436.500167372064	1.56528060532991	65.5153337085748
448.946071190902	437.000192304279	1.56497143662852	65.4877342508448
448.948900763812	437.500231831626	1.56466655751839	65.4724383719568
448.95182002898	438.000258328392	1.56439007864329	65.4654259830815
448.954878599898	438.500254444648	1.56414919608999	65.4673604146625
448.9579761812	439.000221834954	1.5641933996227	65.4639079614619
448.960943230113	439.500173133707	1.56482731348159	65.4569662872074
448.963466123301	440.000125235807	1.56583907429952	65.4400866336034
448.965586543396	440.500092118266	1.56635110966548	65.4166655949846
448.967662655879	441.000081549936	1.56582762085463	65.3748853586587
448.970155809879	441.500090081182	1.56471881528274	65.3220840730172
448.97312031357	442.000103311017	1.56384827899882	65.2642134813966
448.976401028157	442.500103816235	1.563446421605	65.2182301301182
448.97977213145	443.000084206547	1.56343440922567	65.1745557427718
448.98305646367	443.5000520589	1.56390943235909	65.1268205892003
448.985968284058	444.000023804172	1.56499381835782	65.0639107858764
448.988322255671	444.50001049595	1.56631337489228	65.0036291950058
448.990159618528	445.000011238965	1.56725344266593	64.9596065712588
448.991779143726	445.500016787261	1.56744284618957	64.9475038552395
448.993454753214	446.000017914488	1.56713987997116	64.9501889093519
448.995240424745	446.500012740911	1.56695087664152	64.9519331033485
448.996959501095	447.000006413036	1.56717987022485	64.9325736653788
448.998489289942	447.500002664544	1.56749481492594	64.9014817274788
448.999934352282	448.000000133995	1.56742743599872	64.8661392006678
449.001562647721	448.499995818312	1.56679693275955	64.8424760100253
449.003635587034	448.999987813025	1.56569797962894	64.8232863442716
449.00632054994	449.499973870149	1.5643237326374	64.8091415821637
449.009623346483	449.999952227652	1.56319308984134	64.7923642416599
449.013242442915	450.499930693989	1.56302055647891	64.7810062063398
449.01665798716	450.999925626176	1.56407196757154	64.7688589739256
449.019429633191	451.499940115538	1.56565774384495	64.7590848498832
449.021565578146	451.99995479712	1.56677756180507	64.7437962532445
449.023391150042	452.499949924389	1.56693395816782	64.7317435313169
449.025339634711	452.999923811519	1.56629633919026	64.7212083596476
449.027649482683	453.499892516125	1.5653184964743	64.7175583822708
449.030372894481	453.999877498769	1.56459679351179	64.7058409550272
449.033246101401	454.499890042001	1.56458248968706	64.6816637244119
449.035968405766	454.999916275306	1.56517359997282	64.6364587409501
449.03838758379	455.499922473344	1.56564593787063	64.5861689450178
449.040761541714	455.999884069748	1.56548867395067	64.5429621936819
449.043340736976	456.499811942865	1.56494015180084	64.5298381185836
449.04619714231	456.99974600159	1.56468469040767	64.5458994378163
449.049037338955	457.499726448139	1.56503652048044	64.5861923286166
449.051659346821	457.999759226186	1.56565666093994	64.6225506045941
449.054031470945	458.499809670679	1.56582629389715	64.6397323862591
449.056521624699	458.999830385943	1.56515904793724	64.6223751965654
449.059427135891	459.499795380756	1.5639686770685	64.5829588806041
449.062897985475	459.999705199103	1.56304807631503	64.5325648257061
449.066617205655	460.499586907982	1.56298603254974	64.4940794684982
449.070217867683	460.999496444122	1.56384299022474	64.4677673813777
449.073282789822	461.499496359794	1.56512744135559	64.4522495493819
449.075808698767	461.999588261245	1.56615716466988	64.4286922961554
449.077957125888	462.499693503384	1.56635786837853	64.3973355679512
449.080231451449	462.999731278351	1.56565438810373	64.3578300195374
449.082899903535	463.499706014662	1.56452912816096	64.3241841050316
449.086087517971	463.999685485436	1.56376009665258	64.2907278551384
449.089415158386	464.499716032672	1.56385655534707	64.25725795789
449.092559999091	464.99976698561	1.5647187607147	64.2164928552199
449.095194011995	465.49976637917	1.56573247768455	64.1846863715147
449.097455255643	465.999687964437	1.566456444101	64.1718823192162
449.099403040103	466.499582757108	1.56687626086255	64.1903917986957
449.10126356992	466.999498791589	1.56711242862694	64.2242200881625
449.103057075251	467.499425806571	1.56708102072275	64.2620378823541
449.10504143439	467.999355079058	1.56677126353302	64.2874506241899
449.107172305224	468.499347301238	1.5664434690428	64.3048473320607
449.109477114737	468.999463448915	1.56623073630281	64.3102140822809
449.111805832738	469.499669583625	1.56583779623052	64.3098721949973
449.114396216662	469.999854650124	1.56510972986675	64.2971544661372
449.117223892943	470.499935938068	1.56448598432228	64.2775565353534
449.120224984439	470.999909025793	1.56459110029718	64.2477999755659
449.122931675949	471.49981822625	1.56540185958212	64.2187002640203
449.125300508553	471.999694687047	1.56624499089691	64.1900927616833
449.127395889849	472.499551632178	1.56644233840945	64.1705985935773
449.129678559786	472.999437456128	1.56609898595869	64.1542614555778
449.132075788405	473.499434135261	1.56601669643301	64.1461797838286
449.134378309181	473.999533779279	1.56678633236549	64.1439879347992
449.136064600495	474.499592551212	1.56804187654167	64.1598108339601
449.13726478441	474.999496345547	1.56888288124227	64.1920139428292
449.138230688722	475.499328131741	1.56875329062353	64.2405342652541
449.139546664403	475.999269856068	1.56788488222556	64.2822647416856
449.141261502428	476.499402868008	1.56689696093136	64.299003300082
449.143482317801	476.999638866718	1.56603595558849	64.2650676621534
449.146073245652	477.499811769972	1.56503295582861	64.1793408898253
449.149296412882	477.999804315098	1.56390748654382	64.0538735762128
449.152913973121	478.499630818955	1.56336683134908	63.9387955618247
449.156577260158	478.999419888089	1.5640642273884	63.8786582427846
449.159533114036	479.499307588717	1.56562247078737	63.8953485185002
449.161780311851	479.999299754602	1.56693127697874	63.9514443188421
449.163581058357	480.499282665665	1.56701730471123	64.0016528985916
449.165801589898	480.999195197457	1.56584790519132	64.0101173817782
449.168697508079	481.499129341846	1.56439480087639	63.9803654633938
449.172252072797	481.99917998655	1.56385190518168	63.9221328647738
449.175656002192	482.499285030213	1.56462881605644	63.8660719555458
449.1785283703	482.999289975091	1.56605934344776	63.836927648601
449.180668549272	483.499143889537	1.56687315337018	63.8596552326907
449.182815383563	483.998941312486	1.56631075371207	63.9260480624888
449.185424691115	484.49882538126	1.56482230690985	64.020410940264
449.188861718902	484.998883844947	1.56364920532809	64.1131534569722
449.192509108697	485.499122043032	1.56376916513034	64.1894650852435
449.195839984926	485.99946437507	1.56529572018427	64.2291209217478
449.198102356035	486.499790977386	1.56745589653583	64.2280714781148
449.199459308382	486.999977131093	1.56909717899901	64.1826186454149
449.200220555272	487.499938715496	1.56936691099008	64.1133659735551
449.201322480778	487.999657724877	1.56832256822147	64.0435246739902
449.203027787143	488.499211121543	1.56682270704876	64.0093799507481
449.205538284633	488.998780100365	1.5656909655942	64.023115584096
449.20838522989	489.498591621076	1.5651031165347	64.0779182310949
449.211537965458	489.998756539283	1.56494569458481	64.1325058288852
449.214577613781	490.499171662367	1.56517512296463	64.1566966689299
449.217529336141	490.999592666303	1.56570105944741	64.1355730560265
449.220071268807	491.499844466058	1.56628585778696	64.0885926261027
449.222425779618	491.999951438985	1.56686975075012	64.030843244371
449.224314123364	492.500051721182	1.56766889060426	63.9755978861802
449.225806596938	493.000141465966	1.56874992881741	63.9167252249596
449.226637587931	493.500011213084	1.56956149579647	63.8622611267468
449.227418802311	493.999529940805	1.56926634439679	63.8210172645635
449.228656871345	494.498880430341	1.5674969072766	63.8083841907658
449.231255694611	494.998379477161	1.56493788901916	63.8151633301816
449.235030401214	495.498187457358	1.56306781281837	63.8343571672029
449.239502055328	495.998256043192	1.56302897254066	63.8575331628632
449.243376068999	496.498475951439	1.56473465100143	63.8942132126603
449.246176653211	496.998761887704	1.56714921990628	63.9424310046424
449.247576056295	497.499058895487	1.56912340876975	63.9989897943484
449.248273790612	497.99930164053	1.57005125376326	64.043592499273
449.248622359751	498.499432301574	1.56995077827468	64.0668506641728
449.249363106819	498.999442096633	1.56918202781809	64.0626645327124
449.243275406524	515.991585113091	1.58627400285921	68.779373706044
449.239093455523	516.498774481343	1.57310942171544	69.5015989069351
449.22939014417	517.017473435351	1.60527783245317	69.0191039432843
449.163427206298	517.538819556728	1.78087185532972	66.7961294793291
448.990203924337	517.995172324678	2.1097515053209	64.0722951418351
448.780357814923	518.315986649203	2.34242820052469	62.5508917838179
449.250481920525	499.500669315575	1.56815782922907	64.1150123253267
449.252222857695	500.000680889547	1.56727020840972	64.1065221801425
449.254230710663	500.500704359287	1.56673039964656	64.1128504586818
449.256588764544	501.000804777659	1.56633582265597	64.1262185664888
449.259110358429	501.500964691581	1.56558916470472	64.1375249007071
449.262269027151	502.001125793182	1.56441091583934	64.1388858631695
449.265900663269	502.501242147955	1.56350048955574	64.1258035894511
449.269827318704	503.001246342823	1.56376466534683	64.0916077085597
449.273120871279	503.501067193524	1.56533705933434	64.0449317156711
449.275525321485	504.00076111296	1.56729350675946	64.0094809929302
449.276995627181	504.500552310695	1.56827863796716	64.0107588775499
449.278497598482	505.000630028733	1.56759915345161	64.0512665036013
449.280602227669	505.500932295025	1.56581969749202	64.1178749447958
449.283731155131	506.001190050014	1.56435637077096	64.1920363118298
449.287154676119	506.501164182951	1.56438146333512	64.2601667590675
449.290192980706	507.000823758125	1.5660437336414	64.3070500030216
449.291996494391	507.500359095406	1.56841647490735	64.3219551411695
449.29274745248	508.000057623386	1.57016370932128	64.3022937717808
449.292859062419	508.500109158315	1.57037322415857	64.2632108473378
449.293399686387	509.000439848845	1.56899042407918	64.2270566234787
449.294868864517	509.500769409413	1.56665955485582	64.2100770799597
449.297721317444	510.000928278641	1.56427237472657	64.2078290256799
449.301558136407	510.501038231317	1.5625564439245	64.2081372814401
449.306079140547	511.001286713403	1.56193891026977	64.2039886192433
449.310378461072	511.501641758978	1.56281949667261	64.20641204174
449.313734492804	512.00188627493	1.56567468814612	64.2363027948761
449.314861311534	512.501881866794	1.57072678190319	64.320013151611
449.312972480229	513.001743458707	1.57744087089468	64.4844823222356
449.307349186047	513.501782104235	1.58468993269386	64.7673933759929
449.298232958913	514.00224699275	1.59157081370449	65.2156131207884
449.285787166805	514.503144322177	1.59756065577919	65.8774219726576
449.271050232266	515.004286010568	1.60099706042164	66.7726631207788
449.255913941359	515.505305037762	1.59823675790423	67.858557488635
