286.194280551242	393.047366390766	-1.32158338589756	72.0507367458073
286.081263236741	393.517429836231	-1.33793907868755	71.6325187452292
285.982033004991	393.996784442263	-1.36801430074122	71.2995269285391
285.896467971079	394.485722661014	-1.41096800821508	71.135231040817
285.828655828025	394.983929075233	-1.46193129260106	71.118552530454
285.783834499999	395.489507308901	-1.51386997569358	71.1518738362397
285.765584580643	395.999435456635	-1.56451919687717	71.1185957847879
285.776974790888	396.510018988544	-1.61612556929747	70.9670650298105
285.816674066318	397.016989550465	-1.67020835670006	70.743754050721
285.881129379437	397.516436499738	-1.72304463821311	70.5495733042159
285.963893167482	398.006436950366	-1.76641381054303	70.4664137015764
286.059593643579	398.487492124026	-1.79462981559919	70.5378712992467
286.166428681523	398.961420566105	-1.80614889766563	70.7428951781286
286.620274396648	391.540191721836	-1.24835003803216	73.4773948506604
286.487280922038	391.996198030002	-1.28422920620061	73.4029126618281
286.361923558968	392.462998803725	-1.30765651217928	72.8639819973998
286.318578022375	399.543327499331	-1.80271025534371	71.299649206528
286.428544720574	400.01752193602	-1.79912821218835	71.8320843421235
286.532626402955	400.491838773645	-1.80144946127357	71.9975832356968
286.641013703519	400.963991000304	-1.81207702769765	71.7214174259502
287.198610686507	390.087630199956	-1.15122952383913	73.5400224038438
287.024592155041	390.510262760709	-1.16469987302943	73.6138520672699
286.858462363789	390.945442386179	-1.19218395150247	73.3720635355058
286.807818781234	401.551911694146	-1.83720422378244	71.1053059707319
286.936454563707	402.017469021741	-1.85209234229863	70.9459649601432
287.061875825388	402.482913385095	-1.85410405270862	70.8956111004146
287.19100790212	402.947785425442	-1.8420271284046	70.9651879373728
287.66365268479	389.08015816032	-1.11385710645674	74.0544276242539
287.484898957415	389.492965513396	-1.13594942880896	74.160190623712
287.304086972795	389.912787072709	-1.14830974896784	73.628231255895
287.361681385385	403.536024950819	-1.81766368946533	71.5160502339292
287.473170069014	404.006921460132	-1.80859241893136	71.8548030881613
287.581303162253	404.478855264746	-1.81273058366832	71.7833781240095
287.699151365851	404.947051871979	-1.82876401873357	71.3398386432919
288.18123223157	388.100812886439	-1.05596091660723	74.2172754224022
287.98603236448	388.492591665564	-1.07460675864485	74.3822190975945
287.788023318648	388.893579720235	-1.1005453797837	73.9011914757646
287.877183250036	405.534321699964	-1.85355827256764	70.934209705897
288.005452769486	405.998473741844	-1.85935730778768	70.8593669656336
288.133491117258	406.463143579875	-1.85150694758453	70.8890904165818
288.744539132492	387.149269015008	-1.01844221714141	74.4605219504629
288.532301089944	387.518992799545	-1.03411778706808	74.8447766573453
288.331148470855	387.904614249935	-1.04857714551411	74.3309031516289
288.309777138498	407.050066661127	-1.82710098538629	71.2364467961771
288.427516394821	407.518845640138	-1.81277854211461	71.6628019906162
288.535772972152	407.990714505974	-1.80915342590632	71.7272014447004
288.647073709046	408.461593194245	-1.81635210653267	71.3936576816264
289.109693403022	386.570501525392	-0.995211333262054	75.0852553338403
288.906331799239	386.941836149165	-1.00946086971194	74.9797018347599
288.815713198946	409.049912111039	-1.83749797312138	70.8283502396121
288.943246394233	409.515453365458	-1.84982881715729	70.737995126429
289.067583152326	409.98162278428	-1.85053534811148	70.7538565421086
289.195679039056	410.447273865421	-1.83888907766309	70.8721063622387
289.722763411732	385.654727197115	-0.960314520416848	74.908878264095
289.503645645078	386.002456161333	-0.974942550087061	75.4280729468816
289.28569013133	386.36013002357	-0.988033764404402	74.79356774425
289.364674484666	411.035020527982	-1.81666261358252	71.4338147319811
289.476118736645	411.506164052238	-1.80946431004942	71.7710082412209
289.584940188865	411.977831900528	-1.81454752859918	71.7337989740567
289.703818959963	412.445754073004	-1.83004761998921	71.3656373047604
290.12581912678	385.091646749627	-0.93741875840121	75.3200237595391
289.913118107351	385.438460762703	-0.95004965565685	75.3959749342727
289.881568601988	413.032776576616	-1.85267477739121	71.0903297852922
290.009261648538	413.497425258836	-1.85818344603623	71.0876937619426
290.136913060268	413.962118739413	-1.85074061675534	71.1371228611973
290.550758326964	384.538427875657	-0.920368111157486	75.5907004383472
290.331759078486	384.875450668472	-0.929535821106081	75.1915029560156
290.313944252986	414.549783385094	-1.82864589818941	71.4716317929956
290.432525837051	415.017929851007	-1.8167381439099	71.8666317701321
290.542812842821	415.488617227729	-1.81557543187319	71.9075015271431
290.657617294138	415.957807389304	-1.82479438954708	71.5644077292802
291.215813250631	383.671352756773	-0.899808106195224	75.052117192467
290.987891786757	383.990536391406	-0.906506396672828	75.6432684362259
290.753001722839	384.310313094797	-0.913864700139094	74.9245041003848
290.832643359681	416.5462101039	-1.84557510721401	71.0604474419493
290.960851003393	417.010763221287	-1.85355674859988	70.9751397262204
291.085662717298	417.47681784411	-1.84910369928345	70.9664609152712
291.214406983265	417.943247312591	-1.83298132320562	71.0386550710681
291.652925604026	383.12493961138	-0.88549953761399	75.4115239446879
291.4321171323	383.445519186371	-0.89451716134578	75.6113118775518
291.25545649327	418.063090222567	-1.82736146902988	71.0969431955908
291.378025132064	418.530997082752	-1.81055966741753	71.5615193159592
291.486624277031	419.003401485692	-1.80484107855118	71.7791942275937
291.594040068596	419.475783050509	-1.81104310285714	71.6144846737975
291.712462497604	419.944323281906	-1.82714730680214	71.1376162394991
292.103906452479	382.587726159245	-0.867120481020928	75.8210919612508
291.882354231476	382.902783094414	-0.878390257872318	75.6167612295296
291.753921112973	420.066321792667	-1.83293516902045	70.9306980573074
291.887474900708	420.530713002859	-1.84999611922595	70.784279737751
292.013847741977	420.996204273664	-1.85516561362135	70.7312390246673
292.140646541951	421.461505173148	-1.84784459106475	70.7913024504851
292.566965542418	382.058500773509	-0.848728273483206	76.1875979695152
292.340425473239	382.363669281758	-0.859637936145545	75.7001645758524
292.315543626153	422.048813545932	-1.82531867913465	71.2151608939496
292.432618268074	422.517694698547	-1.81249750515951	71.7074177816581
292.540901879689	422.989309272244	-1.80958204619525	71.8460659192335
292.652562894347	423.460132773544	-1.81695770876177	71.5605660015078
293.04044733774	381.536537828784	-0.831071885717911	76.4092660911866
292.807143085887	381.829205099395	-0.840419112975907	75.7682485952758
292.822060168823	424.048080997967	-1.83855339492722	70.9972388968742
292.949455678757	424.513759079677	-1.85099378351392	70.85328455914
293.074217680973	424.979756592304	-1.8516997428514	70.8075076875642
293.203409574985	425.44481532233	-1.84018730245948	70.8899361256885
293.52192329606	381.02032146572	-0.818983887911766	76.5103766661015
293.28267854659	381.30131597568	-0.824675686974228	75.7789479086212
293.372493054153	426.033298429995	-1.81671293703015	71.4482137040592
293.482286496104	426.504585913271	-1.8059409598254	71.7042429387809
293.588241986876	426.977157420378	-1.80568971597775	71.5043640298983
293.702884448148	427.446736384004	-1.81778778550212	70.920583320853
294.008393679078	380.507932860767	-0.810630229730237	76.5750702273381
293.764104966403	380.779425016595	-0.814704294354582	75.7620773748657
293.872732220663	428.035586145583	-1.84173044361873	70.3540640274921
293.996330474944	428.501040974577	-1.85075857166256	70.1207210584974
294.120774908808	428.965875661895	-1.84588813479376	69.9674734637247
294.745500087126	379.73909851237	-0.797035572045222	75.8667803914159
294.498586071334	379.998638583825	-0.802564169637999	76.648971621617
294.250091618319	380.262021083691	-0.806959339388185	75.7763139739605
294.294860420437	429.555787448908	-1.82382127471597	70.0625631184529
294.4115461621	430.02356506054	-1.81031852006258	70.2919117744166
294.519283983114	430.494879579606	-1.809253848262	70.1807491039752
294.631002988397	430.964741186161	-1.82088024972004	69.6914000542758
295.24031542854	379.239574239536	-0.784666888957189	75.9455771346875
294.993241693081	379.493347977915	-0.791078592488071	76.7149867380974
294.805097768644	431.555399075264	-1.84714097480122	68.9496550738867
294.936607515257	432.018118011628	-1.8592396151492	68.7660961708658
295.064141555297	432.481762371115	-1.85819470014971	68.6982180926441
295.195673229288	432.944852626694	-1.84612831732284	68.7219773035173
295.740602508422	378.746315957714	-0.771227461152656	76.0124465148616
295.493576272755	378.993518050471	-0.77804103916287	76.7902297448458
295.371994162148	433.535494218223	-1.82987481138002	69.1907877815343
295.490016626493	434.002844843581	-1.8329490708965	69.3817701421537
295.611085284687	434.466725337142	-1.85210532896449	69.1640204053941
295.999951105608	378.499949317115	-0.76462232149149	76.8893424986613
295.813128153268	435.061681713006	-1.89375452160413	68.6321344191525
295.96425795002	435.512359862853	-1.91626557452479	68.68781467103
296.113717526506	435.959699672309	-1.92124127603192	68.7334518947547
296.511414206134	378.012107848955	-0.753960310823091	76.9689178976478
296.264879489944	378.253569125633	-0.75888542932726	76.1115753693038
296.34601001721	436.553974080562	-1.90663117342412	69.0750844983786
296.491531348556	437.002976525626	-1.90088195131553	69.3966664153848
296.635639831493	437.451910364937	-1.90673038444695	69.1787663817843
297.026918075297	377.529109032221	-0.744102368157914	77.0144042697306
296.786117531795	377.770996644032	-0.748729784502667	76.2469265915506
296.870393842274	438.047344499999	-1.92595338927642	68.8271148859944
297.023327091114	438.491476510495	-1.92937802826266	68.7996378556182
297.179402048405	438.935121712188	-1.92025347080664	68.6744426900704
297.546062426465	377.050747411616	-0.734988603228398	77.0641716585966
297.311002667437	377.293952982994	-0.739399994602558	76.413346358261
297.251645234449	439.088523900648	-1.91447039443167	68.6439154398394
297.40886362161	439.53213543978	-1.90238161634268	69.057284220007
297.551046380255	439.981976636343	-1.90232506006235	69.1133073040062
297.70263381586	440.427715825043	-1.91372798272645	68.7508948764356
298.068786621187	376.577453874557	-0.725361750882491	77.1190440105951
297.839031647907	376.82096718869	-0.730178241872898	76.6446071240453
297.7760316888	440.580997211583	-1.91974717924272	68.6359986953687
297.936760092966	441.023014617035	-1.92977699651833	68.7670847086504
298.089098621012	441.4676002394	-1.92813669785951	68.8118530074245
298.595437544855	376.109638890581	-0.717378511906891	77.0887620439424
298.369948609355	376.352040832851	-0.721040271000264	76.894246562013
298.324536350797	442.062698121828	-1.91095849908184	68.993136714063
298.472902194634	442.509695371275	-1.90428179053376	69.2851210503984
298.617128798783	442.95786887448	-1.90812770662914	69.0773580675157
299.126317121442	375.647154325049	-0.710163463208875	76.9533599896726
298.901952099541	375.886421539238	-0.713317849056888	77.0702230727318
298.852546327825	443.554373987234	-1.92579182419383	68.6625351130495
299.006662951169	443.997541462797	-1.93041136980016	68.6405010467582
299.161692068045	444.440850772834	-1.92338794143608	68.5116475778436
299.662014183661	375.190422120713	-0.703755541050696	76.7895375187061
299.434686789358	375.423558435865	-0.7067041586614	77.2031603913738
299.39417750511	445.037628189831	-1.90387805666586	68.8053842305196
299.53670128275	445.487008129468	-1.90058770089251	68.8953203699958
299.685255774949	445.933828849871	-1.91044589379176	68.5580217646708
300.203024502397	374.741888770722	-0.695515749411022	76.6921021765603
299.968507568517	374.962800064077	-0.699813706312102	77.3533873245995
299.757326327776	446.088091286569	-1.9165331904622	68.3596999083819
299.920183260285	446.529266774648	-1.92932426201574	68.4535276552626
300.072275648942	446.973573354014	-1.9292404549032	68.4426372285042
300.233858508408	447.415680006688	-1.91664911075056	68.321970597026
300.504623946771	374.505554281577	-0.69045019784581	77.5365977224208
300.3063002839	447.568848438906	-1.91049526959506	68.4713098334877
300.455672619993	448.015631231141	-1.90011835296005	68.7622989217216
300.59761358943	448.465367760075	-1.90268920741404	68.5959188218047
301.043566499452	374.053338082053	-0.681979835322585	77.6362464888535
300.811958141393	374.272271436021	-0.685954683179324	76.9189942110046
300.829226046605	449.062902036444	-1.9228313319962	68.0872939117656
300.984807022166	449.505633995634	-1.93043365149723	68.0866953475401
301.138307639254	449.949099780253	-1.92501999557331	68.0073124089229
301.586060733656	373.607136450114	-0.67426858929479	77.602720239781
301.363024907805	373.830939267236	-0.677973589114009	77.3091528731328
301.372412872441	450.545342361578	-1.9053441351343	68.3244668782499
301.516162824986	450.994292632217	-1.90161277956221	68.5519940208463
301.662881885323	451.442115675948	-1.9104605821732	68.2968522435566
302.133576335565	373.168343429042	-0.669203646127647	77.39477242064
301.911760271776	373.389398916722	-0.671166573186497	77.6193568346398
301.899075071606	452.036773716316	-1.92937681452081	68.1337062331512
302.051845600653	452.481092386368	-1.93038645936563	68.1779433672753
302.211076290433	452.923570577331	-1.91864821280406	68.1320367690036
302.687251561147	372.739447399358	-0.663144054869461	77.1199234600409
302.458767527943	372.947648999315	-0.666288248220349	77.7881050077598
302.284475084307	453.07672248006	-1.91199829671354	68.2411997814438
302.436488380552	453.522486980613	-1.90016306777695	68.6650475200722
302.577478654078	453.972467995488	-1.90058683390587	68.6265936867914
302.731844188702	454.416646010207	-1.91287370082974	68.1456578048964
303.006010755967	372.50776229147	-0.658622212237369	77.8605958093202
302.805680948698	454.571301334214	-1.91927203024502	68.0922028218643
302.962225714979	455.013970200911	-1.92889769432764	68.0716396949144
303.114364892872	455.457890264245	-1.92588740443152	67.9394660050032
303.555480393808	372.072953880128	-0.650159450263923	77.846965490708
303.331016766371	372.279733434941	-0.65397267178422	77.2462887663436
303.348919744534	456.053951595002	-1.90580284293024	68.0553853800318
303.493326419398	456.502350882084	-1.8978427598473	68.2530646069899
303.636623529219	456.951853652581	-1.90339496376731	68.0080251712667
304.109887622514	371.646384572423	-0.641583102933435	77.7409299630712
303.89173448242	371.85668727822	-0.64549935801237	77.6772062191665
303.869892539668	457.547255225171	-1.92520602431983	67.6996248622532
304.023288388215	457.991459874074	-1.9316354482978	67.7119618679921
304.180196225273	458.433896336566	-1.9254456113581	67.5954247731346
304.673045731341	371.231501525938	-0.637521331685678	77.5056227899499
304.448638032441	371.431468028293	-0.638910828121516	78.0557299199977
304.25503454183	458.588993522209	-1.92012447484824	67.5543076181448
304.413728576229	459.031180329466	-1.908352583294	67.9063809018339
304.557023136513	459.479426469949	-1.90560987042453	67.8274261435243
304.709943811698	459.924091618176	-1.91334910584731	67.2866459202258
305.003690978211	371.004958508569	-0.635248555713184	78.2210239611918
304.784555967401	460.079557097271	-1.91882552546902	67.1318912651986
304.94284720029	460.521068699592	-1.92650456419291	67.0489075947245
305.093791118524	460.965700549757	-1.92328085878854	66.8981570215109
305.560093241457	370.582200990224	-0.627888177384998	78.166531265476
305.33838595552	370.781070218763	-0.631507499859465	77.6461645007685
305.326334557063	461.562035890623	-1.90587570385877	66.9406171327424
305.473254575764	462.009510913079	-1.89978579735578	67.220047820799
305.616108512679	462.458421580524	-1.90654199739846	67.0733342253991
306.121878312416	370.169466954658	-0.623315027476032	77.8451998512494
305.906051756717	370.370083562807	-0.624521950227181	78.0245512045773
305.851553391556	463.054752115857	-1.92810351229204	66.7139705382796
306.006580742322	463.497565394546	-1.93353787896127	66.7318202880655
306.16221989738	463.940616286134	-1.92451011895656	66.6123115166966
306.467421215661	369.954393570148	-0.621629546116747	78.2148552663109
306.394505430692	464.537376745995	-1.90265666425081	66.9244584897802
306.536253605922	464.987229623582	-1.89852766477777	67.0121455377884
306.683874432503	465.434683846882	-1.90755159687241	66.6539382230532
307.027072330667	369.538211510904	-0.617758767740754	78.2473076299373
306.755372801345	465.588613455262	-1.91369288005201	66.4432671529372
306.9171693115	466.030419212095	-1.92623260963535	66.4557738547656
307.068288580015	466.474834012419	-1.92718853039141	66.3642494662072
307.228542882506	466.916456922034	-1.91658164472352	66.1670837410879
307.58927194917	369.126941849325	-0.614158597080121	78.1110520964359
307.374869788051	369.322887542336	-0.615976681977594	77.873306111254
307.301970988877	467.071636302493	-1.91101046419442	66.269773997621
307.452080599084	467.517119808116	-1.90169848318259	66.5303963124083
307.594346180377	467.966426473388	-1.90401241238991	66.3971390732839
308.159102653725	368.729149052345	-0.606740511569605	77.8465409094096
307.941613666141	368.916544220615	-0.610773323949189	78.3077561325528
307.825633702422	468.563206392318	-1.92272039341446	65.9985724921688
307.981507581734	469.006723514245	-1.92978574088565	66.1035968958698
308.134493815585	469.451306165838	-1.92381004322707	66.107119449951
308.50561556652	368.508153422249	-0.601648865542581	78.5044858397594
308.367253673424	470.046976135731	-1.90278546873634	66.3983472850522
308.510007972854	470.49645115581	-1.89852236594764	66.5372907068048
308.655079524374	470.94429145223	-1.90802415550706	66.1786235991789
309.071454888829	368.105145720633	-0.596365877346521	78.2814861924337
308.857075823671	368.290608954589	-0.598098065259892	77.9307449887467
308.891930358462	471.540307502805	-1.93034692278372	65.815645098618
309.045074012557	471.983197098589	-1.93280911382311	65.7166876320079
309.204538531173	472.424816979488	-1.92235896701494	65.5215948817644
309.644863850299	367.716312824239	-0.589464064260123	77.8497726111757
309.431315036705	367.897991942528	-0.592504739483844	78.2564003289546
309.279586577984	472.579973023381	-1.91615509708881	65.552012604807
309.433440627232	473.023725626081	-1.90375717603047	65.8488941861224
309.575715162182	473.473202414557	-1.9028985137689	65.7566274884998
309.730874730842	473.917972119111	-1.91375562414911	65.2982651751669
310.000175392491	367.50026368024	-0.585643337535841	78.4036539422323
309.803846761717	474.070854469529	-1.91954042174849	65.2495216463003
309.960986688957	474.514169763694	-1.9279298361039	65.2867619334751
310.112874603346	474.958983762282	-1.92442385422596	65.2302993558814
310.56986676857	367.105513274811	-0.583907362377301	78.2143509139979
310.357043101487	367.284331422656	-0.584051570747446	77.834575019954
310.34704800493	475.554806812424	-1.90698471654716	65.3913104488617
310.492585038599	476.002667550217	-1.90220286659332	65.576140961181
310.636705427491	476.449901590509	-1.90927679342386	65.2414079740712
311.147176405409	366.723733440134	-0.579974229004268	77.8271570759052
310.934130883421	366.900218252928	-0.581830798158402	78.2290654756204
310.878238636446	477.049699705026	-1.93443077595077	64.4288162014584
311.032165481963	477.485302423926	-1.95479776768241	63.3990153398844
311.195626833227	477.89470882057	-2.00827418239201	61.3271068866664
311.505023494568	366.507666856844	-0.577741571944749	78.4279919302434
311.349632317235	478.104882602556	-2.10519083615841	59.8301401456206
311.563605246024	478.441669730467	-2.31045038696444	57.3744137885694
312.076555367726	366.117643053119	-0.577007022384394	78.2870583422848
311.865902982352	366.294776547818	-0.577644177386094	77.9604116364178
311.89710091674	478.665840212102	-2.65016394479297	54.6250912439734
312.103904596998	478.759178042262	-2.75694720922803	54.6006702610005
312.656425964914	365.74375899534	-0.571577305801162	77.9782458481954
312.443801322082	365.913138924895	-0.575294038884489	78.4488858116997
312.508354109426	478.904507556	-2.99618641258257	55.6711050657649
313.016387927745	365.525711884257	-0.56676266224624	78.6662209600264
312.981303324691	478.888394094027	2.94627517295586	59.0419505130048
313.592081223345	365.145532755778	-0.56336082778072	78.3735461440888
313.384858774547	365.318338957985	-0.563888908613152	78.2596891096826
313.559696750801	478.689093148635	2.76330377706324	62.5155245883422
313.426309211828	478.772414463376	2.77725504538516	61.833502523968
313.963878545298	364.942522854817	-0.559818880105897	78.5636251271932
314.006133585569	478.515218129791	2.72466479863895	64.4008463748029
314.5393504209	364.56352259838	-0.552074080824593	78.5405460761732
314.6042042182	478.235743745707	2.71056483096265	64.7909945049714
314.431076402852	478.342900938686	2.71362531628579	64.8492193798385
315.121019967479	364.197050316537	-0.550278229988229	78.1333166230049
314.915466896404	364.362666681452	-0.550167803017651	78.3359444573687
315.022104165793	478.048695947117	2.70572485138032	65.2504848037276
315.494043749131	363.990259726592	-0.549626662335021	78.5988043888112
315.442377015691	477.873308300765	2.70863335780399	65.2422286718418
316.072013842377	363.619218251887	-0.542647677967164	78.5256852431355
315.866166056935	363.779915690506	-0.545815308236097	78.1424473549605
316.036315852322	477.581003121053	2.72180112899067	65.4528769998025
316.452603436781	363.421144294537	-0.540179442470018	78.6625609569736
316.460463722734	477.411756874724	2.72301760849536	65.3939520098833
317.031278920013	363.052333651675	-0.539807747176853	78.7052324291298
317.054999218511	477.120529074645	2.71208409367944	65.1174906953898
317.614635030634	362.693843168844	-0.533910238445746	78.3718847371758
317.412489531165	362.85278627107	-0.536987143077969	78.4912354430921
317.475570668139	476.946669512544	2.71036636695994	65.1188993329636
317.994881035328	362.491302894766	-0.530689660153026	78.8040914142984
318.070431517116	476.655347715908	2.72027274983712	65.0062151071501
317.890968419239	476.761111898272	2.71636115566285	64.8050098622988
318.576508996925	362.130302054799	-0.531268540826188	78.5424504262594
318.374053619871	362.285455684792	-0.53060934058491	78.289143522952
318.492446422322	476.48320010936	2.72405253966304	65.2124080184922
318.961214205598	361.933604953934	-0.52903481121074	78.6659400081926
319.089956323434	476.200603467611	2.71719959910665	64.890250499314
318.913604165179	476.30709963402	2.72037768956659	64.9331642866523
319.542776245565	361.574189505462	-0.520695742950647	78.6565781691556
319.5093668915	476.020924862856	2.71436021807653	65.183622496228
320.133100526249	361.231875978778	-0.519752024265376	78.1191532564009
319.931309187917	361.380206513467	-0.518780208417062	78.5000223143097
320.107665386869	475.744262418372	2.72556308565185	65.041817677632
319.931644629075	475.84665827276	2.72003993773701	65.1402968428992
320.514561554619	361.025450385418	-0.520066717335192	78.5983530487389
320.527856801007	475.563488695898	2.73424456465337	65.4908575857077
321.100285354519	360.677592677661	-0.512759878891292	78.3661780825527
320.901816244265	360.827512021519	-0.516544139591829	78.3226057022026
320.955206060642	475.397723426336	2.73424380759557	65.4247786307518
321.489453232905	360.481195292598	-0.50907953334486	78.79264603841
321.550454667544	475.114280940071	2.72345847756849	65.200933619385
322.074722474608	360.134013563301	-0.510012648911596	78.6183310323909
321.876582743851	360.279048155739	-0.50936855023688	78.3530933282729
321.975325679803	474.943898282523	2.72284012445142	65.1985324229808
322.467266190818	359.941104135947	-0.508942031400476	78.8295773657421
322.570300476524	474.662212351169	2.73296305602685	65.1162607748898
322.39599432621	474.761828044389	2.72920893841045	64.9237978278677
323.05236616675	359.595299408228	-0.499604890682499	78.8691879231516
322.99681991294	474.49262861438	2.73612660415399	65.3669935747568
323.448869272643	359.406558823903	-0.497139534758166	78.8732399713958
323.595378396662	474.2206072314	2.72821289813972	65.064675304289
323.42279758069	474.321196221584	2.73158559420819	65.15771566931
324.03503079256	359.064046471676	-0.500549107718257	78.8185116079538
324.017841258407	474.04125607601	2.72494212469278	65.3881847634988
324.627707310375	358.7354338704	-0.497286818102359	78.3907369358413
324.431022186399	358.873462695447	-0.499631194476479	78.6856112911333
324.444632125998	473.871307321325	2.73076611061925	65.3982670583395
325.018149177484	358.533615704538	-0.494106590978696	78.9452455612263
325.04039907374	473.595358781399	2.74702992056154	65.6429922037228
325.609259769194	358.203197631516	-0.495506255114946	78.5162874690036
325.415452852394	358.342779438001	-0.494341148493454	78.6923713012936
325.471699774016	473.433390274746	2.74750797442861	65.6552080228506
326.003541249348	358.006631679649	-0.494555672422737	78.8592706044978
326.069095233288	473.159344300137	2.73308421760151	65.2857887018462
325.89574625785	473.256801568095	2.73815991428898	65.2066734369123
326.592574056085	357.676368109779	-0.484421585678516	78.4974454149031
326.400953079902	357.812361712369	-0.488437541374365	78.4657647622206
326.494986034383	472.988438354588	2.72885522797574	65.3754251365968
326.992990119248	357.486521886837	-0.479219570364617	78.7740844759675
327.092316400359	472.71742914935	2.74075632814902	65.1557963397563
326.920746020585	472.81533384015	2.73550617221514	65.1741039069047
327.58331354249	357.160401975251	-0.481376860650268	78.4287789514371
327.392548153523	357.292772963489	-0.479814311382752	78.3144729632645
327.518907161901	472.545033806249	2.7489756098003	65.4982249668923
327.985198714788	356.971485914876	-0.481293659195831	78.7139609916106
327.95068912982	472.382366278279	2.74691168320938	65.3848655922266
328.57498121918	356.645920398661	-0.472086522175368	78.710909140078
328.38359582005	356.775243588067	-0.476228576960143	78.4018547215604
328.545524599762	472.107717675338	2.73448127687657	65.2745619637523
328.980307740999	356.461584442744	-0.469515846378334	79.0102839805791
328.974996614528	471.940450065335	2.73565378774954	65.3628086804231
329.571134868719	356.138862031038	-0.474148872441343	78.788942612296
329.380377925401	356.266316583226	-0.472082855240592	78.5429483934943
329.569897559004	471.670908791446	2.75257925940471	65.420069113634
329.401704226267	471.7628791853	2.74668429117055	65.215573003059
329.976366602342	355.953624899582	-0.473358089961276	78.9612088313329
330.00283962157	471.506972034531	2.75914509379199	65.7235546283042
330.566730947311	355.63314385837	-0.462186322687557	78.9193995426994
330.376694131187	355.755942367764	-0.466567234371665	78.5595699693311
330.436454587029	471.344853658662	2.75489194946595	65.5338109054389
330.976094660772	355.452054084515	-0.458706396778819	79.1163786943135
331.032056721377	471.076999101493	2.74311273927987	65.5322532322638
331.56794529067	355.135996316309	-0.464422790101883	78.8627426418259
331.379416057775	355.257953865885	-0.461783570163376	78.6104458530486
331.463782471629	470.912953909461	2.74460535175732	65.5580881009638
331.976596239317	354.952997927807	-0.464786620251529	78.9948950655558
332.059837509237	470.646542282522	2.75886115893529	65.6733961388923
332.567738111174	354.637909280927	-0.455539584184845	78.8728005460223
332.380323772837	354.75767718672	-0.459184588612138	78.5677439742244
332.494283303372	470.485945580298	2.76117226289992	65.9208339946503
332.979486932743	354.458015383366	-0.452514326866734	79.0018954376386
333.094600517096	470.230492825098	2.74844312331884	65.5629637437754
332.927322506712	470.321941367208	2.75350958372761	65.7017516015034
333.572132437005	354.146797712972	-0.458662195601869	78.5721591210101
333.386155230714	354.266728327951	-0.455743745338277	78.4223645403499
333.522626026076	470.054809242856	2.74063130081167	65.8325616926817
333.982605555545	353.964461183564	-0.458138329222617	78.67087045028
333.954609301766	469.889829311654	2.74437369878812	65.8219935951469
334.575018604666	353.655928773355	-0.446322076801079	78.5386149107801
334.39004690827	353.773467606241	-0.451130223440471	78.2956249966837
334.5501696277	469.624241751139	2.76289458815508	65.932877445068
334.989130347013	353.477244469394	-0.4415614721036	78.8345523981956
334.986867497032	469.467122914116	2.76929300325896	65.9836419330726
335.584210115218	353.175962949214	-0.447201604437056	78.5051307960045
335.401333901063	353.293197110802	-0.444204611646884	78.4550251793822
335.586738175336	469.216040005463	2.75989648443303	65.4620128872627
335.421951133244	469.30370455403	2.76464220974835	65.5816246907479
335.996940274166	352.99360774821	-0.44942968518281	78.7687774263437
336.018583979527	469.04630355202	2.75280153207808	65.610339260327
336.591600797438	352.69332486368	-0.44138620169823	78.5778622871808
336.40924077913	352.80981331678	-0.445359610968558	78.5231285052257
336.453608760539	468.884174256828	2.75461344095567	65.6068082460871
337.005640271149	352.51194425603	-0.437199883715101	78.9926861152183
337.049081718212	468.624970554581	2.76982028737788	65.8768068517659
337.603635207091	352.219343781639	-0.441866880218916	78.5458296810414
337.421615527574	352.333760759968	-0.439305167419615	78.7233442776384
337.487891063502	468.46909556539	2.77296206451789	66.0809114560606
338.015581501907	352.033163254336	-0.443390375629298	78.8842559387066
338.087360957692	468.220478078505	2.76105550427493	65.6989973366746
337.924201155542	468.307160378251	2.76600641030729	65.8034008167325
338.613316378636	351.746579227841	-0.431687695629453	78.5587951854914
338.432741512524	351.855231153242	-0.437199477748075	78.747730787851
338.520031221377	468.050373947212	2.75322422529286	65.8998931566006
339.027789316753	351.561023350033	-0.422587374583323	79.0782175166228
338.955871537209	467.888651895075	2.75632772172423	65.9020427454916
339.450135777221	351.39055848184	-0.422742569205778	79.0173067562642
339.551099679243	467.631738484807	2.77402384344914	66.1437401072494
340.044362298142	351.096201354828	-0.433439483065559	78.9789812515866
339.99118269966	467.477221689525	2.77911692499551	66.3343725952255
340.464091248571	350.922147855595	-0.434273382816606	79.0821093700825
340.592323232312	467.234480377064	2.76816735349865	65.8804775440303
340.42937624758	467.318544138758	2.77313425790947	66.0432772227184
341.058030212253	350.628426835821	-0.42151841114666	79.2120570674187
341.025669926912	467.064802132539	2.75980042092239	66.0313266881803
341.481298818599	350.458240983726	-0.417130060589329	79.4013192547257
341.46270278885	466.905567747424	2.76158978491494	66.0107779269475
342.077614156874	350.172816626116	-0.423872794093493	79.0055010476084
341.90107831763	350.278516707086	-0.420596768467319	78.9443245525368
342.058685017021	466.652490594848	2.7789101111888	66.1213654213237
342.49853903519	349.996748125913	-0.425941250204859	79.2303026581776
342.499415979218	466.498466274067	2.78504302981889	66.3465943968014
343.095734310406	349.716084619964	-0.414911734486802	79.0759922464556
342.919628738916	349.820558811295	-0.420047071151806	79.0695709562791
342.940777973005	466.344180095578	2.78025151756943	66.1061297018435
343.517441997417	349.539603531602	-0.408192789472212	79.5816573890171
343.536112151475	466.093698796076	2.76628951601561	65.9923334441202
343.943930314633	349.372363081355	-0.410231492020837	79.4295206201742
343.975507606625	465.936310132915	2.76756575511583	66.0023598796035
344.538571777785	349.087265532122	-0.420972947346947	79.2813954116658
344.571590518322	465.689972131075	2.78382609125121	65.9984632710179
344.412265083877	465.769879132485	2.77839539166962	65.8570423218476
344.963549592732	348.916952586665	-0.417960164059878	79.22209407441
345.012810678059	465.534149196638	2.79028188477	66.2939925796474
345.558570394463	348.636595005404	-0.400363880882209	79.2813090462672
345.456247677948	465.383892875801	2.78501125660864	66.136905365727
345.988078155985	348.472001330815	-0.394767671388497	79.516400355577
346.051870950554	465.134712551103	2.76708094896665	65.8619162423016
346.587418089195	348.203137869619	-0.405753584555575	79.0969680330952
346.415380690966	348.301878804256	-0.400710777156354	79.1685081356607
346.490542515164	464.9754197687	2.76500236460516	65.9349251618615
347.012038543991	348.027817658629	-0.413207350920845	79.355302709565
347.087347253571	464.733552282254	2.78282753872615	65.8644523201296
346.928944591822	464.813183385661	2.7759295646392	65.8518681329421
347.438624948586	347.857794977751	-0.410599019893248	79.2499554671343
347.52706970054	464.573392520702	2.79603905742802	66.2767857352189
348.034703005863	347.582178671446	-0.394702076927232	79.5613870243586
347.973118732974	464.426887955846	2.79662803864595	66.278610629063
348.466732670535	347.420632297785	-0.39120174149657	79.579689902171
348.571007929822	464.188662715733	2.77890482387512	65.8699178300964
348.413612560204	464.267124085854	2.78495144729752	65.878194677579
349.063335039268	347.150662497905	-0.399781554302607	79.3034063878551
349.010521894068	464.027728918657	2.77055632586809	65.9751653335856
349.493016762831	346.983308985425	-0.401324598613958	79.508911329631
349.451187230519	463.870896496991	2.77482124561808	65.9407979477623
350.090279913647	346.721301573756	-0.387288674323528	79.4349178841176
349.922801634258	346.813520826374	-0.393127934683189	79.4025381326266
350.046886174127	463.627959428529	2.79506536139608	66.2055733147176
350.521358546738	346.552691961642	-0.378849081285102	79.9340029384132
350.492925919453	463.480509364443	2.80110008338879	66.3893615535526
350.957165695787	346.394689467192	-0.381441186011678	79.8485296827807
350.938074506362	463.330053974023	2.79429378838333	66.1254778747519
351.553178528022	346.128529924648	-0.395878244913368	79.5849624071247
351.533285344502	463.088937173009	2.77680108283792	66.0192855035746
351.985100439668	345.963840369977	-0.396083868259031	79.6738524021272
351.975462561162	462.934669368619	2.77638238695083	66.0240995575649
352.581763521207	345.704174381898	-0.37863716398843	79.6082936983345
352.41605526997	345.793468796998	-0.385180680498617	79.5002875161474
352.571721795054	462.695584349093	2.79438304386385	66.0065852950003
352.415153349022	462.771805257428	2.78810690666242	65.8882536139068
353.016192813521	345.540823091621	-0.369018898122245	80.0384315036517
353.015699915847	462.543441080738	2.80478335565721	66.2945305594938
353.454435734811	345.385471319908	-0.372074903516799	79.897357262046
353.463587490308	462.398923300063	2.80209655838917	66.1604271338927
354.050714545066	345.124796955574	-0.38956906580359	79.6244885001055
354.059843191828	462.162091284635	2.78171718151706	65.7843701126154
354.484389480611	344.961545807321	-0.392512103138335	79.6886138892099
354.501707101041	462.004603678882	2.7751331424789	65.8739251328728
355.080630304859	344.704066479135	-0.376343859146002	79.5881785874466
354.916566141346	344.791787770016	-0.382759481612419	79.4896148592579
354.944335462855	461.848324468946	2.78354641526655	65.8388856510221
355.51621570576	344.541585439896	-0.365342227059247	79.9912690145835
355.540023121244	461.613344379285	2.80680604007317	66.2072207341148
355.956384435553	344.387746171075	-0.365301074606345	79.8503722857213
355.989582355829	461.47027411651	2.81195256478213	66.3797461105996
356.55262938133	344.134159595967	-0.377669878949665	79.5808307572226
356.437413091521	461.322555766312	2.80371342904099	66.1195303593218
356.990030133249	343.974418790203	-0.378346891470354	79.6901302484185
357.032079091404	461.08901925311	2.78674107031735	66.0543298133531
357.587200968434	343.729779102093	-0.363125556880943	79.6174623474377
357.427360897836	343.811372876244	-0.368982729851094	79.5958748251382
357.477665458362	460.937829557574	2.7870781349429	66.1228164639944
358.025628465739	343.567752565442	-0.354359916296606	80.102468053397
358.072537250275	460.708581566508	2.80643479999495	66.2165909517572
357.921828171536	460.779431675243	2.79990297033713	66.0952180783191
358.468582795113	343.417667642746	-0.357868904813688	80.0616120341728
358.520369898764	460.559098798434	2.81758582399381	66.6038493498731
359.066046616516	343.168597296618	-0.375710795570533	79.6135674508365
358.903723004019	343.25108417203	-0.370421949519123	79.5365015816578
358.972131154459	460.419431260319	2.81586394796174	66.5596196567848
359.502539006993	343.006493964779	-0.379429007449891	79.7491430068545
359.569462750231	460.194593223463	2.79634472849532	66.0906890313636
359.417961878642	460.266020060358	2.80259905044654	66.1301378382734
359.94084746057	342.846237398888	-0.369119314930423	79.7134258063844
360.013845246029	460.038469075235	2.78719402847557	66.1490713718927
360.538134724711	342.603485803099	-0.344187129747263	80.2352617191313
360.459623592771	459.88744633051	2.790645455065	66.1378807401918
360.984584818221	342.457867132097	-0.339394068833701	80.4286116702722
361.054527903755	459.656611051672	2.81078407751864	66.3714217872576
361.58538567568	342.228276409537	-0.35538266244663	79.8876687854893
361.428180941208	342.305182218873	-0.348919373837142	80.0579224971591
361.504458149118	459.512902791835	2.81840653885277	66.6489702401
362.02434780451	342.064415829437	-0.367609991678293	80.0266929355343
361.955589813521	459.371658618443	2.81394705012794	66.4708052434361
362.465688324424	341.909154426607	-0.367776351625974	80.0302004591737
362.550722251937	459.143604440916	2.79614717720733	66.1597029795476
363.060912357757	341.666198862925	-0.349247841882086	80.2215961311194
362.997495380992	458.992889946142	2.79277509792806	66.2173563087535
363.50573049573	341.515840307062	-0.339999522573152	80.5823964136075
363.445071963989	458.842068191963	2.80202224566885	66.2167627581433
363.952892550918	341.369047944869	-0.342048844582846	80.3647150157418
364.040223165988	458.620067537012	2.8241149229738	66.6462563004947
364.548009460886	341.131654688849	-0.356999353954455	80.0112972111436
364.494116685073	458.48238755067	2.82791620278077	66.8736651324027
364.992066933913	340.978198969427	-0.358855809962861	80.0163384953708
364.946528562062	458.34167341069	2.81810931437113	66.6491856637326
365.435837968684	340.822432396052	-0.349464109158701	79.8903507225066
365.540375555577	458.115734084364	2.79640437897601	66.4261736327774
366.032892850028	340.592905681926	-0.330686069065599	80.3297999581944
365.988334523374	457.966571766861	2.79415992035481	66.4279077468808
366.482772878193	340.451345541977	-0.328973378473317	80.4054334388659
366.583508759829	457.747810488827	2.81253457617602	66.3531352449485
366.436071183931	457.813994248137	2.8058327105639	66.3604532995566
367.082825057831	340.229356788353	-0.34438112060679	79.79522309821
366.929374569013	340.30167644645	-0.338684308663492	79.9761428064413
367.031868785167	457.596392970875	2.8285052991052	66.7921522579541
367.525093533497	340.069418104804	-0.354498931172445	79.8901583798333
367.487110901269	457.460897441077	2.83149604120617	66.9290445151965
367.970930655574	339.918823553592	-0.351997319213527	79.8927326132322
367.939780139575	457.319568527977	2.82111456022353	66.6591477432617
368.565595773824	339.690063723866	-0.330807310310547	80.0566655888083
368.415070963944	339.758766451412	-0.337551583999304	79.8360446150206
368.533705492678	457.098137800271	2.80262761954077	66.5305842919565
369.015056419475	339.544141728917	-0.319231361140843	80.5044602278229
368.983718374953	456.952398658542	2.80343854897026	66.5356246443756
369.46791463476	339.405997364844	-0.3207305341205	80.4377306597728
369.578816819699	456.73836657426	2.82317451705588	66.4995770545566
369.433428356771	456.802190794471	2.81675807249245	66.4722328871827
370.064527391184	339.184154767012	-0.339642584269947	79.9564504900883
369.914638869622	339.252631984036	-0.333834656719684	79.9440539761646
370.0299822275	456.591796837812	2.83638819820945	66.8908918226544
370.510972585431	339.031135868755	-0.348197907774349	80.0631266328792
370.486471782602	456.458686911696	2.83607005410168	66.9603964898082
370.958839097372	338.882264960657	-0.342797217060173	80.0999477548513
370.939779741936	456.31842714033	2.82349784327389	66.6345606061773
371.553093577675	338.659300120054	-0.317374606577855	80.4879208875028
371.53340448631	456.098138165356	2.80329264894497	66.4765173324141
372.006952587643	338.521336170134	-0.304293835701664	80.8632015879547
371.983831467163	455.952240391296	2.80323900405714	66.5086504047653
372.463807661412	338.387939249838	-0.304783565804663	80.6880714485901
372.577767403886	455.738922487792	2.8238045064885	66.5374136156538
372.434113027288	455.801933829387	2.8168270593586	66.4951941130793
373.058687890932	338.176831807313	-0.324243721575012	80.1645345449238
373.029765102884	455.593098139603	2.84003556860859	66.9715669901981
373.509831991046	338.029275729451	-0.334725231943189	80.1847260581006
373.487913069068	455.461980400978	2.84376058960714	67.0704143768424
373.961070513629	337.884468730509	-0.332552879146085	80.158827060859
373.944109117152	455.325450118625	2.83425154080539	66.7770548643452
374.554939383338	337.667010191612	-0.313637378866322	80.4500130838025
374.537034013531	455.112480631031	2.81414650388424	66.6074823511893
375.009368501449	337.528681522519	-0.30477544610097	80.8408040753974
374.989874057904	454.969364367296	2.81111694458864	66.6659865689063
375.465722703835	337.395042279594	-0.307712701188059	80.7265337148059
375.442118593661	454.823686402063	2.82108596012143	66.6603010626314
376.060865405727	337.182603692975	-0.326122998507189	80.2322566148521
376.036787136715	454.615508375024	2.84219660905112	67.0318284633959
376.51162270343	337.034908856709	-0.333351586194542	80.2577022317487
376.495159839707	454.484694830667	2.84671313936033	67.1409400884578
376.964353553534	336.891544633966	-0.326291989222104	80.2153975627047
376.952807012863	454.351350868334	2.83845682440859	66.8486357584832
377.557255937817	336.681640809001	-0.301040134443041	80.4657973911508
377.545826467904	454.140005563604	2.8166795156566	66.5283083525874
378.014784671429	336.547585517866	-0.288363675521619	80.8730745757325
377.998637085885	453.995860551705	2.81105367196635	66.5733970242419
378.475328191386	336.420548993586	-0.289880927297252	80.8294621022964
378.451538316338	453.851846831348	2.8191008090057	66.5888446352122
379.071342862355	336.223183188108	-0.310516474246411	80.2343378704563
378.931562233881	336.281914598341	-0.304186448490665	80.3672309301267
379.044884676923	453.642864557459	2.84312239854856	66.9542509742967
379.524248658918	336.075188425654	-0.324080057670643	80.2577165407608
379.503670191224	453.511850358835	2.85243350244397	67.2106766279169
379.978951082016	335.934541918096	-0.323433597489782	80.2703089837903
379.963807061109	453.383084608067	2.84829484479243	67.0483226163526
380.571426688962	335.730579160387	-0.301760203432307	80.4082142970101
380.432826980448	335.788187644762	-0.308774293785338	80.2957489850435
380.557546436557	453.179510857849	2.826389048257	66.5972830772756
381.028010620902	335.592005545457	-0.284792201973361	80.9646151835052
381.011388353783	453.03510518308	2.81623650627184	66.56941531476
381.490173351237	335.467434849544	-0.279756853324602	81.1090673646543
381.465783778285	452.894244124546	2.82043531831995	66.514031591371
381.951356701947	335.338953072468	-0.287651088166706	80.7353633590808
382.058477399885	452.687943133398	2.84434116252564	66.6792560143379
382.543226900778	335.139107778524	-0.30911210808841	80.2942081633447
382.516706462408	452.55471170528	2.85767737782508	67.0361968451569
383.000189595172	335.000609454224	-0.315280826855495	80.2604798430753
382.978515866564	452.429460520663	2.85659560550748	67.051708718487
383.457550317123	334.862256446971	-0.307915175814189	80.260335683824
383.574523958978	452.23748282859	2.83544324540577	66.5850931583862
383.436466370754	452.294050332154	2.84191260840652	66.7279746168279
384.048718316708	334.664846424315	-0.282772603938493	80.6763289348068
384.028179503982	452.088659004791	2.82043008176781	66.6458821511752
384.511334351374	334.53889356792	-0.269968532456179	81.081679012056
384.48373213085	451.948718400562	2.81992029759636	66.6962329097293
384.976474918723	334.419027728023	-0.269864503003582	81.0349332099558
385.075931088036	451.749028841698	2.84171296423668	66.7356441888653
384.939151792448	451.804857981582	2.83474231837586	66.70750197061
385.571057229937	334.237951555572	-0.288629718698892	80.4051132552533
385.438280407785	334.289142955671	-0.282699546495708	80.5830869503789
385.532689518637	451.60943696211	2.86047182204554	67.156228823699
386.028986302013	334.096035170871	-0.304327987994818	80.3542092805142
385.995808487534	451.485847642424	2.86710961498894	67.2787891587512
386.488401859889	333.961601586349	-0.307530437291795	80.3112413459133
386.458456904472	451.360726093882	2.85940414478007	67.007594164981
386.94756211609	333.824054329175	-0.295692228775902	80.2789329942523
387.050901420719	451.16376680971	2.8351632194997	66.5717161839678
387.538680691413	333.636030064777	-0.269295929964715	80.7628425537599
387.507365778506	451.023436146648	2.82459067252177	66.5685962487468
388.004661474887	333.516672079144	-0.258398889805127	81.0253954799086
387.964023257118	450.885096993768	2.82855837479879	66.593036148712
388.472157678698	333.400275226847	-0.261057852845572	80.814678175433
388.555178343968	450.684766751186	2.85251174777896	66.9057717103869
389.064664446114	333.222890428868	-0.282278215156345	80.1006004395496
388.935370358519	333.271434983608	-0.276205927284008	80.2409527073611
389.016082796411	450.555024194709	2.86711225606231	67.3252352336196
389.525048366485	333.085345330219	-0.297040386081834	80.0116152221872
389.480774084311	450.433814601356	2.86842153705396	67.3655503037715
389.98648150716	332.953961508298	-0.298352559205848	80.0260089352106
389.942395541269	450.304170885173	2.85554704182879	67.0399224851461
390.447632498402	332.819701864025	-0.285861114048331	80.1582095345543
390.532743025397	450.106931876254	2.8323294518476	66.8698059023947
391.038243549331	332.638527898998	-0.259768710679327	80.8715516844006
390.990781579548	449.970111013518	2.82834659636857	66.9122791767647
391.506128456925	332.522550711451	-0.249135505224441	81.3081285405983
391.448452834674	449.831273955608	2.83938539326714	66.9465645014105
391.975803458591	332.410290730918	-0.2504445883493	81.2533184944926
392.040382597749	449.637907637401	2.86514484110373	67.3456116169242
392.567360053297	332.243806332416	-0.26875990525472	80.5830977627232
392.442678632041	332.287924711613	-0.26336751322912	80.7796420037265
392.504460239744	449.515411495032	2.87431617993276	67.5496502033778
393.03028171008	332.108819245339	-0.284508005492228	80.4750438468724
392.969530470869	449.395089176552	2.86946297558748	67.3513711053887
393.494686082349	331.980902392008	-0.289128552825527	80.4485118309745
393.562853440379	449.207985175737	2.84643305869059	66.7954453617114
393.429281108383	449.260440604535	2.85272300805933	66.8742654976584
393.959270959429	331.852033371376	-0.279580876281287	80.4887654063615
394.020528830682	449.067232684202	2.83330302998499	66.7797607625746
394.546283022788	331.676106992492	-0.253545917286595	80.9291994813907
394.479352290486	448.932241587253	2.83380298241271	66.8333754031859
395.015789596541	331.561157510991	-0.238684664148516	81.3409331174578
395.070356217979	448.740603549583	2.85527755876963	67.0009322287652
394.937670333794	448.79247741484	2.84853383496103	66.9245409399763
395.488242870124	331.454184996039	-0.23592601543562	81.3345089966967
395.530669937157	448.606948456195	2.87310364677484	67.4860563583069
395.959198223914	331.342361907454	-0.24646321089592	80.8887129321614
395.996721301125	448.488410319573	2.87995892699295	67.6443694566494
396.546464933997	331.171261994958	-0.271935934416145	80.2554581213946
396.463075790346	448.36893454923	2.87408228276206	67.3872702397779
397.011851546543	331.043432195358	-0.283019558073851	80.1147497368126
397.053456888436	448.184419584484	2.85210313302019	66.8993588341878
397.477928848036	330.91822588187	-0.279288258447442	80.1000200408567
397.514174419451	448.04845563023	2.8408260455526	66.888790460923
398.063544945877	330.748470550631	-0.255372496159597	80.3141019538696
397.944404689113	330.789133216782	-0.261635934974852	80.2164199567951
397.975483797145	447.916485258423	2.84285431698936	66.9271258359206
398.531813039812	330.62719607982	-0.235751289884387	80.9097542710533
398.565351072981	447.729224119293	2.86383594710368	67.0880551740634
398.435543525851	447.778739655512	2.85762574281822	66.9895291416255
399.005171414474	330.520848046882	-0.227104723546791	81.2323762634329
399.028149510501	447.600231424853	2.88038255428869	67.475906116666
399.47939041346	330.417075564152	-0.229989929303938	81.1083704796187
399.495722713086	447.48459915712	2.8866214741956	67.5171171922861
399.951045334004	330.304450673518	-0.242655345223017	80.5948755071234
399.963104087797	447.367265770353	2.87974044702495	67.1672442327437
400.535997069827	330.138769681852	-0.263894704841996	80.1314808079897
400.553783588099	447.185674294468	2.8552691459509	66.6149186644507
401.004425960411	330.017045300414	-0.27053759805525	80.0682903285202
401.014755796711	447.050285909395	2.84219828983674	66.5923235293074
401.473397561703	329.896619393806	-0.264828682901914	80.1728027120079
401.476072291979	446.918594944004	2.84302079177022	66.6631004010665
402.057145414661	329.73484702515	-0.240983343176857	80.5862057089434
401.94244931466	329.771859408761	-0.246907465633955	80.4215143972618
402.065603931464	446.732558985006	2.86534734799928	66.8742160051653
401.936638516868	446.781364802191	2.85872357902277	66.7715178216421
402.528753428272	329.620871242125	-0.22198135228873	81.2487919067849
402.528786158065	446.604006476455	2.88326347731392	67.3236636723882
403.004807178399	329.520462055076	-0.212693437320629	81.6200319348749
402.997085331731	446.489362836651	2.88962543775867	67.4380276027434
403.481875735616	329.422811718477	-0.214796829454497	81.5493713749288
403.46531790966	446.373629975093	2.8828114680338	67.150610599094
403.956774865964	329.317666207613	-0.227707841675387	81.0714409258065
404.055437694534	446.195587569365	2.86012150714196	66.602845759394
404.539928786486	329.160928443322	-0.251669410969874	80.4722707597752
404.517472075889	446.061509387112	2.84828396804588	66.5752431836102
405.010455874831	329.041996766593	-0.262064243591094	80.2876597153997
404.980831290491	445.932194095653	2.85016195790963	66.6451516702212
405.481521997685	328.924974616241	-0.259523082757201	80.2387023064727
405.443831826126	445.799382242119	2.8649014254273	66.788412017893
405.953048832854	328.805078463779	-0.244293015249272	80.330451232126
406.033733819506	445.624883985746	2.8888080043085	67.3518926963383
406.535293222277	328.654760971996	-0.218909420026384	80.9258910432784
406.50315387532	445.511734233529	2.89620357939306	67.5638679769452
407.012302123477	328.554709584096	-0.206250971658316	81.3273478807821
406.973234666445	445.400196485927	2.89223780312062	67.3541011879944
407.491225922115	328.460849239337	-0.203361770061883	81.3785627010172
407.564176271071	445.232442549533	2.87165130299521	66.6872903025177
407.439942129692	445.276686461367	2.87741816550178	66.8428723570714
407.969454449344	328.364275089483	-0.209817128401369	81.0587092935706
408.027269136613	445.098286414231	2.85627390757693	66.5590400227815
408.552190815441	328.223474099753	-0.228991408065441	80.3807659804993
408.44451473669	328.255610856639	-0.224566922171006	80.5008314933332
408.491791612054	444.970496241666	2.85296183695467	66.5433107015142
409.025250634977	328.107605884114	-0.243725085636524	80.1798659554439
408.956031879289	444.841413164341	2.86346481780377	66.615324772167
409.499008225445	327.995749802791	-0.248741949621457	80.094035555051
409.544155803559	444.665605471576	2.88880429240371	67.0469190473428
409.973384636714	327.883926692603	-0.241186255284557	80.1499896296521
410.013440525044	444.551195289298	2.90178799092522	67.3809081617043
410.55148967757	327.739237321457	-0.217532969464082	80.5196114873918
410.448353373063	327.768756110112	-0.222684985089151	80.3731539879325
410.485346577543	444.443588931585	2.90334051766443	67.3434531677609
411.02831388955	327.63517588437	-0.198098157785343	81.1468280891184
410.955856214441	444.330061659679	2.89257107665746	66.9535676132771
411.509180628817	327.544452940613	-0.187352278698678	81.5578335992645
411.542559166021	444.157665916957	2.8678736030797	66.4902842748268
411.991377746759	327.458228048535	-0.186458426088246	81.5838163972688
412.00818298684	444.030003045036	2.85714393639281	66.4229585774762
412.472647270549	327.368634951863	-0.194458264182637	81.210602556284
412.473816720481	443.904096511205	2.86057213621354	66.4491559475161
413.05241806777	327.239978604124	-0.213524735293622	80.4146090614083
412.951016938316	327.267720019774	-0.2094443925959	80.5859562289103
413.060452239887	443.730543990671	2.88400062093181	66.684749858099
412.938704957826	443.772802694528	2.87777539493384	66.5634397589936
413.528353679173	327.128996994575	-0.228300700116601	80.1339956565983
413.528224683433	443.609766243629	2.9025609555994	67.1740806838517
414.004918717696	327.022429422023	-0.234085219698856	80.0027998854004
414.000638669924	443.502512941816	2.91019307423867	67.4139290588956
414.481956979077	326.916947902293	-0.2300365620773	80.0498920544869
414.473623254945	443.396208962475	2.90547078619004	67.2904046306576
414.959230474976	326.809516547429	-0.216754688223265	80.2557742102957
415.062771779415	443.238118165802	2.88442081864399	66.7200632761053
414.943127705186	443.278590095362	2.88998196381538	66.8737901225615
415.535887982869	326.67714784659	-0.195464311278543	80.9100206786935
415.528898450358	443.107954141398	2.86746502965042	66.5998457992963
416.017092061457	326.585816338823	-0.182737275042198	81.4254365019682
415.995686350561	442.983989980303	2.86239699000442	66.538332566541
416.500437502173	326.502233202415	-0.176316423720856	81.6261861045482
416.46239591319	442.859333715998	2.87104808306053	66.554008231786
416.984592341575	326.420106865875	-0.176119647709293	81.4359596191177
417.048312649052	442.69027537218	2.89708844276074	66.8750003096636
417.468107506866	326.333273443955	-0.183349981218926	80.9144730397041
417.519327754691	442.578096301119	2.913677483798	67.257425601117
418.042339703921	326.211124547201	-0.201200562469455	80.1588873597888
417.994030259297	442.475609579038	2.91849075224111	67.3333594501022
418.522078116276	326.108350062466	-0.215599875273374	79.8774976628321
418.468123811835	442.370963679805	2.90974822417446	67.0495062440199
419.001566507476	326.0075987128	-0.222302672342235	79.7810806255283
419.055419150028	442.211609735179	2.88319863576312	66.4412474453609
418.937021420624	442.251630496256	2.88952773315952	66.5415620358895
419.480845087964	325.906733963863	-0.218902883847864	79.8831576836658
419.522372262759	442.083465869332	2.86525195113325	66.3245166435316
419.96062503988	325.803872496706	-0.204557394756408	80.1420839341993
419.989089061201	441.959593993932	2.86161446222614	66.3006799229589
420.533659249289	325.681136416621	-0.180858776803642	80.829460271237
420.455694573547	441.833650578363	2.87357991237371	66.3505749110722
421.017431874597	325.596663338881	-0.165597203937653	81.3736559667511
421.041732981842	441.666677217586	2.90274439419634	66.7373406520826
421.503643555825	325.520640569553	-0.157342219416661	81.6536370567733
421.514240728865	441.558817995226	2.92001020702474	67.0341442243795
421.990814349194	325.447327736164	-0.156176349759717	81.5917026273795
421.990298855501	441.459133231793	2.92523342072114	67.0157427747455
422.477551113595	325.371274464506	-0.162597117807522	81.1962251217967
422.465943063625	441.356504233033	2.91723392466168	66.6933047975508
422.962327735616	325.286649526579	-0.176024572093284	80.5694426097795
423.05040749928	441.20331590539	2.8937484183996	66.1711965537371
423.531727290193	325.16952461119	-0.195035903317322	79.9377924534238
423.520389949262	441.080729683649	2.87813082946728	66.1233109798568
424.013899868857	325.074141450099	-0.204249875792932	79.6775446763635
423.990260203578	440.961893640718	2.87457667205329	66.1903923485948
424.496377560403	324.980506673571	-0.20480493924766	79.6160537654022
424.459541989551	440.841420568949	2.88432745305056	66.3410408169602
424.979404016685	324.887361669984	-0.197006545289995	79.756366644163
425.043925592351	440.680840771068	2.90915305727129	66.7937744664683
425.463109010268	324.793412669609	-0.182158203657662	80.0665409493878
425.517602459399	440.574056508701	2.92357321971521	67.1664474884394
426.030659488613	324.68549388903	-0.161089217785561	80.7795182500701
425.994240184907	440.475478336083	2.92722929219888	67.2025575155862
426.51763042	324.609474084486	-0.147358649932493	81.3344596406969
426.470328996901	440.374385210459	2.9187552527043	66.8875756054869
427.00650381002	324.54097222921	-0.13988988641804	81.6735567932769
427.055593125465	440.223154665727	2.89448223554738	66.2565454190723
426.942002607755	440.25967627803	2.90007487171747	66.3738760187461
427.496107340935	324.475376681828	-0.138714138306322	81.7232971810792
427.525033429512	440.098738187954	2.87802265716128	66.1313759951233
427.985532204289	324.408575584313	-0.142680035802164	81.4603015366073
427.994801481592	439.979547082719	2.87500270097374	66.1143070124287
428.474084102313	324.336714285001	-0.150858045797874	80.9369006608827
428.465094410011	439.860355630559	2.88618988194568	66.183226011857
429.039987459402	324.239741002091	-0.164367520081711	80.1400665014199
428.961083267378	324.255991065708	-0.162124954123175	80.2888194415453
429.047686807391	439.703489633242	2.91371908252446	66.5230673453479
429.525356455996	324.151851165312	-0.175938955000049	79.7734321364356
429.52218883332	439.59762290825	2.93161701394943	66.9410837648361
430.011064264868	324.066307252507	-0.183632730666704	79.5361982855127
430.00052253334	439.502329175783	2.93845522487465	67.123477876981
430.496918287739	323.981480591505	-0.185818425679655	79.4518532012597
430.479154556509	439.407701413422	2.93335251384721	66.9854339386859
430.982928345506	323.896391952905	-0.180809478532102	79.5148595456154
430.954764813862	439.303875552361	2.91738676797387	66.5669124171814
431.46950998237	323.810559181996	-0.16828350394366	79.7269794575747
431.536592082381	439.149510586633	2.89123812339505	66.127721882014
432.031267227353	323.712236304174	-0.147760929314263	80.2926561323751
432.007852460076	439.031618105565	2.88042011707961	66.0112215104985
432.519892382593	323.641804312462	-0.131521389773475	80.8595564571716
432.478985093913	438.91506631269	2.88400964936291	66.0026340522504
433.01085849842	323.580538689314	-0.12009182525754	81.306505553973
432.950769746639	438.79576936905	2.90220598086349	66.1024793540432
433.503228206673	323.524529599628	-0.114464917143284	81.5404100666306
433.533463242934	438.650438062962	2.93286787420602	66.6191162514492
433.996112340957	323.470236823532	-0.114052326302272	81.515105696499
434.011928633598	438.555718840264	2.94917010839849	66.9429016087467
434.488754740165	323.414600698996	-0.118114649448479	81.2394360399745
434.493161826193	438.467735135425	2.95179763916992	66.9725915357367
434.980535968136	323.354875739062	-0.126008842035149	80.7656478805649
434.973218862941	438.376590770446	2.94005183651941	66.6804149358991
435.471070910278	323.288180960315	-0.136743814227568	80.1699541812382
435.556553047092	438.239978020128	2.91146151627781	65.9985502333387
435.448369269136	438.27192969191	2.91759546105305	66.1665629098601
436.028891273329	323.199688527183	-0.149935029739962	79.5123410734417
436.029026763389	438.119834937209	2.89080558762149	65.7909820183896
436.517623891147	323.12287744541	-0.157877178897412	79.1693777484811
436.501022798744	438.004218571957	2.88439112434127	65.7109787724887
437.006780630211	323.048098371631	-0.160042614255733	78.9540268905039
436.973829769626	437.889618276655	2.89361549116953	65.7535887803333
437.496537338436	322.974974072723	-0.157260094274205	78.9057429043012
437.553400655795	437.741711330137	2.92038732659554	66.0165734014929
437.447947029366	437.772657189297	2.91464457913961	65.9166650989665
437.986832369385	322.903080178451	-0.15074646365067	79.0188867597441
438.029131280867	437.636057192838	2.94114018105808	66.4856100551631
438.477645994386	322.831823342011	-0.141464020200815	79.2758184685944
438.509333592012	437.54423754638	2.95183085388774	66.7628934790429
438.969124690949	322.760371113691	-0.129848886994944	79.6317674177814
438.990853774646	437.456737865695	2.95161278686236	66.7303922415582
439.521822786126	322.686436733995	-0.116526060423263	80.3180048946301
439.471121395295	437.365191375318	2.94151560115226	66.3951945720136
440.014706486822	322.630441636954	-0.106413729776808	80.8167956894065
440.052054223709	437.231171200157	2.9189923244934	65.7638491368068
439.947855964117	437.260903098257	2.92374505911859	65.8938098742616
440.508804343457	322.580359861103	-0.0985424165575052	81.1879597646175
440.526395296982	437.1161472201	2.90215683545761	65.6168834152042
441.003677777705	322.534250628331	-0.0929710512972775	81.4019976341948
441.00120153656	437.005274528372	2.89592825348266	65.6149709992985
441.499000147748	322.490540198412	-0.0896454087507549	81.4520531861008
441.476234025303	436.895126303859	2.90208261112592	65.7340753673608
441.99453834987	322.447698711085	-0.0887331410708353	81.3420850406575
441.951379637134	436.782280438266	2.91953896096022	65.9199766141976
442.490025896299	322.404108917865	-0.0906460154700714	81.0878536899775
442.531322158555	436.647530682903	2.94373806055066	66.4327464284905
442.985173207861	322.358144008106	-0.0952535903458213	80.7169932855264
443.01180146239	436.556613888424	2.95549941754709	66.670069850422
443.479853488901	322.308152498091	-0.101572929620792	80.2627971687368
443.494059099793	436.471139138524	2.95799789049197	66.6194970327803
444.027046813729	322.245933558151	-0.108859780149556	79.6374844366741
443.974202539239	322.252975975848	-0.10812177351736	79.7635775724858
443.976087543666	436.383556717599	2.95124860169013	66.2959091564071
444.520095503388	322.186080317668	-0.11441294250164	79.2883134578052
444.455657632542	436.286095192668	2.93625737333137	65.80176734711
445.013487892039	322.128001452049	-0.11809748363268	78.9928183348356
445.032141267168	436.148050212282	2.91504353212362	65.3988324114532
445.50734274493	322.071169110526	-0.12021802131412	78.7900199005165
445.508817422945	436.040415579676	2.90645631990302	65.3308271069732
446.001554916928	322.015252088436	-0.120497893077999	78.6955924447053
445.985828818755	435.934651298566	2.90952196685374	65.4099637001937
446.495939542473	321.959941986604	-0.118738534168951	78.7254152673329
446.463287931283	435.828112836004	2.92315993549646	65.6296507804923
446.990521038565	321.90531486329	-0.114005943358973	78.8615923545112
447.039316847579	435.695351188642	2.94648110705254	66.174633569466
447.485671951786	321.851893849666	-0.106141124303855	79.0766886843409
447.520524611981	435.603276124625	2.95994422471487	66.6479280873278
447.981812488509	321.800206185948	-0.0957835346888436	79.3179881475417
448.003875648212	435.519645244736	2.96584860527523	66.8592524561798
448.519816289468	321.746739772165	-0.0842804592099223	79.6771346585032
448.478936043365	321.750908398132	-0.0851010273061485	79.5634403212966
448.48779708024	435.437848238929	2.96512968681339	66.7381649136054
449.015463308668	321.704568976729	-0.0757331152668899	80.0118422663416
448.970900307754	435.351780772328	2.95729772835545	66.3190494299995
449.512214322779	321.667231231058	-0.0699320822243341	80.3284493132078
449.547510475632	435.22912461757	2.93772539434647	65.603498675164
449.451237218604	435.254371604606	2.94185430872251	65.7358583808609
450.009579272538	321.632908494275	-0.0662825653594559	80.6136205566651
450.025940262162	435.122851302462	2.9207653492241	65.3047506875751
450.507177472428	321.600725364929	-0.0635741737874704	80.8486332464825
450.504046153099	435.018908133465	2.91193546400276	65.1571218913797
451.004887357363	321.570229026811	-0.0607666113759653	81.0268359129351
450.981883351975	434.915168355173	2.91513265659993	65.1760112571152
451.502782023593	321.541442433695	-0.0576670186491915	81.1591278773101
451.460233961509	434.809804692896	2.93016149557185	65.3512195988632
452.000918426466	321.514276666069	-0.0545727122166536	81.2558681774729
452.035369405711	434.682466818762	2.95548396697657	65.8798791925685
452.499301450356	321.488598409715	-0.0517013717644499	81.3105797828759
452.518006987601	434.595627056359	2.97048148297499	66.2918916693894
452.997929526833	321.464206795614	-0.049065572886941	81.3009439580551
453.00313374499	434.516912975092	2.97703193329062	66.4542497615008
453.496790275423	321.440877830759	-0.0467699699623612	81.2037909019181
453.488938659859	434.43992393636	2.97618701542362	66.3177403277007
453.99583543217	321.418383362135	-0.045033086797124	81.0122507702933
453.974004012528	434.359004101184	2.96851731714294	65.922408695148
454.494998642313	321.396345921601	-0.0439478873473367	80.7451353775144
454.548007267555	434.246180782684	2.95065809468177	65.2290017328534
454.456685844652	434.268093055522	2.95423146719152	65.3831291772694
454.994234215403	321.374557487405	-0.043316916292516	80.4414035298667
455.028699562962	434.143956394875	2.93402243411691	64.9365453001554
455.493486806825	321.352772926299	-0.0428991879200783	80.1426447518776
455.508979388426	434.044199533544	2.92370638623778	64.7704179281324
455.992694783482	321.331015827289	-0.0426244956077646	79.8744329296195
455.988780321525	433.944968572658	2.92351542433037	64.7528112906659
456.491837574028	321.309042296846	-0.0425099220294041	79.6445223041476
456.468839131255	433.844704188577	2.93392881999182	64.9016411356738
456.991068148593	321.286977459715	-0.0420603106641657	79.4465186789523
457.041043277038	433.720637179087	2.9565840466011	65.3590135895359
457.490670388411	321.264981840134	-0.0404787078091949	79.2702090038828
457.523876414643	433.63207172572	2.97328874251905	65.8819055841045
458.009117616643	321.242871575031	-0.0374163707734071	79.018996929078
458.009633540151	433.554081762226	2.98286902170176	66.2133172363137
458.507430601764	321.223031802627	-0.034118310618329	78.9031445343195
458.496557887223	433.48057367922	2.98561062358716	66.2453509391759
459.006153166557	321.205427911202	-0.0315598962379531	78.7864808508595
458.983405269502	433.406317612275	2.98228513779798	65.9716721444992
459.50522157778	321.18920885184	-0.0298719386692668	78.675647172138
459.468976617871	433.326044502743	2.97182738367342	65.4776928577377
460.004436936202	321.174250436839	-0.0280939864772309	78.5606986959201
460.040224336328	433.212554913465	2.95124221666513	64.8401839622124
460.503665771636	321.16057046776	-0.0254297387959473	78.4433333148972
460.521853681883	433.113981955939	2.93545998051819	64.6234948548355
461.002922615415	321.148728745537	-0.0219739019835546	78.3195647680171
461.00330062478	433.017126928785	2.92909608104787	64.5730237396046
461.50227313601	321.138655152215	-0.0187253419499197	78.2058116684478
461.48494476084	432.921131835273	2.93405803143702	64.6727941073287
462.001748975287	321.130160016697	-0.0162720211796869	78.1018071920441
461.967494242397	432.825134302252	2.94935434527589	64.8730397633793
462.501315345553	321.122745896659	-0.014184468337111	78.0069593598921
462.536251433557	432.711295463849	2.9729601800811	65.3184543578177
463.000924773634	321.11657786703	-0.0114305905498742	77.9000603847844
463.021729415123	432.630912912562	2.98866506405811	65.7333190466491
463.500541858606	321.111967584077	-0.00750274402322775	77.7894625024203
463.50972927099	432.559588575552	2.99702810809074	65.9928662610806
464.000132319995	321.109557079471	-0.0025127176004643	77.6964748037794
463.998667525317	432.491837289094	2.99838091406402	66.0420747265724
464.499648040249	321.109646946559	0.0031500977805188	77.6626147585349
464.487390067209	432.423276679469	2.99438749783466	65.8668772605706
464.999060507271	321.112592004652	0.00915712539303574	77.690631050321
464.975108828448	432.349930745418	2.98557349303615	65.4969792042475
465.498395353769	321.118372672256	0.0150754719633023	77.7637987098176
465.543853259035	432.249359282175	2.96866355311466	64.8762193760617
465.460719349862	432.267089593253	2.97163714889569	65.0168200935997
465.997722841973	321.126940232449	0.0200791769284162	77.840034395195
466.027894440209	432.155348951641	2.95282599592059	64.6207773114638
466.497100842247	321.137622841868	0.0234961445582428	77.9095462523606
466.511502452639	432.063337569246	2.94313328450129	64.4836293163531
466.996486805061	321.149867789676	0.025646027617569	77.9754426864912
466.995092054063	431.972709516274	2.94383379055291	64.4725108597758
467.495730937875	321.163277743121	0.0279539335423105	78.0585512627089
467.479595056258	431.883144874498	2.95442583127315	64.5887070746531
467.994694029089	321.178426683951	0.0313241549173668	78.1464019207637
467.965387400802	431.794168651359	2.97168087274453	64.8020254578387
468.493383187945	321.195736552217	0.0352687896519902	78.2215065541483
468.53031926143	431.694181072119	2.99182489864042	65.2818120169692
468.991868462622	321.215545319824	0.0385533622778088	78.2606469908243
469.018750510636	431.622536399511	3.0036198041461	65.6392675144052
469.490147671957	321.237327634612	0.0407791454977048	78.2815479117342
469.508728518839	431.557752375882	3.01001245123253	65.8313662592071
470.010638379693	321.261303312981	0.042413463429055	78.434913618218
469.999380419468	431.495876310088	3.01165834513111	65.8240117649517
470.510288853306	321.284207804919	0.0439380058180955	78.5670727261527
470.489979271708	431.433541596124	3.00862229679441	65.6236975854421
471.009673094994	321.307674163943	0.0455200120608621	78.7520042712144
470.97977409816	431.367456360629	3.00106931964867	65.2638761182926
471.508870828874	321.331539882327	0.0471210794119385	78.9731754319336
471.468229070414	431.294181124547	2.99046861542436	64.8025806109284
472.008014006457	321.35601107912	0.0489836247112103	79.2045273309632
472.031504075555	431.195702018781	2.97719626162713	64.304444368559
472.507144008705	321.381241474841	0.051622356727591	79.4222811617768
472.517904191952	431.112210917392	2.96845863996494	64.0837593034128
473.006064604624	321.407689700624	0.0548021469356911	79.6042050551959
473.004816061308	431.030368079705	2.96375069747733	63.9675059628152
473.504563876246	321.43527729917	0.057440193672314	79.7339966197091
473.491856548583	430.948714217427	2.963757028447	63.9811129456857
474.002670829535	321.463653718363	0.0589697891712595	79.8030731745497
473.978763939903	430.866342418957	2.97017771309262	64.1188761585761
474.500563567554	321.492545868383	0.0604733609784965	79.8057702400884
474.465926206874	430.7828540412	2.98293183083395	64.3692636478746
474.998226097887	321.522495105842	0.0638008981301004	79.7247443163206
475.027533232938	430.690226406579	3.00146437778081	64.919942806898
475.495390899435	321.554790866606	0.0700062824801112	79.5281675787899
475.517285566649	430.62359219966	3.01481716992029	65.3670058316596
475.991756013783	321.590926452135	0.0787272137755565	79.189320930185
476.00879874186	430.564206986735	3.02302728484904	65.6848494818068
476.487131017428	321.632263749096	0.0889713806758431	78.7130087931696
476.50115162624	430.508449270354	3.02592326375557	65.8214081660219
476.981348053052	321.679875278676	0.100403848042702	78.1428794286136
476.993610435962	430.453216021396	3.0247699825027	65.7642242118724
477.473954532916	321.735473856824	0.113759389932493	77.546378446208
477.485726494374	430.395967398878	3.02037353164844	65.5269521329123
478.02395240163	321.809659873803	0.131231153604839	76.9817077679113
477.977143260288	430.334350044453	3.01296173754527	65.1345652922592
478.516150808278	321.879125010463	0.146626828698269	76.6994246940626
478.467495743654	430.265454445795	3.00266062697023	64.6350858318419
479.006863342366	321.951159231786	0.158582510712825	76.5547248214853
479.025626573716	430.175755823	2.98905337190354	64.1246304465496
479.496245116275	322.025685899197	0.165128017519843	76.5729920524929
479.514299362699	430.099007238498	2.97985122155161	63.8517003303587
479.984508428675	322.102544461412	0.165256948552493	76.7411843413595
480.003278758672	430.022944792313	2.97617710040291	63.7148801185545
480.47164341768	322.181978263252	0.160070696257975	77.0291252999609
480.492553649766	429.947491210448	2.97869369806454	63.7384647106727
481.034247342218	322.278846852431	0.150722011169656	77.5664492875672
480.982087717924	429.872667337414	2.9871081885543	63.8968300501678
481.523277759348	322.354114911374	0.145169437503886	78.0773500007404
481.472064587724	429.798292294443	2.99941705675565	64.1549930104424
482.012455877879	322.424481574746	0.144620539164713	78.4284893387656
482.027602405497	429.715561207282	3.01500178413444	64.6358215882627
482.501017758609	322.49410092904	0.1506850956265	78.5151554629026
482.519092906727	429.654043344063	3.02660900144475	65.0468691377298
482.987646665784	322.567589155698	0.163495746039516	78.257219119441
483.011971274798	429.599548661424	3.03537073064863	65.3507037314548
483.470887549705	322.650211282983	0.182159474386427	77.6587753617348
483.505834624786	429.549686430675	3.04104157332236	65.5095153321704
483.949499864207	322.748317793872	0.204600831889698	76.8730921494506
484.04827551053	322.774668563708	0.209852240437649	76.7119498101102
484.000260139634	429.502247422706	3.043579955665	65.5147775586981
484.525515247898	322.883735459639	0.229260287867944	76.3289791386679
484.494829964409	429.455199397196	3.04287117978939	65.3818426844934
485.001952637644	322.991256702004	0.23946483560541	76.1775356635919
484.989176279811	429.406607340137	3.03926842923801	65.137877784494
485.477143541915	323.10031739923	0.240093081032562	76.275608698206
485.483160228493	429.354816227835	3.03410910548636	64.8119713487122
485.949917629105	323.214769064122	0.231792596706951	76.559575613489
485.97689552746	429.298790499506	3.02883857986278	64.4339592026451
486.532588321399	323.360489676412	0.220386966565002	77.3428110106233
486.527047944817	429.228901786002	3.02299597472359	63.9728428228254
487.008878394966	323.463557227021	0.222300277246676	77.7405628124281
487.019373132518	429.165701372672	3.0178773642318	63.7213599568562
487.482761572698	323.567188996859	0.23597967970244	77.6655928887741
487.512148355909	429.103894927236	3.01264265178213	63.51380939758
487.950204955791	323.683199995174	0.260602951965267	77.1686671825479
488.004989897258	429.042417999149	3.00846379281492	63.3651070330409
488.539243332326	323.868144093106	0.297535836854588	76.7216160696872
488.497716997082	428.980636185882	3.00711943360637	63.3042158696134
488.998680859174	324.004263488255	0.313334892302984	76.7094848836808
488.990499401062	428.918725038651	3.01020852786609	63.3395757308524
489.45428530591	324.143538217451	0.315942842927281	76.7476882066688
489.483633560243	428.857201888558	3.01721190066858	63.472263362156
490.047454474628	324.353537391591	0.308539808644356	77.1662644057134
489.977315970908	428.796226767816	3.02679217643528	63.672252135862
490.502902841109	324.491344912325	0.313631294870694	77.4666440061753
490.523494047249	428.730394382808	3.038360353543	64.041587661002
490.953896035316	324.631617143681	0.331580531763508	77.2484083024103
491.017545525633	428.679299794316	3.04801526923521	64.3797028457469
491.549337052911	324.869572166215	0.367972069067742	76.9465963726631
491.512673882956	428.634209565374	3.05582976348876	64.6737317576301
491.988381717867	325.029404304913	0.384656273546101	77.0407096376704
492.008600210538	428.593231684874	3.06114170313113	64.9063816406344
492.419544083389	325.196399345454	0.390742290884855	76.9160261126793
492.586832325873	325.288999183472	0.390574932194631	76.9557016808298
492.504993389712	428.554864340041	3.06417040268953	65.0686246378838
493.016821918126	325.460460419642	0.395647906561438	77.3979248124214
493.001610793051	428.517895859033	3.06579439061282	65.1516948901307
493.444738989433	325.625381913796	0.40968195808271	77.2194888057042
493.498345168018	428.481517425427	3.06621693806651	65.1426573193977
494.038822720935	325.917297447468	0.440901780373335	77.0080395655229
493.994832415403	428.44451110173	3.06323995031215	65.0049199216525
494.453690467126	326.0951298505	0.456071455370436	76.8910636025136
494.489411691645	428.403576688926	3.04942210472424	64.628397114303
495.044004852154	326.414643340252	0.474581217660732	76.8986561942453
494.976878182893	428.349815945418	3.00650141825597	63.8061242247729
495.445876559256	326.600263568296	0.492901369269405	76.8548586673441
495.566049586956	428.216269548874	2.85997169324814	61.8047437172648
495.443235056188	428.263377168297	2.905282367199	62.4086766582354
496.029232527493	326.949984918749	0.530134850235162	76.8323353841661
496.017560265187	428.036110256031	2.66110254308961	60.3398036706617
496.408748691635	327.149214482742	0.550469832394316	76.5856142731387
496.614268237933	327.317901671097	0.561764268081171	76.4619693193057
496.604566261371	427.608030238629	2.36448451711541	59.281660123553
496.381564601573	427.835639928472	2.4886587836134	59.3222047290954
496.981847232236	327.527702387109	0.581011330628583	76.8767449106695
497.051115188945	427.029536665383	2.09517841098309	61.3706357628408
496.8452387817	427.382132331213	2.23391608158156	59.9031659446952
497.328978595761	327.749442249837	0.602420844814172	76.2349129644215
497.547920213158	327.932293305483	0.617464243683076	76.845148853027
497.623373655982	425.540683840503	1.87873943059791	64.3037294064047
497.487717614637	425.995735025216	1.88414207246793	64.2170510733307
497.345412021006	426.439475036686	1.92640624129718	63.333443334759
497.892137091434	328.145500429351	0.638382029342021	76.6424487846405
498.109962147131	328.356203660165	0.653280330567556	76.6935416429513
498.128601715031	424.04299790846	1.89842770653818	64.0987446726075
497.984010319935	424.494632677872	1.90542202907263	64.0739272801742
497.837475313704	424.945879924223	1.89773191054417	64.0270427156205
498.440199901052	328.574830613908	0.67392108906522	76.9716738784394
498.667426255885	328.797582877769	0.691342830811193	76.5148827509565
498.745810402283	422.078118333296	1.88065321897278	64.3827261320581
498.602259277569	422.532073908216	1.86466189428082	64.7834678533886
498.473760409859	422.991748694095	1.86154738588717	64.8419211609962
498.340818687103	423.449082966011	1.87291745657259	64.4805745073437
498.97521835946	329.028638219234	0.713276247325686	77.0993459589182
499.215831127537	329.260589728763	0.733291602476238	76.3549075694423
499.247051843041	420.581276381046	1.8839140851892	64.3379667183414
499.094956282844	421.03146402798	1.89849540657721	64.3418351065559
498.952602075307	421.484369376951	1.90011618162917	64.3625431214119
498.805774728977	421.936981803729	1.88727115980723	64.352849279019
499.495790290117	329.504449234545	0.756664499635077	77.1099240395685
499.747961854503	329.750906697307	0.78114840930792	76.2817372782473
499.711656700568	419.06850942544	1.87859387548342	64.6676282449036
499.572677671242	419.523217849108	1.86522456882425	64.982547074709
499.444037080576	419.982148923931	1.86481840498342	64.9315635485826
499.306666045841	420.43769340473	1.87754953588322	64.5283169357784
499.997233870321	330.002634614138	0.807386491813518	77.0590174540012
500.243534033486	330.28189851194	0.836911773323059	76.229341782529
500.214567238864	417.570847021653	1.8897228629629	64.5429191458819
500.065151601048	418.021722482356	1.90087441392295	64.5673740347379
499.92272035749	418.474223221708	1.89961788764129	64.5822643936717
499.772773393225	418.925149716674	1.88511317490363	64.5482662753026
500.472994185832	330.522935562286	0.863603651433147	76.9397296719511
500.704422003039	330.837828412984	0.895968384454341	76.2740055696154
500.689341490579	416.061860609805	1.88177158146474	65.0303393062895
500.550883825801	416.51641784628	1.87104849327284	65.2400792939141
500.419676407172	416.974199169989	1.87151015622207	65.08045277537
500.276288505243	417.42755831232	1.88387186674308	64.6290328718176
500.917672152285	331.062066846986	0.921605794199477	76.6893795858629
501.132104123243	331.407455944585	0.956515324823205	76.46809762805
501.193219649141	414.563328642632	1.88831042597436	65.1001938956943
501.046319040554	415.015407757346	1.90103207312461	65.0759684255473
500.903618890523	415.467840254371	1.9002859386626	65.0014623870596
500.750117009711	415.917411952534	1.8872184345683	64.8740280495069
501.321436164495	331.619089018604	0.981172954934649	76.3171605477986
501.527664498903	331.982880490561	1.01607500297881	76.6556686017541
501.743689894094	332.360691171242	1.05036922272083	76.0805413298065
501.657692121092	413.049622165975	1.86955327040406	65.4767072250263
501.52573866119	413.508028115859	1.86005240070387	65.7429029925773
501.397455505721	413.967777103351	1.86472680401837	65.5961786109117
501.253606612596	414.421089009538	1.88156231188984	65.1367171456453
501.885813031328	332.562219576624	1.07000311250065	76.5155358547031
502.071133527415	332.964719722351	1.10880310893489	76.6731010062241
502.153981681062	411.551120355937	1.89340822030336	65.2799566017915
502.009875331843	412.003283109467	1.9003729842793	65.2359946120814
501.866737417061	412.456274287258	1.89345610753252	65.1919126553677
502.364203471176	333.557597219658	1.17576322922467	76.8211527639528
502.521478041089	333.991694722278	1.21035138187707	76.9486930935509
502.676736685352	334.436255989949	1.22645985914893	76.4868671396285
502.626446132643	410.040469803059	1.87126848467963	65.9810539098787
502.49545116274	410.498554649119	1.86399995700142	66.0652433271301
502.36387441637	410.956469128966	1.87086363306718	65.742667767938
502.908832434278	335.031840799435	1.22608378911606	76.2116714146647
503.056304815679	335.480638893404	1.22961132991688	76.1740825295499
503.209089304735	335.928833728371	1.2417270053272	76.1422771639894
503.126627624041	408.54184924471	1.89801938379141	65.7949448645764
502.98256174797	408.994215449404	1.90380648515224	65.7809293117141
502.836688758413	409.446191691336	1.89482702419347	65.7108974958457
503.274503195175	336.075249801722	1.24801263431536	76.2426330409739
503.421357030004	336.525937561618	1.26105336854837	76.7761342162337
503.555217946036	336.981936524801	1.26409983016638	76.8858288986196
503.69661457998	337.435889212028	1.25661338948664	76.4959789760223
503.747097316868	406.580254092296	1.88276772734976	66.0200512122259
503.602213372828	407.032832493156	1.86793439294741	66.4030458567451
503.472697600172	407.491274142966	1.86449323983127	66.4657929394746
503.338875395976	407.948298636477	1.87438428815824	66.1220309798429
503.758806174126	337.579832619707	1.25163513888319	76.3005352322794
503.911445114063	338.029422803429	1.24025173097711	76.2902839984848
504.054867265875	338.481723723652	1.23833042511381	76.2418350057505
504.204470402155	338.931827612853	1.24723653846458	76.1810755275032
504.247647979762	405.080477522937	1.88088252616912	66.14690819826
504.096244530044	405.531677725437	1.89630103963012	66.1115818313217
503.954395658366	405.984903171002	1.89923774587791	66.0762133103363
503.808089827937	406.436731776191	1.88884093511263	66.0182103263042
504.267569368516	339.076347724943	1.25248387861753	76.2482807695961
504.414198109921	339.528135039307	1.26382617918823	76.7829906161416
504.547563301281	339.984358418773	1.26487605583308	76.9654698201449
504.687920662712	340.437816772111	1.25493045499688	76.6666687928452
504.710466617283	403.568136809762	1.88058383124089	66.4398463786865
504.570921954685	404.022552957564	1.86538047121259	66.7854009446975
504.442542268835	404.481853382593	1.8631824144732	66.7612975471755
504.306120611599	404.938360000264	1.87462703493357	66.3532403333471
504.750811773461	340.583582774116	1.24921668129685	76.4590311772522
504.905966215096	341.031783787643	1.235369649375	76.5115492879761
505.051080914632	341.48273268319	1.23304719651539	76.4860530922481
505.202123755238	341.932200329006	1.24425806622276	76.4065032580771
505.21770483166	402.071914525505	1.89088399980402	66.3997670896883
505.066855733237	402.522396257408	1.90448642595784	66.4107353589554
504.923143654355	402.97427096382	1.90293570601144	66.3779299088541
504.771924607781	403.424763719408	1.88758812641666	66.3204757098966
505.266066453524	342.077128244333	1.25062001963895	76.4661417734026
505.412384005377	342.528496086725	1.26605690895062	76.962139029593
505.544340287339	342.985689334547	1.27078761986182	77.0905609726218
505.681913927848	343.441260566058	1.26284329478217	76.7517309931089
505.6873446559	400.560041049468	1.87585511419119	66.5917849786773
505.550839731808	401.016105832132	1.864917838708	66.9449710452806
505.42158305252	401.475058222634	1.86818687413281	66.911863730105
505.279926470226	401.92882875302	1.88396414954986	66.508184331459
505.895043779647	344.034689600032	1.24261124271164	76.5165838655854
506.038520451249	344.487211159981	1.23738028462157	76.4788470513674
506.186869591992	344.938074998483	1.24478542245706	76.3634630251746
506.187415649482	399.061511521347	1.8887186951972	66.5154856848154
506.041007413304	399.513624046827	1.90044269706399	66.4739429334355
505.898579858381	399.966355847326	1.89750639802752	66.421896143629
506.398747140178	345.532917420658	1.26338786246356	76.7658991038245
506.531990259384	345.989640311331	1.26818114163357	76.8477120033961
506.669499276448	346.444939082379	1.26098562866443	76.4748029761655
506.65516505618	397.549933973891	1.87455064141262	67.091963139219
506.521941508631	398.006966044448	1.86373528008133	67.2976671096573
506.392567198814	398.466010150816	1.86632791779492	67.0728656991033
506.884600977823	347.038537874372	1.24068247060656	76.1765430557738
507.029364041624	347.490132237085	1.23504450393899	76.1802519272316
507.177708738979	347.940333757653	1.24240553754816	76.1606767123988
507.155166168429	396.050171692087	1.89088887281986	66.8738406531289
507.010828566214	396.503549639908	1.90073069741884	66.8813093337354
506.867288941049	396.956240197921	1.89660635890928	66.8491906151015
507.391473557529	348.535465402333	1.26298695591099	76.7349494637508
507.524990327419	348.99185509994	1.26835049929563	77.0187575132592
507.66121061737	349.447169003418	1.26177567416223	76.8072329921316
507.62497868661	394.53964872901	1.87105216964568	67.2473954839365
507.49390363776	394.998083300943	1.86353571865046	67.4640211865804
507.362714442286	395.456894560588	1.86872375073825	67.2493714715507
507.876448149764	350.041546210395	1.24175069443438	76.5797743297572
508.020966427231	350.492912549763	1.23558769113698	76.6153059349327
508.168198466428	350.943476601444	1.24223221026954	76.5730310756769
508.12135250275	393.039750974303	1.89318222209162	66.8723718031454
507.978928109748	393.493083130887	1.89934499476606	66.8465384133155
507.834028384227	393.94572319624	1.89248185555953	66.8294367821645
508.382419034238	351.538120782027	1.26298855067527	77.0079577929324
508.515803690779	351.994946956455	1.27028980730305	77.1836394329322
508.650826685812	352.451825934566	1.26493485516152	76.8636003034413
508.741576763501	391.07915737412	1.886038562896	67.1672794107884
508.596074413289	391.53114270979	1.87152916815764	67.566248939887
508.465758274464	391.989006410128	1.86619320560106	67.6166882662088
508.331150971321	392.445993225133	1.87276848097126	67.2333686187684
508.863666183871	353.045029765872	1.24389433694413	76.4945737025244
509.008676459314	353.497097638952	1.236286572671	76.5218635824798
509.155018415779	353.948027731677	1.2419194546678	76.5172199063888
509.2480894442	389.581296382303	1.88659282830386	67.3241152670675
509.095181156148	390.031570265445	1.90033314357681	67.2794867585341
508.952004393674	390.484004351396	1.90226425533325	67.2197266430727
508.803884092048	390.934795286425	1.8919729521538	67.1452574735944
509.369918992942	354.542453142655	1.26269750532247	76.9853045661047
509.504120042099	354.998661439471	1.26952755313879	77.2579410371625
509.638403369046	355.454820116634	1.26386170807492	77.0107827798005
509.71899568122	388.070166085576	1.88176763264572	67.3898969666719
509.577147606623	388.524467147784	1.86938778471603	67.8365946461623
509.446888211345	388.983134611573	1.86906958703945	67.9038063996533
509.308452380949	389.43855712186	1.88047208977792	67.5268672993507
509.853011238142	356.049474584623	1.2423173141313	76.5703831011802
509.999059132206	356.500317994601	1.23424470679794	76.5206165902831
510.145611384856	356.951069264391	1.23938265687206	76.4017530700229
510.220542841455	386.571850551511	1.88451673296878	67.421936440319
510.071790053742	387.023680203765	1.89847389527843	67.3538116034153
509.929602874983	387.47675293443	1.89961591300373	67.301739570519
509.7799586812	387.928038549158	1.88779692571383	67.2778569936296
510.362432013145	357.545023038248	1.25930230040355	76.7091389768114
510.498466215908	358.000499633399	1.26629595214172	76.9828944305232
510.633656271554	358.456245446229	1.26068602376686	76.7893839164206
510.68419777902	385.058590297783	1.87459484465148	67.6604344761241
510.548625198672	385.515294103433	1.86279513072797	68.0643716530534
510.420598776811	385.975039449619	1.8639671364958	68.0215994362422
510.280842032386	386.430331010152	1.87776877633244	67.5578814499428
510.850177845646	359.050542153919	1.23877672763153	76.4155829095481
510.998056323988	359.50066287654	1.2294591875889	76.4366286015359
511.146563434925	359.949888043006	1.23324398768198	76.39076480122
511.184978602711	383.560399777579	1.89169167822501	67.2844716088072
511.038105874343	384.012570203505	1.90126928686288	67.322034409583
510.895207082674	384.46546672562	1.89732522837733	67.3620462516745
511.368461561138	360.543833161878	1.25214982729077	76.7722551186754
511.507259162461	360.997609110849	1.2581028333386	76.9981432911532
511.646916594771	361.452058019762	1.25101662201102	76.646332678894
511.656180679117	382.049953277996	1.87413655301242	67.6648677749874
511.522703208121	382.507156970437	1.86508434899044	67.906194626118
511.392265963754	382.965996003962	1.86970595486121	67.7345911282628
511.870952326629	362.042939759209	1.22706356451258	75.9807515261055
512.023318934808	362.492319812884	1.21849637315519	75.6713534346647
512.178292608203	362.942937397277	1.22496154992452	75.1766092766177
512.158064923262	380.552707198606	1.89626088293452	67.448555775604
512.012490384046	381.00419726598	1.90374248713997	67.4547737180421
511.868344581345	381.456145785526	1.89731379422768	67.4126244428352
512.401702756527	363.530276002616	1.24769451338105	74.8311550488043
512.540905644097	363.987906338728	1.25796783283833	74.2780102351912
512.682730703128	364.447826358582	1.25505049805715	73.0596934809061
512.634036377644	379.041986027903	1.87145733938983	67.7206671860671
512.50195556196	379.500615516294	1.8659600084241	68.0025109447812
512.369835254839	379.958364750208	1.87362164095563	67.8210825392612
512.897368672453	365.03089943786	1.23643893246728	71.5090690756607
513.043017344586	365.487236755226	1.23742251864051	70.5366545366316
513.191745370077	365.944581301611	1.25389024426154	69.6322640760209
513.131334468557	377.542585378212	1.89480758341274	67.052887229992
512.987782840426	377.996033630561	1.90073329698506	67.1333950799548
512.843108064878	378.44935900018	1.89310796341942	67.2207392550993
513.389578894937	366.531359694659	1.2853537950567	69.2360773126186
513.513342481812	366.996284922412	1.30118968286032	68.9354077268364
513.635467681392	367.462130233924	1.30053563362752	68.3666300301371
513.740953965492	375.573961859939	1.86693852418975	67.1892163588197
513.600929014105	376.031428864734	1.85931648194708	67.584356393484
513.473571981185	376.491713335383	1.86006165393423	67.659329863524
513.341155620916	376.949798920315	1.8715328556717	67.3394297370937
513.821028168717	368.052419236234	1.28166138702001	67.6493291637845
513.954475431649	368.513083062445	1.27685334991063	67.4627671565199
514.081266797992	368.978335843848	1.29374734816315	67.304050608363
514.206413870899	369.452526713962	1.33423138218601	67.2425963927917
514.186228564987	374.043316428371	1.81097142602473	67.1646562531524
514.061891592367	374.516669871366	1.85120551089422	67.1196669238292
513.933859196564	374.980501176738	1.86971562724465	67.1399777861457
513.796067944713	375.437003514569	1.86989163070049	67.1552152457714
514.336074370535	370.027724664454	1.40122521281424	67.6585538518167
514.404412462679	370.511323191705	1.45664234370896	67.9684006412
514.447025663664	371.003579555181	1.50788054938699	68.1634975877089
514.466310105244	371.500592739482	1.55488074736285	68.2505791443063
514.463066846586	371.998841493482	1.59948375304355	68.2530056479948
514.438116593042	372.495074527693	1.64444405056868	68.1707812545258
514.391122606634	372.986143844833	1.69267462663698	67.9708661804157
514.319310613163	373.468565438536	1.74554656858259	67.6254540664796
