358.74535061338	496.001775105315	-1.56152393527517	62.4200537018844
358.740980707789	496.501468271104	-1.56367320709967	62.4786526550909
358.737663870703	497.001143603276	-1.56567956275409	62.540131756707
358.735255559701	497.500922260541	-1.56648658055525	62.5934593368556
358.732755332068	498.000871173873	-1.56576407318533	62.6283471432519
358.729715328669	498.500964609779	-1.5641906530115	62.6429978210323
358.725768377994	499.001152472948	-1.56289336034313	62.6400184408735
358.721497089678	499.501405667379	-1.56256235771351	62.6321913212696
358.71721671252	500.001650547661	-1.56312980031805	62.6337295580535
358.713459934207	500.501743771193	-1.5640208166174	62.6538602870939
358.710051917815	501.001591432686	-1.56473863223129	62.6846335780715
358.707033168875	501.501287716177	-1.56505203172018	62.7099174876688
358.70394940332	502.001079472916	-1.5647406759711	62.7148092326657
358.700585870264	502.501177743839	-1.56352894552078	62.7009426338243
358.696290370459	503.001561701453	-1.56154075005797	62.6834223257856
358.690980348616	503.501982891037	-1.55940809612636	62.6819412701365
358.684584896477	504.002152097694	-1.55773908100135	62.6984287012524
358.677577243645	504.501769329144	-1.55668570554466	62.6977595613224
358.670369857032	505.000108589853	-1.55715757123432	62.5588248788559
358.665290130022	505.495431096699	-1.56748378547418	61.9994923505079
358.67349167122	505.983809320094	-1.618252272439	60.6026429458778
358.726735575312	506.451269170577	-1.7662448349809	58.2036039006495
359.246891430379	449.001227391753	-1.56415540246513	63.6371275290895
359.242523000533	449.501812136979	-1.56214524245303	63.6047295955069
359.237199570253	450.002313705829	-1.56040230434191	63.5911597158752
359.231121192063	450.502418247376	-1.55980703603112	63.5816189320458
359.225265305768	451.002123039727	-1.56045705851686	63.5533278820037
359.219853450914	451.501767757801	-1.56146217501643	63.5100871141824
359.215067564473	452.001630295149	-1.56219428784476	63.4646437581611
359.210560115313	452.501636056845	-1.5629189424882	63.4417018033968
359.206626791754	453.001607689641	-1.56385088737315	63.441106890218
359.203023474543	453.501554643714	-1.56432313229093	63.4545820106987
359.199517930933	454.001583311498	-1.56369808309494	63.4580213612781
359.19538288611	454.501683436282	-1.56234378490872	63.4433217215075
359.19066618023	455.001778262142	-1.56109648861192	63.401820886472
359.185317574173	455.501834784005	-1.56014786173782	63.3391523193211
359.179631125868	456.001830955039	-1.55927554406816	63.2524229850917
359.173467847724	456.501708696032	-1.55854010950064	63.1540629628621
359.167195704338	457.001491821829	-1.5583779152957	63.0533433654424
359.16097518601	457.501331964983	-1.55884382044987	62.9700919543437
359.15514368818	458.001358727069	-1.55931059715402	62.9066177784155
359.149301575578	458.501507371871	-1.55896465797505	62.8679435349779
359.143211113747	459.001572292	-1.55808347183083	62.8395707313674
359.136807728802	459.501412535821	-1.55801821031568	62.8063429219209
359.130913070925	460.001112599306	-1.55954468762715	62.7425432766228
359.125942974843	460.500892776654	-1.561584963931	62.6571901274636
359.121830270342	461.000879806654	-1.56262477111649	62.5759742126201
359.117778143961	461.500987360131	-1.56225855301402	62.5315639304464
359.113404478503	462.001049495801	-1.56121903854155	62.5125582326791
359.108530529533	462.501000424587	-1.56038326584739	62.4988420759345
359.103500429181	463.000898353833	-1.56023234561998	62.4731920290522
359.098510928308	463.500817347331	-1.56073782936425	62.453468229066
359.093869028662	464.000776020531	-1.5614663463876	62.4509365000826
359.089412282333	464.500743721827	-1.56165832093468	62.4700068626769
359.084872933176	465.000703430112	-1.56084669694772	62.4831561705857
359.079715135675	465.500679355247	-1.55911677039153	62.4729851738363
359.073715765682	466.000704030869	-1.55698714361941	62.4307348197169
359.066751392751	466.500757614491	-1.55512903284455	62.3825550917803
359.0591927306	467.000768406005	-1.55443613795581	62.3511979990193
359.051652981247	467.50067854328	-1.55550836810399	62.357789441049
359.044979651373	468.000510980726	-1.55801424455502	62.3879169121329
359.039502782035	468.500341775113	-1.56047278389249	62.4209841120367
359.034942904399	469.000231874905	-1.5615592211023	62.4256064445513
359.030592454508	469.500189318795	-1.56124598816741	62.4011459629254
359.026061078917	470.000180143873	-1.56052599260887	62.355979643874
359.021290685134	470.500165973266	-1.5600045269414	62.3130816033909
359.016331189034	471.000136999215	-1.55943653208971	62.2727126243141
359.010926823684	471.500100349601	-1.55814707673844	62.2409406148486
359.004652912927	472.000049704034	-1.55605317065742	62.2159697001918
358.997292126507	472.499966490322	-1.55403155723761	62.2082574974891
358.989267781275	472.99986055415	-1.55356403028087	62.2083916568307
358.981597329571	473.499784474085	-1.55546932302726	62.2119629349335
358.975294833206	473.999775821451	-1.55905262433359	62.2065716105405
358.970705112086	474.499805248288	-1.56231383874029	62.2006056066081
358.967220548287	474.999815174429	-1.56374360888171	62.1954699601951
358.963940513748	475.499781913663	-1.56334415167888	62.2008938563102
358.960185020169	475.999709293961	-1.56200797231984	62.2101324841432
358.955755491267	476.499605472064	-1.56048332827823	62.2295489969367
358.950697045197	476.999499696148	-1.55955901423947	62.2571196128342
358.945512291045	477.499458845151	-1.56000592212819	62.2951357731648
358.940777409786	477.999516583286	-1.56159503949584	62.3190485489684
358.936719958565	478.49960135392	-1.5626581777994	62.3091938389737
358.932692741188	478.999607292789	-1.56196987790582	62.2474242197681
358.928054643724	479.499517422532	-1.56025634726609	62.1533673690316
358.922654210313	479.999389964023	-1.55908139593612	62.0543078872193
358.917004553127	480.49927487259	-1.55896267682106	61.9849429524772
358.91147333122	480.999186305074	-1.55965110462075	61.9467141943179
358.906436986897	481.499135912629	-1.56085734632028	61.9321084107332
358.901944221879	481.999123865534	-1.56214927732304	61.9177979299681
358.897926693224	482.499119833521	-1.56267154641807	61.9016023379807
358.893809273118	482.999088855643	-1.56209622412278	61.8837281046258
358.889300774932	483.499027480713	-1.56098682672784	61.8816448187458
358.88416765728	483.998922964511	-1.55971455593003	61.8963982704919
358.878351596561	484.498733121003	-1.55781459145387	61.9290824212185
358.871419123199	484.998460235179	-1.55552333552494	61.9647728383722
358.863665966783	485.49824021511	-1.55456704752671	62.0051914429941
358.855998242261	485.99826201543	-1.55637439696207	62.0473511418831
358.849790519573	486.498579092904	-1.56007265228897	62.0936734349033
358.84530244015	486.999003869967	-1.56336517331899	62.1261915533653
358.84201064264	487.499238644647	-1.56444642310722	62.1413059418983
358.838520509876	487.999095749574	-1.56299663903902	62.1427797812014
358.833920152401	488.498651260221	-1.56001907114537	62.156734910886
358.827729777009	488.998224129966	-1.55751880847302	62.192155891343
358.820871507785	489.498168044043	-1.55747429441332	62.2518653127486
358.814578229295	489.998509394002	-1.56011752796948	62.3178733141335
358.809947407937	490.498837184101	-1.56325973364365	62.3813110730837
358.806370334883	490.998721850943	-1.56441223328765	62.4276896270056
358.802752334122	491.498177295357	-1.56301815679635	62.4571407227333
358.797857527744	491.997546331156	-1.5603933969597	62.4612900320231
358.791675192991	492.497133976184	-1.55815579673382	62.4429049885777
358.784467514513	492.997035297827	-1.55721005052084	62.4014516937353
358.777157412945	493.497197221848	-1.55752077923375	62.3542898967242
358.770049239298	493.997479509354	-1.5584388978326	62.3125007710909
358.763491770967	494.497728582043	-1.55918318201031	62.2909827572273
358.757059832287	494.997850105809	-1.5595618600284	62.2871317586033
358.750916493703	495.497884227937	-1.56011636047087	62.3042907304201
358.77519195233	506.573086974356	-1.844814517501	57.1457030666625
358.983998244645	507.009664757377	-2.20140410126285	54.3983047297493
359.207740741961	507.297243103728	-2.41970677735856	52.9765499568955
359.74955580747	381.503006865752	-1.55759851889868	65.7742202552024
359.741934295488	382.003331056716	-1.55623131075473	65.8599261315619
359.734162847696	382.503199941581	-1.55650359648982	65.9411915756782
359.726934762352	383.002603750098	-1.55838510435014	66.0020472050347
359.721076554324	383.501848267521	-1.56087613175607	66.0366958861693
359.716301443128	384.0013203531	-1.56255651348733	66.0505170422523
359.712090387022	384.501209127793	-1.56252900494165	66.0602018854461
359.707393892067	385.001399971357	-1.56122488978746	66.0788283835999
359.702104105823	385.501618978859	-1.56007658044742	66.1121524903238
359.696452372349	386.001689482878	-1.56016642177736	66.1528670337831
359.691262848879	386.501639392682	-1.56128600773827	66.1886576156812
359.686675404884	387.001559974584	-1.56262114097241	66.2050370658131
359.682832370035	387.501469835336	-1.5637448780926	66.1958480364629
359.679444497725	388.001341375796	-1.56465901795514	66.164768737676
359.676546008525	388.501189122489	-1.56528787511973	66.1282112494434
359.673770831096	389.001064656651	-1.56546609119837	66.105226064327
359.671023742675	389.501008390651	-1.5651708179343	66.1104738123026
359.667935243129	390.001029110754	-1.56453716104834	66.1463724543793
359.664533739518	390.501108270901	-1.56374512659506	66.209494277537
359.660660768063	391.001189476149	-1.56308255572587	66.2932599902566
359.656624244258	391.501190794238	-1.56289762256234	66.3898557574668
359.652584211036	392.001061425277	-1.56331229972455	66.4832378144531
359.648931299036	392.500850075817	-1.56397352289752	66.5525057862335
359.645523210064	393.000704169743	-1.56427247152745	66.5817168727459
359.642196924317	393.50076617837	-1.5638614043723	66.5768512419936
359.638495439995	394.00101452438	-1.56304217576655	66.5622162301331
359.634490324361	394.501239257033	-1.56253921131135	66.5585437266637
359.630396653385	395.001234493086	-1.5629584291823	66.5614619357005
359.626823727451	395.501004522735	-1.56418970629084	66.5526261072342
359.623840273021	396.000754954658	-1.56517047523352	66.522175909971
359.621087810245	396.500704160301	-1.56469894389913	66.4815464055518
359.617648047464	397.000868351829	-1.56284861779191	66.4542375204667
359.613254752629	397.501046991872	-1.56112101364148	66.4590304218776
359.608256045829	398.00106586352	-1.56085505004056	66.4967946980921
359.603504015306	398.500965676138	-1.56182945588497	66.5563476694209
359.599237970835	399.000897906839	-1.56279043714244	66.6240595479111
359.595312679151	399.500926929387	-1.56297253905018	66.6888045676888
359.591333762385	400.000962049493	-1.56280391443638	66.7385097966259
359.587459594211	400.500873284328	-1.56323493469835	66.7594653141152
359.58402333643	401.000655357045	-1.56449914370319	66.7422334659694
359.581321282072	401.500440020763	-1.56575421412443	66.6914723555669
359.579026289058	402.00033833026	-1.5661812542894	66.6249655631718
359.576757209698	402.500337459781	-1.56584935678882	66.5628629621063
359.574174855757	403.000371217363	-1.56517346065901	66.5149845102139
359.571226007075	403.500417101593	-1.56424472243037	66.4793733564043
359.567762416777	404.000469867198	-1.56319221918961	66.4481808037713
359.563930545015	404.500491822368	-1.56266677064947	66.4142162463271
359.56009592731	405.000450768459	-1.56332640578413	66.3753428551584
359.556856535579	405.500369928396	-1.5649642187303	66.3380321387871
359.554392170098	406.000304623853	-1.56649863533513	66.3132953845993
359.552423819425	406.500294862594	-1.56678833299664	66.3073555761561
359.550198533556	407.000340869622	-1.56550321750575	66.3195269561643
359.547139350507	407.500404361712	-1.56338272830288	66.3516617893961
359.543076145023	408.000432868923	-1.56165060166244	66.4108461003612
359.538451142085	408.500399769756	-1.56115617433926	66.4952353228726
359.533879878508	409.000323120707	-1.56195713628485	66.5815654769658
359.529899037226	409.500244572781	-1.56339259126893	66.6357567671983
359.526577966008	410.000192096989	-1.56454580256617	66.6388853799309
359.523646372198	410.500166653708	-1.56487603558907	66.6031591171327
359.520684972182	411.000151673406	-1.5645567299822	66.5606857066346
359.517539053193	411.500131627821	-1.56423037007823	66.5336598738655
359.514328208027	412.000104635688	-1.56434951963275	66.5175819184982
359.511270526966	412.500079047385	-1.56470959866962	66.4947616929393
359.508329430504	413.000059839629	-1.56469751470506	66.4582069419959
359.505219127045	413.500041864128	-1.56395995531275	66.4172002978193
359.501620158126	414.000014684544	-1.56278082565902	66.3834598131772
359.497487145875	414.499976116497	-1.56185836354354	66.3574247371056
359.493090531223	414.999937621178	-1.56169341510841	66.3321840987141
359.488798876127	415.499909369159	-1.56223073650751	66.3092955997929
359.484880343712	415.999890458228	-1.56316900902054	66.3031913403317
359.481462888064	416.499878532834	-1.56432929292819	66.3250743851505
359.478625670397	416.999871583121	-1.56553368186769	66.3692111312944
359.476290220418	417.499859919126	-1.56641480271485	66.419545608543
359.474235645332	417.999837131443	-1.56665118256898	66.4622170272191
359.47214196175	418.499816158021	-1.56633906928563	66.4856201179506
359.469877602517	418.99981850571	-1.56595429023986	66.478030789035
359.467490046471	419.499847623033	-1.56590032376998	66.4353376098975
359.465164808488	419.999879881492	-1.56610675923611	66.3671050039322
359.462890200789	420.49987890486	-1.56607111274518	66.2889442576895
359.46045880997	420.99981640844	-1.5653262407506	66.2135288630616
359.457485006634	421.499690396231	-1.56396651672643	66.1522382894264
359.45384559428	421.999541550409	-1.56271953398422	66.1167259117027
359.449751938088	422.499444570153	-1.56239608970994	66.1107028228351
359.44577068081	422.999446155878	-1.56314800875241	66.1244571926232
359.442253402915	423.499506764545	-1.56426086070545	66.1425299474115
359.439223680929	423.999552381674	-1.56491108975671	66.1530811843113
359.436347715532	424.499567374163	-1.56498429118651	66.1490461044248
359.433478963623	424.999589184743	-1.56488536940521	66.125114907745
359.430534882122	425.499626343021	-1.56478050199084	66.0802540814561
359.427505375144	425.999620779956	-1.56431522424587	66.0220705182057
359.424052507581	426.499498636695	-1.56309995369854	65.9659834088076
359.419899590767	426.999261097889	-1.56140062589686	65.9269912342057
359.414949349915	427.499016262102	-1.56016374742666	65.9106339112231
359.409717962538	427.998903458675	-1.56025057600518	65.9092007443601
359.40482461623	428.498978744767	-1.56174371658894	65.9084019892937
359.400909960884	428.999191468741	-1.56408226812118	65.8958651511449
359.398125927188	429.499438752377	-1.56651600843168	65.8669412475256
359.396405923209	429.999609975025	-1.56819687638104	65.822497915148
359.395081258476	430.499614603116	-1.56825545985841	65.7640268854154
359.393349771701	430.999435105033	-1.56640909167065	65.6902602391893
359.390360000978	431.499151356325	-1.56351500806792	65.6032034092784
359.386086043256	431.998893566914	-1.56121641963588	65.5142865308309
359.381068644312	432.49876804092	-1.56074665737352	65.4444573033206
359.376335210625	432.998809587988	-1.5619402352774	65.4088089790323
359.372290798403	433.498971102536	-1.56343038523719	65.3999225742863
359.368845745736	433.999160125861	-1.56401288657363	65.3871280116877
359.365364373137	434.499284248264	-1.5636578912259	65.3432372003436
359.361675001278	434.999282340507	-1.56316313890107	65.2682146750461
359.357768260805	435.499146861944	-1.56315378958001	65.1892176320806
359.354046430075	435.998946243916	-1.56365585013504	65.1345016983967
359.350559633815	436.498798125372	-1.56429682849779	65.1119895234711
359.347402979941	436.998777336316	-1.56468625579996	65.1043160254586
359.344241609583	437.498845216412	-1.56458470436913	65.0872493201437
359.34094672419	437.99889480058	-1.56399698026614	65.0459074854538
359.337194436219	438.498853371245	-1.56320151709692	64.9825621153444
359.333138641418	438.998742879589	-1.56261767333662	64.9094318190881
359.328823063201	439.49864546923	-1.56245907473453	64.8428590038089
359.324591427065	439.998613336291	-1.56252465415104	64.7911697642256
359.320288095582	440.498617934459	-1.56236601201919	64.7491068905217
359.315890359261	440.998607488287	-1.56185511554174	64.6983334310165
359.311116357398	441.498571046391	-1.56136025739484	64.6265836782605
359.306238788914	441.998520047449	-1.56125202805763	64.5364938799756
359.301271847085	442.498445121015	-1.56142821394637	64.4433398767501
359.296485896214	442.998346795409	-1.56168035592803	64.3601558270291
359.29173969333	443.498262367182	-1.56201887505704	64.2974211166352
359.287276112418	443.998211926711	-1.56239280638278	64.2583089392044
359.282821940331	444.498142396768	-1.56239396344652	64.2375853808753
359.278294081118	444.997999197473	-1.56181402605391	64.2177213414989
359.2732734084	445.497835466138	-1.5611386798798	64.1851762608667
359.268134182921	445.99781984593	-1.56116582295393	64.1363404212034
359.263149068739	446.498101048168	-1.56217516669831	64.0779073437366
359.258993753191	446.998648427706	-1.56377963279469	64.011610171488
359.255576189675	447.49922159242	-1.56524323630908	63.937091303693
359.252878592331	447.99953920879	-1.56594608048699	63.8535954178422
359.250150939416	448.499449346637	-1.56556790093978	63.771814846804
359.50613463986	507.489983541265	-2.59107180550291	53.5481874512506
360.246060343404	341.005728552897	-1.54308756656694	68.0130534021559
360.230665873189	341.505226443027	-1.54350550010317	67.8422378091307
360.215823228138	342.004869083996	-1.54353927912101	67.6866370761614
360.201193774761	342.50456336787	-1.54362878361996	67.5424925680685
360.1871168226	343.004200111572	-1.54417483203897	67.4044169967595
360.173614747559	343.503692420758	-1.54522302988883	67.2772494914095
360.161094641813	344.003045748452	-1.5468711100554	67.1481482846792
360.149629614222	344.502368217176	-1.54909053593647	67.0129078268151
360.139541086533	345.001839307591	-1.55156542469063	66.8633133148662
360.130592510276	345.501566672109	-1.55364517406318	66.7133304102363
360.122647013778	346.001471042145	-1.55528642763896	66.5716968217852
360.115456820249	346.501349701246	-1.55696952494771	66.4570494313935
360.109218239007	347.001121177315	-1.5587923799026	66.3730999396698
360.10367435694	347.500899232402	-1.55986420267025	66.3364806028034
360.098368590489	348.000807537238	-1.55962000288084	66.349436652831
360.092658280015	348.500820126457	-1.55862648724902	66.4098017749584
360.086542613378	349.000846895014	-1.5577643791867	66.4818070577709
360.080092134422	349.500850382876	-1.55712410838428	66.5350443270829
360.07348780251	350.000822890243	-1.55665076813493	66.5395569194207
360.066837848449	350.500733887321	-1.55690749019663	66.4934691329406
360.060710882693	351.000575523204	-1.55852309005295	66.3937530987017
360.055578885812	351.500399026616	-1.56090753199053	66.2604898248284
360.051512290979	352.000283078927	-1.56254493483398	66.1127444447839
360.047779743152	352.500271071408	-1.56225802334955	65.9853308526214
360.043531545176	353.000332591217	-1.5604163092659	65.8938459391656
360.038295973352	353.50038300703	-1.55850766523763	65.8533629338355
360.03238438134	354.000368382568	-1.55771668797909	65.8529719081961
360.026284925114	354.500301833086	-1.55784239954384	65.8826789722758
360.020298166246	355.000219231077	-1.55813807685513	65.9140845390912
360.014420627861	355.500139912642	-1.55837789272454	65.9337977517333
360.008732485367	356.000073372855	-1.5589080741531	65.9267685781574
360.003384787866	356.500024892944	-1.55971122143797	65.9027702214185
359.998404518579	356.999988527418	-1.56023655271721	65.8680384149863
359.99351905575	357.499948022183	-1.5599847248478	65.8434738331369
359.988412881478	357.999896869659	-1.5594277448676	65.8306053265102
359.983179925529	358.499856391976	-1.55961478295114	65.8287875458526
359.97825876981	358.99984834326	-1.56074922278915	65.8163173424189
359.973846217497	359.499845517864	-1.56148861289232	65.7920579249409
359.969439457354	359.99979831378	-1.56075077803604	65.7589083000535
359.964441544789	360.499705381823	-1.55909550333373	65.7370243691557
359.958698372726	360.999610765537	-1.55786641483684	65.7239141618056
359.952593415268	361.499544302511	-1.55754772512635	65.7202990403019
359.946452420755	361.999495026242	-1.55783210203427	65.7156257948532
359.940518310539	362.499449614636	-1.55834477018778	65.7137495454446
359.934803300311	362.99940858194	-1.55893038352742	65.7026834722097
359.929346338498	363.499370845524	-1.55940303427092	65.6782194982942
359.924028264043	363.999336101383	-1.5599061055328	65.6290724084626
359.919026268411	364.499326399016	-1.56085536281135	65.5715838810435
359.914527695227	364.99935770046	-1.56229270667495	65.5223821825355
359.910703069378	365.499400450175	-1.56338392098865	65.5041524289093
359.907104617811	365.999391797074	-1.56327373555376	65.5091020168765
359.903212953311	366.499297472589	-1.56190892864195	65.5298926460614
359.898472714048	366.999136353974	-1.55995792044121	65.5495156201073
359.892852914807	367.498955251721	-1.55810319754235	65.5691241161962
359.886407536343	367.998772942942	-1.55689405129517	65.5849056074555
359.879626913574	368.498580426247	-1.55665730989484	65.6132212875848
359.87286428161	368.998409181916	-1.55736299291843	65.6579139858804
359.866588686726	369.498380077113	-1.55855810242074	65.7126532906306
359.860821208658	369.998595981655	-1.55996890530065	65.7356464529426
359.85580219059	370.499010791423	-1.56154089753225	65.7026896015765
359.851457731436	370.999417715403	-1.56298788678401	65.6132131308538
359.847733101563	371.499569752228	-1.56354420036311	65.5080543866956
359.843867969801	371.999305252832	-1.56260153146851	65.423823047155
359.839267058409	372.49866132528	-1.56040065599788	65.3981935322079
359.833388216237	372.997934039843	-1.55817806431889	65.433823930762
359.826733888153	373.497573780677	-1.5574257546401	65.5080126840974
359.820087734823	373.997825970475	-1.5588909999507	65.564333190427
359.814608704438	374.498466752138	-1.56164463347728	65.5764611333142
359.810365130212	374.99899245675	-1.56384788711168	65.5541390549325
359.806947089764	375.499083918402	-1.56430703505129	65.5460525591963
359.803235658277	375.99878121059	-1.56313028781521	65.5760376374694
359.798794739023	376.498343628114	-1.56135295640585	65.6388377607035
359.793411091713	376.998034073493	-1.56027465681547	65.6908410570749
359.787847230686	377.497994864952	-1.56057859790835	65.7038419526743
359.782584527835	377.998190155531	-1.56192358606602	65.6687708955152
359.778168488912	378.4984564305	-1.56328110915112	65.6128150331308
359.774185910754	378.998617409197	-1.56392988447886	65.5601494494624
359.770461505162	379.498593390984	-1.56385277744107	65.535839086783
359.766419693242	379.998379148899	-1.56323407870092	65.5415467732669
359.761956751616	380.497980383813	-1.56192233920857	65.577855469251
359.75638501779	380.997391562114	-1.5598614151764	65.6316612758296
359.942966493132	507.679631507322	-2.86900023525111	55.8248244631892
360.748649155324	330.019370146423	-1.4843034001357	71.3250939307037
360.705469374994	330.514939337331	-1.49371074104742	71.5735184282888
360.668118778559	331.011326706834	-1.50249383122036	71.7817961099702
360.635723335273	331.50848488615	-1.51003066057195	71.9244812259146
360.606935783792	332.006310987257	-1.51539032101982	72.0028749688862
360.580462999511	332.504591766203	-1.51829989689958	72.0339324955802
360.555131480663	333.003079700795	-1.51966328748211	72.0301555684463
360.530541161389	333.501657749668	-1.52084249402784	71.9874878598609
360.506721231852	334.000349522324	-1.522527034344	71.8917056277767
360.48378182274	334.499193937802	-1.5243597326391	71.7397261523805
360.461602319438	334.998159371618	-1.52589392292458	71.5483664825165
360.440028423852	335.497225791079	-1.52737006288025	71.3371698513963
360.419162455875	335.996457687019	-1.52918355773476	71.1078758386144
360.399080022737	336.495922659939	-1.53121508464059	70.8470394566454
360.379862765568	336.995614543853	-1.53317639338743	70.5463528892308
360.361373024357	337.495464206556	-1.53506045424158	70.2174863944496
360.343712319191	337.995406629182	-1.53689056378343	69.8828871995233
360.326669701231	338.495383181542	-1.53829765157421	69.5560496791445
360.310112615731	338.995350995197	-1.53909985336208	69.2326233174283
360.293645380194	339.495278127892	-1.53970305497427	68.910032411224
360.277507077583	339.995165801558	-1.5407081457024	68.5999668797294
360.261731326164	340.49502384142	-1.5420084689698	68.323935221074
360.517059508128	507.7753022924	-3.10823135760138	59.1228058094068
361.249170888015	325.525562765104	-1.46475091920154	72.6115894798505
361.190449418035	326.019321481298	-1.4588529270147	72.2355414023152
361.132791390866	326.513378847621	-1.45388326015803	71.9261402890145
361.076086162461	327.00758379698	-1.45088183701958	71.6667977900173
361.020020431356	327.501962153429	-1.44982715666108	71.4457647043254
360.964417292983	327.996588078883	-1.45121774729286	71.2508494198816
360.909339982714	328.491545535678	-1.45564237173124	71.1098766910089
360.855279222537	328.98698797822	-1.46352841261577	71.0528022726516
360.803046139698	329.48308262246	-1.47332669988986	71.1030840128587
360.752758702238	329.979918444999	-1.48349168190396	71.2317237357724
361.000958474171	507.771963096493	3.11256701507296	60.9031827360647
361.70790413952	321.025685045337	-1.44281639236761	73.8980012097002
361.646512577793	321.517351099445	-1.45615230284149	74.2627688469521
361.592544603852	322.010603909131	-1.46560488650341	74.5249166960554
361.543389460021	322.504831832732	-1.47202160761398	74.6557341884834
361.497043688131	322.999679169839	-1.47594989024159	74.649055211686
361.451910777507	323.494901981513	-1.47753303181139	74.5026666903809
361.406519137624	323.990317337233	-1.47691135193023	74.2123570518266
361.359443165645	324.485819726377	-1.4744820285865	73.7890677735509
361.30952942309	324.981310135115	-1.47061447760398	73.2752816953797
361.255379586271	325.476491231464	-1.4653744425269	72.73734313261
361.504198712574	507.749852612463	3.09926976457778	61.94967118247
361.493215701746	507.751192676422	3.09926307139802	61.8595661502187
362.203884043838	318.032369083263	-1.40607564627904	74.1034376791036
362.118837089651	318.518911150351	-1.39420553624226	73.6731710206573
362.035131205723	319.005522879196	-1.38912455581279	73.3824843916408
361.952537851498	319.492776257752	-1.39280704444004	73.2642910209706
361.871425611939	319.981404928013	-1.40522418140233	73.3016354842788
361.792290545622	320.471699905206	-1.42288258226183	73.4658609279608
362.007441994886	507.727149124096	3.10015710430946	62.4348909605481
362.729988343427	314.539677776562	-1.39305814984578	75.0331264945447
362.645193359114	315.023853158724	-1.41299790807908	75.5231140716793
362.572257211725	315.511459580725	-1.4263018879455	75.8872918210493
362.505525410057	316.000854349326	-1.43299208763621	76.0265197484354
362.440709701614	316.491011273085	-1.43428667551572	75.8959990369778
362.37407795491	316.981167289773	-1.43054715175858	75.4952829525669
362.301636780632	317.470457393733	-1.42156584716056	74.8806084139154
362.507714990221	507.706011182029	3.10225643265226	62.6762217718006
363.150072833749	312.530533033507	-1.35766952273385	75.02913650949
363.048451616146	313.009776451057	-1.35009857372634	74.7567677626885
362.948593364161	313.489865522409	-1.3530111033677	74.6375113794452
362.849041291597	313.971437604347	-1.36718568799063	74.6779830199736
363.00727297709	507.685841530128	3.10297883811867	62.8219637122163
363.740854849172	309.552595060242	-1.34852857824466	75.9362463268424
363.635522645379	310.028475230268	-1.37109720879502	76.4858358408941
363.545010248503	310.509174295609	-1.38521707099469	76.791174147855
363.460379056663	310.992101457504	-1.39030515694112	76.7181694913739
363.374275922586	311.47528648891	-1.38683553846649	76.2848724009612
363.279588942965	311.956909068847	-1.37551015962316	75.626954533942
363.506638107505	507.666039381934	3.10272156710771	62.9501640039647
364.249327247133	307.562062027126	-1.32552014507532	76.0805855388679
364.124182934823	308.030680157022	-1.31229704793848	75.7725409298228
364.006152343881	308.501492197777	-1.30976333333294	75.6113792308706
363.890000581403	308.974099352779	-1.32050883880019	75.6201943586385
363.771681993409	309.448235924601	-1.34250408804496	75.8015761835818
364.005875769663	507.646238513284	3.10274136535655	63.0998151949132
364.735633988389	305.562520081155	-1.3057829369936	76.6653142059966
364.612428599695	306.02868811355	-1.32816643139301	77.1400834599097
364.504775531411	306.501181124356	-1.34049994794047	77.2770292531939
364.399756928959	306.97566595095	-1.34079342297816	76.9567914900464
364.28544544209	307.448306944548	-1.32980714224617	76.3010656229385
364.505088796337	507.626914501822	3.10377586909958	63.2708311298556
365.18066468662	304.053044710534	-1.27889313276592	76.6743216045845
365.045416478714	304.513147953453	-1.27208850388677	76.549556910242
364.914685877363	304.97587390336	-1.27877343780753	76.5041871479131
364.779842541749	305.439826794396	-1.29855828460855	76.5577084195547
365.004364720762	507.608433362003	3.10555933630776	63.4315198218968
365.616818252429	302.535260711003	-1.28457696714998	77.5946221893111
365.492392400495	302.997764569867	-1.29742783835325	77.7044651755282
365.369013738062	303.462055477003	-1.29588588711742	77.3341207219106
365.503704314193	507.591014039868	3.10718424739634	63.5545303418489
366.116069882182	301.040170131283	-1.2259593747268	77.3431411701444
365.968341228982	301.489355222392	-1.23078455881158	77.2870772375469
365.819468918996	301.941762614234	-1.25057282446111	77.1755931504039
366.003044046782	507.574296190651	3.10811859568765	63.6420634204704
366.637395848644	299.54952988093	-1.22751161030909	77.8979462392239
366.491410890421	299.996974752865	-1.23845978380478	78.074538795241
366.345451252864	300.446331458886	-1.23679770824791	77.7074313225524
366.502361243712	507.557989677182	3.10850220468201	63.715696666636
367.207382964259	298.083259262893	-1.18640347087878	77.6096739588469
367.03979335526	298.515613666185	-1.18768726613329	77.7673596756056
366.880387768163	298.954493150894	-1.19944847964995	77.6898499686516
367.00168429414	507.541832895092	3.10857150818225	63.7857046219897
367.625900801386	297.053071349149	-1.17457242001794	77.9671087285698
367.464071321903	297.485268152587	-1.18633492215504	78.1130544158844
367.296690670196	297.918402863096	-1.18800911444793	77.6953885052802
367.501036037093	507.525688154728	3.10817153204611	63.8396603142739
368.080011479757	296.036620739556	-1.13618067030318	77.9079559137346
367.906715937909	296.45853961617	-1.1472645171675	77.8572527275628
368.000380322057	507.509267020454	3.10728025401037	63.8598000492392
368.557532203621	295.027835375005	-1.12119192292327	78.3320071558453
368.380256815655	295.443656442202	-1.13062880596584	78.0818693220048
368.499686587438	507.492452218409	3.10656493023719	63.8476212983876
369.061757755911	294.032553375952	-1.08168156289634	78.3569537773651
368.874651507919	294.436140154782	-1.09570414718558	78.2126523057382
368.998997427032	507.475498137126	3.1068246607705	63.823927888565
369.593955498178	293.05332350596	-1.05456758781112	78.385291116364
369.40232864717	293.446245494327	-1.06708527992788	78.3670516147109
369.498380027017	507.458901783954	3.10815735486113	63.8008550056974
370.157237863966	292.097980266079	-1.01281997561958	78.1492545175032
369.955292204006	292.473134991221	-1.02764707679942	78.4173019959571
369.997838446515	507.443044739138	3.10986177530711	63.7621534999814
370.537574938542	291.524721053283	-0.990108880101239	78.5327865648133
370.329272111567	291.891453788165	-1.004469898537	78.1271409373288
370.497315947757	507.42780098285	3.11096583772767	63.6799832349715
371.151146327324	290.608301824605	-0.948421118837825	78.3294201086743
370.939330678363	290.957913930784	-0.964013978255533	78.5536186880655
370.996769401276	507.412759412286	3.11095248715919	63.544519519564
371.570329735995	290.053753307539	-0.917124944770781	78.6748903008216
371.353904154647	290.392850827078	-0.936960489824802	78.372641846089
371.496183338553	507.397319001577	3.10995840055661	63.3706981834042
372.014747399964	289.512290222763	-0.873694536341033	78.7990901247312
371.782106922586	289.827448979426	-0.898996864468625	78.1131051186624
371.99553695123	507.381168385641	3.10838303434081	63.1834398135303
372.722597222634	288.713348036909	-0.805517928169269	78.1154629114339
372.483774300535	288.98515994989	-0.828177638514419	78.8413712073794
372.494757358043	507.363980027899	3.10643102441977	63.0048198550428
373.213923228345	288.223404508341	-0.763242520367129	78.1229644430545
372.974783105069	288.474766061124	-0.784219009953633	78.8716281220413
372.993789745707	507.345660684012	3.10411341285807	62.8457433147928
373.486108121656	287.984803967231	-0.740553086714731	78.8478557334029
373.492674735193	507.325862726804	3.10148206271496	62.7046789057451
374.014647611667	287.517708439273	-0.690784640514886	78.7302509377006
373.991570880233	507.304572819788	3.09900629724768	62.5731055998227
374.559505362908	287.081358455812	-0.631543619206488	78.5193687634025
374.335206253677	287.286860889571	-0.658336761059745	78.0308803684428
374.490627451449	507.281789532451	3.09744311354287	62.4524070074374
375.121874181999	286.692803949935	-0.562369804787203	78.1643138035444
374.912935490244	286.870241456014	-0.590954583071718	78.335059195831
374.989904091264	507.258240931315	3.09730277482223	62.3530738026709
375.495397895566	286.491973054805	-0.518316192327159	78.5195682060673
375.509557776889	507.232866464661	3.09804552279484	62.2394905360496
376.080474990902	286.165349143568	-0.455232106826678	78.1265437997438
375.892238657931	286.290487087412	-0.475797327572404	77.9842839647961
376.00849265512	507.209316828651	3.09822448869403	62.2137346927217
376.496116276759	285.990868264175	-0.408596039416584	78.3697723161337
376.507784716026	507.186016580419	3.09656837988512	62.16679239778
376.936709843797	285.824267187633	-0.348457935358528	78.3754259627679
377.0071956297	507.162192299056	3.09328596341558	62.0771782244935
377.532720640172	285.620780571797	-0.256382496635359	79.1215027820784
377.506441812276	507.137176114467	3.08969924074852	61.9559050266812
378.003706902183	285.516995818816	-0.199413047787335	79.5144293487839
378.005408280802	507.111257198163	3.08699168675171	61.8200488492604
378.488298177516	285.433511924088	-0.158865059248748	79.5481457090502
378.504151457569	507.084645475621	3.08501374029857	61.7027026490692
378.979959781717	285.36222559773	-0.134485377041489	79.29244338682
379.00279687981	507.057622783641	3.08348297096099	61.6207402851485
379.474454138725	285.29659487278	-0.123289519691766	78.8740728082505
379.501439293377	507.030315800835	3.08270829655421	61.5874501268171
380.026466523229	285.222456445033	-0.121216015836112	78.337358748844
380.000148453839	507.003215854086	3.0834787232222	61.5866017216989
380.518249467031	285.15900970566	-0.123945309029371	78.0447054789593
380.4989527761	506.976792859099	3.08531727086085	61.6036367160389
381.011160925754	285.097810996483	-0.127515097008017	77.806522609842
380.997785247516	506.951032197893	3.08670118943784	61.617487399406
381.504292405766	285.037334698326	-0.130382396985554	77.6543897565233
381.496480690773	506.925234050855	3.08611792050716	61.6329859512576
381.997328734959	284.976896764185	-0.131231261684342	77.5982866695859
381.994942442427	506.8984105652	3.08439373912082	61.6546550623983
382.490372886627	284.916214752765	-0.129141230430883	77.6540556576557
382.493356872001	506.870505385487	3.08397509916965	61.6976988567934
382.983753898893	284.85543371661	-0.122961931594799	77.8161826514577
382.99204252829	506.842334794714	3.08655853842802	61.7591388859834
383.477779266637	284.795175727376	-0.113440243465987	78.0845870751748
383.491044288158	506.815220343621	3.09088632454881	61.8425742468261
384.022578115699	284.730500107668	-0.101422689356798	78.5949734324441
383.990057718894	506.789349826858	3.09464315827713	61.9402692070749
384.517013608755	284.680228846414	-0.0922677142644642	79.0947888143393
384.488753750448	506.764239763324	3.09621433478107	62.0517679417954
385.012541221085	284.635248117106	-0.0859849475170908	79.5450292194568
385.011888257132	506.737380511964	3.0939258639131	62.2492794208554
385.508710829991	284.593583983216	-0.0827481588567366	79.8998523836252
385.513693332619	506.709342541736	3.08298139532873	62.3164380863078
386.005076762266	284.553497557786	-0.0818514206026072	80.1340290181067
386.017998360857	506.670648554188	3.05057102385816	62.1641536851413
386.501351498429	284.513925082119	-0.0822659860811578	80.2385688156246
386.519837195489	506.606089464384	2.97433312635901	61.636541939188
386.997456068373	284.474166125423	-0.0831594460860997	80.2124759286561
386.998944652464	506.496708860796	2.84243835633393	60.8280599009448
387.493456633415	284.433717657436	-0.0844035691825132	80.0598283495042
387.625956560242	506.196238983708	2.57725193326854	59.7194714541447
387.419236644034	506.340092552065	2.67769744178658	60.0897883308934
387.98939261906	284.392012086571	-0.0864826952372964	79.7896928984003
388.214221082313	505.688817776413	2.27985322067217	60.8950946493788
387.968581453626	505.965415528386	2.41299053708702	60.5257259150386
388.48511831803	284.348077823706	-0.0901501423630579	79.4170637185395
388.632092421054	505.083984838284	2.11453707633973	62.8112424231533
388.429166355421	505.448910093929	2.17952835021163	62.1429064625939
388.980312178603	284.300675652679	-0.0959399702402847	78.9678638135733
389.185903760638	504.105491830992	2.07340171706031	63.7619279463496
388.991275217646	504.49501713469	2.07787035742009	63.7239478547143
388.79233169089	504.877125686921	2.09145693164043	62.9492622816586
389.525697266915	284.241237407047	-0.104914508629148	78.3738609016905
389.72394640937	503.129557154195	2.08133706224423	64.3231109497414
389.52512340832	503.51426649427	2.07293349453166	64.505227213401
389.332020333399	503.905828608979	2.07040729653034	63.948727618782
390.019869305995	284.182759990456	-0.114116381688131	78.0585983651746
390.067544820904	502.539884096395	2.09672048865569	64.903542554302
389.873385733954	502.926548735083	2.08710363748505	64.6164539205815
390.513634660974	284.123671483213	-0.122493019051316	77.8198882456901
390.628704415455	501.579076492353	2.11661120560732	65.022772474743
390.431181325591	501.958521927696	2.1077034319293	65.0671085735337
391.007103097896	284.064109113782	-0.128128867664618	77.6579694132916
391.214298330308	500.637591376173	2.13833059546676	64.8515303605643
391.003530515422	501.002234633776	2.13206605928501	65.240636298643
390.793383645976	501.371612948178	2.123043609676	64.7942998003002
391.500469656155	284.004245805469	-0.130058849156754	77.5845288559221
391.590939841362	500.059489695967	2.14875871926114	65.1781678197077
391.387394211354	500.427259486045	2.14172069711906	65.1401896007542
391.993880505039	283.944461427327	-0.12812581191908	77.6058844336877
392.200360549564	499.138322034855	2.16853648051434	64.5265921965995
391.986457124228	499.490848508489	2.16401626770822	65.1123985943189
391.76600453394	499.844786226918	2.15537571954015	64.7098220691316
392.487371537224	283.88497810777	-0.123417091940029	77.7390722429038
392.593338553618	498.569591707422	2.17412940741874	64.1589418191435
392.389567471899	498.921237283838	2.17118751422097	64.6255946004745
392.980963363664	283.82562445681	-0.116660729087817	77.9653418192438
393.233294218424	497.747058206927	2.34332038199793	59.4857752233976
393.013615090338	498.012610328329	2.23723513759875	62.0467851885014
392.798609737418	498.332385533692	2.19137244735265	63.0879275230689
393.474788138394	283.766252575154	-0.108703060774708	78.2604910247148
393.52905171176	497.546202880169	2.5798762630217	57.5313722457754
394.020546585966	283.704013843472	-0.0997810308273026	78.7983954913112
393.965602544881	497.341707375063	2.81885035628744	55.0776522073261
394.515369656414	283.654751903938	-0.0932171186239699	79.230072510933
394.450073435137	497.210518454709	2.97081213215665	58.3191135727777
395.010827417793	283.609504322572	-0.0885668462665202	79.6161533695543
394.875841639962	497.219229198376	-2.77021812650167	63.2472462601795
395.068731400491	497.384814240893	-2.61744753209734	65.9438667788663
395.50663019328	283.566969140107	-0.0856039877150807	79.9346203759808
395.422587668267	497.589533803287	-2.36912388030228	70.4579070214918
395.633199491427	497.856006072792	-2.31340484769135	72.5769590917367
396.002576982583	283.526090180927	-0.08367536618455	80.1517202269635
395.894447177447	498.098398334137	-2.27222287580364	74.3642301838702
396.108672023074	498.402894620193	-2.26374525638142	75.3141901948305
396.498646554007	283.486132773908	-0.0825594278273643	80.231524675251
396.34267968733	498.633720362551	-2.25784864846401	75.5054705949561
396.562152163789	498.948520557393	-2.25362058849455	76.0593514694904
396.994846033827	283.446200390026	-0.0829556264053358	80.1502135850892
396.780895224483	499.177541788236	-2.24815378676664	75.538659995101
397.009427531756	499.492526162684	-2.2400732994606	76.224091363842
397.244049023904	499.810632540958	-2.23033560745297	75.5007288042689
397.491027473237	283.404895876406	-0.0863555961676204	79.8973775940376
397.44794584674	500.039785185495	-2.22314189150596	76.1857489553855
397.66668634307	500.374866846498	-2.21493806597088	75.795448966894
397.986855210639	283.360242895449	-0.0940097133293877	79.4714828618931
397.875165203283	500.592617047405	-2.20983183690428	75.9527119712428
398.088806311212	500.935215465449	-2.20178091641938	76.0620177494766
398.481992647738	283.309669263747	-0.105906060244468	78.8811245695755
398.286356604126	501.153847234185	-2.1958222192422	75.6431964055744
398.507402216705	501.494746376148	-2.18836796970042	76.2404737991954
398.731679704098	501.837494261205	-2.18330083952974	75.6400623746881
399.025282836924	283.242715952177	-0.121668660143941	77.9428189570195
398.976517657766	283.250802611833	-0.120130152344307	78.1414504987714
398.919420371442	502.056092480261	-2.18019478912933	76.1652253737436
399.129394962969	502.410886732759	-2.1753015149011	76.0398025154606
399.517894858746	283.173465436341	-0.135076650235262	77.2104243601026
399.319230936475	502.623387673818	-2.17064834174615	75.8693440065344
399.531412027447	502.97886176604	-2.16378430436838	76.2692526196775
400.010283379368	283.103912844404	-0.144047329616664	76.3518356463333
399.9280718149	503.546975791442	-2.1501368116454	76.1670069958174
400.133079453479	503.915087846988	-2.13831452711298	75.9859162627255
400.503237581135	283.034976629681	-0.147519061105795	75.3681773362782
400.304946335238	504.122651822928	-2.13048108232552	75.7994817958974
400.511482148814	504.49291677267	-2.1206002410618	76.2098418758865
400.722063737741	504.864667289173	-2.11663213234185	75.6567567700637
400.997213916343	282.967350603942	-0.14477309969132	74.2986468356289
400.883189421207	505.070972925899	-2.11579746374805	75.9532584430661
401.081942069449	505.450619919152	-2.11303637621631	76.017413380009
401.492314467026	282.901567109123	-0.136461067517061	73.238913728294
401.449319184397	506.030024337998	-2.10394042909255	76.0917984260613
401.647208176609	506.413665546188	-2.10042518016487	75.8737090628068
401.988433123873	282.838264617425	-0.123333896957388	72.2843140019071
401.802899638805	506.614918884715	-2.09892562161703	75.7214168543615
402.004904540101	506.997174696257	-2.09471394870461	76.151370500851
402.207820279464	507.382207515432	-2.08610943913624	75.7587492469204
402.485198931859	282.778334223806	-0.107889791273584	71.5207548441475
402.355732327608	507.580893610582	-2.0800942997471	75.9732176831711
402.54743559631	507.973832563943	-2.07231268637572	76.1192635397578
403.015399875331	282.720548174528	-0.0914831621980352	71.0571485499321
402.890007978621	508.559881552775	-2.07007502415378	75.7934717871662
403.079618204266	508.957107208572	-2.06646531760627	75.7838420507046
403.511687656969	282.676866191766	-0.0777030159595198	70.8103078309959
403.416698315194	509.544097130349	-2.05664212376857	75.8470137729241
403.602843879615	509.946005668618	-2.05411445005149	75.8595110244203
404.008548081102	282.641079239105	-0.0647135978380128	70.6560851145643
403.933685015331	510.534240276571	-2.0514902522006	75.9859154400651
404.118881698	510.939658838645	-2.04309373224684	75.9742503291012
404.505659689763	282.612700475513	-0.0500409772657555	70.545837857953
404.436508180802	511.531218199654	-2.02412052667631	76.2262604024311
404.614678930001	511.94428450488	-2.01969524111921	76.0769499808997
405.002915028196	282.592799659077	-0.0302759968588667	70.4498655571079
404.924271347887	512.53654485152	-2.02250153892141	75.9865930875862
405.102722545225	512.950989679607	-2.01838996715319	75.9292166430217
405.50006725581	282.584539196969	-0.00161095246165312	70.3346560555043
405.405740268503	513.543957138248	-2.00465626381905	76.0823078012037
405.578613973123	513.963583099301	-2.00195389703865	76.1001741191724
405.99596004503	282.593656052635	0.0395738562584458	70.1515739888791
405.876465960981	514.557300595878	-2.00750303300344	75.8551382727745
406.051694051288	514.976221424226	-2.00472051806293	75.9299883655158
406.237538529354	515.392210637306	-1.99452248988855	75.6368160941037
406.487507797422	282.626367403344	0.0952035912965465	69.8478702938579
406.342443857249	515.570651222784	-1.98861890080662	75.8940114511473
406.513170602821	515.994154617538	-1.98190452268816	76.1590736006704
406.686086663789	516.417892757567	-1.98327947677808	75.77528263055
406.969224094406	282.68931510649	0.163795844934589	69.4091762874688
406.789738855004	516.59332341038	-1.98621024789591	75.6288340172715
406.966954562742	517.014510660723	-1.98714012122038	75.7787285086568
407.137074885847	517.440982160123	-1.97927237122654	75.5802853875938
407.544175280925	282.824660101663	0.256640239259109	68.8570453459459
407.410318093779	518.037241734576	-1.96024889213821	75.7763884717705
407.570462131949	518.471131567233	-1.95602490121113	75.800744299246
407.744373820679	518.900335347339	-1.96119640790403	75.3507795684535
408.0123219004	282.9614599936	0.323322072779707	68.8183220979527
407.834925570861	519.067681963814	-1.96452513374316	75.4517919381479
408.001866176233	519.499239038915	-1.96579028841506	75.6173030291264
408.168043223915	519.932356793202	-1.95623039032462	75.5225304263775
408.45822153198	283.109468230082	0.372876001508593	68.7945905288029
408.254603538538	520.097161348427	-1.94935148025401	75.4624407526036
408.422894263119	520.530015812164	-1.93559861072641	75.9636707278664
408.575343953794	520.970917909341	-1.93276984189238	75.9952295570261
408.741665412087	521.406426448208	-1.94126051924022	75.5615863973895
409.053491152275	283.383878297806	0.429662799827535	68.929602680498
408.824914216687	521.568468824874	-1.94605118081529	75.6267618033133
408.98785163	522.004773494983	-1.95174214638281	75.7953621942967
409.148509091199	522.441953236711	-1.94595743553175	75.7567589313289
409.467458595158	283.562802389537	0.473064512940284	69.1144777965252
409.397043257085	523.038860755442	-1.92451849764769	76.137444279404
409.545315808183	523.483204348851	-1.91718895716853	76.2113054566417
409.700713437083	523.926573659899	-1.92079754864635	75.7457853357379
410.053229918627	283.912366804688	0.544899566658571	69.0126498085748
409.777079458312	524.082369468488	-1.92493058964884	75.587672965283
409.938153971851	524.522598874474	-1.93030659352287	75.6403212726788
410.090056402017	524.967608685685	-1.92438634832644	75.5945343733748
410.424857628988	284.114016892798	0.583178139456113	68.9591894629762
410.638784823478	284.299022892286	0.605698434538906	68.6536682676824
410.320684849861	525.562483361407	-1.90179520037493	75.7362982826452
410.466270934994	526.011851850501	-1.89406543670647	76.0254844672555
410.606987250574	526.46036501459	-1.90843726575229	75.6173733365675
410.984999005966	284.520366856239	0.636859318129173	69.153663521959
410.869602248963	527.0622861813	-2.00070181709574	74.003708176729
411.057736908524	527.46492138471	-2.1143277540749	72.5709571623956
411.532603219695	284.960090977509	0.687801350593257	69.1565877542815
411.501026885628	527.998879898092	-2.40482966779373	70.4719708104195
411.839524028273	285.186402626155	0.712514150280935	68.7025455478158
412.066689640743	285.425563491453	0.732134289057459	69.1405258457949
411.852622593809	528.247782117956	-2.6137897029219	69.9386942085247
412.059371648371	528.3635984379	-2.73113974217236	70.9869818186806
412.356961215915	285.652912343564	0.752640474414101	68.9066001918807
412.585771346745	285.911363613562	0.770022980890005	69.231167809759
412.500206915346	528.499108802002	-2.930533990306	72.7550636457584
412.857868456612	286.141356345507	0.788393163485898	69.0968592194111
413.087607401208	286.415710204732	0.805142418876187	69.4083590999373
412.993817483388	528.565722253906	-3.07325501938404	74.6741215414977
413.344376452824	286.644534759335	0.822035045557744	69.1974561627098
413.571748439307	286.935565177257	0.83830255580516	69.540643481096
413.498519019987	528.581904108246	-3.13855122503522	75.9235730893995
413.81236382991	287.163865877961	0.851367301808252	69.0896876465673
414.040694229023	287.465538149967	0.865603872565707	69.5343555798304
414.001189079787	528.57721926073	3.12356108143645	76.4901141801502
414.261634646219	287.697616952957	0.876538157709234	68.8176370898526
414.496398486463	288.002905871183	0.889767055102971	69.4325284011593
414.729363130965	288.31974821721	0.903119284939043	68.7392021793466
414.501826943584	528.566555440083	3.11752074648158	76.7188049635682
414.938890443809	288.547148892683	0.91334285016489	69.271834169428
415.156885360231	288.88231892271	0.928511829502985	68.9585422685122
415.001684472471	528.554144144375	3.11558867763053	76.8470982180549
415.364008623117	289.099911500228	0.939673078928658	69.0351972192506
415.57585974048	289.445848409537	0.953920299575583	69.1756027214329
415.501318689083	528.541140378719	3.11473939540264	76.9702128358237
415.763797285715	289.665654570042	0.96203171515165	68.659170882537
415.985504167674	290.009890464938	0.973711898498541	69.1965320748346
416.2006698341	290.366694974362	0.985213850969868	68.7534445310136
416.000899135819	528.527838546316	3.11420309764315	77.1081871631451
416.380517884723	290.578061861443	0.992702506020254	69.0007813753626
416.584527438065	290.946020727137	1.00148520558638	69.0861475485967
416.50046631349	528.514366684032	3.11374324534268	77.2527131019177
416.967601246838	291.520037222569	1.01352060856743	69.1424885019872
417.172289177458	291.89559410464	1.02384292507855	68.8606860520422
417.000024029996	528.500737384518	3.11333516229365	77.3860666171414
417.335400017082	292.098455639616	1.03111621388933	68.9025323056844
417.535078583661	292.479371245856	1.04052522186423	69.1823614819649
417.745989312617	292.857415170264	1.0459787435592	68.6540258059414
417.499574037631	528.486981928904	3.11304122051237	77.4806333689165
417.894237475356	293.060911278669	1.04834374502729	68.997970106608
418.087979383804	293.450251681621	1.05553848829038	69.0241394384265
417.999107133478	528.473091011015	3.11269143162742	77.5036868496937
418.435569116661	294.035114314901	1.07249142867633	69.0862649291033
418.624726806784	294.433414827727	1.07935944989816	68.952437915549
418.498593769712	528.458898059018	3.11202544845399	77.4402968400231
418.758390095184	294.628142984	1.08085482626265	68.6271323252708
418.959366910059	295.021227954349	1.08486038530485	69.0204964352672
419.147540053652	295.424175313836	1.0935269250191	68.8697469923177
418.99804466208	528.444315080876	3.1114784040335	77.309849980253
419.275634075224	295.613808334274	1.10071580995635	68.7267159746864
419.467256176803	296.016302566036	1.112803456948	69.1738843202672
419.648264906447	296.427371353803	1.11883966789997	68.9999236993566
419.497570275115	528.429605259403	3.11205927392333	77.1520224112708
419.76681431436	296.613627213876	1.11931950697198	68.7785099214845
419.956934532337	297.020677426017	1.12124657934714	69.1304205843446
420.135572768545	297.43603831734	1.12753953507497	69.0249117853585
419.99727556857	528.415466958706	3.11385348047726	76.9986077138395
420.434416686003	298.030083300216	1.14201590620629	69.1690411528902
420.606071479667	298.452020189105	1.14535736588931	68.9625485331664
420.497053264688	528.402119335181	3.11532126122982	76.8592481407419
420.899082529562	299.045387116741	1.1419885329595	68.5931722727027
421.071347150309	299.468524053937	1.148935712516	68.4806730247676
420.996662704802	528.389053023413	3.11489189875084	76.7266632833802
421.351375342093	300.06297951197	1.17281136809526	68.4298877695804
421.515259853984	300.493677030053	1.18448975988039	68.6581080173468
421.680288120733	300.926232225317	1.18478284992985	68.4047037878736
421.495996880806	528.375189728053	3.11269677975876	76.5937172129182
421.771309851898	301.093811794628	1.18190597052515	68.2535044775947
421.944543195144	301.522660153128	1.176557994577	68.4593707581823
422.107601998665	301.95634490816	1.17972119456299	68.3996201375441
421.995166569008	528.36004136138	3.11005904850089	76.4577810160137
422.369255962581	302.551908133974	1.19555895059427	68.4931525237109
422.526026734679	302.989775349675	1.20155662345258	68.622159721184
422.687258080367	303.426976367569	1.19873977797886	68.3007284993137
422.494317195356	528.343493318359	3.10786580423064	76.3135653026426
422.771755518836	303.589379627727	1.1956086272428	68.1691465975938
422.940008043779	304.023243144102	1.19269346460164	68.3620464047193
423.097680803294	304.462828131381	1.20013471876844	68.4131094878642
422.993511103576	528.325891190569	3.10623509768341	76.1476004946694
423.340198860112	305.058016269817	1.22677233668248	68.6709866400385
423.487597086155	305.504413804342	1.23926070898806	68.9989555961257
423.631280210464	305.953801161929	1.23910754176414	68.8485401760449
423.492738664556	528.30728751214	3.10502616790621	75.9514159299065
423.861263318321	306.549163878023	1.22478060811792	68.5483595230601
424.011685531022	306.995886024211	1.2218854705667	68.5324361115996
424.162983206823	307.443436164144	1.230853341718	68.3908320915674
423.992030542448	528.287994912366	3.10417100957398	75.7297149086286
424.385015547714	308.038592360742	1.2526933053343	68.6322740597946
424.522123020055	308.492677223404	1.25967441654887	68.7292060049453
424.661780779402	308.946666317162	1.25446380318644	68.4374875890967
424.491446265799	528.267948143033	3.10350418358283	75.5004119775388
424.880144005108	309.540123750582	1.23804390683607	68.2339814230512
425.025189490276	309.99158196449	1.23637809578884	68.2943594220583
425.171925679281	310.443159762442	1.24786229460412	68.3085333222604
425.009378045639	528.246436168972	3.10293244880076	75.1917350324024
425.380221830818	311.037906629137	1.27422403846934	68.7735171269863
425.509071757081	311.497187864203	1.28464236062716	68.9909342667852
425.637301592665	311.958065485387	1.28291924460699	68.771795054019
425.508213749191	528.224785639476	3.10244764043264	75.0435959240636
425.835797375917	312.550619881139	1.26596257885731	68.3296365273987
425.974392290211	313.007835498168	1.25934425157903	68.2532939843157
426.110341428329	313.466737768291	1.26558026478028	68.1865445898468
426.007334861137	528.203615903871	3.10182465555332	74.9265859120662
426.303538241739	314.056437031455	1.29099619229338	68.3706571946498
426.430058924568	314.519562109264	1.3079104051118	68.736754127924
426.546074773007	314.987324490886	1.31296270566777	68.7407013973366
426.667017027987	315.454076745708	1.30417476058912	68.3510877806418
426.506773586662	528.1823748347	3.10038102813745	74.8468923610645
426.851190084124	316.042546235853	1.28145257009257	67.9123720960511
426.983325682913	316.504799318161	1.27411075527499	67.8570303353377
427.113815057216	316.967505668631	1.28198030975816	67.8785783338521
427.006342981928	528.160722346908	3.09797969224976	74.7880866129971
427.294434817312	317.555621797298	1.30961799201986	68.2074064535186
427.413891631137	318.02264327999	1.32843250446884	68.6692068204127
427.521719625351	318.494405829176	1.33592833679447	68.8048470883986
427.630511016777	318.966702853088	1.3315707660896	68.5292818990335
427.505760947893	528.138176765	3.09534460372143	74.735400446097
427.793166058556	319.554403526751	1.31247879049043	67.9014990422308
427.918717412491	320.021392499225	1.30110170177159	67.7202581455546
428.039353761113	320.489750141476	1.30150164190125	67.660130321326
428.160879569424	320.958998353419	1.31420499002607	67.7379082878786
428.004911451863	528.115085631423	3.09353229740925	74.6618760853728
428.320400896035	321.543083786234	1.33945465653143	68.2017154561369
428.427067497382	322.017174992647	1.35268715621605	68.6170184048876
428.525905397732	322.493946897769	1.35542995262259	68.6956263139714
428.62711142322	322.970327598712	1.34855042670996	68.3880228344575
428.741090355677	323.44353520474	1.33369369593495	67.8265671841875
428.503875835292	528.091773951756	3.09275739950138	74.5717565784907
428.776118351834	323.554194805917	1.32917112963535	67.7045205032753
428.896751718274	324.025003094397	1.31651966417276	67.4619128865664
429.012138877417	324.4970888603	1.31519415873875	67.3455252965282
429.126718708822	324.970228991823	1.32642354747295	67.3936719405047
429.244287730165	325.444146102136	1.347102208779	67.6220306952821
429.002798152313	528.068746169111	3.09302015682343	74.4815573828257
429.27428325746	325.549599331011	1.35246792257937	67.7891599694098
429.377818625487	326.026229272928	1.37064122768842	68.3493558855789
429.469501253744	326.506496687066	1.37882405211734	68.7034276100454
429.558244777562	326.987557575196	1.37775573606846	68.7348396562407
429.651578280438	327.467452218554	1.36973018687436	68.4646317174757
429.50178050964	528.046298948373	3.09437318447335	74.4319122934138
429.78565390608	328.047270690276	1.35382839865432	67.9628314703521
429.894735142134	328.523111456625	1.3429343385198	67.826340812904
429.999725734886	329.000059638197	1.33931165381092	67.7687782469502
430.10436288067	329.477658516658	1.34425171140246	67.806058183949
430.211948027897	329.955703509375	1.35831517756987	67.9238312683446
430.000898755618	528.024918131604	3.09684452341756	74.4327047821483
430.340502530494	330.531420536887	1.37982917328177	68.3786007062379
430.428780725076	331.013688438979	1.39273510941428	68.6529784312306
430.510274663245	331.498055013034	1.39851485917454	68.6842516618405
430.591349101891	331.982771043501	1.39669091323916	68.4621282573355
430.678268800302	332.466165593502	1.38725936562425	68.0487445167322
430.500166217649	528.004821093239	3.09956279536577	74.4746054771379
430.800743405779	333.039533415347	1.36919633136353	67.5431796059994
430.902023051945	333.5195852816	1.35680068129013	67.3820112653209
431.000972069814	333.999805936931	1.35295579485676	67.3300346948513
431.09959982891	334.48039370473	1.35914262680513	67.4044222924947
431.199477516097	334.961784375019	1.37523383268775	67.597037336969
430.999515794328	527.985838219621	3.10157562264672	74.5163180454059
431.31566895256	335.532662913703	1.39940013353764	68.1541903583865
431.39583535455	336.017859755999	1.41521943782121	68.6069556452119
431.467517554817	336.505432677155	1.42409387527794	68.8760642906494
431.536008960417	336.994072391113	1.42605591033367	68.9006379672854
431.605977247116	337.482644090991	1.42156017228797	68.6833696692513
431.682015337985	337.96997659617	1.41101410434941	68.2823659229352
431.498866483876	527.967432213737	3.10227019509005	74.5489536164718
431.787853644209	338.537032488515	1.39294194907391	67.7391989523744
431.879951284063	339.021275534594	1.37936450576912	67.4968596850506
431.970415268045	339.505254502406	1.37340753725341	67.3404970426305
432.059915719542	339.989525412153	1.37748582768722	67.2950850377763
432.148771000134	340.474780134968	1.39019167553046	67.3903702862479
432.237502594272	340.961249373696	1.40807846093662	67.6105034360257
431.99817732815	527.948928941488	3.10157698873529	74.5840307201144
432.253250765978	341.038573847081	1.41114453731839	67.719942795064
432.331319807285	341.525412941904	1.42732313147687	68.1710368012443
432.398998051216	342.014838509436	1.43852960572462	68.5247420226065
432.460780103676	342.50568308007	1.44444519161171	68.704050667463
432.520402145027	342.997053995565	1.44541745671346	68.6897004974834
432.581105054596	343.488224540873	1.44152608085905	68.4907897947376
432.646072548997	343.978559605106	1.43322386059035	68.1287007703721
432.718781575606	344.467554226151	1.4219715272381	67.6574352059506
432.497395271427	527.929651647207	3.09927470407165	74.6554184274874
432.815184236422	345.028636227289	1.40867792416744	67.1896362224931
432.896554189055	345.515876492077	1.40115392934182	66.9928789906309
432.975952165374	346.003632864135	1.39922542479149	66.9191677606913
433.054047698071	346.492001795662	1.40284563748583	66.9759907108248
433.131391008187	346.981014276048	1.41182075622107	67.1446672016584
433.208568287285	347.470529125971	1.42402456426083	67.4113456315842
432.996383651052	527.908780665586	3.0957453544275	74.7552110297598
433.294426438635	348.027102714219	1.43862348127758	67.9437226633733
433.358430636069	348.518236515585	1.44956272133502	68.3909343818558
433.415312765655	349.010533692784	1.45930161571022	68.7242986729629
433.466775730908	349.503950241217	1.46769236403569	68.9022052355342
433.514560361294	349.998340854019	1.47359365763055	68.9166224969614
433.560736824966	350.493254824216	1.4754973176142	68.7815715060381
433.607815718133	350.988047319957	1.47239011650566	68.5213848215767
433.658683136735	351.482055827779	1.46438850623215	68.1635705486972
433.71613519424	351.974763989385	1.45293940805722	67.741771930947
433.494897251675	527.885943100188	3.09221094207236	74.8426052462618
433.792295413182	352.526273520866	1.43918330865069	67.282974162605
433.861275177345	353.017778764309	1.43064559129487	67.0442298018832
433.929069552874	353.509036998859	1.42751931585878	66.8888766020715
433.995109188193	354.000610665982	1.42938200845852	66.8246097869366
434.059521279348	354.492746977634	1.43407009330461	66.8683343476956
434.122859428324	354.985349203887	1.44067332302497	67.0188851793207
434.185630415779	355.478341453778	1.44894341112466	67.2691585313876
434.248303108452	355.971970488526	1.45929072516564	67.5754810060333
433.992368196344	527.861309287328	3.09003823082252	74.7898414028454
434.255632839739	356.026041699595	1.46057175740928	67.6884692039294
434.310387971104	356.519231399557	1.47169390244617	68.1046269474645
434.357850469085	357.013624145935	1.48192948190354	68.4385645125488
434.399773957501	357.509180094111	1.48936547351984	68.6628357015218
434.438359108059	358.005531288641	1.49329507624206	68.7815716571894
434.475317660877	358.502206526854	1.49478286295246	68.8111296591137
434.511706165026	358.998959891893	1.49536818575591	68.7606555481846
434.548056644255	359.495801523352	1.49543999137372	68.6268470190102
434.584955481173	359.992714669111	1.49431705011381	68.404467810984
434.623383715304	360.489476435107	1.4914310332221	68.1026917226374
434.664290157411	360.985828738032	1.48725152853954	67.7508392063307
434.708536920877	361.48173083146	1.48284719006712	67.3876904662599
434.487002377074	527.834888876413	3.0841851056443	74.3310068648139
434.761560928692	362.0220439659	1.47848681699529	66.9747241335991
434.811917468417	362.51721498357	1.47474476189807	66.7647857370568
434.861088764998	363.012500703824	1.47151273726504	66.5881143534856
434.909455873439	363.507956549957	1.46966142387919	66.4507803892041
434.956716166653	364.003691633321	1.47025867703426	66.3586331557548
435.002722520706	364.499774127447	1.47252474765492	66.339475305666
435.0475940009	364.9961178299	1.47539617129563	66.4058936663339
435.091696213482	365.492584608838	1.47846870282663	66.5618566433144
435.135319237982	365.989191221273	1.48268983177145	66.7714444983353
435.17817063011	366.486128921183	1.48839409181627	67.0001712334817
435.220069962424	366.983514667107	1.49498741660359	67.2153640518392
434.973544441124	527.799650177804	3.04919157245906	73.0246717271935
435.262896033663	367.516131625869	1.50150778545949	67.5385819235461
435.297982161294	368.0131465729	1.50665895770456	67.8033929396261
435.329697448489	368.510537084905	1.51157256070734	68.0685520831809
435.358461846422	369.008300694525	1.51652028703799	68.3277440510796
435.384468539084	369.506491586191	1.52069229107871	68.5575959520807
435.408504928053	370.005023242544	1.52343084017901	68.7295869809211
435.431231737264	370.503724153274	1.52512368337449	68.8346605204007
435.453130866746	371.002493061717	1.52651327935518	68.891672808356
435.474326397796	371.501335013027	1.5276915545775	68.9307571245445
435.495015778444	372.000253030727	1.52849886097145	68.9657813348226
435.515321383905	372.49924671824	1.52925059459256	68.9850423076704
435.535171076519	372.998349311241	1.5305015581967	68.9682384632298
435.554371986322	373.497576792412	1.53227201605267	68.9096725314573
435.572795723007	373.996883995269	1.53399612344576	68.8216566834803
435.590661755117	374.496222037421	1.53512302494688	68.7162054978386
435.608219191948	374.995615342996	1.5356431250752	68.5904504316368
435.625758703792	375.495125857813	1.53598746005451	68.4343810937063
435.643184549032	375.994784336569	1.53649098176728	68.2453830578731
435.660542716533	376.494527516866	1.53704580743758	68.0339464956609
435.677713478193	376.994242560903	1.53752601902717	67.8177521422204
435.69486570318	377.49383052906	1.53806125123757	67.6190314008461
435.711754482122	377.993282804245	1.538872309505	67.4543000678732
435.728464346368	378.492682469521	1.53978633174472	67.3264866549164
435.744832078937	378.992207769378	1.54051607929192	67.2192727703426
435.5602599964	527.68333689671	2.87653505681102	69.8210138409335
435.762133224788	379.507584501174	1.540954619127	67.0653230676317
435.778370936628	380.006594614442	1.54138287163914	66.9848786308567
435.794041975888	380.505637693733	1.5421894288715	66.9056285517303
435.808663807229	381.004799193856	1.54376980393898	66.8253490174911
435.822083341222	381.504017940148	1.5461382820714	66.7514049294432
435.833867929337	382.003311986465	1.54889444727137	66.6849994951455
435.844278931182	382.502806305068	1.55129565136077	66.6410305919583
435.8535022428	383.002514557147	1.55304577815033	66.6152479026199
435.862012864797	383.502247289959	1.55439641364214	66.6005521789006
435.869751243224	384.001877396729	1.55572608320252	66.5736761873366
435.876883603204	384.501490732191	1.55686941799814	66.5376625998791
435.883438872588	385.001213930087	1.5576379253186	66.5037019319928
435.889710664511	385.501030222285	1.55820183080062	66.4974974701983
435.895589446916	386.000868735615	1.55887931024729	66.5142972533436
435.901098414365	386.500731002544	1.55970181442168	66.5408914649704
435.906058981068	387.000663995176	1.56073348954767	66.5494478865252
435.910477077485	387.500674596856	1.56210996802933	66.5417658011165
435.914185553746	388.00073457119	1.56356408639691	66.5284333720332
435.917488358675	388.500812169726	1.56414952111933	66.5377540425448
435.920877826867	389.000874250798	1.56330591975131	66.5729318976683
435.924987069132	389.500880639018	1.56160159977274	66.6306013643149
435.929857263745	390.00081726299	1.56004761192547	66.6806499094357
435.935330285246	390.500704562965	1.55904531808044	66.7003136714337
435.941035828443	391.000573027397	1.55859225187549	66.6646475167265
435.946755620877	391.500443176475	1.55869211517959	66.5884004617072
435.952191659627	392.00034013558	1.55924264351429	66.5006997513828
435.957329037233	392.5002837192	1.55981193401125	66.4454993125172
435.962199739412	393.00026208461	1.56038843233417	66.4315956009806
435.966759542559	393.500238191494	1.56151304500811	66.4563021690759
435.97062793083	394.000197230645	1.5633559437444	66.4949233879304
435.973684731557	394.50015767154	1.56487016210689	66.537897860285
435.976349092748	395.000140180586	1.56483055215456	66.5690461734482
435.979441348914	395.500141840511	1.56315809470783	66.5916463070909
435.983473918511	396.000140094138	1.56090556899714	66.6027188127633
435.988463233706	396.500114066493	1.55915364909742	66.6146566052125
435.994023637122	397.000062908675	1.55841359637851	66.6240690884929
435.999716889673	397.500002898099	1.55858206137914	66.6336035345144
436.005205897703	397.999951138292	1.55933313485359	66.6282888891403
436.010327789516	398.49991090478	1.56027204451149	66.6078961871993
436.015078588866	398.999873246339	1.56114382054671	66.5691948353996
436.019519529112	399.499831411672	1.56174832901606	66.5330648504866
436.023783221102	399.999788836643	1.56199174727783	66.5101138160438
436.027974634506	400.499756924381	1.5618728474201	66.5125171185752
436.032201721095	400.999747332636	1.56164922088773	66.5250053704778
436.036427757743	401.499760791125	1.56151552380722	66.5415382242589
436.040711497	401.999768037984	1.5612405021179	66.5506499632551
436.04525397646	402.499719919906	1.56027647924795	66.5589949245316
436.050451654932	402.999601757601	1.55878704332603	66.5617077737847
436.056262596182	403.499475315867	1.55786484400556	66.5699709729857
436.062200938342	403.999423849907	1.55843219969838	66.5867380592941
436.067542382945	404.499450342342	1.56008425253993	66.6237160464783
436.072118472301	404.999470808885	1.56172551756947	66.6682211445953
436.07610536139	405.499423238394	1.56264003328609	66.7132470801131
436.079958914245	405.999326913185	1.56286521707411	66.7438880092674
436.083851709369	406.49924741561	1.56260691818558	66.7648492863533
436.088030932457	406.999221877729	1.56189786352338	66.7703311476014
436.092586514601	407.499228835477	1.56076047208769	66.7657929805527
436.097712077718	407.999214474115	1.55971849431	66.747752665796
436.103088274273	408.49915005577	1.55960736162974	66.7343542678773
436.10827512346	408.999051655902	1.56076363244241	66.7353382526844
436.112712228742	409.498969703813	1.56241509915145	66.7596041774423
436.116553109789	409.9989491074	1.56344284046123	66.7832335123474
436.12013947733	410.498995602687	1.5633124731221	66.789031667995
436.124091733006	410.999053208363	1.56234114387132	66.765285857161
436.128503213903	411.499052081929	1.56128319580287	66.7354956444865
436.133344184841	411.998993347074	1.56091399836232	66.7179938861181
436.138058269362	412.498960604391	1.56148311405169	66.7289138783061
436.142424462446	412.998971925084	1.5625079557701	66.7566001461506
436.146323037823	413.498909744094	1.56298618951751	66.8023692732767
436.150356151002	413.998689858467	1.56234383052101	66.8654430593169
436.154861716542	414.49843623432	1.56102021728956	66.9512750257204
436.160069491957	414.998353746193	1.56016716243026	67.0360432021086
436.165359324876	415.498500153639	1.5605846405342	67.1029289639903
436.170285090382	415.998732385171	1.56198709636183	67.1371353849603
436.174449184568	416.498855138478	1.56316193607302	67.1467295638433
436.178437804667	416.998760392554	1.56302108060742	67.1309711066095
436.182803338147	417.498497861443	1.56151700370298	67.1037766768023
436.188178183249	417.998249729011	1.55980701802862	67.0732212987892
436.194114763894	418.49821363445	1.5592594171122	67.055246046849
436.200059540846	418.998393401591	1.56022965973628	67.0462647016006
436.205220372237	419.4985731807	1.56175030100543	67.0523397656694
436.209798110777	419.998586692699	1.56283308558671	67.0732520677473
436.213861279783	420.498533975984	1.56341173230909	67.1139696204395
436.21779669837	420.998564097211	1.56385569795046	67.1542997892819
436.221457877324	421.49861246543	1.56404023771438	67.1797055649361
436.225326039961	421.998503800346	1.56357461593186	67.1787995149347
436.22953446349	422.498235399933	1.56252438353967	67.167859029396
436.234490435235	422.997989366822	1.56150962647608	67.1577491400238
436.239768506707	423.497937477232	1.56109975576964	67.158911641282
436.245239911578	423.99807486365	1.56139210365054	67.1578887889539
436.003586033673	527.506288337513	2.61167026520105	66.8598143310855
436.250358458256	424.501789696636	1.56207318098491	67.2323768880311
436.254878271507	425.001646601978	1.56297574331608	67.2118476227189
436.258688288449	425.501495977002	1.56421411257234	67.183895385553
436.261878117415	426.00130556839	1.56561821851894	67.1653121756627
436.264327129378	426.501173982852	1.56639716446625	67.1731771406037
436.266826641547	427.001213398141	1.56581501226307	67.2099951621435
436.269887386551	427.501409514539	1.56396712495631	67.2681472231854
436.274174729338	428.001644456608	1.56176797174998	67.3318406845487
436.279354005263	428.501812885581	1.56024650901417	67.3921910425791
436.285090017256	429.001866433823	1.55998177376763	67.4443704152497
436.290518578457	429.501811010323	1.56083830673595	67.4867442460921
436.295427451699	430.001699331957	1.5621083812975	67.5145870799844
436.299642971274	430.501606081127	1.56295357309126	67.5322156016576
436.303693385026	431.001553047886	1.56310318483215	67.5517170161303
436.307662771782	431.501490609045	1.56302675365052	67.585175279825
436.311675441912	432.001369369181	1.56335394265249	67.6274726621065
436.315289635616	432.501211098784	1.56415363900268	67.6626174636531
436.318543693155	433.001075286895	1.56492125187804	67.6754642964527
436.321445107979	433.500999907002	1.56506377821864	67.6673464500877
436.324557662008	434.000984357119	1.56441251048577	67.6516601340316
436.328045693311	434.501003811447	1.56339219921614	67.6455378832581
436.332056078958	435.001015151986	1.56281505904144	67.6567911302009
436.336035083014	435.500984474823	1.5632399244074	67.6856708321108
436.339665805267	436.000927101856	1.5643571358706	67.7245400963682
436.342704360607	436.500897373298	1.5651189153738	67.7611691285898
436.345678187629	437.000911874037	1.56483114056604	67.7787749562818
436.348899147287	437.500927927607	1.56387474581115	67.7674129511414
436.352598396616	438.000922303525	1.5631453737158	67.7307392325767
436.356394979655	438.500935105415	1.56309000080524	67.6879977392485
436.36013089381	439.000984135177	1.56357582153825	67.6610919344607
436.363517821252	439.501003906945	1.56429549197382	67.662980785422
436.366621941457	440.000921613848	1.56507670693364	67.6895040715933
436.369303780171	440.500763993055	1.56582054719599	67.7268622566706
436.371736721198	441.000647263801	1.56629837280375	67.7613193023729
436.3740223543	441.500677558236	1.56614080769556	67.7885770545194
436.37664941475	442.000854169424	1.56515444442208	67.8110501367279
436.379850172502	442.501060070581	1.56367711938377	67.832037316682
436.383751809212	443.001153098999	1.56261213475124	67.8507016435276
436.387816127035	443.501080395241	1.56276518508804	67.8674348518609
436.391556619297	444.000903335802	1.5639001759165	67.8833453137756
436.394690299417	444.500729675646	1.56476458624382	67.8939616231614
436.397709220695	445.000616881399	1.56447711457944	67.8864524346783
436.401007021964	445.500543542858	1.56360064035806	67.8540305025282
436.404640901777	446.000465537823	1.56346128886729	67.8077433220381
436.407978521317	446.500378908314	1.56464388641011	67.7717382043443
436.410586410604	447.000313837802	1.56644139305659	67.7639754681448
436.412397422358	447.500300132725	1.56755445474118	67.7845783948789
436.414039866725	448.000351458739	1.56726467591957	67.8188728182766
436.416078042622	448.500459360185	1.56594928857144	67.8524143942461
436.41888085798	449.000584988044	1.56450277061841	67.8797842304193
436.422279486342	449.50067046194	1.56349228570319	67.9015948060757
436.426078070611	450.000675431161	1.56298660089037	67.9165043415783
436.429971943005	450.500607424895	1.56284230377265	67.9215230069567
436.433871981898	451.00051122061	1.5629101278872	67.9156656662486
436.437646687869	451.500430430285	1.56310724215986	67.9009326839585
436.441296030816	452.000372617383	1.5634785517454	67.8790213690849
436.444668845286	452.50032082507	1.56410987157157	67.8503575640277
436.447710557925	453.000275758837	1.56487570686405	67.8168941003702
436.45041245167	453.500264654313	1.56537007458194	67.7859476561944
436.453061117406	454.000296356474	1.565266488838	67.7671198062931
436.455901752841	454.500332759938	1.56471013420301	67.762825847365
436.459040821784	455.000323587832	1.56431397557307	67.7628692110537
436.462167340703	455.500258399569	1.56471263183698	67.7519024521401
436.46485786114	456.000169347395	1.56599804783486	67.7211899379807
436.466780879996	456.500096992087	1.5675713348393	67.6736023137788
436.468063205767	457.000063146804	1.5685751752158	67.6225134865714
436.469120544045	457.500067583583	1.5685006799563	67.5881987322735
436.470492206561	458.000097366547	1.56749966544086	67.5890310890244
436.47244564302	458.500134730756	1.56619735877325	67.6280756418895
436.474989064111	459.000160440144	1.56516430707271	67.6861126042139
436.477904125434	459.500161828076	1.56456560825307	67.7308068767345
436.481019749708	460.000142919938	1.56424652513936	67.7375603670617
436.484231929162	460.500118906098	1.56398487357855	67.7055402709717
436.487567560521	461.000097457918	1.56367231477355	67.6549946931918
436.491049820736	461.500073584942	1.56337164102835	67.6077689239561
436.494646532625	462.000042981315	1.56332241044647	67.57061268052
436.498157690063	462.500012737433	1.56381510478913	67.5362088831076
436.501301759973	462.999993039511	1.56484416323378	67.4962316654542
436.503915759082	463.499983154583	1.56592166394787	67.4501076077163
436.506143140481	463.99997300845	1.56637676925706	67.4034209013703
436.508391716257	464.499955384419	1.56588768126627	67.3605959382346
436.511046767028	464.999931260256	1.56482064477903	67.3218251172801
436.514188152943	465.49990859447	1.56404054644133	67.2866159270824
436.517482446733	465.999897846632	1.56422088949586	67.2555733910943
436.5204655566	466.499902856572	1.5653022323919	67.2256879316156
436.522834494836	466.999914466047	1.56660833924705	67.1906667847405
436.524681696193	467.499915026811	1.56738453602002	67.151327353971
436.526346507768	467.999890331368	1.56725002853845	67.1206092814835
436.528286949242	468.499836736693	1.56626583399027	67.1109686825374
436.530827925662	468.999760088527	1.56474258228709	67.1192436354254
436.534163005372	469.499675053289	1.56315038184287	67.1281960276742
436.538162413811	469.999609435286	1.56214003779182	67.1212080800324
436.542433163614	470.499597659514	1.56224958176518	67.0927845513446
436.546392591513	470.999649982486	1.56330026811483	67.045842640014
436.549816851739	471.49972587584	1.56433894041662	66.9812789074604
436.552893948673	471.99976439841	1.56454891869342	66.8939313544504
436.556080954129	472.499740778222	1.56410682364967	66.7816207401391
436.559446485923	472.999685193439	1.56391784512091	66.655179416142
436.562730888438	473.499652070941	1.5646044847199	66.5371606870112
436.565468859155	473.999665496264	1.56590055505343	66.4506197927551
436.567610687654	474.499690514495	1.56692818358321	66.4082305979966
436.569418409622	474.999670929793	1.567012588223	66.4072022116125
436.5714379013	475.49958652936	1.56620140489472	66.4322401163689
436.573923710538	475.999467427302	1.56506751762707	66.4616379816982
436.576945442529	476.499372806154	1.56425759210511	66.4750921007753
436.580163570146	476.999362370361	1.56427673004594	66.4618247320206
436.58319443426	477.499455339869	1.56524847386325	66.4267627629813
436.585605981769	477.999591664821	1.56657131749265	66.3843762248599
436.587554618271	478.499654872388	1.56712212093148	66.3437297968319
436.589542216617	478.999576475398	1.56625576172419	66.3010758632399
436.592260526764	479.499402748051	1.56452361699244	66.2510373385802
436.595767719509	479.999243553303	1.56312235807502	66.1967814348434
436.599763234586	480.49917745927	1.5627923649808	66.1473562244744
436.603615282083	480.999211524791	1.56344733673326	66.1081857798956
436.607050023993	481.499305586237	1.56450985876922	66.0796805304321
436.609923712121	481.999417813328	1.56538279902887	66.0564048500205
436.612536897606	482.499512845229	1.56566932087325	66.0251545705744
436.61514343686	482.999540115411	1.56520306869884	65.9681990820316
436.618205196911	483.499452139281	1.56414449501315	65.8805799549056
436.621774835055	483.999285078403	1.56315613688586	65.7783828702476
436.625707659395	484.499178854714	1.56308686788189	65.6872523150027
436.629327086023	484.999242167385	1.56420912520336	65.6216931779379
436.632292446365	485.499405308585	1.56577662025752	65.5812052943084
436.634566202488	485.999477000169	1.56654242027407	65.5552488929412
436.636888012504	486.499340587125	1.56576877051338	65.5308765419041
436.639860113242	486.999060257724	1.56383775867509	65.4931662797917
436.643910389523	487.498809879718	1.56196062867902	65.4303001268916
436.648592068203	487.99871550953	1.56126346198494	65.3422525498428
436.653331453478	488.498780226703	1.56206267243102	65.25087997919
436.657295464091	488.998977873522	1.5640121728649	65.1849600836166
436.660176734647	489.499316225427	1.56652640376385	65.1538683942929
436.661707623835	489.999716207295	1.5689566485668	65.1389579989319
436.662268423184	490.499952253797	1.57057561063405	65.1242384315407
436.662268248481	490.999872929482	1.57086533433707	65.1146148693202
436.662554456339	491.499588023126	1.56977480646809	65.1182550049864
436.66357211438	491.999311959	1.56773306150879	65.1175855372242
436.665779533378	492.499116058601	1.565435104368	65.0839326597922
436.669025666551	492.998912139467	1.56339481593166	65.009227421049
436.673298068342	493.498614028507	1.56175165324138	64.9197201904586
436.678236392708	493.998263554772	1.56048282841316	64.8508609194546
436.683806032182	494.498011270412	1.55960004649356	64.8180598136657
436.689617562174	494.997992409759	1.5592610196284	64.8019242896564
436.695546025	495.498221408724	1.55964343888259	64.7683410121942
436.701034005734	495.998607228459	1.56081084044543	64.6931327985444
436.705909538842	496.498989740697	1.56245333821163	64.5810269527503
436.709905769791	496.999146469785	1.56370942014134	64.4574306737127
436.713687187901	497.498887544088	1.56351509083169	64.3540372752777
436.717898736949	497.998286980225	1.5617417019515	64.2852537064666
436.723285509392	498.497752798036	1.55976043980856	64.2434748425692
436.72923391289	498.997728253095	1.55958448172867	64.205011694957
436.734728784688	499.498277995688	1.56199296711153	64.1581075671091
436.738427025371	499.998991753222	1.56561411791565	64.1097999895756
436.740555950758	500.499306771347	1.56791034232228	64.0786498508592
436.742075699095	500.998974068338	1.56737359197619	64.0718413274585
436.744645117979	501.498221991145	1.56471039227622	64.0855921422617
436.748650816906	501.997517169463	1.56191679721121	64.1050645657798
436.52786772444	527.01912957528	2.20116463276719	65.0975471962604
436.318746945096	527.298816838324	2.38946084868318	64.955169563207
436.754230811233	502.502660581823	1.56042222504085	64.0531857300257
436.760061761915	503.002466962783	1.56033380138554	64.0532521298597
436.7658192084	503.502081173285	1.56076674939905	64.0279679216345
436.771213308173	504.001761390913	1.56093379026838	63.9691838137884
436.776703659788	504.501626389817	1.56069594189589	63.8850225269588
436.782156888564	505.001649274581	1.5605561216684	63.7844856842005
436.787598526932	505.501712856863	1.56103709730673	63.6960261184533
436.792453975867	506.001700088007	1.56216272717187	63.6374049166877
436.796780838907	506.501574630641	1.5632285308648	63.6175300826404
436.800647741087	507.001440883351	1.56334225276759	63.6118911990878
436.804889073271	507.501444659004	1.56215803288773	63.5988795861433
436.809807408279	508.001578316484	1.56048225510969	63.5611252633235
436.815471927852	508.501653560581	1.55974482695192	63.5101720193315
436.820983872083	509.001565839003	1.56057695623438	63.4548037593829
436.825936761395	509.501424678544	1.5620209080949	63.4090656149498
436.830212372199	510.001358994352	1.56271021092957	63.3676845439304
436.834499367573	510.501315446624	1.56227804052661	63.3308019289071
436.838984599127	511.001171695655	1.56149962482206	63.2886371978437
436.843766293924	511.500933977499	1.56117733651485	63.2446448468751
436.848423790858	512.000750626438	1.56136231420859	63.1931581649258
436.853042600781	512.500753154742	1.56148657564082	63.1400742754786
436.857602853206	513.000934379227	1.56135470869789	63.0818698232425
436.862266651845	513.501154440403	1.56153003602043	63.0288473875529
436.866566046718	514.001270649776	1.56255248857264	62.9832186788583
436.870284749017	514.50123481596	1.56411107657443	62.9617052285231
436.873206880079	515.001093027372	1.56541096077059	62.9650083364164
436.875695154706	515.500927694414	1.56602348251892	62.9922591826234
436.877858893089	516.000825961627	1.56603491451066	63.0184803118663
436.879997942058	516.500840937567	1.56576210836984	63.0391819800405
436.881995384754	517.000965533636	1.56561480544412	63.0616999938391
436.883876298541	517.501148057602	1.565908941955	63.1238416137619
436.885308638311	518.00136098142	1.56667852874647	63.2438566753382
436.886181498222	518.50159219369	1.56820033224568	63.4295128459132
436.88571432139	519.001773088853	1.57188323314588	63.6597373941139
436.882625134817	519.501802836143	1.57944144586086	63.9372690474417
436.875153018098	520.001737475134	1.58969697009362	64.2808252431485
436.863303544024	520.501868235511	1.59781707657989	64.7395725545347
436.84921770983	521.002529265222	1.59900975407927	65.3394996541335
436.836695290162	521.503705224989	1.59313821498633	66.0950709766554
436.828283417226	522.004960003451	1.58360513881732	66.986684606168
436.825106994864	522.505813945544	1.57396064355828	67.9901842075867
436.826596281042	523.006110264394	1.56556628386423	69.0505110353877
436.83217733656	523.505964383168	1.55859978101953	70.1044249243466
436.840972762452	524.005561908604	1.55237482735051	71.0648221672914
436.852856982875	524.504783849325	1.54602155655318	71.8435224218447
436.867304048854	525.002928927232	1.54074114698754	72.2701007087709
436.88094235863	525.498634379215	1.55025283974068	72.0023392846826
436.876699800098	525.988692843768	1.61940734356275	70.5813012402105
436.81066396329	526.454345014003	1.80905190104172	68.1030782973755
