    0.150788     0.554424     0.697343
    0.155248     0.556573     0.694851
    0.151288     0.554887     0.693434
    0.151552     0.555109     0.691478
    0.151823     0.555327     0.689521
    0.156309     0.557447     0.687016
    0.152378     0.555751     0.685606
    0.152659     0.555957     0.683647
    0.152942      0.55616     0.681687
    0.149029     0.554463     0.680283
    0.153516     0.556555     0.677766
    0.149612     0.554856     0.676365
    0.149905     0.555046     0.674405
    0.150195     0.555235     0.672445
    0.150484     0.555423     0.670485
    0.150771     0.555608     0.668524
    0.151059      0.55579     0.666563
     0.14717     0.554088     0.665173
    0.147551     0.554307     0.663201
    0.152016     0.556363     0.660665
     0.14813     0.554658     0.659281
    0.148424     0.554831     0.657321
    0.148721     0.555001      0.65536
    0.149019     0.555167     0.653401
    0.149313     0.555329      0.65144
    0.149606     0.555486     0.649479
    0.149898     0.555638     0.647517
    0.150191     0.555786     0.645555
    0.150486      0.55593     0.643592
    0.146635     0.554222     0.642228
    0.146933     0.554364     0.640268
    0.147227     0.554501     0.638307
    0.147519     0.554635     0.636346
     0.14781     0.554768     0.634384
      0.1481     0.554901     0.632422
    0.148392     0.555036     0.630459
    0.148682     0.555171     0.628496
    0.148973     0.555306     0.626533
    0.149261     0.555441      0.62457
    0.149547     0.555573     0.622607
    0.149827     0.555701     0.620643
    0.145979     0.553992     0.619301
    0.146256     0.554115     0.617338
    0.146535     0.554237     0.615375
    0.146815      0.55436     0.613412
    0.147095     0.554487     0.611448
    0.147372     0.554615     0.609485
    0.147645     0.554744     0.607521
    0.147914     0.554871     0.605556
    0.148181     0.554997     0.603591
    0.148447     0.555121     0.601626
    0.148715     0.555244      0.59966
    0.148985     0.555364     0.597694
    0.149258     0.555484     0.595729
    0.149531     0.555604     0.593763
    0.149803     0.555724     0.591797
    0.150071     0.555843     0.589831
    0.150334     0.555959     0.587865
    0.150592     0.556076     0.585897
    0.150846     0.556194      0.58393
     0.14698     0.554481     0.582621
    0.147227       0.5546     0.580655
    0.147475     0.554719     0.578687
    0.147725     0.554838      0.57672
    0.147977     0.554956     0.574753
    0.148229     0.555072     0.572786
     0.14848     0.555188     0.570819
    0.148728     0.555302     0.568852
    0.148975     0.555415     0.566884
    0.149218     0.555525     0.564915
    0.149458     0.555633     0.562946
    0.149696     0.555739     0.560977
    0.149934     0.555845     0.559008
    0.146072     0.554129     0.557723
     0.14631     0.554236     0.555756
     0.14655     0.554347     0.553788
    0.150895     0.556289     0.551131
    0.147029     0.554572     0.549854
    0.147265     0.554684     0.547886
    0.147494     0.554796     0.545917
     0.14772     0.554906     0.543947
    0.147945     0.555013     0.541977
    0.148172     0.555117     0.540006
    0.148399     0.555217     0.538036
    0.148626     0.555315     0.536067
     0.14885     0.555414     0.534098
    0.149073     0.555517     0.532129
    0.149295     0.555623      0.53016
     0.14952     0.555731     0.528189
    0.149744     0.555836     0.526217
    0.149963     0.555936     0.524245
    0.150175      0.55603     0.522273
    0.146304     0.554311     0.521022
    0.146514     0.554404     0.519053
    0.150809     0.556317     0.516359
    0.146939     0.554596     0.515114
    0.147153     0.554694     0.513144
    0.147366     0.554792     0.511173
    0.147574     0.554887     0.509201
    0.147777     0.554979      0.50723
    0.147976      0.55507     0.505258
    0.148175      0.55516     0.503287
    0.148377      0.55525     0.501316
     0.14858     0.555343     0.499346
    0.148833     0.555462     0.497366
     0.14904     0.555563     0.495393
    0.149241     0.555663     0.493421
    0.149436     0.555759      0.49145
    0.149627      0.55585     0.489478
    0.149818     0.555937     0.487507
     0.15001     0.556023     0.485534
    0.150203     0.556111      0.48356
    0.150396       0.5562     0.481587
    0.146516     0.554476     0.480374
    0.146709     0.554565     0.478402
    0.146898     0.554652     0.476431
    0.147083     0.554736     0.474459
    0.147264     0.554816     0.472486
    0.147441     0.554895     0.470514
    0.147616     0.554972     0.468541
    0.147793     0.555048     0.466569
    0.147971     0.555123     0.464596
    0.148149     0.555198     0.462623
    0.148325     0.555274      0.46065
      0.1485     0.555351     0.458676
    0.148674     0.555429     0.456703
    0.148847     0.555505     0.454729
    0.149017     0.555579     0.452756
    0.149185     0.555652     0.450782
    0.149349     0.555724     0.448808
    0.149514     0.555797     0.446832
    0.149677     0.555872     0.444857
    0.145789     0.554145      0.44368
     0.14595     0.554218     0.441707
     0.15015     0.556084     0.438934
    0.150303     0.556151     0.436959
    0.150458     0.556221     0.434983
    0.146565     0.554492     0.433815
    0.146723     0.554564     0.431841
    0.150928     0.556438     0.429058
    0.147038     0.554709     0.427895
    0.147193     0.554778     0.425922
    0.147344     0.554845     0.423948
    0.147494     0.554912     0.421974
    0.147642     0.554978         0.42
    0.147788     0.555041     0.418027
     0.14793     0.555101     0.416053
    0.148068      0.55516     0.414078
    0.148206     0.555218     0.412103
    0.148343     0.555276     0.410129
    0.148484     0.555336     0.408154
    0.148627     0.555398      0.40618
    0.152808     0.557254      0.40337
    0.152948     0.557312     0.401394
    0.153085     0.557367     0.399417
     0.15322      0.55742     0.397441
    0.149321     0.555685     0.396307
    0.145427     0.553952     0.395175
    0.149577     0.555791     0.392355
    0.145677     0.554058     0.391226
    0.145808     0.554116     0.389253
    0.145943     0.554176      0.38728
    0.146079     0.554235     0.385308
    0.150231     0.556077      0.38248
    0.146332     0.554343     0.381361
    0.146448     0.554393     0.379386
    0.146562     0.554443     0.377412
    0.150698     0.556279     0.374575
    0.146797     0.554545     0.373464
    0.146914     0.554594      0.37149
     0.14703     0.554642     0.369516
    0.151161     0.556475     0.366671
    0.147255     0.554738     0.365566
    0.147366     0.554788     0.363592
    0.151497     0.556626     0.360742
    0.147595      0.55489     0.359644
    0.147714     0.554939     0.357671
    0.147832     0.554985     0.355697
    0.156875     0.555474     0.715949
    0.157144     0.555816     0.714008
    0.157415     0.556149     0.712064
    0.157994      0.55661     0.710076
    0.153975     0.554935     0.708641
    0.154201     0.555217     0.706692
    0.154419     0.555483     0.704739
    0.154631     0.555736     0.702782
    0.154841      0.55598     0.700823
     0.15505     0.556217     0.698862
    0.147911     0.555012     0.353713
    0.148024     0.555054     0.351739
    0.148132     0.555095     0.349766
    0.148234     0.555134     0.347792
    0.148332     0.555174     0.345817
    0.148426     0.555212     0.343842
     0.14852     0.555249     0.341866
    0.148614     0.555285      0.33989
    0.148711     0.555322     0.337916
    0.148813     0.555359     0.335941
     0.14892     0.555399     0.333967
    0.149027     0.555439     0.331993
    0.149132     0.555478     0.330018
    0.149229     0.555517     0.328043
    0.149319     0.555553     0.326069
    0.145408     0.553814     0.325004
    0.149485     0.555622     0.322118
    0.149566     0.555656     0.320143
     0.14965      0.55569     0.318168
    0.149736     0.555724     0.316194
    0.149822     0.555761      0.31422
    0.149905       0.5558     0.312246
    0.149981     0.555839     0.310271
    0.150053     0.555877     0.308296
    0.150124      0.55591     0.306319
    0.150197     0.555939     0.304344
     0.15027     0.555964     0.302368
    0.150338     0.555986     0.300393
    0.150404     0.556008     0.298418
    0.146488     0.554266     0.297379
    0.146555     0.554292     0.295407
    0.150613     0.556098     0.292494
    0.146697     0.554355     0.291462
    0.146768     0.554386     0.289489
    0.146837     0.554414     0.287515
    0.146901      0.55444     0.285542
    0.150946     0.556236     0.282619
    0.147026     0.554492     0.281596
    0.151063     0.556286      0.27867
    0.151117     0.556309     0.276696
     0.15117      0.55633     0.274721
    0.147247     0.554584     0.273705
    0.147305     0.554605     0.271732
    0.151341     0.556392     0.268796
    0.147424     0.554647     0.267787
    0.147479     0.554668     0.265814
    0.151506     0.556458     0.262873
    0.151555      0.55648     0.260899
    0.151603     0.556501     0.258924
    0.147676     0.554754     0.257924
    0.147722     0.554775     0.255951
    0.147765     0.554797     0.253979
    0.151776     0.556585     0.251027
    0.151815     0.556604     0.249053
    0.147885     0.554855     0.248061
    0.147929     0.554873     0.246089
    0.147971      0.55489     0.244117
    0.151979     0.556673     0.241157
    0.148048     0.554924     0.240174
    0.148084     0.554941     0.238202
    0.148118     0.554959     0.236229
    0.148153     0.554974     0.234256
     0.14819     0.554986     0.232283
    0.152182     0.556751     0.229311
    0.148255        0.555     0.228339
      0.1483     0.555014     0.226364
    0.148335     0.555026     0.224392
    0.148369     0.555042     0.222419
    0.148402     0.555057     0.220447
    0.148429     0.555071     0.218476
    0.148453     0.555081     0.216506
    0.148477      0.55509     0.214535
    0.148499     0.555098     0.212564
    0.148518     0.555104     0.210593
    0.148531     0.555107     0.208622
    0.148541     0.555111     0.206651
    0.148553     0.555116      0.20468
    0.148566     0.555122     0.202709
    0.148581      0.55513     0.200739
    0.148596     0.555138     0.198768
    0.148609     0.555146     0.196798
     0.14862     0.555154     0.194828
    0.148627     0.555162     0.192858
    0.148633     0.555168     0.190887
    0.148639     0.555175     0.188917
    0.148646     0.555182     0.186947
    0.148653     0.555188     0.184978
    0.148657     0.555191     0.183009
    0.148656      0.55519     0.181039
    0.148654     0.555187      0.17907
    0.148652     0.555184     0.177101
     0.14865     0.555181     0.175131
    0.148647     0.555178     0.173162
    0.148643     0.555176     0.171194
    0.148637     0.555173     0.169225
    0.148629     0.555168     0.167257
    0.148617     0.555163     0.165288
    0.148602     0.555157      0.16332
    0.148586     0.555152     0.161352
    0.148574      0.55515     0.159383
    0.148567     0.555151     0.157415
    0.148562     0.555152     0.155447
    0.148555     0.555152     0.153479
    0.148543     0.555149     0.151511
    0.148525     0.555141     0.149544
    0.148506     0.555131     0.147577
    0.148485     0.555119      0.14561
    0.148464     0.555108     0.143644
     0.14844     0.555096     0.141677
    0.148413     0.555084      0.13971
    0.148384     0.555072     0.137743
    0.148356     0.555063     0.135776
    0.148329     0.555058     0.133809
    0.148302     0.555054     0.131843
    0.148272     0.555049     0.129877
    0.148239     0.555039     0.127912
    0.148202     0.555023     0.125946
    0.148163     0.555003     0.123981
    0.148122     0.554981     0.122016
    0.148078     0.554959     0.120051
     0.14803     0.554939     0.118086
    0.147982     0.554921     0.116122
    0.147936     0.554903     0.114157
     0.14789     0.554884     0.112193
    0.147844     0.554862     0.110229
    0.147796     0.554839     0.108265
    0.147745     0.554816     0.106302
    0.147694     0.554795     0.104338
    0.147643     0.554775     0.102375
    0.147594     0.554755     0.100412
    0.147545     0.554733    0.0984497
    0.147496     0.554708    0.0964871
    0.151348     0.556417    0.0934017
    0.151301      0.55639    0.0914381
    0.151253     0.556364    0.0894741
    0.151199     0.556337    0.0875093
    0.151135     0.556312    0.0855442
    0.151065     0.556289    0.0835794
    0.150992      0.55627    0.0816154
    0.150921     0.556248    0.0796522
    0.150852     0.556221    0.0776898
    0.150785      0.55619    0.0757286
    0.162218     0.555661     0.736475
    0.162473     0.556013      0.73454
    0.162756     0.556368     0.732603
    0.158749     0.554698      0.73115
    0.155186     0.553229      0.72965
    0.159795       0.5556      0.72723
    0.160107     0.555942     0.725291
    0.156122     0.554264     0.723844
    0.156426     0.554605     0.721907
    0.161015     0.556964     0.719472
    0.156997     0.555289     0.718028
    0.150759     0.556179    0.0757232
    0.150681      0.55614    0.0737599
    0.150609     0.556104     0.071798
    0.150544     0.556076    0.0698372
    0.150482     0.556052    0.0678766
    0.150413     0.556028    0.0659155
    0.150333     0.555997    0.0639545
    0.150243     0.555959    0.0619943
    0.146269     0.554193    0.0611862
    0.146178     0.554152    0.0592285
    0.149976     0.555846    0.0561153
    0.146006     0.554078    0.0553123
    0.149823     0.555785     0.052193
     0.14975     0.555756     0.050232
    0.149677     0.555724    0.0482716
    0.149603      0.55569    0.0463118
    0.149528     0.555655    0.0443526
    0.149478     0.555632    0.0423848
    0.149388     0.555589    0.0404273
     0.14929     0.555543    0.0384706
    0.149186     0.555494    0.0365142
     0.14908     0.555445    0.0345577
    0.148975     0.555397    0.0326009
    0.148872     0.555352    0.0306436
    0.148773     0.555307    0.0286862
    0.148672     0.555262    0.0267293
    0.148565     0.555215    0.0247734
    0.148451     0.555166    0.0228185
    0.148332     0.555113    0.0208642
    0.148212     0.555061    0.0189097
    0.151971     0.556733    0.0157616
     0.15186     0.556688    0.0138039
    0.147873     0.554916    0.0130432
    0.147763     0.554872    0.0110878
    0.159112     0.559908    0.0055749
    0.155109     0.558121   0.00481778
    0.151121     0.556326   0.00405695
    0.150687     0.555946   0.00218005
    0.147951     0.554448   0.00115173
    0.149701     0.553975  -0.00114943
    0.165772     0.555776     0.747811
    0.161692     0.554135     0.746347
    0.157622     0.552495     0.744886
    0.149287     0.548854     0.743895
    0.162327      0.55518      0.74054
    0.162529     0.555521     0.738599
    0.162725     0.555864     0.736655
    0.146945     0.552882 -0.000870694
    0.147253     0.552032  -0.00199016
    0.167875     0.554415     0.762979
    0.172487     0.556981     0.760639
     0.16408     0.553243       0.7596
    0.173102     0.557877     0.756806
    0.173979     0.558569     0.754824
    0.169932     0.556906     0.753349
    0.165884     0.555249     0.751877
    0.166135     0.555634     0.749949
    0.148004     0.550039  -0.00314429
    0.147868     0.549615  -0.00333232
    0.171068     0.554121     0.772395
    0.175641     0.556634     0.770053
    0.171524     0.555013     0.768574
    0.167415     0.553394     0.767097
    0.168328       0.5542     0.765127
    0.168556     0.554679      0.76322
    0.146721     0.545943  -0.00356736
    0.178963       0.5559     0.783273
    0.174859     0.554288     0.781786
    0.175129     0.554758     0.779887
    0.175402     0.555192     0.777976
    0.175669     0.555611      0.77606
    0.171585     0.553979     0.774573
    0.148136     0.545546  -0.00376102
    0.178027     0.553637     0.791156
    0.178262     0.554187      0.78928
    0.178505     0.554731     0.787402
     0.17875     0.555276     0.785519
    0.174598     0.553672     0.784027
    0.148285     0.543506  -0.00375832
    0.185439     0.555161     0.800182
    0.181329     0.553568     0.798689
    0.181602     0.554063     0.796799
    0.177509     0.552447     0.795299
    0.177774     0.552964     0.793413
    0.147019     0.539787   -0.0035821
    0.188913     0.554937     0.807705
    0.184763     0.553368     0.806211
     0.18161     0.552299     0.804644
    0.181836     0.552877     0.802786
    0.148646     0.539452  -0.00374879
    0.187777     0.552362     0.815559
     0.18367     0.550779     0.814054
    0.198206     0.558482     0.811067
    0.194071     0.556881     0.809559
    0.147368     0.535743  -0.00359213
    0.192286     0.552483     0.822964
    0.201304      0.55742      0.82043
     0.19715     0.555864     0.818933
    0.194068      0.55486     0.817353
    0.147484     0.533697  -0.00360815
    0.204399     0.556322     0.829791
    0.205838     0.557583     0.827884
    0.201702     0.556008     0.826372
    0.197565     0.554435     0.824862
    0.147721     0.531582  -0.00365879
    0.204911     0.554692     0.835645
    0.205138     0.555379     0.833841
    0.205375     0.556054      0.83203
    0.201196     0.554524     0.830531
    0.147791     0.529521  -0.00368699
    0.208315     0.554006     0.843111
    0.208543     0.554671     0.841304
    0.208794      0.55531      0.83948
    0.204655     0.553761      0.83797
    0.147868     0.527463  -0.00371799
    0.216324     0.556009     0.848422
    0.212166     0.554516     0.846931
    0.208024     0.553007     0.845434
    0.209607     0.554453     0.843564
     0.14794     0.525404  -0.00375215
     0.21554     0.553481     0.854305
    0.226014     0.559523     0.851915
    0.221863     0.557996     0.850406
    0.217699     0.556479     0.848902
       0.148     0.523342  -0.00378923
    0.216565     0.552505      0.85833
    0.221124     0.555448     0.856296
     0.21697     0.553963     0.854803
    0.146649     0.519621  -0.00367373
    0.230466      0.55747     0.863339
    0.230683     0.558187     0.861569
    0.222172     0.554468     0.860328
    0.146697     0.517556  -0.00371312
    0.229831     0.554765     0.869138
    0.225708     0.553308     0.867654
    0.230191     0.556316     0.865681
    0.146941     0.515446  -0.00377243
    0.233496     0.554244     0.874693
    0.237981     0.557266     0.872747
    0.233849     0.555791      0.87125
    0.148499     0.515079   -0.0039482
    0.222753     0.546638     0.879192
    0.218671     0.545211     0.877715
    0.235131     0.554774     0.875257
    0.148703     0.513076  -0.00395861
    0.247081     0.556988     0.883734
    0.253363      0.56109     0.881777
    0.249228     0.559634     0.880286
    0.147544     0.509438  -0.00381048
    0.240447     0.551405     0.887977
    0.236369     0.550006     0.886513
    0.238461     0.551985     0.884797
    0.147812     0.507463  -0.00381628
     0.25043     0.554776     0.891532
    0.252563     0.556764     0.889817
    0.242244     0.551969     0.888593
    0.148086      0.50549  -0.00382203
    0.256293     0.555909     0.895263
    0.252212     0.554514     0.893798
    0.148344     0.503511  -0.00382881
    0.260055     0.554949     0.900652
     0.26008     0.555784     0.899042
    0.255999      0.55439     0.897574
    0.148568      0.50152  -0.00383852
    0.263806     0.554726     0.904393
     0.25976     0.553385     0.902955
    0.261992     0.555544     0.901312
    0.148738     0.499509  -0.00385314
    0.269902     0.555845     0.908084
    0.265872     0.554516     0.906654
    0.265805      0.55533     0.905071
    0.149003     0.497413  -0.00390206
    0.273677     0.555515      0.91179
    0.269665     0.554212     0.910375
    0.269578     0.555043     0.908819
    0.149028     0.495344  -0.00393266
    0.273452     0.553835     0.914074
    0.275786     0.556142     0.912502
    0.147583     0.491608  -0.00379053
      0.2772     0.553386     0.917751
    0.275791     0.553645     0.916312
    0.147569     0.489527  -0.00381209
    0.283598     0.554487     0.921381
     0.28338     0.555293     0.919886
    0.147494     0.487378  -0.00382386
     0.28744     0.553938     0.924987
    0.287095     0.554746     0.923541
    0.283149     0.553495     0.922156
    0.147495     0.485304  -0.00384365
    0.293676     0.555844      0.92714
    0.289746     0.554587     0.925752
    0.148962     0.484893  -0.00403289
    0.294332     0.553295     0.930733
     0.29367     0.553983     0.929337
    0.147701     0.481116  -0.00390103
    0.301482     0.554512     0.934215
    0.297639     0.553325     0.932876
    0.296739     0.553963     0.931528
     0.14778     0.479073  -0.00390174
     0.30473     0.554543     0.936383
    0.303944      0.55519     0.935027
    0.147904     0.477047  -0.00389193
    0.311779     0.555613     0.939815
    0.311051     0.556388     0.938528
    0.304191     0.553311     0.937189
    0.148051     0.475032  -0.00387562
    0.312145     0.553714     0.941927
    0.314347     0.556305     0.940656
    0.148208     0.473022  -0.00385579
    0.318493      0.55553     0.944068
    0.314754     0.554404     0.942776
    0.148371     0.471014  -0.00383405
    0.322795      0.55475     0.947408
     0.32171     0.555264     0.946148
    0.148533     0.469006  -0.00381307
    0.326081     0.554429     0.949453
    0.325486     0.555445     0.948276
    0.148686     0.466995  -0.00379606
    0.330139     0.554735     0.951551
    0.328825     0.555137     0.950339
    0.148812     0.464976   -0.0037857
    0.336988     0.555327     0.954745
    0.336523      0.55648     0.953668
    0.147409     0.461282   -0.0036063
    0.338434     0.553633     0.956677
     0.33669     0.553808      0.95553
    0.147568     0.459157  -0.00363604
    0.344793     0.555332      0.95877
    0.341314     0.554341     0.957591
    0.147537     0.457079  -0.00364345
    0.348166     0.554787     0.960683
    0.344745     0.553827      0.95953
    0.147513     0.455005  -0.00365301
    0.351522     0.554157     0.962563
    0.351148     0.555503     0.961621
    0.147501     0.452937   -0.0036652
    0.357869     0.555786      0.96462
    0.357546     0.557161     0.963701
    0.147501     0.450874  -0.00367856
    0.360343     0.554393     0.966396
    0.360932     0.556516     0.965581
    0.147441     0.448733  -0.00368034
    0.366654     0.555971     0.968421
    0.363445     0.555123     0.967366
    0.147478     0.446667  -0.00367922
    0.370406     0.555363     0.970177
    0.369795     0.556691     0.969393
    0.147641     0.444587  -0.00363982
    0.376647     0.556869     0.972151
    0.373576     0.556067     0.971146
    0.147784     0.442612  -0.00345893
    0.380444     0.556205     0.973825
    0.377455     0.555435     0.972852
    0.148907     0.440921  -0.00301578
    0.384253     0.555506     0.975444
    0.383679     0.556891     0.974798
    0.149884     0.439551  -0.00234406
    0.387542     0.556204     0.976434
    0.151284     0.437858 -0.000770952
    0.151118     0.438964  -0.00171794
    0.391386     0.555488     0.978033
    0.147329     0.432831   0.00426273
    0.148937     0.434638   0.00223782
    0.394871     0.554473     0.979556
    0.394722     0.556165      0.97902
      0.1659     0.437608     0.751475
    0.166245     0.438028      0.74959
    0.162301     0.436526     0.748157
     0.17116     0.440655     0.745342
    0.162968     0.437273     0.744364
    0.163247     0.437614     0.742466
     0.16351     0.437935     0.740557
    0.163759     0.438232      0.73863
    0.157334     0.435899   0.00566759
     0.15882     0.437632    0.0036021
    0.154892      0.43641   0.00304582
    0.400766     0.555721     0.981332
    0.398187     0.555109     0.980519
    0.172959     0.438957     0.762292
     0.16895     0.437482     0.760852
    0.169243     0.437907     0.758967
    0.169577     0.438333     0.757072
    0.165587     0.436847     0.755634
    0.161608     0.435369     0.754202
     0.16731     0.438971   0.00707386
    0.166796     0.439554   0.00553868
    0.162802     0.438314   0.00497319
    0.401875     0.554282     0.982017
     0.17502     0.437808     0.775425
    0.180555     0.440661     0.773065
    0.176577     0.439155     0.771605
    0.176906     0.439549     0.769716
    0.172941     0.438033     0.768255
    0.173261      0.43843     0.766364
    0.173544     0.438837     0.764475
    0.173809       0.4402   0.00946357
    0.169817     0.438934   0.00888243
    0.169344     0.439552   0.00734021
      0.4077     0.555478     0.983753
    0.405319     0.554945     0.983019
    0.183624     0.440022     0.782374
    0.183863     0.440523     0.780515
    0.184103     0.441035     0.778656
    0.175704     0.437629     0.777611
    0.174862     0.438452    0.0133263
     0.17438     0.439055    0.0117863
    0.173926     0.439685    0.0102414
    0.411075      0.55448     0.985095
    0.408819     0.553988     0.984406
    0.185686      0.43871     0.795502
    0.194831     0.443221     0.792879
    0.190818     0.441713     0.791396
    0.186819     0.440188     0.789906
    0.182841     0.438671     0.788424
    0.183969     0.439441     0.786468
    0.179965     0.437957     0.785002
    0.182936     0.440385    0.0152587
    0.178951     0.439139     0.014681
    0.176927      0.43903    0.0135951
    0.412259     0.553015     0.985772
    0.194714     0.441307     0.800608
    0.190897     0.440505     0.797349
    0.182424     0.437101     0.796261
    0.189477     0.441564    0.0176338
    0.185498     0.440335    0.0170618
    0.181518     0.439114     0.016494
     0.41552     0.551954     0.987057
     0.41341     0.551505     0.986418
    0.188949     0.436681     0.810711
     0.18927     0.437233     0.808881
    0.189609     0.437736     0.807029
    0.185584     0.436261     0.805543
    0.190244      0.43869     0.803289
    0.194068     0.441579    0.0205149
    0.190087     0.440357    0.0199435
    0.186105     0.439129    0.0193692
    0.416658     0.550426     0.987693
     0.19263     0.436803      0.81632
    0.184208     0.433383     0.815201
     0.18989     0.436489      0.81295
    0.184798     0.434626     0.811579
    0.195144     0.439691    0.0243223
    0.194637     0.440353    0.0228383
    0.192722     0.440318     0.021736
     0.41969     0.549257     0.988881
     0.41783     0.548889     0.988331
    0.205663     0.440867     0.822977
    0.201618     0.439448     0.821507
    0.201939     0.440032     0.819679
    0.197845      0.43859     0.818189
    0.195767     0.438449    0.0266301
    0.197328     0.440291    0.0246067
    0.420785     0.547664     0.989473
    0.204591     0.438162     0.830732
    0.204835     0.438751     0.828911
    0.200762     0.437335     0.827429
     0.19672     0.435941     0.825966
    0.202454     0.439621    0.0289711
    0.201922     0.440236    0.0274793
    0.423268     0.546128      0.99048
    0.421675     0.545843     0.990025
    0.209342     0.438758     0.836255
    0.205267     0.437354     0.834774
    0.205494     0.437947     0.832957
    0.210424     0.441353    0.0309371
    0.206473     0.440154    0.0303662
    0.204666     0.440224    0.0292594
    0.424477     0.544557     0.991063
    0.206887     0.435055     0.843974
    0.222958     0.443362     0.841157
     0.21886      0.44195     0.839667
    0.214769     0.440559     0.838191
    0.213801      0.44063    0.0341103
    0.207664     0.438166    0.0341048
    0.203733     0.436988    0.0335386
    0.427784     0.544973     0.991911
    0.216017     0.437639     0.849202
    0.211928     0.436235     0.847705
     0.20784     0.434814       0.8462
    0.214486     0.439346    0.0364056
    0.213884      0.43994    0.0349597
    0.428193     0.541546      0.99249
    0.215127     0.435219     0.855023
    0.215395      0.43593     0.853288
    0.211304     0.434578     0.851814
     0.21911     0.439162    0.0392365
    0.218292     0.439698    0.0378656
     0.43136     0.541867      0.99326
    0.228841     0.439756     0.859973
    0.224776     0.438386     0.858492
    0.220719     0.437022     0.857016
    0.229299     0.442103    0.0406641
    0.225363     0.440938    0.0400994
    0.221424     0.439769    0.0395334
    0.432385     0.540124     0.993674
     0.22372     0.435149     0.866031
    0.223937     0.435865     0.864305
    0.224198     0.436602     0.862571
    0.232862      0.44232     0.042203
     0.22893     0.441147    0.0416334
    0.435519     0.540391     0.994411
    0.231456     0.436622     0.871289
     0.23341     0.438284     0.869513
    0.229345      0.43694     0.868036
    0.240677      0.44364    0.0441592
    0.241893     0.445654    0.0423907
     0.43739     0.538738     0.995032
    0.236927     0.437664     0.875023
     0.23285     0.436334     0.873547
    0.233075      0.43711     0.871852
    0.253327     0.448132    0.0450348
    0.247006     0.445405    0.0450225
    0.245507     0.445863    0.0439309
     0.43833     0.536939     0.995398
    0.250784     0.442137     0.880013
    0.242395     0.438695     0.878754
    0.246913     0.441548     0.876813
    0.257284     0.448327    0.0464492
    0.250526     0.445093    0.0464517
    0.439207     0.535098     0.995732
    0.254274     0.441406     0.885497
    0.250206     0.440111     0.884036
    0.246138     0.438796     0.882565
    0.232463     0.431632    0.0565537
    0.228632     0.430535    0.0560022
    0.224789     0.429432    0.0554472
     0.25369     0.439284     0.889493
    0.255805     0.441131     0.887774
    0.255999     0.441915     0.886094
    0.238784     0.433378    0.0574356
    0.234937     0.432257    0.0568729
    0.253176     0.437075     0.893447
    0.249125     0.435787     0.891983
    0.248945     0.436179    0.0588509
    0.245116     0.435093     0.058304
    0.241287     0.434011    0.0577587
    0.252506     0.434027        0.899
    0.258874     0.438062     0.897166
    0.248599     0.433571     0.895933
    0.255317      0.43792    0.0597312
    0.251474     0.436811    0.0591734
    0.256135      0.43374     0.902712
    0.252154     0.432521     0.901289
    0.254422     0.434564     0.899655
    0.263026     0.439197    0.0617075
      0.2617     0.439635    0.0605999
    0.257873     0.438558     0.060057
    0.272415     0.440063     0.906067
    0.268378     0.438801     0.904613
    0.264353     0.437556      0.90317
    0.266491     0.439231    0.0632901
    0.265624     0.439844     0.062039
    0.269621      0.43642      0.90998
    0.272058     0.438541     0.908362
    0.268007     0.437305     0.906917
    0.270252     0.439286    0.0647544
    0.269104     0.439866    0.0636177
    0.269191     0.433814     0.913717
    0.267807     0.434069      0.91232
    0.267755     0.434922     0.910814
    0.275107     0.438742    0.0673601
       0.274     0.439397    0.0662436
    0.279225     0.436666     0.917203
    0.271502     0.433528     0.915931
    0.271462     0.434401     0.914474
    0.278993     0.438925    0.0688215
    0.277784     0.439382     0.067693
    0.285357     0.438427     0.919343
     0.28138     0.437232     0.917926
    0.286502     0.439869     0.070772
    0.282779     0.438864    0.0702543
    0.281705     0.439582     0.069164
    0.291595     0.439369     0.922992
    0.287569     0.438148     0.921549
    0.290482     0.440091    0.0722315
    0.286732     0.439051    0.0716965
    0.295412     0.438806     0.926605
    0.295079     0.439622     0.925136
    0.294257     0.440018     0.073676
     0.29051      0.43898    0.0731412
    0.299413     0.438127     0.930127
    0.301558     0.440538      0.92874
    0.298259     0.440189    0.0750976
     0.29455     0.439191      0.07458
    0.303263     0.437362     0.933621
    0.305598      0.43984     0.932263
    0.301688     0.438709     0.930886
    0.302814     0.439255    0.0776705
    0.301989     0.440074    0.0765483
     0.30948     0.439062     0.935761
    0.305652     0.437958     0.934412
    0.306993     0.439483    0.0790492
    0.305647      0.43991    0.0780197
    0.317419     0.440306     0.939124
    0.313618     0.439224     0.937791
    0.310724     0.439279    0.0804735
    0.309845     0.440134    0.0793975
    0.323699     0.441995     0.941272
    0.319899     0.440915      0.93994
    0.314982     0.439535    0.0818228
    0.313624      0.43995    0.0808329
    0.333755     0.444714     0.944718
    0.330009     0.443663     0.943413
    0.322328     0.440204    0.0837028
    0.318759     0.439285    0.0832169
    0.336362     0.445336     0.945566
    0.323956     0.438644    0.0855677
    0.325289     0.440887    0.0840707
    0.315144     0.432993     0.949979
    0.330479     0.440236    0.0864212
     0.32692     0.439306    0.0859281
    0.322713     0.433473     0.952981
    0.334233     0.439909    0.0878001
    0.330697     0.438991    0.0873117
    0.326887     0.433069     0.954813
    0.325529     0.434109     0.953888
    0.338831     0.440266    0.0890483
    0.335319     0.439363    0.0885662
    0.333225     0.434645     0.956936
    0.329646     0.433688     0.955701
    0.342644     0.439912    0.0903949
    0.339162     0.439031    0.0899219
    0.340823     0.435057     0.959957
    0.339552     0.436232     0.959063
     0.33593     0.435276     0.957819
    0.346393     0.439483    0.0917405
    0.342948     0.438627    0.0912787
    0.347083     0.436609     0.962053
     0.34366     0.435725     0.960888
    0.351372     0.439989    0.0928765
    0.349519     0.440178    0.0921229
    0.555971     0.535705     0.995145
    0.351341     0.436192     0.963832
    0.350029     0.437263     0.962998
    0.355245     0.439554    0.0941651
    0.351891     0.438752    0.0937277
    0.357618     0.437655     0.965884
    0.354363     0.436842      0.96479
    0.359123     0.439065    0.0954331
    0.355811     0.438286    0.0950062
    0.361939       0.4372     0.967624
    0.360686     0.438306     0.966852
    0.362028     0.437836    0.0968564
    0.362366      0.43979     0.095834
    0.368152     0.438587     0.969623
    0.365033     0.437836      0.96859
    0.368539     0.439306    0.0976709
    0.365288     0.438555    0.0972565
    0.372391     0.438037     0.971266
    0.371287     0.439204     0.970586
    0.372668      0.43883    0.0988294
    0.369441     0.438085    0.0984172
    0.378488     0.439315     0.973184
    0.375573     0.438643     0.972233
    0.376828     0.438332    0.0999594
    0.375957     0.439525    0.0992202
    0.382812     0.438752     0.974802
    0.379895     0.438089     0.973855
    0.383299     0.439745     0.100751
    0.380123     0.439005     0.100342
    0.387263     0.438243     0.976425
    0.386071     0.439401     0.975808
    0.387399      0.43918     0.101861
    0.384249     0.438444     0.101453
    0.390548     0.438911     0.977448
    0.394201     0.438484     0.674783
    0.394464      0.43886     0.672782
    0.394741     0.439195     0.670769
    0.395028     0.439496     0.668747
    0.390653     0.437869     0.667306
    0.390996     0.438138     0.665283
    0.391371     0.438403     0.663258
    0.396488     0.440595     0.660641
    0.392204     0.438938     0.659206
    0.392631     0.439194     0.657177
    0.393037     0.439429     0.655146
     0.39341     0.439642     0.653112
      0.3891        0.438     0.651688
    0.389407     0.438189     0.649648
    0.389685     0.438357     0.647604
    0.389957     0.438505     0.645561
    0.390238     0.438638     0.643519
    0.390539     0.438758     0.641476
    0.390867     0.438873     0.639431
    0.391222     0.438984     0.637384
    0.391582      0.43908     0.635335
    0.391917     0.439141     0.633287
    0.396687     0.440845       0.6306
     0.39252     0.439172     0.629203
    0.388387     0.437499     0.627812
    0.388752     0.437519     0.625781
    0.389173     0.437575     0.623754
    0.394186     0.439416     0.621078
     0.39912     0.441161     0.618387
    0.395032     0.439489     0.617015
     0.39096     0.437819     0.615645
     0.38691     0.436152      0.61428
    0.391684     0.437717     0.611592
    0.391015     0.438186     0.103016
    0.387894     0.437456      0.10261
      0.3951     0.438424     0.979027
    0.393875     0.439566     0.978473
    0.398008     0.438476     0.684506
    0.398233     0.438861     0.682508
    0.393731       0.4373     0.681069
     0.40396     0.441875      0.67789
    0.394193     0.438105     0.677065
    0.391729     0.437478     0.609466
    0.392088     0.437339     0.607443
    0.392891     0.437343     0.605375
    0.393434     0.437255     0.603378
    0.394082     0.437197     0.601398
     0.39484     0.437168     0.599437
    0.397404     0.439523     0.103775
    0.394332     0.438813      0.10338
    0.401005     0.439553     0.980828
    0.398398     0.439001     0.980003
    0.406799     0.440186     0.695611
    0.402314     0.438654     0.694177
    0.402591     0.439114     0.692206
    0.402868     0.439542     0.690218
     0.39839      0.43797      0.68877
    0.398638     0.438374     0.686774
    0.399383      0.43846     0.596553
    0.400116     0.438441      0.59458
    0.400794     0.438404     0.592607
     0.40143     0.438325     0.590641
     0.40256     0.438345     0.588611
    0.401635     0.438952      0.10477
    0.398646     0.438285     0.104395
    0.441731     0.455677     0.996906
    0.405342     0.438889     0.982155
    0.402934     0.438424     0.981418
    0.415498     0.441997     0.702792
    0.410969     0.440497     0.701363
    0.411292     0.441128     0.699432
    0.406781      0.43961     0.697999
    0.403168     0.438496     0.696468
    0.401764     0.437962      0.58832
    0.402496     0.437766     0.586376
    0.403214     0.437556     0.584451
    0.404017     0.437362      0.58255
    0.403076     0.437772     0.105356
    0.442331     0.453701     0.996885
    0.407537     0.437857     0.982697
    0.414455     0.439266     0.710902
    0.414804     0.439963      0.70901
      0.4055     0.436328      0.70807
    0.401012     0.434826     0.706636
    0.416719      0.44239     0.703171
    0.408742     0.438297     0.579511
    0.405457      0.43672     0.578321
    0.410688     0.438098     0.575733
    0.409442     0.439069       0.1061
    0.412299     0.437076     0.983754
    0.410682     0.438257     0.983547
    0.409322     0.435587     0.715678
    0.404858     0.434176     0.714287
    0.411138     0.437606     0.711835
    0.415098     0.438953     0.572785
    0.421021     0.440404     0.570111
    0.418104      0.43891     0.569016
    0.413988     0.438562     0.106987
    0.411076     0.437916     0.106622
    0.445393     0.451626     0.997186
    0.415202     0.437341     0.984481
    0.419596     0.438055     0.720761
    0.419929     0.438857     0.718941
    0.415464     0.437451     0.717552
     0.41704     0.438274     0.568571
    0.422227     0.439393     0.566078
    0.419384     0.437922     0.565007
    0.418695     0.438094     0.107794
    0.415829     0.437459     0.107434
    0.445952      0.44834     0.996704
    0.417811     0.436383     0.984791
    0.423524     0.437281     0.726268
    0.419185      0.43599     0.724949
    0.421212     0.437776     0.723078
    0.422217     0.438494     0.563827
    0.424446     0.438573     0.561938
    0.421897     0.437182     0.560944
    0.422136     0.438697     0.108153
    0.448188     0.448142     0.997041
    0.423021     0.435928     0.985806
     0.42074      0.43662     0.985509
    0.429841     0.438336     0.729904
    0.429947     0.439172     0.728208
     0.42558      0.43785      0.72687
    0.424806     0.437728     0.559723
    0.426546     0.437736      0.55807
    0.428422      0.43779     0.556467
    0.427113     0.438323     0.108887
    0.450179     0.446767        0.997
    0.426438     0.435026     0.985946
    0.433985     0.438047      0.73358
    0.429693       0.4368     0.732287
    0.431926     0.438893     0.730505
     0.43222     0.438492     0.555034
    0.430111     0.437242     0.554166
    0.432281      0.43802     0.109544
    0.429552     0.437439     0.109211
     0.45237     0.445519     0.996975
    0.429151     0.435213     0.986592
    0.440754     0.439003      0.73697
    0.440507     0.439844     0.735495
    0.436233      0.43862     0.734216
    0.436672     0.438728     0.552182
    0.438536     0.438666     0.550691
    0.438031     0.437858     0.549723
     0.43755     0.437751     0.110118
    0.435747     0.438589      0.10989
     0.45465     0.445334     0.997329
    0.432281     0.434697     0.986955
    0.444494     0.439112     0.739004
    0.440431     0.437996      0.73781
     0.44058     0.438033     0.548419
    0.442812     0.438137     0.547016
     0.44107     0.438338     0.110474
    0.457917     0.443196     0.996777
     0.44783     0.438997     0.741076
     0.44382     0.437924     0.739911
    0.446692     0.438592      0.54548
    0.448839     0.438609     0.544138
    0.446506     0.438138     0.110999
    0.443975      0.43763     0.110703
    0.460194     0.443007     0.997129
    0.458471     0.441727     0.744106
    0.454526     0.440676     0.742962
    0.451513     0.438654     0.542881
    0.455002     0.438969     0.541337
     0.45189     0.437688     0.111402
    0.450011     0.438679     0.111334
    0.463874     0.442003     0.996906
     0.45954     0.440053      0.74619
    0.461287      0.44237     0.744866
    0.454286     0.437994     0.540771
    0.453282     0.437214      0.54027
    0.454914     0.436991     0.111579
    0.467894     0.441127     0.996653
    0.463187     0.439644     0.748071
    0.462499     0.440708      0.74698
    0.460935     0.438368     0.538071
    0.460854     0.438004     0.112192
    0.458494     0.437543     0.111922
     0.47108     0.440483     0.996627
    0.469814     0.441143     0.749859
    0.466307     0.440322     0.748898
    0.463043     0.437572     0.536526
    0.464377     0.438509     0.112513
    0.472256     0.440668     0.997273
    0.473302     0.440355     0.751528
    0.470092     0.439659     0.750677
    0.473197     0.438958     0.533899
    0.469667     0.438206     0.112929
     0.47782     0.439663     0.996631
    0.476686     0.439298     0.752977
    0.473849     0.438704     0.752235
    0.474645     0.437881     0.532818
    0.472747     0.437484     0.113049
     0.47993     0.439401     0.996909
    0.480051     0.439815     0.753761
    0.477943     0.437725     0.531902
    0.478469      0.43706     0.113206
    0.486027     0.438751     0.996282
    0.484152     0.438864     0.754895
     0.48302     0.437575     0.530639
    0.482172     0.436605     0.113166
    0.489895     0.438624     0.996271
    0.487094     0.437971     0.755276
    0.486731     0.437499     0.530097
    0.487953     0.436592     0.113295
    0.493336     0.438232     0.996244
    0.492306     0.437674     0.756015
    0.492234     0.437501     0.529307
    0.491395     0.436929     0.113539
     0.49881     0.438084     0.995945
    0.497234     0.437266     0.755943
    0.496029     0.437167     0.529101
    0.495459     0.436988     0.113476
    0.503011      0.43808     0.995913
    0.501355     0.437106     0.756068
    0.499791     0.437362     0.529605
    0.506518     0.437776      0.99589
    0.505741     0.437149     0.756084
    0.505485     0.437251     0.529386
    0.760589     0.554652    0.0515925
    0.512289     0.437843     0.995548
    0.509512     0.436899     0.755988
    0.509033     0.437643     0.529965
    0.761411     0.553889    0.0512597
    0.516439     0.437793     0.995425
    0.517467      0.43727     0.754932
    0.515452     0.437515     0.530391
    0.765415     0.554093    0.0498399
    0.769741     0.554545    0.0479926
     0.52214     0.437849     0.994996
    0.519056     0.436801      0.75493
    0.521027      0.43736     0.531239
    0.519141     0.438036     0.531049
    0.773083     0.554575    0.0464971
    0.526405      0.43789     0.994773
     0.52296     0.436761     0.754349
    0.524819     0.437971     0.531953
    0.780329     0.554954     0.043054
    0.532134     0.438025      0.99425
    0.528128      0.43691     0.753313
    0.532632     0.437433     0.752339
    0.530043     0.437675     0.533101
    0.783438     0.554983    0.0415269
    0.783677     0.554296    0.0406447
    0.535081      0.43766     0.994007
    0.536221     0.437452     0.751445
    0.534619     0.437148     0.534508
    0.533758     0.438364     0.533846
     0.53705     0.437349     0.113002
    0.786706     0.554297    0.0391224
     0.78916     0.554304     0.037564
    0.542082     0.438034     0.993268
    0.540906     0.437698     0.750232
     0.54029     0.437009     0.749781
    0.541597     0.438701     0.536038
     0.53822     0.437871     0.535259
    0.541169     0.437133     0.112717
    0.788402     0.553295    0.0371216
    0.796079     0.554669    0.0339887
    0.543301     0.437457     0.993193
    0.543564     0.437103     0.748745
    0.547473     0.437463     0.747389
    0.548386     0.438551     0.538757
    0.544562     0.437599     0.537867
    0.545129     0.439481     0.536809
    0.546873     0.437401     0.112445
    0.799017     0.554688    0.0324261
    0.802853     0.554994    0.0303925
    0.549012     0.437684     0.992563
    0.546778     0.436542     0.746806
     0.54922     0.436578     0.745571
    0.551953     0.438037     0.540715
    0.551673     0.439322     0.539498
    0.551102     0.437257     0.112105
    0.805754     0.555044    0.0288086
    0.805675      0.55425    0.0278942
    0.554543     0.437863      0.99189
    0.552128     0.436715     0.744417
    0.555699     0.437016     0.742887
     0.55684     0.438573     0.542623
    0.552762     0.437482     0.541634
    0.558341     0.437216      0.11067
     0.80848     0.554284    0.0263063
    0.814892     0.555407    0.0235057
    0.558458      0.43756     0.991183
      0.5588     0.437321     0.741749
    0.560945      0.43729     0.740321
    0.561252     0.437686     0.546028
    0.560258     0.438242      0.54462
    0.562651     0.437083     0.110289
    0.815145     0.554687    0.0226289
    0.817445     0.554618    0.0209671
    0.566837     0.438398     0.990024
    0.560008     0.436453     0.739749
    0.563037     0.436591     0.738052
    0.565528     0.437024     0.549607
    0.565057     0.437756      0.54806
    0.564022      0.43835     0.546665
    0.565788     0.437158     0.110405
    0.820279     0.554707     0.019364
    0.823822     0.554913    0.0172641
    0.567348     0.437653     0.989718
     0.56729     0.437257      0.98949
    0.561957      0.43578     0.737473
    0.567716     0.436766     0.735363
    0.570569      0.43693     0.733564
    0.574388     0.438738     0.552779
    0.569806     0.437459     0.551633
    0.568154     0.437674     0.550222
    0.571915     0.437037     0.109478
    0.826795     0.555092    0.0156416
    0.828949     0.554999    0.0139194
    0.572419     0.437457     0.988567
    0.569502     0.436174     0.733016
    0.571187     0.436088      0.73136
    0.574956     0.436684     0.557016
    0.572586     0.436496     0.555564
    0.572538     0.437324     0.553853
    0.576201     0.436929     0.109035
    0.827842      0.55399    0.0134842
    0.831186     0.554161    0.0113474
    0.580961     0.438479     0.987349
    0.577072       0.4368     0.728438
    0.578561     0.436641     0.726724
    0.572476     0.435115     0.558102
    0.580613     0.436926     0.108532
    0.834171     0.554354   0.00973016
    0.832091     0.553035   0.00916548
    0.582312     0.437386      0.98639
    0.579052     0.435839      0.72448
    0.580505     0.435737     0.722693
    0.581882     0.435294     0.566865
    0.581953     0.436005     0.564956
    0.583904     0.437644     0.562886
    0.579159     0.436259     0.561658
    0.584757     0.436777     0.108041
    0.844684     0.556005   0.00473921
    0.842682     0.554706   0.00418571
    0.585742     0.437332     0.985623
    0.588809     0.437596     0.984885
    0.581651     0.435276     0.720274
    0.587519      0.43676     0.717829
    0.588716      0.43668     0.715936
    0.593195     0.438089     0.571854
    0.581782     0.433717     0.571352
     0.57192     0.430043     0.570677
    0.578603     0.433597     0.567938
     0.59062     0.436752     0.106918
    0.850354     0.555944   0.00105791
    0.848761     0.554773  0.000559651
    0.593609     0.437806     0.983844
    0.587636      0.43612     0.715494
    0.588809      0.43601     0.713609
    0.590538      0.43605     0.711559
    0.595862     0.437264     0.709004
    0.592959      0.43583     0.578338
    0.593066     0.436477     0.576339
    0.593199     0.437146      0.57438
    0.594854     0.438563      0.57228
    0.598488     0.436944     0.105108
    0.851887     0.554167  -0.00127339
    0.852284     0.552949  -0.00226054
    0.597083      0.43786     0.983015
    0.596467     0.437179     0.982526
    0.595816     0.436656     0.706683
      0.5966     0.436494     0.704693
    0.597417     0.436345     0.702706
    0.599082     0.436466     0.700643
    0.602579     0.437823     0.585609
    0.597636     0.436231     0.584233
    0.592731     0.434625     0.582855
    0.587835     0.433018     0.581478
    0.588029     0.433565     0.579458
    0.601169      0.43682     0.105121
    0.852244     0.552014  -0.00266454
    0.601315     0.437456     0.981497
     0.59814      0.43601     0.700278
    0.599182      0.43595     0.698324
    0.600159     0.435908     0.696342
    0.601071     0.435869     0.694334
    0.608262     0.438281     0.593477
     0.60326     0.436656      0.59207
    0.608563     0.439247     0.589347
    0.603602      0.43766     0.587969
    0.605713     0.436845     0.104492
    0.851942     0.547793  -0.00380288
     0.60899     0.437948     0.979543
    0.601165     0.435506     0.692035
    0.601891     0.435478     0.689995
    0.607252     0.437063     0.687316
    0.608303      0.43714     0.685157
    0.608751     0.437019     0.683075
     0.60924     0.436921     0.680996
    0.609797     0.436861      0.67892
    0.611657     0.437275     0.607762
    0.606736     0.435601     0.606324
     0.60184     0.433924     0.604888
    0.602126     0.434305     0.602787
    0.597257     0.432638     0.601361
    0.597532     0.433043     0.599275
    0.608931     0.438062     0.595784
    0.609881     0.436731     0.103932
    0.853331     0.547201  -0.00406582
    0.612372      0.43805     0.978644
    0.616618     0.438455     0.977524
    0.609791     0.436569     0.676625
    0.610509     0.436578     0.674566
    0.611197     0.436583     0.672499
    0.611847     0.436574     0.670422
    0.612469     0.436556     0.668338
    0.613058     0.436537     0.666247
    0.613916     0.436635     0.664104
    0.614385     0.436634      0.66199
    0.615241     0.436837     0.626402
    0.615397     0.437037     0.624255
    0.615541     0.437247     0.622119
    0.620804     0.439415     0.619325
    0.615907     0.437718     0.617868
    0.616139     0.437989     0.615745
     0.61125     0.436297     0.614294
    0.611727     0.436713     0.612154
    0.612002     0.437087     0.610044
    0.615918     0.436806     0.102668
    0.853535     0.544921  -0.00419808
    0.616198     0.437569     0.976963
    0.618991     0.437711     0.975963
    0.614529     0.436544     0.659778
    0.614972     0.436593      0.65767
    0.615387     0.436649     0.655556
    0.615794     0.436723     0.653438
      0.6162     0.436828     0.651318
    0.616591     0.436957     0.649195
    0.616951     0.437097     0.647066
    0.612238     0.435367     0.645583
    0.617624     0.437374       0.6428
    0.617981     0.437514     0.640669
    0.613306     0.435785     0.639199
    0.613677     0.435933     0.637077
    0.614039     0.436091     0.634955
    0.614406     0.436268     0.632833
    0.614786      0.43647     0.630714
    0.615159     0.436692     0.628595
    0.615492     0.436924     0.626477
     0.62461     0.437435     0.100502
     0.85375     0.542632  -0.00424531
    0.623614     0.438061      0.97485
    0.626528     0.438244      0.97384
    0.626664      0.43707     0.100389
    0.855921     0.542258  -0.00441739
     0.62577     0.437306     0.973186
    0.632569     0.437195    0.0989492
     0.85424     0.538079  -0.00427763
    0.629206     0.436821     0.971313
    0.636945     0.437189    0.0979942
    0.856405     0.537703  -0.00444982
     0.63214     0.436893     0.970271
    0.634951     0.437017     0.969189
    0.644203     0.437384    0.0960091
    0.854616     0.533495  -0.00431186
    0.639275     0.437411     0.967985
    0.642055     0.437536     0.966861
    0.648539     0.437399    0.0950019
    0.854897     0.531122  -0.00436346
    0.645046     0.437696     0.965806
    0.649051     0.438043     0.964487
    0.654548      0.43741    0.0934191
    0.854954     0.528785  -0.00439786
    0.652027     0.438228     0.963421
    0.656007     0.438583      0.96208
    0.658962     0.437464    0.0923296
    0.854996     0.526445  -0.00443314
    0.657568     0.437758     0.960147
     0.66014     0.437842      0.95887
    0.664698     0.437612    0.0907395
    0.853079     0.522204   -0.0043069
    0.659063     0.436939     0.958183
     0.66267     0.437218     0.956698
    0.670226     0.437691    0.0891339
    0.853125     0.519869  -0.00433813
     0.66584      0.43752     0.955674
    0.668022     0.437478     0.954276
    0.674297     0.437364     0.087846
    0.853186     0.517538  -0.00436671
    0.667001     0.436619     0.953624
    0.670431     0.436865     0.952067
    0.679462     0.437348    0.0861596
    0.853258     0.515212  -0.00439571
    0.673585     0.437251     0.951018
    0.675905     0.437261     0.949616
    0.679285     0.437486     0.948031
    0.683122     0.437181    0.0849694
    0.853331     0.512888  -0.00442756
    0.682449     0.437859     0.946999
    0.684431     0.437765     0.945499
    0.688277      0.43686    0.0830632
    0.853612     0.510518  -0.00448137
     0.68334     0.436936     0.944854
    0.686629     0.437164     0.943222
    0.693403     0.436884    0.0813428
    0.853746     0.508217  -0.00450258
    0.692088     0.437651     0.940699
    0.695231     0.437864     0.939015
    0.697249     0.436825    0.0800781
    0.853917     0.505929  -0.00451287
    0.694102     0.437059     0.938379
    0.696002     0.436959     0.936812
    0.703582     0.438453     0.934743
    0.705405     0.437164    0.0771603
    0.854113     0.503649  -0.00451352
    0.702379     0.437654     0.934097
    0.699734     0.436249     0.932867
    0.710524     0.437283    0.0753772
    0.854323     0.501375  -0.00450739
    0.703025     0.436797     0.931843
    0.705078     0.436796     0.930257
    0.706929     0.436738     0.928616
    0.715042     0.436789    0.0733187
    0.854538     0.499102  -0.00449604
    0.711415     0.437586     0.927491
    0.717669     0.438785     0.925443
    0.714925      0.43734     0.924182
    0.718589     0.436725      0.07195
    0.854754      0.49683  -0.00448161
    0.719392     0.438212     0.923051
    0.716483     0.436738     0.921747
    0.718271     0.436652      0.92007
    0.726276     0.436978    0.0688173
     0.85496     0.494555  -0.00446538
    0.721733     0.437358     0.919066
    0.723448     0.437305     0.917345
    0.731151     0.437115    0.0669803
    0.855067       0.4922  -0.00444307
    0.725084      0.43679     0.914931
    0.726584     0.436631     0.913172
    0.739022      0.43749    0.0637858
    0.857231      0.49181  -0.00461094
     0.73166     0.437186     0.910447
    0.734295     0.437352     0.908576
    0.739021     0.436606    0.0633975
    0.741959     0.436774    0.0620359
    0.855276     0.487587  -0.00442779
    0.739615     0.438099     0.905848
    0.736391     0.436549     0.904463
    0.737999     0.436484     0.902674
    0.746584     0.436907    0.0601428
    0.855459     0.485188  -0.00446008
    0.741525     0.437247     0.901698
    0.744016     0.437383     0.899782
    0.745427     0.437228     0.897957
    0.749819     0.436868    0.0586465
    0.752646     0.436965    0.0572264
    0.855392     0.482822  -0.00447628
    0.748965      0.43801     0.896987
    0.750397     0.437854     0.895158
    0.747995     0.436558     0.893623
    0.760932     0.438081    0.0542623
    0.760022     0.437245    0.0538821
    0.853272      0.47855  -0.00430541
    0.753211     0.437367     0.890838
    0.754722     0.437328      0.88899
    0.756227     0.437266     0.887143
    0.759568     0.436292    0.0534582
    0.855249     0.478095  -0.00449841
    0.755051     0.436647     0.886615
    0.757414     0.436813     0.884646
    0.753821     0.435186     0.883176
    0.766748     0.436492     0.050079
     0.85316     0.473839  -0.00432091
    0.763618     0.437395     0.879911
     0.76488     0.437241     0.878008
    0.767105     0.437383     0.876004
    0.771264     0.436675    0.0481629
    0.773917     0.436703    0.0466475
    0.855163     0.473391  -0.00451003
    0.767357     0.436741     0.873614
     0.76864     0.436685     0.871681
    0.769954     0.436633     0.869752
    0.778446     0.436982    0.0447152
    0.781216     0.437103    0.0431307
    0.853104     0.469149  -0.00433906
    0.776046     0.437799     0.866819
    0.772349     0.436145     0.865336
    0.778461     0.437509     0.862942
    0.784498     0.437208    0.0415455
    0.784583      0.43654    0.0407194
    0.855091     0.468695  -0.00453021
    0.782272     0.438495      0.86202
    0.778508     0.436826     0.860523
    0.785352     0.438468     0.857982
    0.781416     0.436773     0.856447
    0.787548      0.43648    0.0391501
    0.790204     0.436485    0.0376067
    0.853268     0.464418  -0.00439543
    0.781573     0.436196     0.854043
    0.782799     0.436158     0.852068
    0.789159     0.437794     0.849629
    0.789168     0.435443    0.0371399
    0.853327     0.462105   -0.0044065
    0.789341     0.437248     0.847225
    0.785346     0.435544     0.845686
    0.781274     0.433833     0.844131
    0.788065     0.435509     0.841549
    0.791265     0.434183    0.0348068
    0.853441     0.459811  -0.00440914
    0.798149     0.438054      0.83818
    0.799203     0.437926     0.836163
    0.795982     0.436456     0.834548
     0.80224     0.438039     0.832053
    0.793464     0.433837    0.0333195
    0.853584     0.457527  -0.00440418
    0.801245     0.437595     0.831664
    0.802338     0.437573     0.829631
    0.803323      0.43755     0.827573
    0.799062     0.435809     0.825993
    0.805254     0.437466      0.82345
     0.74401      0.40726    0.0415649
     0.85373     0.455245    -0.004392
    0.805347     0.436972     0.821045
    0.807062     0.437086     0.818917
    0.802906      0.43535     0.817364
    0.808942     0.436842     0.814802
    0.748129     0.408149    0.0398558
    0.767532     0.414257    0.0341313
    0.855891     0.454843  -0.00455694
    0.808948     0.436341     0.812394
    0.809722     0.436222     0.810298
    0.810442     0.436099      0.80819
    0.817101     0.437905     0.805504
    0.812761     0.436146     0.803926
    0.853959     0.450661   -0.0043554
    0.812907     0.435752     0.801534
    0.819233      0.43752     0.798949
    0.820249     0.437539     0.796867
    0.815903     0.435772     0.795293
    0.854086     0.448372  -0.00433027
    0.821379     0.437208     0.792391
    0.822183     0.437164     0.790277
    0.823486     0.437274     0.788078
    0.824114     0.437172     0.785936
    0.824746     0.437073     0.783795
    0.825417     0.436982     0.781659
    0.826157     0.436901     0.779532
    0.854387     0.446143  -0.00425414
    0.826216     0.436522     0.777146
    0.827006     0.436451     0.775025
    0.827778     0.436381     0.772898
    0.829124      0.43652     0.770708
    0.829911     0.436501     0.768574
    0.854145     0.443489  -0.00382485
    0.835466     0.438063     0.765664
    0.830837     0.436271     0.764069
    0.831548     0.436297     0.761915
    0.837635     0.438148     0.759199
    0.832888     0.436351     0.757591
    0.833541     0.436374     0.755425
    0.834193     0.436389     0.753259
    0.834854     0.436393     0.751095
    0.835534     0.436382     0.748935
    0.851287     0.439659  -0.00242197
    0.836135     0.436287     0.746529
    0.836812      0.43625     0.744371
    0.837479     0.436217     0.742211
    0.838137     0.436186     0.740048
    0.838784     0.436157     0.737881
    0.844792     0.437921     0.735123
    0.840042     0.436112     0.733535
    0.853737     0.437566   0.00130836
    0.855017     0.439239 -0.000969487
    0.845553     0.437706     0.730607
    0.846126     0.437699     0.728423
    0.841269     0.435893      0.72683
    0.841775     0.435888     0.724636
     0.84265     0.436016     0.722397
    0.843146     0.436033     0.720201
    0.843652     0.436063     0.718005
    0.849635      0.43797     0.715204
    0.844697     0.436159     0.713611
    0.845237      0.43622     0.711415
    0.845785     0.436287     0.709218
    0.851827      0.43824     0.706408
     0.84688     0.436424     0.704822
    0.852924     0.438382     0.702003
    0.853475     0.438454     0.699799
     0.85711     0.438019     0.344369
    0.857257     0.438073     0.342129
    0.857401     0.438126     0.339889
    0.857542     0.438178     0.337648
    0.857681     0.438229     0.335407
     0.85782     0.438281     0.333165
    0.852568      0.43644     0.331957
    0.858116      0.43839     0.328685
    0.858268     0.438444     0.326445
    0.853017     0.436601     0.325244
     0.85316     0.436652     0.323005
    0.853298     0.436702     0.320767
    0.853433     0.436751     0.318528
    0.853567     0.436801     0.316289
    0.853703     0.436853     0.314051
    0.853843     0.436907     0.311812
    0.853985     0.436961     0.309573
    0.854123     0.437013     0.307334
    0.854252     0.437062     0.305095
    0.854372     0.437108     0.302855
    0.854484     0.437153     0.300615
    0.854593     0.437198     0.298376
    0.854704     0.437243     0.296137
    0.854819     0.437287     0.293899
    0.854936     0.437328      0.29166
    0.855054     0.437368     0.289421
     0.85517     0.437406     0.287182
    0.855285     0.437445     0.284943
    0.855398     0.437486     0.282703
    0.855509     0.437528     0.280464
     0.85562     0.437569     0.278225
    0.855729      0.43761     0.275987
    0.855834     0.437648     0.273748
    0.855932     0.437684     0.271509
    0.856027      0.43772     0.269269
    0.856123     0.437758      0.26703
    0.856225     0.437796      0.26479
     0.85633     0.437835     0.262551
    0.856434     0.437872     0.260312
     0.85653     0.437906     0.258073
     0.85126     0.436058     0.256947
    0.856695     0.437966     0.253595
    0.856771     0.437993     0.251356
    0.856849     0.438021     0.249116
    0.856931      0.43805     0.246877
    0.857014      0.43808     0.244639
    0.857094     0.438108       0.2424
    0.857168     0.438135     0.240161
    0.857241     0.438163     0.237922
    0.857316     0.438191     0.235684
    0.857396     0.438221     0.233445
    0.857475     0.438252     0.231206
    0.857552      0.43828     0.228968
    0.857623     0.438306     0.226729
    0.857688     0.438329     0.224491
    0.852407     0.436477     0.223402
    0.852466     0.436499     0.221166
    0.857872     0.438401     0.217775
    0.852588     0.436548     0.216693
     0.85799     0.438452     0.213298
    0.858041     0.438473      0.21106
    0.852752     0.436619     0.209986
    0.858131     0.438507     0.206584
    0.852845     0.436653     0.205515
    0.852894     0.436669      0.20328
    0.858279     0.438559      0.19987
    0.852994     0.436703     0.198808
    0.858378     0.438595     0.195394
    0.853097      0.43674     0.194338
    0.853146     0.436755     0.192103
    0.858515     0.438633     0.188683
     0.85323     0.436776     0.187634
    0.853267     0.436787     0.185398
    0.853301       0.4368     0.183163
    0.853335     0.436816     0.180928
    0.858683     0.438698     0.177497
    0.853385     0.436841      0.17646
    0.853404     0.436848     0.174226
    0.853423     0.436852     0.171993
    0.853444     0.436855     0.169759
     0.85347     0.436861     0.167524
      0.8535     0.436871      0.16529
    0.853534     0.436885     0.163055
    0.853568     0.436901      0.16082
      0.8536     0.436918     0.158586
    0.853627     0.436932     0.156353
    0.853651     0.436943      0.15412
    0.853668     0.436949     0.151888
    0.858979      0.43881     0.148428
    0.853679     0.436949     0.147423
    0.853674     0.436944     0.145191
    0.853665     0.436936      0.14296
    0.853655     0.436928     0.140727
    0.858944     0.438774     0.137254
    0.853637     0.436912     0.136262
     0.85363     0.436907     0.134029
    0.853625     0.436904     0.131797
    0.853619     0.436899     0.129566
    0.853608      0.43689     0.127336
     0.85359     0.436876     0.125106
     0.85357     0.436862     0.122875
    0.858851      0.43871     0.119383
    0.853538     0.436848     0.118411
    0.853522     0.436848     0.116179
    0.858783     0.438704     0.112686
    0.853467     0.436841     0.111721
    0.858763     0.438695      0.10821
    0.853451     0.436831      0.10725
    0.853419     0.436812     0.105021
    0.853387     0.436792     0.102793
    0.853356     0.436772     0.100564
    0.858596     0.438598    0.0970541
    0.853284     0.436733    0.0961069
    0.853243     0.436714    0.0938782
    0.858474     0.438544    0.0903615
    0.853158     0.436679    0.0894219
    0.858386     0.438511    0.0859009
     0.85307     0.436645    0.0849663
    0.853026     0.436625    0.0827383
    0.858241     0.438442    0.0792111
    0.852927     0.436576     0.078284
    0.858137     0.438399    0.0747529
    0.858081     0.438377     0.072524
    0.858021     0.438355    0.0702956
    0.857957      0.43833    0.0680677
    0.857893     0.438305    0.0658399
    0.857832      0.43828    0.0636117
    0.857773     0.438255    0.0613832
    0.857716     0.438229    0.0591548
    0.857658     0.438203    0.0569269
    0.857598     0.438179    0.0546996
    0.857534     0.438157    0.0524729
    0.857467     0.438137    0.0502465
    0.857396     0.438117      0.04802
    0.857325     0.438096    0.0457932
    0.857256     0.438076    0.0435663
    0.857188     0.438055    0.0413395
    0.857122     0.438037     0.039113
    0.857054      0.43802    0.0368867
    0.856985     0.438007    0.0346606
    0.856922     0.438002    0.0324344
    0.856875     0.438012    0.0302075
    0.856851     0.438037    0.0279792
    0.856845      0.43807    0.0257491
    0.856837       0.4381    0.0235181
     0.85681     0.438114    0.0212882
    0.856748     0.438109    0.0190611
    0.856646     0.438086    0.0168372
    0.856501     0.438047     0.014616
    0.856313     0.437995    0.0123966
     0.85609     0.437931    0.0101793
    0.861027     0.439642   0.00660542
    0.855696     0.437783   0.00576659
    0.855589     0.437784   0.00359186
    0.855444     0.438035   0.00152102
    0.848248     0.436529     0.698129
    0.854321     0.438504     0.695305
    0.849365     0.436687      0.69373
    0.855426      0.43867     0.690898
    0.850448     0.436853     0.689326
    0.850974     0.436936     0.687121
     0.85701     0.438923     0.684275
    0.851999     0.437104     0.682705
    0.858017      0.43909     0.679851
    0.852991      0.43727     0.678283
    0.858992     0.439255     0.675423
    0.853949     0.437434     0.673858
    0.854413     0.437518     0.671642
    0.855035      0.43766     0.669404
    0.855462     0.437741     0.667185
    0.855877     0.437825     0.664964
    0.856286     0.437914     0.662743
    0.851178     0.436097     0.661184
    0.857104     0.438107     0.658299
    0.851987      0.43629     0.656745
    0.857929     0.438322     0.653853
    0.858332     0.438435     0.651628
    0.853182     0.436617     0.650077
    0.859104     0.438666     0.647175
    0.853934     0.436849     0.645627
    0.859855     0.438908     0.642719
    0.854681     0.437092     0.641177
    0.855055     0.437216     0.638951
    0.855429     0.437341     0.636726
    0.855804     0.437468       0.6345
    0.856176     0.437597     0.632274
    0.856543     0.437729     0.630047
    0.856905     0.437861     0.627819
    0.857261     0.437993      0.62559
    0.857616     0.438122     0.623361
     0.85797     0.438248     0.621133
    0.858323      0.43837     0.618905
    0.858674      0.43849     0.616676
    0.859025     0.438609     0.614446
    0.859378     0.438728     0.612216
    0.854198     0.436911     0.610707
    0.854554     0.437031      0.60848
    0.854906      0.43715     0.606252
    0.855251      0.43727     0.604022
    0.855593     0.437393     0.601793
    0.855937     0.437519     0.599564
    0.856283     0.437646     0.597335
    0.856629     0.437771     0.595106
    0.856975     0.437891     0.592876
    0.857318     0.438006     0.590646
    0.857656     0.438119     0.588415
    0.857991      0.43823     0.586184
    0.858323     0.438341     0.583952
    0.858652     0.438454      0.58172
    0.858979     0.438567     0.579487
    0.859301     0.438681     0.577254
    0.854099     0.436862     0.575781
    0.854417     0.436976      0.57355
    0.854736      0.43709     0.571319
    0.855055     0.437203     0.569088
    0.855375     0.437316     0.566856
    0.855696     0.437428     0.564625
    0.856015     0.437537     0.562393
    0.856332     0.437643     0.560161
    0.856645     0.437746     0.557928
    0.856955     0.437848     0.555695
    0.851761     0.436027     0.554246
    0.852064     0.436131     0.552014
    0.857872     0.438167     0.548993
    0.858171     0.438275     0.546759
    0.858469     0.438383     0.544524
    0.858765     0.438489     0.542289
    0.859059     0.438594     0.540054
    0.853849     0.436771      0.53862
    0.854138     0.436872     0.536387
    0.854424     0.436972     0.534153
     0.85471     0.437071     0.531919
    0.855001     0.437172     0.529686
    0.855295     0.437275     0.527452
    0.855591     0.437378     0.525218
    0.855883     0.437479     0.522983
    0.861664     0.439502     0.519925
    0.856445     0.437675     0.518513
    0.856717     0.437772     0.516277
    0.856987     0.437871     0.514041
    0.851768     0.436048     0.512636
    0.857517     0.438069     0.509568
    0.852297     0.436245     0.508168
    0.858039     0.438256     0.505094
    0.852824     0.436431     0.503699
    0.853092     0.436522     0.501463
    0.853362     0.436613     0.499228
    0.853635     0.436707     0.496993
    0.853906       0.4368     0.494758
    0.854173      0.43689     0.492523
    0.854432     0.436976     0.490288
    0.854688      0.43706     0.488052
    0.854943     0.437145     0.485815
    0.860677      0.43915     0.482713
    0.855458     0.437319     0.481342
    0.855716     0.437408     0.479105
    0.855974     0.437496     0.476868
    0.856231     0.437586     0.474631
     0.85648     0.437673     0.472394
    0.862188     0.439674     0.469277
     0.86242     0.439756     0.467036
     0.85718     0.437924      0.46568
     0.85741     0.438006     0.463441
    0.857679     0.438101     0.461196
    0.857907     0.438184     0.458957
    0.852678     0.436354     0.457611
    0.852907     0.436437     0.455374
      0.8586      0.43844     0.452239
    0.858833     0.438528         0.45
    0.853604     0.436696     0.448664
    0.853841      0.43678     0.446426
    0.854075      0.43686     0.444188
    0.859753     0.438841     0.441039
    0.854526     0.437008     0.439713
    0.860193     0.438989     0.436559
     0.85496     0.437155     0.435237
    0.860629     0.439142     0.432077
    0.855394     0.437307      0.43076
    0.855611     0.437382     0.428522
    0.855824     0.437457     0.426283
    0.856035     0.437532     0.424045
    0.850806     0.435701     0.422738
    0.856456     0.437687     0.419567
    0.856664     0.437764     0.417328
    0.856869     0.437838     0.415089
    0.857067     0.437909     0.412848
     0.85183     0.436075     0.411553
     0.85746     0.438051     0.408368
    0.857658     0.438125     0.406128
    0.857855     0.438199     0.403887
    0.858051     0.438271     0.401647
    0.852814     0.436436     0.400364
    0.853008     0.436505     0.398126
    0.858631     0.438476     0.394925
    0.858823     0.438543     0.392684
    0.853584     0.436706      0.39141
    0.853774     0.436774     0.389172
    0.853961     0.436843     0.386934
    0.854147     0.436913     0.384695
    0.859764     0.438891     0.381479
    0.854516     0.437052     0.380217
    0.854697     0.437119     0.377978
    0.854871     0.437181     0.375738
    0.855039     0.437243     0.373499
    0.855204     0.437304     0.371259
    0.855367     0.437366     0.369019
    0.855532     0.437427     0.366779
    0.855699     0.437487     0.364539
    0.855868     0.437545     0.362299
    0.856038     0.437605      0.36006
    0.856209     0.437667      0.35782
    0.856378     0.437733     0.355581
    0.856545     0.437799     0.353342
    0.856709     0.437863     0.351102
    0.856867     0.437924     0.348862
    0.851611     0.436085     0.347636