    0.737304     0.554292      0.90466
    0.736768     0.554417     0.902978
    0.756511     0.554098     0.889765
    0.755956     0.554207     0.888051
      0.7554     0.554312     0.886334
    0.774667     0.553964     0.873327
    0.754285     0.554511     0.882894
     0.77353     0.554157     0.869873
    0.807379     0.553277     0.848475
    0.806791     0.553369     0.846736
    0.806203     0.553459     0.844996
    0.805615      0.55355     0.843256
    0.783039     0.554211     0.854129
    0.782462     0.554299     0.852394
     0.78152     0.554383     0.850867
    0.780943     0.554467      0.84913
    0.780366     0.554551     0.847394
    0.790156     0.554494     0.839686
    0.789573     0.554581     0.837945
     0.78899     0.554667     0.836204
    0.788406     0.554751     0.834461
    0.809676     0.554226      0.82006
     0.80908     0.554303     0.818309
    0.808484     0.554378      0.81656
    0.807887     0.554452     0.814811
    0.807291     0.554528     0.813062
    0.806695     0.554606     0.811312
    0.806099     0.554685     0.809561
    0.817308     0.554247      0.80091
    0.816704     0.554322     0.799152
    0.816099     0.554394     0.797394
    0.815495     0.554463     0.795637
     0.81489     0.554532     0.793881
    0.826064     0.554321     0.785222
    0.813683     0.554675     0.790369
    0.824843     0.554469     0.781703
    0.824231     0.554544     0.779941
     0.82362     0.554619     0.778178
    0.834717     0.554116     0.769499
    0.834098     0.554188     0.767731
    0.833479     0.554259     0.765963
    0.832859     0.554329     0.764193
    0.831931     0.554403     0.762606
    0.831312     0.554471     0.760836
    0.830692     0.554539     0.759067
    0.830073     0.554605     0.757298
    0.841408     0.554322     0.748425
    0.840782     0.554386     0.746653
    0.840155      0.55445      0.74488
    0.839529     0.554515     0.743108
    0.838902     0.554581     0.741333
    0.838275     0.554647     0.739557
    0.837647     0.554712      0.73778
    0.837019     0.554773     0.736002
     0.83827     0.554743     0.733096
    0.847038      0.55421     0.725661
    0.848285     0.554166     0.722749
     0.84765     0.554223      0.72097
     0.84915     0.554189     0.717905
     0.84638     0.554348     0.717411
    0.849752     0.554232     0.713208
    0.847238     0.554385     0.712555
    0.846599     0.554448     0.710768
    0.843832     0.554603     0.710271
    0.843195     0.554661     0.708486
    0.844685     0.554623     0.705411
    0.844046     0.554677     0.703626
    0.852749     0.554287      0.69616
    0.853975     0.554252     0.693234
     0.85333     0.554308     0.691445
     0.85292     0.554358     0.689511
    0.854134     0.554314     0.686583
    0.849528     0.554581     0.687212
    0.850982     0.554545     0.684135
    0.850101     0.554613     0.682486
    0.849454     0.554671     0.680692
    0.848807     0.554727     0.678898
    0.848161     0.554783     0.677104
    0.847748     0.554829     0.675166
    0.847101     0.554884     0.673372
    0.848304     0.554834     0.670436
    0.847655      0.55489      0.66864
    0.848852     0.554822     0.665702
    0.848202     0.554878     0.663904
    0.849395     0.554797     0.660964
    0.848743     0.554856     0.659165
    0.849932     0.554765     0.656221
    0.849279     0.554823     0.654421
    0.848626     0.554877      0.65262
     0.84981     0.554774     0.649672
    0.849155     0.554827      0.64787
    0.848501     0.554884     0.646068
     0.84968      0.55478     0.643116
    0.849024     0.554838     0.641312
    0.848368     0.554893     0.639508
    0.849542     0.554782     0.636553
    0.848885     0.554832     0.634748
    0.848227     0.554881     0.632942
    0.849397     0.554766     0.629984
    0.848738     0.554818     0.628177
    0.848078     0.554874     0.626368
    0.849244     0.554768     0.623406
    0.848583     0.554829     0.621597
    0.849745     0.554727     0.618633
    0.849083     0.554786     0.616822
     0.84842     0.554844     0.615011
    0.849576     0.554748     0.612044
    0.848912     0.554807     0.610231
    0.850213     0.554709      0.60717
    0.849548     0.554763     0.605357
    0.848883     0.554813     0.603544
    0.848218      0.55486     0.601729
    0.849367     0.554768     0.598756
      0.8487     0.554818     0.596939
    0.857086      0.55418     0.589336
    0.849176     0.554784     0.592148
    0.848508     0.554836     0.590331
    0.849646     0.554752     0.587353
    0.848976     0.554807     0.585533
    0.848306     0.554864     0.583712
    0.849439     0.554786      0.58073
    0.857776     0.554162     0.573108
    0.849896     0.554769     0.575924
    0.849224     0.554829     0.574102
    0.848551     0.554887      0.57228
    0.849677     0.554805     0.569297
    0.849002      0.55486     0.567473
    0.848327     0.554913     0.565648
    0.860344     0.553966     0.555593
    0.859661     0.554019     0.553763
    0.858978      0.55407     0.551934
    0.718531     0.553804     0.921225
    0.718085     0.554154     0.919777
    0.729707     0.554132      0.91122
    0.856504     0.554273     0.551249
    0.848523     0.554886     0.554172
    0.849634     0.554795     0.551182
    0.858018     0.554087     0.543441
    0.848275     0.554886     0.547525
    0.851312     0.554651     0.543265
    0.848848     0.554844     0.542597
    0.848166     0.554898     0.540764
    0.849263      0.55481     0.537765
    0.850357     0.554716     0.534765
    0.851446     0.554614     0.531766
    0.850761     0.554669     0.529931
    0.850076     0.554726     0.528097
    0.851158     0.554622     0.525095
    0.850471     0.554679     0.523258
    0.851548     0.554568     0.520253
     0.85086     0.554622     0.518415
    0.850172     0.554676     0.516576
    0.851244      0.55456      0.51357
    0.848795     0.554787     0.512898
    0.849864     0.554674      0.50989
    0.850931     0.554558     0.506881
    0.848484     0.554789     0.506208
    0.849548     0.554675     0.503198
    0.848857     0.554737     0.501355
    0.849917     0.554628     0.498342
    0.849224     0.554692     0.496498
    0.848531     0.554754     0.494653
    0.849585     0.554641     0.491638
    0.850637     0.554527     0.488622
    0.849941     0.554584     0.486775
    0.849245     0.554643     0.484928
    0.848549     0.554705     0.483081
    0.849595     0.554602      0.48006
    0.848898     0.554664     0.478212
      0.8482     0.554725     0.476362
    0.849241     0.554627     0.473339
    0.848542     0.554689     0.471489
    0.849581       0.5546     0.468464
     0.84888     0.554664     0.466612
    0.857006     0.554029     0.458791
    0.849351     0.554635     0.461639
    0.848649     0.554697     0.459785
    0.851417     0.554488     0.455577
    0.848978     0.554687     0.454898
    0.850007     0.554613     0.451866
    0.849302     0.554676      0.45001
    0.848597     0.554738     0.448153
    0.851349      0.55453      0.44394
    0.848914     0.554727      0.44326
    0.849933     0.554655     0.440222
    0.849224     0.554718     0.438361
     0.85024      0.55465     0.435322
    0.849531     0.554713     0.433462
    0.848822     0.554773     0.431603
    0.856713     0.554186     0.423844
    0.849121      0.55476     0.426701
    0.850127      0.55469     0.423657
    0.849413     0.554751     0.421791
    0.850415     0.554686     0.418745
    0.849701      0.55475      0.41688
    0.848987     0.554814     0.415016
    0.849985      0.55475     0.411969
     0.84927     0.554815     0.410102
    0.850265     0.554752      0.40705
    0.847837     0.554947     0.406366
     0.84883     0.554883     0.403314
    0.849951     0.554802     0.400169
    0.849232     0.554867     0.398299
    0.850212     0.554788     0.395246
    0.849492     0.554853     0.393375
    0.848772     0.554916     0.391504
     0.85144     0.554672     0.387267
    0.849025     0.554886     0.386578
    0.849994     0.554793     0.383522
    0.849271     0.554855     0.381649
    0.850236      0.55476     0.378592
    0.712763     0.552969     0.926497
    0.714459     0.553453     0.924511
    0.849499     0.554824     0.376685
    0.848775     0.554888     0.374813
    0.849735     0.554795     0.371757
    0.849009     0.554864     0.369882
    0.849963     0.554773      0.36682
    0.849234     0.554842     0.364938
    0.848504     0.554909     0.363056
    0.849452     0.554814     0.359989
    0.848722     0.554877     0.358109
    0.849667     0.554777     0.355043
    0.848936     0.554836     0.353163
    0.849877     0.554732     0.350095
    0.849144      0.55479     0.348213
    0.848412      0.55485     0.346331
    0.847679     0.554912     0.344448
    0.848613     0.554813     0.341377
    0.849544     0.554715     0.338306
    0.848809     0.554775     0.336422
    0.849736     0.554684      0.33335
    0.848999     0.554748     0.331464
    0.849922      0.55467     0.328391
    0.849183     0.554736     0.326503
    0.848445     0.554801     0.324614
    0.849504     0.554725     0.321438
    0.848764     0.554788     0.319548
    0.848023     0.554851     0.317659
    0.850599      0.55467     0.313388
    0.849856     0.554737     0.311496
    0.849113     0.554804     0.309604
    0.850021     0.554744     0.306521
    0.849277     0.554808     0.304628
    0.848532     0.554869     0.302734
    0.847787     0.554929     0.300841
    0.848691      0.55486     0.297755
    0.847945     0.554922     0.295861
    0.848844      0.55486     0.292773
    0.848096     0.554927     0.290876
    0.848992      0.55487     0.287787
    0.848243      0.55494     0.285889
    0.849134     0.554888     0.282798
    0.848383      0.55496     0.280899
    0.847632     0.555033     0.278999
    0.848519     0.554985     0.275905
    0.847767     0.555059     0.274004
    0.848649      0.55501     0.270908
    0.847896      0.55508     0.269006
    0.848906     0.555012     0.265812
    0.848151     0.555075     0.263909
    0.849022     0.555004     0.260813
    0.848265     0.555068     0.258909
    0.847508     0.555135     0.257004
    0.848372     0.555062     0.253905
    0.847614     0.555134     0.251999
    0.848473     0.555061     0.248898
    0.847713     0.555136      0.24699
    0.848567     0.555058     0.243889
    0.847806     0.555128      0.24198
    0.848655     0.555036     0.238879
    0.847892     0.555094      0.23697
    0.848735     0.554989     0.233868
    0.847971     0.555046     0.231957
     0.84881     0.554942     0.228853
    0.848044     0.555006     0.226941
    0.848878     0.554904     0.223834
    0.848111     0.554971     0.221921
    0.848941     0.554871     0.218813
    0.848173     0.554937     0.216899
       0.849     0.554837     0.213791
     0.84823       0.5549     0.211877
    0.849052     0.554802     0.208767
     0.84828     0.554864      0.20685
    0.849099      0.55477     0.203738
    0.848326     0.554832     0.201821
    0.849142     0.554744     0.198708
    0.848368     0.554805     0.196791
    0.849181     0.554722     0.193678
    0.849991     0.554645     0.190564
    0.849214     0.554705     0.188643
    0.848436     0.554767     0.186721
    0.849377     0.554682     0.183502
    0.850179     0.554605     0.180383
    0.847818     0.554809     0.179656
    0.850195     0.554592     0.175339
    0.634862     0.553174     0.971224
    0.849404     0.554658     0.173391
    0.848622     0.554721     0.171466
    0.849413     0.554642     0.168344
     0.84863     0.554703     0.166418
    0.849418     0.554624     0.163295
    0.848633     0.554688      0.16137
    0.847849     0.554754     0.159443
    0.848632     0.554683     0.156317
    0.849412     0.554614      0.15319
    0.848624      0.55468     0.151259
      0.8494     0.554611     0.148131
    0.850175     0.554546     0.145003
    0.847822     0.554737     0.144272
    0.848595     0.554674     0.141144
    0.847805     0.554742     0.139213
    0.848573     0.554685     0.136083
     0.84778     0.554756      0.13415
    0.848543       0.5547     0.131017
    0.847749     0.554769     0.129083
    0.850057     0.554572     0.124752
    0.849398     0.554627      0.12271
    0.848465     0.554706     0.120881
    0.847806     0.554762     0.118839
    0.850093     0.554527     0.114508
    0.847754     0.554753     0.113767
    0.850033     0.554511     0.109435
    0.849233     0.554582     0.107496
    0.849968     0.554493     0.104359
    0.849166     0.554563     0.102419
    0.849899     0.554476    0.0992805
    0.849095     0.554547    0.0973393
    0.849824     0.554466     0.094199
    0.849019     0.554538    0.0922568
    0.849745     0.554465    0.0891155
    0.848938     0.554538     0.087172
     0.84966     0.554472    0.0840296
    0.848852     0.554545     0.082085
    0.849569     0.554483    0.0789416
     0.84876     0.554555    0.0769961
    0.849474     0.554496    0.0738518
    0.848663     0.554568    0.0719053
    0.849373     0.554515    0.0687598
    0.848561     0.554588     0.066812
    0.849268     0.554541    0.0636649
    0.848454     0.554615    0.0617161
    0.849158     0.554572    0.0585668
    0.848343     0.554646    0.0566166
    0.849192     0.554601    0.0533488
    0.848375     0.554676    0.0513975
    0.849073     0.554644    0.0482454
    0.848255     0.554718    0.0462937
     0.84895     0.554683    0.0431398
     0.84813     0.554756    0.0411866
     0.84882     0.554725    0.0380313
    0.847999       0.5548    0.0360766
    0.848683     0.554774    0.0329215
    0.847861     0.554851    0.0309664
    0.848541     0.554828    0.0278114
    0.855344     0.554391    0.0197602
    0.849894     0.554783    0.0214983
    0.853684      0.55454    0.0158436
     0.84824     0.554929     0.017583
    0.853477     0.554534    0.0107581
     0.85403     0.554368    0.0076774
    0.853198     0.554434      0.00572
    0.852366     0.554493   0.00376433
    0.848708     0.554926   0.00410728
    0.852262     0.553975  -0.00142029
    0.852886     0.552872  -0.00460065
    0.630629     0.552135     0.974327
    0.851968     0.552819  -0.00674375
    0.836281     0.555425   0.00348029
    0.763766     0.554943    0.0591073
    0.763006     0.554867    0.0572044
    0.762243     0.554801    0.0552927
    0.761477     0.554747    0.0533704
    0.760707     0.554706    0.0514396
    0.624722     0.551457     0.977841
    0.753865     0.554816    0.0541789
    0.743536     0.554621    0.0599542
    0.739788     0.554655    0.0604391
    0.729417     0.554464    0.0662596
    0.728666     0.554478    0.0643221
      0.7138     0.554692    0.0738358
    0.713057     0.554714    0.0718968
    0.707826     0.554762    0.0736023
    0.699234      0.55473    0.0780367
    0.695201      0.55475    0.0787807
    0.689624      0.55479    0.0807869
    0.688895     0.554809    0.0788488
    0.680359     0.554639    0.0832594
    0.671803     0.554796    0.0877271
    0.671084     0.554807    0.0857913
    0.593304     0.550731     0.995596
    0.663976     0.554697    0.0888972
    0.656919     0.554767    0.0921603
    0.656209     0.554772    0.0902268
    0.647657      0.55463    0.0947092
    0.646952     0.554637    0.0927761
    0.641403     0.554608    0.0948179
    0.637699     0.554602    0.0953513
    0.632152     0.554502    0.0973953
    0.629956      0.55451    0.0966949
    0.622915     0.554598    0.0999957
    0.620709     0.554619    0.0993088
    0.616686     0.554593     0.100121
    0.615997     0.554609    0.0981849
    0.299447     0.555526     0.920619
    0.610632     0.550512     0.622048
    0.610074      0.55057     0.620262
    0.609517     0.550631     0.618476
     0.60896     0.550693      0.61669
    0.608402     0.550755     0.614899
    0.607841     0.550814     0.613101
    0.607278     0.550871     0.611296
    0.606715     0.550928     0.609492
    0.606155     0.550984     0.607699
    0.605601     0.551036     0.605923
    0.605049     0.551084     0.604154
    0.604495      0.55112      0.60238
    0.603935     0.551144      0.60059
    0.603207     0.550145     0.598818
    0.607407     0.554705     0.102645
    0.606723     0.554728     0.100709
    0.599693     0.554598     0.104017
    0.592994     0.554708      0.10708
    0.592317     0.554739     0.105142
     0.59164      0.55477     0.103203
    0.590963     0.554802     0.101263
    0.582095     0.554519     0.106115
    0.581423     0.554554     0.104176
    0.576246     0.554654        0.106
    0.575208     0.554683     0.104366
    0.574539     0.554724     0.102424
    0.567544     0.554519     0.105751
    0.559015     0.554673     0.110403
    0.558355     0.554713     0.108463
    0.557695     0.554753     0.106522
    0.550689     0.554673     0.109897
    0.550033      0.55471     0.107957
    0.549376     0.554746     0.106015
    0.540867     0.554785     0.110685
    0.540215     0.554816     0.108746
    0.539564     0.554844     0.106807
    0.286685     0.554933      0.92683
    0.296794     0.555228     0.918458
    0.284066     0.554825     0.924719
    0.285562     0.554852     0.921869
    0.283318     0.554729     0.921415
    0.613398     0.545258     0.705853
    0.280691     0.554447     0.919304
    0.602593     0.550153     0.596859
    0.602035      0.55018     0.595073
    0.601473      0.55022     0.593274
    0.600911     0.550269     0.591473
    0.600349     0.550321     0.589672
    0.599787      0.55037     0.587871
    0.599224     0.550411     0.586069
    0.598662     0.550445      0.58427
    0.598101     0.550475     0.582476
    0.597541     0.550504     0.580685
     0.59698     0.550537      0.57889
    0.596417     0.550577     0.577088
    0.594599     0.550398     0.576124
    0.594034     0.550444     0.574312
    0.593468     0.550487     0.572499
    0.591943      0.55024     0.571331
    0.591379     0.550284     0.569524
    0.590816     0.550329     0.567716
    0.588709     0.550253     0.566967
    0.588146     0.550295     0.565159
    0.400534     0.552682     0.693222
    0.400075     0.552712     0.691467
    0.399616      0.55274     0.689711
    0.399156     0.552773      0.68795
    0.398694     0.552813     0.686182
    0.577417     0.550393     0.559387
    0.576858     0.550451     0.557577
    0.397315     0.552966     0.680899
    0.396856     0.553001     0.679143
    0.396395     0.553029     0.677381
    0.395933     0.553055     0.675615
    0.395471     0.553088     0.673846
    0.560991     0.550822     0.555473
    0.559929     0.550837     0.553981
    0.559865      0.55094     0.551786
    0.558805     0.550964     0.550299
     0.55485      0.55093     0.550875
    0.554304     0.550983     0.549082
    0.534373      0.55482     0.108563
    0.531878     0.554784     0.108179
     0.52488     0.554778     0.111608
    0.524237     0.554801     0.109669
    0.523593     0.554826      0.10773
    0.515109     0.554606     0.112416
     0.51447      0.55463     0.110477
    0.513831     0.554653     0.108537
    0.506844     0.554676     0.111994
    0.506209     0.554701     0.110054
    0.505574     0.554727     0.108114
    0.498599     0.554559     0.111559
    0.497968     0.554584     0.109619
    0.490986     0.554651     0.113107
    0.490359     0.554675     0.111167
    0.489732     0.554701     0.109225
    0.481282     0.554404     0.113949
    0.480659     0.554431     0.112006
    0.282177     0.554381     0.916419
     0.27806     0.554202     0.917182
    0.281428     0.554288     0.913108
    0.279186     0.554238     0.912647
     0.27694     0.554193     0.912186
    0.276566     0.554213     0.910515
    0.267607     0.553958     0.914407
    0.267238     0.553965     0.912745
    0.266871     0.553968     0.911088
    0.266502     0.553965     0.909429
    0.264281     0.553879     0.908958
    0.263907     0.553871     0.907276
    0.552053     0.551009     0.548554
    0.551499      0.55105     0.546734
    0.548797      0.55104     0.546448
     0.54825     0.551088     0.544648
    0.542534     0.551151     0.546496
    0.389932     0.553652      0.65263
    0.539257     0.551184     0.544374
    0.538707     0.551217     0.542552
    0.536451     0.551225     0.541954
    0.534191     0.551271      0.54137
    0.531931     0.551334     0.540786
    0.387152     0.553905     0.641986
    0.386687     0.553957     0.640206
    0.386221     0.554001     0.638421
    0.385754     0.554037     0.636634
    0.387783      0.55235     0.632923
    0.387315     0.552387     0.631137
    0.515251     0.551484     0.537226
    0.514711     0.551527     0.535406
    0.480007     0.554463     0.109972
    0.479384     0.554498     0.108029
    0.472409     0.554592      0.11155
     0.47179     0.554634     0.109604
    0.464841     0.554498      0.11309
    0.464225     0.554541     0.111143
     0.46361     0.554583     0.109197
    0.458153     0.554601     0.111428
    0.457541     0.554645     0.109483
    0.456929     0.554692     0.107536
    0.449978     0.554637     0.111064
     0.44937     0.554689     0.109115
    0.448761      0.55474     0.107166
    0.446661     0.554782      0.10651
    0.443086     0.554836     0.107139
     0.44248     0.554884      0.10519
    0.433686      0.55462     0.110335
    0.433085     0.554666     0.108387
    0.432484      0.55471     0.106438
    0.431883     0.554751     0.104489
     0.42495     0.554769     0.108067
    0.425839     0.554852     0.104821
    0.417446     0.554612     0.109662
    0.416852     0.554652     0.107714
    0.416259      0.55469     0.105765
    0.415665     0.554724     0.103816
    0.706955     0.536671     0.931306
    0.263534     0.553854     0.905594
    0.263163     0.553844     0.903926
    0.260948      0.55377     0.903456
    0.260579     0.553781     0.901788
    0.260211     0.553798     0.900121
     0.25742      0.55367     0.900032
    0.257052      0.55369     0.898362
    0.259105     0.553855      0.89511
    0.258736     0.553871     0.893441
    0.255949     0.553741     0.893354
     0.25188     0.553669     0.894116
    0.249668     0.553625     0.893655
    0.249303     0.553653     0.891987
    0.248366     0.553624     0.890701
    0.246162     0.553563     0.890251
    0.245795     0.553584     0.888571
    0.245426     0.553615     0.886875
    0.246894     0.553741     0.883963
    0.241018     0.553558     0.885925
    0.407231     0.554753     0.108638
    0.406642     0.554785     0.106691
    0.406053     0.554817     0.104742
    0.403977     0.554835     0.104099
     0.40154     0.554806      0.10377
    0.400952     0.554837     0.101819
    0.400364     0.554867    0.0998683
    0.393452     0.554805     0.103497
    0.392868     0.554831     0.101546
    0.390809      0.55479     0.100896
      0.3917     0.554879    0.0976457
    0.389642      0.55484    0.0969935
    0.379445     0.554388     0.103524
    0.378868     0.554423      0.10157
     0.37829     0.554462    0.0996152
    0.377712     0.554501    0.0976602
    0.377134     0.554539    0.0957051
    0.368782     0.554528     0.100676
    0.368209     0.554564    0.0987202
    0.367635       0.5546    0.0967637
    0.367062     0.554635    0.0948071
    0.706943      0.53579      0.93138
    0.145458     0.555332     0.656431
      0.1451      0.55539     0.654696
    0.144739     0.555424     0.652953
    0.364999     0.554655    0.0940843
    0.358132      0.55464    0.0977589
    0.357563      0.55468    0.0958011
    0.356994     0.554721    0.0938417
    0.356424     0.554764     0.091881
    0.355854     0.554809    0.0899198
    0.347551     0.554537    0.0948836
      0.3466     0.554556    0.0932683
    0.346422     0.554636    0.0909624
    0.342527     0.554592    0.0919951
    0.341964     0.554642    0.0900331
     0.33992      0.55468    0.0894075
    0.337879     0.554715    0.0887804
    0.337318     0.554767    0.0868163
    0.330498      0.55479    0.0905189
    0.329941     0.554842    0.0885546
    0.329383     0.554893    0.0865899
    0.328826     0.554943    0.0846245
    0.328267     0.554994    0.0826582
    0.327709     0.555044     0.080691
     0.31907     0.554669      0.08604
    0.318517     0.554718    0.0840744
    0.317964     0.554765    0.0821088
    0.317411     0.554811    0.0801424
    0.316857     0.554856    0.0781745
    0.310055     0.554816    0.0819128
    0.310964     0.554882    0.0786088
    0.308954     0.554912    0.0779721
    0.308404      0.55496    0.0760012
    0.301613     0.554915    0.0797519
    0.706932     0.534908     0.931455
    0.144367     0.555438     0.651159
    0.144001      0.55544       0.6494
    0.143635     0.555455     0.647638
    0.143269     0.555484     0.645871
    0.142903     0.555522     0.644103
    0.142537      0.55557     0.642332
     0.88358     0.536072    0.0648963
    0.142415     0.556615     0.638397
    0.143464     0.557769     0.635621
     0.14249     0.557514     0.634287
    0.142122     0.557583     0.632504
    0.141751     0.557638     0.630712
    0.141379     0.557671     0.628915
    0.141007     0.557687     0.627126
    0.140636     0.557691     0.625349
    0.139463     0.556937     0.624142
    0.139094     0.556934     0.622372
    0.138724     0.556931     0.620595
    0.138353     0.556936     0.618812
    0.137376      0.55604     0.617418
    0.137007     0.556096     0.615627
    0.136325     0.555189     0.613992
    0.136272     0.556281     0.612051
    0.135906     0.556375     0.610266
    0.135538     0.556448      0.60848
    0.135169     0.556498     0.606693
    0.134799      0.55654     0.604907
     0.13443     0.556581     0.603121
     0.13406     0.556621     0.601335
    0.133689     0.556653     0.599545
    0.133316     0.556682     0.597745
    0.132628     0.555729      0.59609
    0.132254     0.555778      0.59428
    0.131884     0.555833     0.592484
    0.131517     0.555893     0.590708
    0.131153      0.55595     0.588942
    0.130787     0.555994     0.587172
    0.130417     0.556019      0.58539
    0.299588     0.554944    0.0790523
    0.299042     0.554985    0.0770823
    0.297051        0.555    0.0764391
    0.296506     0.555038    0.0744683
    0.294076     0.554964    0.0742232
    0.293531        0.555    0.0722517
    0.288237     0.554779     0.074642
    0.287696      0.55481    0.0726722
    0.287154     0.554841    0.0707021
     0.28517     0.554825    0.0700617
     0.28463     0.554862    0.0680891
    0.277866     0.554794    0.0718786
    0.277329     0.554834    0.0699049
    0.276792     0.554873     0.067931
    0.276254     0.554911    0.0659568
    0.274282     0.554905    0.0653139
    0.270427     0.554737    0.0664087
    0.269892     0.554773    0.0644322
     0.26793     0.554761     0.063781
    0.267395     0.554801    0.0618012
    0.265414     0.554808    0.0611689
    0.260113     0.554744    0.0636398
    0.259583      0.55479    0.0616611
    0.706921     0.534027     0.931532
    0.129147     0.555068     0.579998
    0.128779     0.555104     0.578219
    0.128411     0.555174     0.576432
    0.259035     0.554835    0.0596164
    0.257065     0.554842    0.0589801
    0.254679     0.554764    0.0587292
    0.252721      0.55475    0.0580848
    0.250758     0.554752    0.0574477
     0.25023     0.554799    0.0554647
    0.247843     0.554766    0.0552261
    0.245874     0.554783    0.0545993
    0.243901     0.554808    0.0539789
    0.241945     0.554822    0.0533421
    0.241421     0.554873    0.0513556
    0.237609     0.554746    0.0524633
    0.237086     0.554797    0.0504769
    0.235134     0.554809     0.049842
    0.234612     0.554864    0.0478538
    0.234091     0.554921    0.0458642
     0.23028      0.55484    0.0469871
     0.22976     0.554898    0.0449964
    0.229239     0.554955     0.043005
    0.225835     0.554941    0.0437563
    0.225317     0.554996    0.0417646
    0.221533     0.554915    0.0428773
    0.222454     0.555014    0.0395147
    0.220499     0.555023    0.0388911
    0.217138     0.555001    0.0396123
    0.216623     0.555055    0.0376173
    0.215659      0.55506     0.036047
    0.213726      0.55504    0.0354065
    0.211802     0.555032    0.0347621
    0.209873     0.555018    0.0341218
    0.207501     0.554956    0.0339027
    0.206989     0.555003    0.0319044
     0.20177     0.554931    0.0344316
    0.201674     0.555019    0.0320371
     0.70691     0.533146      0.93161
    0.200735     0.555029    0.0303755
    0.200638     0.555114    0.0279803
    0.199714      0.55512    0.0263738
    0.197781     0.555082    0.0257408
    0.195865     0.555058    0.0250969
    0.193947     0.555031    0.0244567
    0.192996     0.555033    0.0228826
    0.192931     0.555109    0.0204564
    0.192423     0.555148    0.0184557
    0.183948     0.554976    0.0241913
    0.183445     0.555022    0.0221891
    0.182941     0.555069    0.0201852
    0.182438     0.555115    0.0181805
    0.181934     0.555158    0.0161758
    0.178623     0.555061    0.0169021
    0.178121     0.555101     0.014897
    0.175765      0.55499    0.0146892
    0.175264     0.555033    0.0126818
    0.173362     0.555011    0.0120416
    0.172861     0.555055    0.0100344
    0.167702     0.554903    0.0125871
    0.167204     0.554945    0.0105794
    0.166706     0.554987   0.00857014
    0.166207     0.555029   0.00655907
    0.165708     0.555072   0.00454583
    0.163793     0.555054   0.00384238
    0.163296     0.555102   0.00183194
    0.162798     0.555153 -0.000182287
     0.16094     0.555117 -0.000864737
    0.159927     0.555095  -0.00238757
     0.15807     0.555019  -0.00308978
    0.157565     0.555054  -0.00513468
    0.155074     0.554764  -0.00521685
    0.152468     0.554096  -0.00500061
    0.149775     0.552639  -0.00422512
    0.600793     0.529576     0.991216
    0.149544     0.552261  -0.00506409
    0.598811     0.528748     0.992398
    0.148249     0.549598  -0.00569518
    0.596828     0.527923     0.993583
    0.148121     0.548763  -0.00598948
    0.592387     0.527038     0.996146
    0.147932     0.546989  -0.00599422
    0.590401     0.526214     0.997336
    0.147853     0.545217  -0.00597719
    0.147905     0.543241    -0.006087
    0.147983     0.541475  -0.00618805
    0.148042     0.539719  -0.00626414
    0.148096     0.537956  -0.00633406
    0.148161      0.53598  -0.00644725
    0.148111     0.534213  -0.00642441
    0.148075     0.533307  -0.00630125
    0.147967     0.530665  -0.00633383
    0.147933     0.528892  -0.00631566
     0.14794     0.526937  -0.00635898
    0.147907     0.525163  -0.00633547
    0.147871     0.523388  -0.00630852
    0.147863      0.52162  -0.00630637
    0.147906     0.519865  -0.00634811
    0.147923     0.518726  -0.00627264
    0.147977     0.516963   -0.0063204
     0.14804      0.51434  -0.00649924
     0.14805     0.512556  -0.00650587
    0.148048     0.510603  -0.00652623
    0.148014     0.509694   -0.0063605
    0.147956     0.507023  -0.00642414
    0.147932     0.505252  -0.00639178
    0.147951     0.503283  -0.00642846
    0.147918     0.502373  -0.00624627
    0.147894     0.500599  -0.00619699
    0.147836     0.497961  -0.00624465
    0.147806     0.496185  -0.00618889
    0.147829     0.494224  -0.00621701
    0.147816     0.492449  -0.00618016
    0.147782      0.49154  -0.00598495
    0.147803     0.488904  -0.00611566
    0.147768     0.487994  -0.00591637
    0.147834     0.486015    -0.005987
    0.147857     0.484245  -0.00598655
    0.147898     0.481616  -0.00614844
    0.147932     0.479848  -0.00616856
    0.147941     0.478721   -0.0060555
    0.148046     0.476095  -0.00628072
    0.148007     0.475185  -0.00607743
    0.148021     0.473413  -0.00607094
    0.148077     0.471444  -0.00614266
     0.14808     0.469668  -0.00612963
    0.148074     0.467027  -0.00625263
    0.148033     0.466118  -0.00604246
    0.148039     0.464345   -0.0060234
    0.148114     0.462369  -0.00610591
    0.148134     0.460597  -0.00610115
    0.148206     0.457931  -0.00629853
    0.148207     0.457958  -0.00630494
     0.14816     0.457022  -0.00609272
    0.148181     0.455059  -0.00613989
      0.1481     0.453281  -0.00605338
    0.147964       0.4515  -0.00590915
    0.147918     0.450589   -0.0056962
    0.147873     0.449676  -0.00548044
    0.147607     0.447894  -0.00518753
    0.134537     0.444141   0.00746438
    0.143051     0.441356 -0.000849674
    0.143248     0.440093  0.000512936
    0.144524     0.440246  -0.00157613
    0.148043     0.438209  -0.00110867
    0.146271     0.438947  -0.00119475
     0.14742     0.437536    0.0772407
    0.148374     0.437348    0.0738285
    0.147896     0.437458    0.0718426
    0.148845      0.43727    0.0684282
    0.148366     0.437382      0.06644
    0.147887     0.437494    0.0644517
    0.147407     0.437607    0.0624635
    0.148351     0.437418    0.0590465
     0.14787      0.43753    0.0570558
    0.147389      0.43764    0.0550632
    0.145486      0.43805    0.0544984
    0.147841     0.437554    0.0496484
    0.147358     0.437666    0.0476538
    0.145461     0.438085    0.0470863
    0.146392     0.437895    0.0436627
     0.14591     0.438011     0.041666
    0.145427     0.438128    0.0396687
    0.147921     0.437561    0.0346469
    0.147435     0.437675    0.0326477
    0.148347     0.437469     0.029226
    0.149259     0.437275    0.0258037
    0.162047     0.436519    0.0106704
    0.148281     0.437494    0.0218002
    0.147792     0.437603    0.0197971
    0.157738     0.436749   0.00739159
    0.157242     0.436862   0.00538403
    0.154957     0.436892   0.00511418
    0.154462     0.437008   0.00310522
    0.148154     0.437619   0.00690118
    0.152048     0.437275  0.000496122
    0.148632     0.437704   0.00145953
    0.149677     0.437836  -0.00184752
    0.143198     0.438718     0.270137
    0.148985     0.437381     0.262417
    0.148544     0.437477     0.260501
    0.148103     0.437574     0.258581
    0.149152     0.437314     0.255263
     0.14871     0.437415     0.253342
    0.148268     0.437517     0.251422
    0.147826     0.437619       0.2495
    0.147384      0.43772     0.247578
    0.148426     0.437464     0.244257
    0.143526     0.438641     0.246536
    0.143085      0.43874     0.244613
    0.148578     0.437409     0.237085
    0.148133     0.437508      0.23516
    0.147687     0.437607     0.233233
    0.148724     0.437353     0.229902
    0.146796     0.437805     0.229377
     0.14783      0.43755     0.226045
    0.147383     0.437647     0.224116
    0.142505     0.438806     0.226395
    0.148165     0.437441      0.21866
    0.147716     0.437539     0.216727
    0.147267     0.437638     0.214794
    0.148302     0.437406     0.211448
    0.147852     0.437505     0.209513
    0.148892     0.437286     0.206159
     0.14844     0.437387     0.204221
    0.147988     0.437487     0.202283
    0.147536     0.437586     0.200345
    0.147084     0.437685     0.198406
    0.148123     0.437474     0.195043
    0.147669     0.437572     0.193102
    0.147215      0.43767      0.19116
     0.14825     0.437463     0.187793
    0.147795     0.437562     0.185849
     0.14734     0.437662     0.183904
    0.148369     0.437455     0.180535
    0.147912     0.437556     0.178588
    0.147456     0.437656     0.176641
    0.148476     0.437443     0.173272
    0.148018     0.437543     0.171323
    0.147559     0.437644     0.169373
    0.147101     0.437745     0.167422
     0.14811     0.437527     0.164051
     0.14765     0.437628     0.162099
    0.148648     0.437398     0.158731
    0.148187     0.437499     0.156776
    0.143337     0.438558      0.15908
    0.142878     0.438658     0.157125
    0.148438     0.437409     0.149312
    0.147975     0.437511     0.147354
    0.147513     0.437614     0.145395
    0.148491     0.437374     0.142026
    0.148027     0.437477     0.140065
    0.147562     0.437579     0.138104
    0.148535      0.43734     0.134732
    0.143566     0.438514      0.13719
    0.143104     0.438619     0.135227
    0.148571     0.437314      0.12743
    0.148103     0.437418     0.125463
    0.147636     0.437521     0.123496
    0.148597     0.437283     0.120118
    0.148128     0.437385     0.118149
    0.147659     0.437486      0.11618
    0.147189     0.437587      0.11421
    0.148146     0.437349     0.110829
    0.147676     0.437452     0.108859
    0.145781     0.437897     0.108299
    0.148348     0.437279     0.103313
    0.147876     0.437386     0.101338
    0.145793     0.437878     0.100964
    0.148361     0.437283    0.0959677
    0.147887     0.437392    0.0939886
    0.147413       0.4375    0.0920089
    0.148372     0.437298    0.0886051
    0.147897     0.437404     0.086625
    0.142962     0.438521    0.0890921
     0.14838     0.437316    0.0812374
    0.147904     0.437425    0.0792555
    0.147066     0.437636     0.387433
    0.148207     0.437363     0.384174
    0.149347     0.437095     0.380915
    0.148929     0.437194     0.379043
    0.148511     0.437292      0.37717
    0.148093      0.43739     0.375296
    0.147675     0.437488     0.373422
    0.147257     0.437587     0.371548
    0.148389     0.437321     0.368283
     0.14797      0.43742     0.366407
    0.147551     0.437519      0.36453
    0.147131     0.437617     0.362652
    0.148257      0.43735     0.359382
    0.147835     0.437447     0.357502
    0.147413     0.437542     0.355621
    0.148534     0.437273     0.352348
    0.148111     0.437368     0.350466
    0.147688     0.437464     0.348582
    0.149009     0.437146     0.345119
    0.148584     0.437244     0.343233
     0.14816     0.437343     0.341347
    0.147735     0.437442      0.33946
     0.14731     0.437541     0.337572
    0.146886     0.437641     0.335683
    0.148001     0.437393     0.332395
    0.147575     0.437495     0.330504
    0.148694      0.43726     0.327209
    0.148267     0.437362     0.325316
    0.147839     0.437463     0.323423
    0.147411     0.437562     0.321529
    0.148531     0.437336     0.318225
    0.148102     0.437435     0.316329
    0.147672     0.437534     0.314433
    0.147243     0.437633     0.312535
     0.14836     0.437411     0.309224
    0.147929     0.437509     0.307325
    0.147498     0.437608     0.305426
    0.147067     0.437709     0.303526
    0.148181     0.437494      0.30021
    0.147748     0.437596     0.298306
    0.147315     0.437698     0.296401
    0.146882     0.437797     0.294496
    0.147987     0.437576     0.291176
    0.142937     0.438629     0.293519
    0.142506     0.438728     0.291614
    0.146684     0.437874     0.285459
    0.147778     0.437651      0.28214
    0.142748      0.43872     0.284479
    0.142315     0.438828      0.28257
    0.147988     0.437635     0.275003
    0.142983     0.438727     0.277328
    0.148812     0.437442      0.26959
    0.148373     0.437547     0.267671
    0.148747     0.437409     0.556015
    0.148361     0.437494     0.554214
    0.147975     0.437579      0.55241
    0.147588     0.437665     0.550604
    0.147201     0.437752     0.548799
    0.146815      0.43784     0.546993
    0.148081      0.43757     0.543814
    0.147693     0.437658     0.542005
    0.147304     0.437746     0.540196
    0.143609     0.438539      0.54114
    0.148168     0.437551     0.535207
    0.147778     0.437638     0.533395
    0.147388     0.437726     0.531583
    0.143714     0.438539     0.532517
    0.148451     0.437466     0.526407
    0.148061     0.437557     0.524592
    0.147669     0.437648     0.522777
    0.147278     0.437736     0.520962
    0.148506     0.437437      0.51778
    0.148113     0.437523     0.515963
     0.14772     0.437607     0.514145
    0.147326     0.437691     0.512326
    0.148549     0.437392     0.509137
    0.148154     0.437478     0.507316
     0.14776     0.437564     0.505494
    0.147365      0.43765     0.503671
    0.148583     0.437354     0.500478
    0.148187     0.437441     0.498653
     0.14779     0.437528     0.496827
    0.147394     0.437616     0.495001
    0.146998     0.437704     0.493174
    0.146601     0.437792     0.491346
    0.147811     0.437498     0.488146
    0.149018     0.437204     0.484945
    0.148619     0.437291     0.483114
     0.14822     0.437379     0.481282
     0.14782     0.437466      0.47945
    0.147421     0.437554     0.477617
    0.147021     0.437642     0.475783
    0.146621     0.437729     0.473949
    0.147819     0.437435     0.470739
    0.147418     0.437523     0.468902
    0.147229     0.437559     0.466882
     0.14843     0.437281     0.463664
    0.148028     0.437369     0.461825
    0.147625     0.437456     0.459985
     0.14883     0.437192     0.456758
    0.148426     0.437278     0.454916
    0.148022     0.437366     0.453073
    0.147618     0.437455      0.45123
    0.147213     0.437544     0.449386
    0.146809     0.437633     0.447541
    0.148013     0.437381     0.444303
    0.147607     0.437471     0.442456
    0.147201     0.437561     0.440609
    0.148403     0.437315     0.437366
    0.147996     0.437406     0.435516
    0.147588     0.437496     0.433666
    0.142374      0.43861     0.435998
    0.148376     0.437343     0.428566
    0.147967     0.437433     0.426713
    0.149157     0.437185     0.423464
    0.148746     0.437277      0.42161
     0.14354     0.438375     0.423946
    0.147926     0.437459     0.417896
    0.147515     0.437549     0.416038
    0.148692     0.437293     0.412786
     0.14828     0.437382     0.410928
    0.147868     0.437472      0.40907
    0.147456     0.437564     0.407211
    0.142277     0.438671     0.409545
    0.143459     0.438433     0.406283
    0.143049     0.438528      0.40442
    0.142638     0.438624     0.402556
    0.142227     0.438718     0.400691
    0.148319     0.437353     0.393064
    0.147903     0.437446     0.391197
    0.147488      0.43754      0.38933
     0.18351     0.440705      0.84663
    0.183158     0.440749     0.844948
    0.182805     0.440794     0.843265
    0.182452      0.44084     0.841581
    0.182099     0.440886     0.839896
    0.181875     0.439639     0.837956
    0.181522     0.439684      0.83627
    0.181168     0.439729     0.834585
    0.180815     0.439774     0.832899
    0.180461     0.439821     0.831212
    0.180107     0.439869     0.829523
    0.179753     0.439918     0.827834
    0.179399     0.439967     0.826143
    0.179044     0.440015     0.824452
     0.17869     0.440063     0.822761
    0.178335     0.440109     0.821069
     0.17798     0.440155     0.819376
    0.177625       0.4402     0.817683
     0.17727     0.440247     0.815989
    0.176915     0.440294     0.814295
    0.176559     0.440342     0.812599
    0.176307     0.439352     0.810696
    0.175951     0.439402     0.808999
    0.175595     0.439453     0.807301
    0.175239     0.439506     0.805602
    0.174883     0.439558     0.803902
    0.174527      0.43961     0.802202
    0.174171     0.439662     0.800501
    0.173814     0.439713       0.7988
    0.173458     0.439763     0.797098
    0.173101     0.439815     0.795395
    0.172744     0.439868     0.793691
    0.172485     0.438891     0.791781
     0.17203     0.439976      0.79028
     0.17177     0.439002      0.78837
    0.171535     0.438037     0.786441
    0.171177     0.438093     0.784733
     0.17082     0.438147     0.783026
    0.170462     0.438201     0.781318
    0.170411     0.436925      0.77921
    0.170053     0.436979       0.7775
    0.169694     0.437034     0.775788
    0.169335      0.43709     0.774075
    0.168976     0.437148     0.772362
    0.168617     0.437208     0.770648
    0.168258     0.437267     0.768934
    0.168166     0.436342     0.766893
    0.167807       0.4364     0.765178
    0.167447      0.43646     0.763461
     0.16682     0.437503     0.762069
     0.16646     0.437564     0.760351
    0.166101     0.437624     0.758633
    0.165741     0.437683     0.756915
    0.165381     0.437742     0.755196
     0.16502       0.4378     0.753476
     0.16466     0.437859     0.751755
    0.151622     0.437672     0.678715
    0.151255     0.437747     0.676962
    0.151943     0.437238     0.674331
    0.151575     0.437315     0.672575
    0.151207     0.437392     0.670819
     0.15084     0.437471     0.669062
    0.150472      0.43755     0.667306
    0.150104     0.437629     0.665549
    0.149736     0.437707     0.663791
    0.149367     0.437786     0.662031
    0.148999     0.437866      0.66027
     0.14863     0.437947     0.658508
    0.147212     0.438609     0.657625
    0.149771     0.437237      0.65343
    0.149401     0.437319     0.651667
    0.149031     0.437402     0.649903
    0.146786     0.438358     0.649692
    0.148291      0.43757     0.646371
    0.149427      0.43717     0.643383
    0.149056     0.437258     0.641614
    0.148685     0.437346     0.639846
    0.143895      0.43937     0.641738
    0.143526     0.439457      0.63997
    0.143157     0.439544       0.6382
     0.14383     0.439054     0.635547
     0.14346     0.439142     0.633775
     0.14309      0.43923     0.632003
    0.142719     0.439318      0.63023
    0.142349     0.439405     0.628457
    0.141978     0.439491     0.626682
    0.141607     0.439577     0.624908
    0.141236     0.439663     0.623132
    0.140864     0.439751     0.621355
    0.147105     0.437621     0.614137
     0.14673     0.437709     0.612357
    0.148021     0.437388     0.609224
    0.147644     0.437478     0.607442
    0.147268     0.437567     0.605659
    0.146891     0.437657     0.603876
    0.148399     0.437302     0.600559
    0.148021     0.437391     0.598774
    0.147643     0.437477     0.596988
    0.147264     0.437563     0.595201
    0.146886     0.437649     0.593414
    0.148179     0.437368     0.590264
    0.147799     0.437455     0.588475
    0.147419     0.437545     0.586686
    0.148716     0.437278     0.583527
    0.143116     0.438535     0.586005
    0.147954     0.437458     0.579941
    0.147573     0.437548     0.578147
    0.147191     0.437637     0.576353
     0.14681     0.437727     0.574558
    0.146428     0.437819     0.572763
     0.14772     0.437562     0.569593
    0.147338     0.437655     0.567795
    0.146955     0.437749     0.565996
    0.148242     0.437493     0.562821
    0.147858     0.437584      0.56102
    0.147473     0.437672     0.559217
    0.164297     0.437918     0.750021
    0.163936     0.437978     0.748299
    0.163575      0.43804     0.746577
    0.163215     0.438104     0.744854
    0.163534     0.436334     0.742383
    0.163173     0.436401     0.740658
    0.162397     0.437323     0.739352
     0.16245     0.436534     0.737204
    0.162088       0.4366     0.735475
    0.161312     0.437521     0.734166
     0.16095     0.437586     0.732436
    0.160588     0.437651     0.730706
     0.16064     0.436864     0.728556
    0.160277     0.436932     0.726824
    0.159914     0.436999      0.72509
    0.159551     0.437065     0.723356
    0.159188     0.437131     0.721622
    0.158825     0.437196     0.719888
    0.158462     0.437262     0.718154
    0.158669     0.436788     0.715923
    0.158933     0.436206     0.713633
    0.157942     0.436926     0.712449
    0.158204     0.436347     0.710157
     0.15784     0.436419     0.708418
    0.157476     0.436492     0.706678
    0.157111     0.436565     0.704936
    0.156746     0.436637     0.703193
    0.156381     0.436708     0.701451
    0.156016     0.436778     0.699708
    0.155651     0.436849     0.697965
    0.155285      0.43692      0.69622
     0.15492     0.436991     0.694475
    0.154554     0.437062     0.692728
    0.153565     0.437781     0.691538
      0.1532     0.437853     0.689792
    0.153457     0.437282      0.68749
    0.153092     0.437359     0.685742
    0.152726     0.437439     0.683992
    0.152359     0.437518      0.68224
    0.151993     0.437595     0.680487