  1.00957  0.318383 0.0818761
  1.00779  0.318228 0.0818746
    1.006  0.318108  0.081877
  1.00334  0.317996 0.0818808
  1.00153  0.317958  0.081882
 0.999728  0.317938 0.0818829
 0.997922  0.317925 0.0818834
 0.996116  0.317914 0.0818829
  0.99345  0.317896 0.0818793
 0.992505  0.317889 0.0818765
 0.989839  0.317873 0.0818681
 0.988032  0.317864  0.081864
 0.986223  0.317855 0.0818644
 0.984411  0.317847 0.0818695
 0.982598  0.317838 0.0818768
 0.980784  0.317828 0.0818842
 0.978969  0.317817 0.0818925
 0.976293  0.317797 0.0819062
 0.974479  0.317784 0.0819098
 0.972667  0.317771 0.0819047
 0.970858  0.317761 0.0818933
 0.969908  0.317757 0.0818871
 0.968095  0.317752 0.0818792
 0.966279  0.317748 0.0818774
  0.96446  0.317746 0.0818794
 0.960923  0.317742 0.0818823
 0.959963  0.317743 0.0818841
 0.957282  0.317745 0.0818923
 0.956319   0.31775 0.0818964
 0.954496  0.317758 0.0819034
 0.952641  0.317771 0.0819072
 0.950819  0.317784 0.0819079
 0.948997  0.317794 0.0819075
 0.947173  0.317802 0.0819079
  0.94449  0.317815 0.0819081
 0.942666  0.317826 0.0819063
 0.940842  0.317837 0.0819038
 0.939017  0.317847 0.0819019
 0.937191  0.317856 0.0819019
 0.933645  0.317874 0.0819071
 0.933534  0.317872 0.0819076
 0.930843   0.31789 0.0819176
  0.92987  0.317895 0.0819221
 0.927174  0.317914 0.0819413
 0.925338  0.317924 0.0819553
 0.923505  0.317932 0.0819643
 0.920817  0.317946  0.081964
 0.919846  0.317948 0.0819619
 0.917157  0.317956 0.0819583
 0.914468   0.31796 0.0819549
 0.913495  0.317963 0.0819514
 0.911666  0.317971 0.0819437
 0.909834  0.317985 0.0819369
 0.907998  0.318002 0.0819351
 0.905299   0.31802 0.0819447
 0.903457  0.318026 0.0819548
 0.901618  0.318029 0.0819612
   0.8989  0.318029 0.0819568
 0.897922  0.318032 0.0819513
 0.896088  0.318033 0.0819403
 0.894251  0.318034 0.0819329
 0.892409  0.318033 0.0819332
 0.890564   0.31803 0.0819405
 0.887863  0.318024 0.0819574
 0.886018  0.318019 0.0819666
 0.885028  0.318017 0.0819705
 0.882334  0.318008 0.0819707
 0.879636  0.318002 0.0819705
 0.878647  0.318001 0.0819718
 0.876801  0.317999 0.0819752
  0.87325  0.317994 0.0819717
 0.873115  0.317993 0.0819716
  0.87042  0.317978 0.0819613
 0.866869  0.317949 0.0819543
 0.866729  0.317947 0.0819546
 0.863174  0.317921 0.0819591
 0.861323  0.317911 0.0819655
 0.859472  0.317902 0.0819742
 0.857619  0.317893 0.0819825
 0.855767  0.317884 0.0819878
 0.853917  0.317875 0.0819873
 0.852069  0.317866 0.0819819
  0.85022  0.317857 0.0819744
  0.84837  0.317848 0.0819693
 0.846516  0.317838 0.0819678
 0.844661  0.317828 0.0819697
 0.841951  0.317817 0.0819739
 0.840095  0.317814 0.0819762
 0.838239  0.317814 0.0819777
 0.836382  0.317816 0.0819795
 0.833667   0.31782 0.0819903
 0.832656  0.317824 0.0819968
 0.829087  0.317827 0.0820186
 0.828927  0.317831 0.0820191
  0.82619  0.317832 0.0820179
 0.823478  0.317835 0.0820137
 0.822467  0.317839 0.0820139
 0.819751  0.317848 0.0820161
 0.817036  0.317861 0.0820154
 0.816877  0.317862 0.0820159
 0.813309  0.317879 0.0820125
 0.811445  0.317889 0.0820098
 0.809582  0.317901  0.082003
 0.807721  0.317916 0.0819932
 0.805859  0.317929 0.0819813
 0.485453  0.295494  0.459088
 0.801283  0.317963 0.0819482
 0.485904  0.295908  0.452672
 0.486116  0.296057  0.450301
 0.486424  0.296258  0.447081
 0.486748  0.296458  0.443857
 0.487091  0.296659  0.440624
 0.487449   0.29687  0.437299
 0.487663   0.29702  0.434937
 0.487988  0.297281  0.430921
 0.488179  0.297433   0.42858
 0.488309  0.297532  0.427068
 0.778985  0.318088 0.0819465
 0.776265   0.31811 0.0819375
 0.775236  0.318122 0.0819404
 0.773318  0.318139 0.0819511
 0.770584  0.318148 0.0819741
  0.76955   0.31815 0.0819807
 0.766822  0.318142 0.0819867
 0.764944  0.318136 0.0819832
 0.492196  0.299366  0.397487
 0.761191  0.318124 0.0819639
 0.758466  0.318115 0.0819567
 0.494118  0.299956  0.387182
 0.755543  0.318104 0.0819658
 0.751963  0.318092 0.0819685
 0.750082  0.318087 0.0819627
 0.497128  0.300876  0.371114
 0.746316  0.318074 0.0819593
 0.744429  0.318065 0.0819616
  0.49884  0.301399  0.361863
 0.739808  0.318045 0.0819607
  0.50024  0.301739  0.355855
 0.735187  0.318023 0.0819603
 0.733297  0.318012 0.0819629
 0.730562  0.317993 0.0819612
 0.503827   0.30257  0.340873
 0.504883  0.302831  0.336003
 0.505456  0.302944  0.333909
 0.506616  0.303178  0.329666
 0.507621  0.303385  0.325989
 0.508776  0.303639  0.321591
 0.509763  0.303841  0.318114
  0.51086  0.304058  0.314381
 0.511887  0.304271    0.3107
 0.512778  0.304432  0.307897
 0.514367  0.304735   0.30265
 0.516442  0.305105  0.296309
 0.516227  0.305076  0.296818
  0.51851  0.305496  0.289776
 0.519688  0.305712  0.286213
 0.521842  0.306092  0.279924
 0.522642  0.306228  0.277733
 0.524293  0.306515  0.273046
 0.525778  0.306761  0.269098
 0.527767  0.307098  0.263718
 0.530049  0.307463  0.257948
 0.531109  0.307649  0.255045
 0.532551  0.307863  0.251648
 0.534687  0.308205  0.246235
 0.536949  0.308531  0.241048
  0.53916  0.308873  0.235631
 0.540989  0.309133  0.231447
 0.542902  0.309394  0.227211
 0.544823  0.309653  0.222973
 0.546905  0.309918  0.218585
 0.551121   0.31045  0.209832
 0.552993  0.310692  0.205827
  0.55551  0.310988  0.200937
 0.558953  0.311404  0.194106
 0.561618   0.31172  0.188901
 0.564143  0.312006  0.184193
 0.569589  0.312596  0.174572
 0.643171  0.317685 0.0893224
  0.64111  0.317679 0.0896144
 0.639892  0.317681 0.0897802
 0.636232  0.317759 0.0902483
 0.635619  0.317829 0.0903376
 0.630964  0.318866 0.0911528
 0.630074  0.319238 0.0913624
 0.629462  0.319724  0.091504
 0.627776  0.321095 0.0919229
 0.626153  0.331125 0.0922113
  1.06021  0.331365  0.184249
  1.06353   0.33137  0.175025
  1.06405  0.331374  0.173476
  0.62694  0.331789 0.0919822
  1.04904  0.331566  0.214763
  1.05954  0.331389  0.185876
 0.627106  0.331503 0.0919454
  1.04909  0.331584  0.214805
 0.627139  0.332153 0.0919305
 0.627243  0.337853 0.0918329
 0.627163  0.333765 0.0919078
 0.627246  0.339511 0.0918254
 0.627188  0.335366 0.0918849
 0.627278  0.340994 0.0918129
 0.957736  0.330454  0.469107
 0.627287   0.34179 0.0918077
 0.890823   0.31802  0.879131
 0.889557  0.317907  0.877353
 0.889001  0.317858  0.876561
 0.887336  0.317713  0.874235
 0.893728  0.318163  0.859813
 0.892684  0.318081  0.858723
 0.891438  0.317993  0.857813
 0.890337  0.317928  0.856878
 0.887971  0.317831  0.855481
 0.886415  0.317803  0.854825
 0.885556  0.317796  0.854511
 0.883859  0.317791  0.854024
 0.882114  0.317796  0.853588
 0.880149  0.317805  0.853141
 0.877533  0.317808  0.852625
 0.875858  0.317811  0.852153
 0.875009  0.317815  0.851824
 0.873295  0.317848  0.850635
 0.872123  0.317881  0.849623
 0.870214  0.317998  0.846507
 0.869762  0.318032  0.845551
 0.868495  0.318131  0.842793
 0.868345  0.318137   0.84259
  0.86716   0.31823  0.839781
 0.866215  0.318312  0.837177
 0.865816  0.318343  0.836141
 0.863321  0.318529  0.829316
 0.862567  0.318606  0.826527
 0.861889  0.318661  0.824389
 0.861312  0.318711  0.822459
 0.860554  0.318785  0.819659
 0.859996  0.318843  0.817474
 0.858013  0.319152   0.80628
 0.857798  0.319186  0.804974
 0.857468  0.319243  0.802796
 0.856877  0.319368  0.797987
 0.856732  0.319405  0.796576
 0.856446  0.319487  0.793413
  0.85627   0.31957  0.790155
  0.85621  0.319631  0.787726
  1.00289  0.349882 0.0827937
 0.627286   0.34265 0.0918044
 0.896383  0.319638  0.885711
 0.895943  0.319283  0.885245
 0.894595  0.318618  0.883815
  0.89276  0.318232  0.881698
  0.89177  0.318123  0.880598
  1.00307  0.349691 0.0827885
 0.627358  0.349456 0.0917177
 0.897297  0.321031  0.886717
 0.627354  0.350275 0.0917193
 0.898229  0.323827  0.887761
  0.62737  0.350968 0.0917174
 0.898146  0.323694  0.887654
 0.627301  0.345896  0.091788
 0.898288  0.326127  0.887873
 0.627308    0.3467 0.0917831
 0.898293  0.331025  0.887996
 0.888197  0.331832  0.855066
 0.627386  0.353316 0.0917174
  0.89828  0.331995   0.88799
 0.888402  0.334416  0.855243
 0.627327   0.34827 0.0917729
 0.898316  0.330938  0.887927
 0.888609  0.335841  0.855572
  0.85329  0.335156  0.771287
 0.853776  0.334879  0.767733
 0.627375  0.354995 0.0917211
 0.898275  0.333814  0.887995
 0.888739  0.334426  0.855529
 0.852564   0.33646  0.783367
 0.852655  0.336055  0.780148
 0.852789  0.335699  0.776875
 0.853055  0.335376  0.773437
 0.627375   0.35579 0.0917219
 0.898307  0.332745  0.887944
 0.888752  0.335407   0.85555
 0.627378  0.356578 0.0917224
 0.898316  0.337885  0.887932
 0.888782  0.336417  0.855586
 0.853344  0.338769  0.800152
 0.853194  0.338618   0.79884
 0.852976  0.338372  0.796686
 0.627381  0.357372 0.0917228
 0.898261  0.340657  0.888025
 0.889086  0.340214  0.855966
 0.854428  0.339895  0.808051
 0.627418  0.363222 0.0917184
 0.898318  0.339688  0.887934
 0.889105  0.341192  0.856006
 0.627434  0.363948 0.0917191
  0.89832  0.340583  0.887936
 0.889021  0.340187   0.85604
 0.627444  0.364719 0.0917207
 0.898323  0.345719  0.887909
 0.889119  0.342987  0.856061
 0.627447  0.365539 0.0917236
 0.898323  0.346622  0.887906
 0.889124  0.343808  0.856085
 0.866527  0.347589  0.845126
 0.865427  0.347367  0.844125
 0.627445  0.366378 0.0917272
 0.898322  0.347523  0.887903
 0.889041  0.348991  0.856152
 0.876905  0.349224  0.848358
 0.875254  0.348807  0.847995
 0.873374  0.348447  0.847613
 0.870842  0.348108  0.847162
 0.869204  0.347942  0.846722
 0.868368  0.347875  0.846405
 0.627443  0.367202 0.0917309
 0.898309  0.352571  0.887902
  0.88901  0.349936  0.856139
 0.883534  0.349707  0.851359
 0.881026  0.350201  0.849759
 0.880542  0.350103  0.849651
 0.879448  0.349883  0.849065
 0.849406  0.351255  0.784641
 0.627441  0.368007 0.0917344
 0.898323   0.34933  0.887898
 0.888983  0.350883  0.856131
 0.848987  0.353035  0.781119
 0.627439  0.368807 0.0917379
 0.898248  0.352032  0.888009
 0.888931  0.356069  0.856179
 0.627438  0.369598 0.0917413
 0.898248  0.352923  0.888011
 0.888895  0.354729   0.85624
 0.851787  0.357018  0.811302
 0.851551  0.357099  0.810221
 0.627438  0.370372 0.0917444
 0.898284  0.356184  0.887918
 0.888897  0.355632  0.856252
 0.851387  0.357332  0.809629
 0.848126  0.356987  0.780353
 0.627437  0.371141 0.0917476
 0.898188  0.358953  0.888037
 0.888899  0.356538  0.856263
 0.855521  0.360086  0.825753
 0.854503  0.360087  0.822861
 0.853967  0.360032  0.820908
 0.847314  0.360774  0.775946
 0.627371  0.377494 0.0917936
 0.898176  0.359855  0.888046
 0.888961  0.359647  0.856206
 0.866337  0.361542  0.844324
 0.865773  0.361672  0.844093
 0.847179  0.365865  0.762104
 0.627409  0.372856 0.0917586
 0.898178  0.362998  0.888009
 0.888951  0.362366  0.856274
 0.865084  0.362241  0.843772
 0.862933  0.362907  0.842246
 0.863022  0.362661  0.842279
 0.848727  0.364709  0.801883
 0.845379  0.373132  0.762783
 0.627334  0.384432 0.0918465
 0.898165  0.363898  0.888024
 0.889076  0.367715  0.856235
 0.860082  0.365531  0.838725
 0.847457  0.369256  0.799581
 0.627358  0.379909 0.0918091
 0.898074  0.366792  0.888149
 0.889096  0.368593  0.856245
  0.85931  0.366912  0.837421
 0.859047  0.367046  0.836896
 0.627357  0.380719 0.0918139
 0.898061  0.367693  0.888166
 0.889035  0.367277  0.856289
 0.858804  0.367515  0.836514
 0.857545  0.370069  0.834686
 0.627342  0.386774 0.0918599
 0.898048  0.368597  0.888183
 0.889133  0.370383  0.856265
 0.853338  0.387912   0.83071
 0.845529  0.379547  0.799432
 0.627336  0.387599 0.0918656
 0.898045  0.371531  0.888182
 0.889151  0.371282  0.856274
 0.865244  0.372309  0.842735
 0.856347  0.375548  0.833718
  0.85634  0.375379  0.833646
 0.845444  0.380015  0.799452
 0.627331  0.388412 0.0918712
 0.898034  0.372434  0.888202
 0.889139  0.373854  0.856379
 0.864935  0.374087  0.842435
 0.854501  0.383725  0.832142
 0.844048  0.377174  0.766449
  1.00144  0.395943 0.0841391
 0.627327  0.389217 0.0918767
 0.897948  0.375394  0.888342
 0.889223  0.377104  0.856284
 0.865293    0.3766  0.842176
 0.856724  0.373744  0.833997
  1.00196  0.394635 0.0841007
 0.627362   0.38464 0.0918355
 0.897938  0.376296   0.88836
 0.889163  0.375604  0.856385
 0.856894  0.373131  0.834188
 0.627319  0.390829 0.0918877
 0.897942  0.379182  0.888345
 0.889173  0.376455  0.856386
 0.855071  0.381349  0.832677
 0.845041   0.38146  0.798704
 0.627314  0.391641 0.0918933
 0.897932  0.380084  0.888359
 0.889135  0.381646  0.856345
  0.85493  0.381396   0.83237
 0.627311  0.392447 0.0918986
 0.897863  0.383008  0.888457
 0.889179   0.38501  0.856217
 0.851488  0.395764  0.829014
 0.854143  0.384664  0.831628
 0.920321  0.390239  0.527705
 0.627311  0.393231 0.0919035
 0.897858  0.383911  0.888462
 0.889197  0.381677  0.856234
 0.850135  0.384537   0.82133
 0.840779  0.391064  0.770315
 0.627313  0.393998  0.091908
 0.897853  0.384815  0.888467
 0.889192  0.386753  0.856216
 0.848681  0.386766  0.818182
 0.843519  0.383971  0.792253
 0.840758  0.391157  0.770529
 0.627312  0.394775 0.0919128
 0.897868  0.387824  0.888433
 0.889196  0.387654  0.856214
 0.840381  0.392855  0.771436
  0.62726     0.401 0.0919634
 0.897869  0.388728  0.888428
 0.889202  0.388556  0.856213
 0.855998  0.390128  0.836231
 0.845829  0.387538  0.808668
 0.627228  0.407071 0.0920053
  0.89787  0.389633  0.888424
 0.889212  0.393514  0.856234
 0.856358  0.389267  0.836601
 0.857018  0.386215  0.837135
 0.845652  0.387976  0.808305
 0.627243  0.402685 0.0919751
 0.897872  0.390539   0.88842
 0.889173  0.392074  0.856291
 0.864174  0.395536  0.839356
 0.855972  0.392487   0.83649
 0.843548  0.397694  0.806658
 0.999852  0.431556 0.0851807
 0.627245   0.40858 0.0920093
 0.897991  0.397938   0.88821
 0.889209  0.395329  0.856229
 0.865343  0.393942  0.839872
 0.865683  0.391339  0.840285
 0.854789  0.395776   0.83526
 0.854668  0.395718  0.835102
  1.00361  0.417508  0.084772
 0.627272  0.414278 0.0920291
 0.897915   0.39643  0.888337
 0.889208  0.396232  0.856228
 0.866348  0.383796  0.841391
 0.854331  0.396706  0.834775
  1.00438  0.411897 0.0846074
 0.627252  0.410188 0.0920152
 0.897927  0.397336  0.888316
 0.889233  0.399411  0.856202
 0.865048  0.390008  0.840285
 0.852661  0.399889  0.832818
  1.00436  0.413012 0.0846404
 0.627254  0.410983 0.0920184
  0.89794  0.398243  0.888295
 0.889217  0.402036  0.856285
 0.855389  0.438137  0.831858
 0.755734    0.5417    0.9323
 0.851664  0.401408  0.831106
 0.837474  0.406482  0.774979
 0.627256  0.411758 0.0920214
 0.898054  0.401547   0.88811
 0.889228  0.402923    0.8563
 0.861209  0.411782  0.836609
 0.851383  0.401553  0.830547
 0.838377  0.402253  0.775142
 0.627254  0.412542 0.0920249
 0.898027  0.404024  0.888148
 0.889306  0.405989  0.856272
 0.862681  0.405893  0.837712
 0.851551  0.398475  0.830164
 0.838579  0.401259  0.774784
 0.627224  0.418587 0.0920466
 0.898042  0.404928   0.88812
 0.889304  0.406923  0.856278
 0.863313  0.408243  0.837561
 0.851903  0.397157  0.830542
  0.83747   0.40661  0.775895
 0.627232   0.41424 0.0920354
 0.898141   0.40829  0.887942
 0.889222  0.409681  0.856368
 0.863775  0.408635  0.837653
 0.849992  0.408336  0.829546
 0.851839  0.401054  0.831547
 0.627229  0.420156 0.0920495
  0.89807   0.40674  0.888064
 0.889294  0.408699  0.856282
 0.849657  0.409505  0.829169
 0.627231  0.420961 0.0920511
   0.8982  0.414077  0.887814
 0.889284  0.409554   0.85628
 0.849365  0.410433  0.828814
 0.849362  0.410184  0.828736
  0.62722  0.416734 0.0920477
 0.898179  0.411015  0.887859
 0.889153  0.412446  0.856326
 0.849395  0.409761  0.828684
 0.627239   0.42254 0.0920536
 0.898226  0.415878  0.887769
 0.889127  0.413385   0.85631
 0.851008  0.402335  0.829972
 0.627246  0.418162   0.09205
 0.898239  0.416784  0.887745
 0.889139  0.416728  0.856189
 0.870058  0.417361  0.840459
 0.850178  0.402426   0.82818
 0.840968  0.417804  0.809288
 0.627242  0.418972 0.0920541
 0.898251   0.41769  0.887722
 0.889057  0.419426  0.856283
 0.870098  0.419895  0.840679
 0.860603  0.410907   0.83655
 0.627273  0.430675  0.092025
  0.89835  0.421035  0.887549
 0.889109  0.422655  0.856181
 0.870234  0.420629  0.840818
  0.84958  0.406862   0.82837
 0.627277   0.43147 0.0920238
 0.898361  0.421941  0.887524
 0.889112   0.42354  0.856181
 0.870371  0.423296  0.840872
 0.858782  0.421294  0.834816
 0.858641  0.421161  0.834799
 0.627282  0.432276 0.0920226
 0.898332  0.424366  0.887563
 0.889114  0.424433  0.856181
 0.870379  0.424171  0.840899
 0.627286  0.433087 0.0920214
 0.898426  0.427677  0.887406
 0.889053  0.423044  0.856275
 0.627292  0.433894   0.09202
 0.898442  0.428578  0.887381
 0.889117  0.426243   0.85618
 0.627341  0.439425 0.0919973
 0.898457  0.429483  0.887356
 0.889133  0.431087  0.856217
 0.627343  0.440253 0.0919947
 0.898473   0.43039  0.887332
 0.889146   0.43197  0.856227
 0.627345  0.441069 0.0919923
 0.898537  0.435169   0.88725
 0.889157   0.43287  0.856236
 0.858143  0.422935  0.834419
 0.627347  0.441874 0.0919897
 0.898555  0.436076  0.887224
 0.889168  0.433761  0.856245
 0.854123  0.440866  0.831173
 0.627349  0.442682 0.0919872
 0.898669  0.439378  0.887046
 0.889175  0.438582  0.856303
 0.855953  0.436247  0.832234
  0.85429  0.438332  0.831553
 0.843974  0.418051  0.818444
  0.62735  0.443491 0.0919848
 0.898588  0.437892  0.887169
 0.889167  0.439512  0.856301
 0.853805  0.439079  0.831356
 0.853521  0.439085  0.831299
 0.839195  0.438154  0.814072
 0.627358  0.449168 0.0919796
 0.898704  0.441202  0.886985
 0.889159  0.440424  0.856299
 0.852969  0.439966   0.83107
 0.627366  0.449955  0.091975
 0.898722  0.442108  0.886954
 0.889151  0.441313  0.856297
 0.627373  0.450753 0.0919704
  0.89874  0.443015  0.886924
 0.889138  0.444559  0.856214
 0.627381  0.451558 0.0919658
  0.89873  0.445379  0.886935
 0.889126  0.443099  0.856285
 0.843387  0.444309  0.825641
 0.627431  0.461864 0.0919414
 0.898748  0.446285  0.886902
  0.88903  0.448239  0.856273
 0.876824  0.449653  0.603789
  1.00157  0.454242 0.0858057
 0.627421  0.462757  0.091941
 0.898767  0.447192  0.886868
 0.889053  0.451451  0.856179
 0.627408   0.46365  0.091941
 0.898785  0.448098  0.886834
 0.889013  0.450039  0.856269
 0.840647  0.452855  0.822633
 0.627394  0.464543 0.0919412
 0.898995  0.453917  0.886469
 0.888962  0.454988  0.856286
 0.627395  0.460444 0.0919485
  0.89902  0.454824  0.886422
 0.889037  0.454135   0.85618
 0.627394  0.461252 0.0919456
 0.899046  0.455729  0.886376
 0.889017  0.459049  0.856193
 0.858155  0.457362  0.851195
 0.834055  0.460099  0.809303
 0.627391  0.462074 0.0919429
 0.899063  0.457969   0.88634
  0.88896  0.457676  0.856288
 0.627387  0.462919 0.0919403
 0.899091  0.458875  0.886291
 0.889038  0.460794   0.85621
 0.627409  0.468473 0.0919279
 0.899238   0.46224  0.886045
 0.889047  0.461692  0.856217
 0.834431   0.46023  0.810343
 0.627391  0.464582  0.091933
 0.899271  0.463145   0.88599
 0.889072   0.46643   0.85626
 0.855212  0.468564  0.848499
 0.627404  0.465343 0.0919275
 0.899416  0.466535  0.885752
  0.88906   0.46739  0.856249
 0.627421  0.470894 0.0919192
 0.899336  0.464962  0.885879
 0.889045  0.468339  0.856234
 0.627422  0.471698 0.0919168
 0.899502  0.469555  0.885618
 0.889029  0.469253   0.85622
 0.627422  0.472512 0.0919147
 0.899541  0.470459  0.885556
 0.889012   0.47015  0.856205
 0.627423  0.468525 0.0919114
 0.899709  0.473824  0.885294
 0.888989  0.471076  0.856184
  0.62744  0.478917 0.0918883
  0.89975  0.474729  0.885229
 0.888961  0.472045  0.856159
 0.826592   0.49345  0.802969
 0.627465  0.485368  0.091859
 0.899791  0.475634  0.885164
 0.888918  0.479281  0.856089
 0.858702  0.477046  0.853835
 0.627466  0.486149  0.091861
 0.899966   0.47901  0.884881
 0.888893  0.477952  0.856149
 0.858622  0.478204  0.853803
 0.858533  0.478584  0.853729
 0.627467   0.48693 0.0918628
 0.900005  0.479914  0.884816
 0.888934  0.481012  0.856101
 0.858351  0.479481  0.853581
 0.627464  0.487747 0.0918655
 0.900059  0.481976   0.88473
 0.888942  0.481904  0.856108
 0.858181  0.480373  0.853445
 0.834551  0.484822  0.818468
 0.627451  0.488609 0.0918698
 0.900084  0.481727  0.884687
 0.888952  0.482811  0.856116
 0.857804  0.482313  0.853143
 0.627435  0.489474 0.0918745
 0.900249  0.486249  0.884436
 0.888938  0.485365  0.856226
 0.858152  0.481121  0.853449
 0.627421  0.490318 0.0918789
 0.900289  0.487151  0.884376
 0.889035   0.48832  0.856174
 0.627411  0.491126 0.0918826
 0.900329  0.488055  0.884315
 0.889046   0.48923  0.856177
 0.851453  0.489603  0.846113
 0.627403  0.491941  0.091886
  0.90051  0.491404  0.884041
 0.889054  0.490123  0.856179
 0.851604  0.491634  0.846393
 0.627399  0.497619  0.091906
 0.900551  0.492306  0.883983
 0.889062  0.490995   0.85618
 0.627402  0.503254 0.0919362
 0.900591  0.493211  0.883924
 0.889067   0.49186  0.856179
 0.627398  0.499227 0.0919134
 0.900633  0.494114  0.883866
 0.889023   0.49682   0.85614
 0.627389  0.500072 0.0919186
 0.900676  0.495008   0.88381
 0.889012  0.497728  0.856125
  0.62738  0.500898 0.0919236
 0.900992  0.501927   0.88333
 0.888945  0.502741  0.856085
 0.829015  0.498552  0.811002
 0.627371  0.501713 0.0919286
 0.901033  0.502837  0.883262
 0.888928   0.50139  0.856146
 0.725773  0.509427  0.939399
 0.627291  0.507774 0.0919763
 0.901075  0.503739  0.883194
 0.888927  0.504534  0.856064
 0.828697  0.499404  0.810551
 0.726138  0.508789  0.939536
 0.996931  0.511832 0.0874755
 0.627352  0.503314 0.0919385
 0.901116  0.504643  0.883127
 0.888921  0.505428  0.856057
 0.894578  0.330092  0.884321
 0.828434  0.500386   0.81027
 0.726038  0.506625  0.940002
 0.627408  0.498942 0.0919037
 0.901284  0.508038  0.882865
 0.888934  0.508495  0.856013
 0.627316  0.505024 0.0919515
 0.901329   0.50894  0.882796
 0.888935  0.509384  0.856014
 0.836092  0.510238  0.818137
 0.627294  0.505927 0.0919587
 0.901389  0.510834  0.882709
 0.888937  0.510284  0.856015
  0.70793  0.513669  0.938425
 0.627276  0.506825 0.0919654
 0.901434  0.511736   0.88264
 0.888938  0.511191  0.856016
 0.728005  0.513999  0.938406
 0.627265  0.507694 0.0919708
 0.901631  0.515093  0.882332
 0.888909  0.513794  0.856087
 0.728645  0.516927  0.937771
 0.627236  0.518236 0.0920504
 0.901678  0.515995  0.882259
 0.888976  0.516774  0.856037
 0.627227  0.519087 0.0920564
 0.901725  0.516897  0.882186
 0.888942  0.519281  0.856162
 0.627313  0.509795 0.0919735
 0.901937  0.520247  0.881857
 0.889027  0.522263  0.856101
 0.627196  0.520808 0.0920702
  0.90199  0.521148  0.881777
 0.888958  0.521085  0.856178
 0.848742  0.526322  0.845763
 0.730055  0.522391   0.93659
 0.627181  0.521632 0.0920767
 0.902042  0.522051  0.881696
 0.889028  0.524111  0.856102
 0.849027  0.522096  0.845858
 0.730645  0.525318  0.935959
 0.627167  0.522438  0.092083
 0.902095  0.522955  0.881616
 0.889029  0.525016  0.856102
 0.849382  0.527253  0.846468
 0.730807  0.525791  0.935858
 0.627153  0.523252 0.0920895
 0.902349   0.52719  0.881229
 0.888971  0.527561  0.856204
  0.84938   0.52702  0.846446
 0.730795  0.535396  0.933785
 0.627137  0.524083 0.0920963
 0.902413  0.528091  0.881132
 0.889036  0.530604  0.856123
 0.850059  0.529559  0.847258
 0.730903  0.535695  0.933722
 0.627061  0.530057 0.0921439
 0.902702  0.531359  0.880682
 0.889013  0.533118  0.856197
 0.850336  0.530287  0.847568
 0.730848  0.532735  0.934363
 0.627061  0.530822 0.0921474
 0.902541  0.529891  0.880937
 0.889052  0.532389  0.856128
 0.731263  0.536381  0.933575
 0.627059  0.531611 0.0921513
 0.902852   0.53316  0.880449
 0.889058  0.533287   0.85613
 0.731384  0.537338   0.93337
 0.627056  0.532415 0.0921554
 0.903228  0.536355  0.879853
 0.889049  0.538008   0.85614
 0.731179  0.535476  0.933774
 0.627054  0.533217 0.0921595
 0.903329  0.537255  0.879691
 0.889021  0.536736  0.856188
 0.627053  0.534007 0.0921633
  0.90343  0.538153   0.87953
 0.889017  0.537633  0.856181
 0.627023  0.539712  0.092189
 0.908255   0.54098  0.871735
 0.889024  0.540753  0.856112
 0.818343  0.544151  0.801185
 0.627022  0.540504 0.0921914
 0.908174  0.543534  0.871871
 0.889038  0.543806  0.856058
 0.627034  0.536467 0.0921775
 0.908169  0.544432  0.871884
 0.889036  0.544704  0.856056
 0.627027  0.537302 0.0921824
 0.908124  0.548968  0.871981
 0.889033  0.545597  0.856054
  0.62704  0.548295 0.0921818
 0.908204  0.548266  0.871848
 0.889029   0.54649   0.85605
 0.627031  0.549152 0.0921832
 0.908198  0.549165  0.871863
    0.889  0.551275  0.856019
  1.00015  0.546555 0.0884667
 0.627022  0.544465 0.0922029
 0.908191  0.550066  0.871878
    0.889  0.552162  0.856022
 0.732701   0.65563  0.907775
 0.817381  0.555807  0.802714
   1.0008  0.544833 0.0884156
 0.627024  0.550787 0.0921842
 0.908139  0.554633  0.871979
  0.88895  0.554707  0.856138
 0.751422  0.555368  0.929374
  1.00078   0.54273 0.0883574
 0.627023  0.551589 0.0921843
 0.908044   0.55709  0.872149
 0.889043  0.557542  0.856096
  0.75231  0.558532  0.928672
  1.00067  0.546824 0.0884713
  0.62702    0.5524 0.0921848
 0.908081   0.56006  0.872106
 0.888973  0.556502  0.856169
 0.754292   0.56095  0.928127
  1.00052  0.550983 0.0885866
 0.627015  0.553202 0.0921854
  0.90807   0.56097  0.872122
 0.889074  0.559322  0.856135
 0.756219  0.562382  0.927799
 0.627011  0.553985  0.092186
 0.908059  0.561877  0.872138
 0.889111  0.563773  0.856229
 0.627003  0.554785 0.0921873
 0.908049  0.562777  0.872155
 0.889103  0.561079  0.856172
 0.764267  0.566381   0.92689
 0.626958  0.560504 0.0921792
 0.907956  0.565219  0.872309
 0.889095  0.565668   0.85623
 0.849655  0.564281  0.824388
 0.626968   0.55653  0.092193
 0.907946  0.566118  0.872329
 0.889092  0.566571  0.856235
 0.767482  0.569584  0.926193
 0.626954   0.55742 0.0921954
 0.907937  0.567021  0.872348
 0.889064  0.571212  0.856283
 0.768315  0.571931  0.925683
 0.626943  0.558299 0.0921971
 0.907929  0.567924  0.872368
 0.889089  0.568364  0.856247
 0.769109  0.574351  0.925157
 0.627013  0.572536 0.0921579
 0.907891  0.572381  0.872463
 0.889091  0.569237  0.856256
 0.850103   0.57282  0.824716
 0.768906  0.573462  0.925351
 0.627024  0.573321  0.092152
 0.907884  0.573283  0.872479
  0.88904  0.573956  0.856279
 0.769679    0.5749  0.925038
  0.62701  0.569721  0.092151
 0.907912  0.576302  0.872448
 0.889031  0.574859  0.856276
 0.627012  0.570545 0.0921469
 0.907909  0.577202  0.872457
  0.88902  0.575782  0.856272
 0.850661  0.577971  0.825242
 0.627006  0.575939  0.092143
 0.907869  0.579532  0.872534
 0.889005  0.580377  0.856314
   0.8513  0.579627  0.825643
 0.766739  0.590486  0.921679
 0.627018  0.572154 0.0921382
 0.907871  0.580432  0.872534
 0.889066  0.583293  0.856279
 0.851957  0.581185  0.826326
 0.851749  0.581047   0.82616
 0.767895  0.586388  0.922561
  0.76775  0.586568  0.922522
   0.6352  0.587794  0.922334
 0.627015  0.577528 0.0921335
 0.907907  0.583506  0.872484
 0.889077  0.584181  0.856287
 0.627024  0.578306  0.092128
 0.907911  0.584407  0.872477
 0.889087   0.58508  0.856293
  0.84175  0.585004  0.817961
 0.840386   0.58473  0.816907
 0.627033  0.579084 0.0921223
 0.907915  0.585308  0.872469
 0.889098   0.58598    0.8563
 0.627027  0.575446 0.0921215
 0.907977   0.58831  0.872373
 0.889166  0.590391  0.856336
 0.824977  0.589405  0.805425
  0.62705   0.58068 0.0921113
 0.907983   0.58921  0.872368
 0.889095  0.589296  0.856413
 0.627058  0.576948 0.0921084
 0.907944  0.591607  0.872451
 0.889196  0.592196  0.856348
 0.627081   0.57763 0.0921006
 0.907949  0.592507  0.872451
 0.889157  0.594641  0.856454
 0.627093  0.578373 0.0920949
 0.907999  0.595367  0.872392
 0.889219  0.593971  0.856354
 0.820156  0.597355  0.816104
 0.627072  0.583838 0.0920917
 0.907991  0.596267  0.872409
 0.889154  0.596463  0.856438
 0.819881  0.599349  0.815961
  0.81987  0.599226  0.815933
 0.627059  0.589251 0.0920847
 0.907894  0.598854  0.872574
 0.889173  0.599582  0.856308
 0.826965   0.59813   0.80577
 0.819565  0.599946  0.802667
 0.627059  0.590046 0.0920817
  0.90787  0.599756  0.872614
 0.889161  0.600483  0.856292
  0.84822  0.601243   0.82317
 0.819729  0.601011  0.802571
  0.79512  0.602633  0.734498
 0.627017  0.601145 0.0920218
 0.907824   0.60225  0.872695
 0.889085  0.605272  0.856251
 0.795055  0.602975  0.734139
 0.997588   0.59235  0.089775
 0.627115  0.586781 0.0920687
 0.907515    0.6069  0.873206
 0.889135  0.602316  0.856259
 0.795119  0.602704  0.733979
 0.999051   0.58474  0.089553
    0.627  0.602741 0.0920267
 0.907409  0.607809  0.873377
 0.889085  0.607006  0.856248
 0.751938  0.611606  0.917166
 0.751595  0.611507  0.917189
 0.633737  0.614442   0.91658
 0.627028  0.598697 0.0920439
 0.907305  0.608716  0.873547
 0.889062  0.605819  0.856295
 0.753132  0.613263  0.916802
 0.636422  0.616252  0.916183
 0.627018  0.598771 0.0920579
 0.906991   0.61185  0.874065
 0.889055  0.606752  0.856285
 0.828068  0.612158  0.828242
 0.633146  0.659989  0.906764
 0.627027  0.600274  0.092043
 0.906832  0.612755  0.874328
 0.889108  0.611712  0.856217
 0.627026  0.601081 0.0920425
 0.906672  0.613666  0.874592
 0.889074  0.614207  0.856305
 0.811311  0.612717  0.917077
 0.820127  0.612527  0.817823
 0.653471  0.620621  0.915205
 0.627026  0.601891 0.0920419
 0.881049  0.616804  0.916003
 0.889114  0.613518   0.85623
 0.810458  0.617813  0.915981
 0.827043  0.616223  0.805938
 0.802856  0.617709  0.789723
 0.653394  0.621672  0.914979
 0.807193  0.612197  0.674612
 0.627039  0.607195 0.0920262
 0.906038   0.61698  0.875624
 0.889079  0.616006  0.856325
 0.810594  0.618743  0.915782
 0.823685  0.623589  0.803053
 0.749616  0.621617   0.91501
 0.802778  0.618619  0.789838
 0.653582  0.626489  0.913949
 0.627035  0.608012 0.0920279
 0.905523  0.619283  0.876455
 0.889129  0.618856   0.85629
 0.811033  0.621839   0.91512
 0.755449  0.624371  0.914401
 0.802702  0.619518  0.789953
 0.627031  0.608823 0.0920296
 0.905306  0.620199  0.876805
 0.889069  0.621321  0.856439
 0.811122  0.626165  0.914193
 0.772917  0.624893  0.914242
 0.802614   0.62052  0.790077
 0.627027  0.609626 0.0920313
 0.904761  0.622454  0.877687
 0.889131  0.620678  0.856319
  0.81012  0.626387  0.914141
 0.776193  0.627554  0.913684
 0.775462  0.627413   0.91371
 0.802496  0.623997   0.79072
 0.682164  0.630014  0.913331
 0.645615  0.630768  0.913011
 0.627023  0.610427  0.092033
 0.904212   0.62469  0.878581
 0.889077  0.626518  0.856594
  0.77871  0.629534  0.913271
 0.777452  0.628734  0.913438
 0.802468   0.62616   0.79143
 0.679707  0.631296  0.913037
 0.627019   0.61123 0.0920347
 0.903985  0.625608  0.878952
 0.889146  0.625925  0.856458
 0.831494  0.626051  0.832074
 0.679078  0.631623  0.912963
 0.664114  0.634194  0.912349
 0.626937  0.621555 0.0920763
  0.90279  0.630438  0.880905
 0.889067  0.628361  0.856633
 0.806757  0.631955  0.912935
 0.780267  0.631812  0.912787
 0.820501  0.631406  0.800575
 0.678854  0.631889  0.912904
 0.650855  0.636317  0.911827
 0.626978  0.617555 0.0920538
  0.90256  0.631357   0.88128
  0.88906  0.629268   0.85665
 0.862977  0.629674  0.835062
 0.812769  0.633492  0.912631
  0.80808  0.633806  0.912542
 0.807024  0.632838  0.912746
 0.781417  0.634057  0.912308
 0.780688  0.632521  0.912636
 0.827027  0.630246  0.806199
 0.750206  0.635131  0.912091
  0.74852   0.63521  0.912078
 0.802737  0.631095  0.792688
 0.626976   0.61835 0.0920562
 0.902654  0.630977  0.881127
 0.889092  0.632198  0.856596
 0.817138  0.635472  0.912235
 0.815838  0.634827  0.912364
 0.809142   0.63529  0.912228
 0.782295  0.636131  0.911867
 0.825126  0.633665    0.8046
 0.802759  0.632054  0.792809
 0.626941  0.623855 0.0920833
 0.901776  0.634497  0.882553
 0.889043  0.631056  0.856681
 0.818999  0.636913  0.911939
 0.818363  0.636766  0.911967
  0.80747  0.636892  0.911878
 0.782562  0.637039  0.911673
 0.756079    0.6391  0.911219
 0.802784  0.632769   0.79291
 0.676744  0.641088   0.91092
 0.626934  0.624677 0.0920872
 0.901871  0.634118    0.8824
 0.889068  0.634004  0.856623
 0.821278  0.639257  0.911442
 0.820171  0.638219  0.911664
 0.783252  0.639309  0.911192
 0.825788   0.63587  0.805199
 0.679315  0.643071  0.910516
 0.656023  0.643806  0.910256
  0.65551  0.643886  0.910237
 0.626926  0.625498 0.0920912
 0.900988  0.637638  0.883826
 0.889056  0.634913  0.856637
 0.802833  0.641909  0.910785
  0.80162  0.640919   0.91099
 0.798933  0.640838  0.910989
 0.757028  0.642479  0.910486
 0.684629  0.644912  0.910175
 0.683153  0.644889  0.910169
 0.651457  0.647517  0.909435
  0.62692    0.6263 0.0920947
 0.900756  0.638559    0.8842
 0.889045  0.635823  0.856651
 0.835557  0.641475  0.910933
 0.803273  0.642561  0.910647
 0.826059  0.638788  0.805489
 0.626917  0.627091 0.0920978
 0.900523  0.639483  0.884575
 0.888984  0.640294  0.856754
 0.805325  0.645237   0.91008
 0.804328   0.64421  0.910297
 0.782295  0.644407  0.910095
  0.64926  0.655968  0.907611
 0.626915  0.627888 0.0921008
 0.899642  0.642987  0.886003
 0.888975  0.641194  0.856772
 0.805702  0.646156  0.909884
 0.783585  0.646906  0.909572
 0.770537  0.647662  0.909349
 0.768932  0.647554  0.909366
 0.766887  0.647837  0.909302
 0.756337  0.649536  0.908966
 0.648454  0.664953  0.905682
 0.626913  0.628696 0.0921039
  0.89941   0.64391  0.886378
 0.888909  0.645664  0.856874
 0.807722  0.648969   0.90929
  0.80668  0.647943  0.909505
 0.786023  0.649213  0.909101
 0.784685  0.648374  0.909269
 0.834666  0.644613  0.812181
 0.724824  0.655169   0.90796
 0.649064  0.656328  0.907532
 0.626912  0.629496 0.0921066
 0.898854  0.646123  0.887278
  0.88896   0.64297  0.856809
 0.790385  0.651185  0.908714
 0.788867  0.650664  0.908813
 0.788034  0.650519  0.908838
 0.772366  0.651297   0.90858
 0.823368  0.646552  0.803245
 0.724994  0.655701  0.907843
 0.679072  0.654895   0.90799
 0.648262  0.659788  0.906786
 0.626947  0.625612 0.0920792
 0.898298  0.648331  0.888179
 0.888859  0.645392  0.856957
 0.794131  0.652541  0.908453
 0.791883  0.651739  0.908606
 0.774072  0.652865  0.908251
 0.772738  0.652151  0.908398
   0.8236  0.648436  0.803506
 0.725124  0.656494   0.90767
 0.678624  0.656647  0.907611
  0.64903  0.656346  0.907528
 0.626955  0.626347 0.0920798
 0.897744  0.650532  0.889083
 0.888863  0.648382  0.856916
 0.776124  0.654146  0.907981
 0.776022  0.654456  0.907914
  0.75559  0.655652  0.907645
 0.725255  0.657337  0.907486
 0.678093  0.657302  0.907466
 0.665918  0.658134  0.907206
 0.649775  0.659064  0.906952
 0.626865  0.636606 0.0921506
 0.897511  0.651457  0.889465
 0.888796  0.652897  0.856982
 0.803707  0.656156  0.907732
 0.796937   0.65575  0.907788
 0.755829  0.656545  0.907452
 0.725384   0.65823  0.907291
 0.675645  0.659679  0.906935
 0.650631  0.661428  0.906452
 0.626863  0.637402 0.0921543
 0.896317  0.656177  0.891432
 0.888829  0.650215  0.856941
 0.804827  0.657423  0.907465
 0.797747   0.65793  0.907327
 0.823549  0.653607  0.803419
 0.725517  0.659148   0.90709
 0.672914  0.661724  0.906477
 0.650948  0.662363  0.906253
 0.626861  0.638216 0.0921581
 0.895763  0.658375  0.892341
 0.888788  0.654684     0.857
 0.848092  0.656937  0.844835
 0.798737  0.660444  0.906794
 0.798504   0.66017  0.906852
 0.725976  0.662372  0.906388
 0.685361  0.663983  0.906079
 0.685209  0.663983  0.906079
 0.673846  0.663984  0.906001
 0.651624  0.665245  0.905639
 0.626861  0.639023 0.0921614
 0.895852  0.658034  0.892191
 0.888785  0.655586  0.857009
 0.809871  0.661324  0.906658
 0.808545  0.660739  0.906775
 0.799119  0.661157  0.906643
 0.822742  0.653775   0.80281
 0.726105  0.663278  0.906189
  0.68338  0.668157  0.905178
 0.674865  0.666064  0.905564
 0.651801  0.666131  0.905449
 0.626867  0.639789 0.0921638
 0.894976  0.661528  0.893611
 0.888782  0.656487  0.857019
 0.816257   0.66278  0.906377
 0.815231  0.662752  0.906383
 0.812677   0.66282  0.906358
 0.811154  0.662487  0.906418
 0.799937  0.663267  0.906193
 0.754156  0.664378  0.905766
 0.682831  0.669352   0.90492
 0.652937  0.670649  0.904484
 0.626878  0.640506 0.0921653
 0.895066  0.661171  0.893461
 0.888754  0.658785  0.857074
 0.855422  0.661514  0.848324
 0.817022  0.662994  0.906331
 0.800234  0.664197  0.905995
 0.754966   0.66662  0.905277
 0.726562  0.667747  0.905213
 0.682526  0.669799  0.904823
 0.653723  0.670367  0.904547
 0.626886  0.641219 0.0921673
 0.894195  0.664672  0.894865
 0.888855  0.663845  0.856931
 0.843079  0.662789   0.84129
 0.801212  0.665962   0.90562
 0.755634  0.667766  0.905029
 0.755892  0.668467  0.904874
 0.726638  0.668732  0.904997
 0.683066  0.668613  0.905079
 0.626881  0.641992 0.0921713
 0.893654  0.666863  0.895743
 0.888864  0.664737  0.856928
  0.80494  0.668662  0.905059
 0.803477  0.668262  0.905137
 0.757167  0.670652  0.904399
 0.727484   0.67395  0.903852
 0.684276  0.657232  0.907528
  0.62686  0.642858  0.092178
 0.893735  0.666524  0.895611
 0.888872  0.665635  0.856925
  0.81933  0.669792  0.904846
 0.819113  0.669456  0.904919
 0.757521  0.671486  0.904219
 0.727743  0.674583  0.903709
 0.680903  0.672015  0.904344
 0.645247  0.676231  0.903245
 0.626832  0.643786 0.0921861
 0.893186   0.66872    0.8965
 0.888911  0.669899  0.856905
 0.820017  0.672142  0.904336
  0.75964  0.674311  0.903604
 0.758558  0.673016  0.903886
 0.727974  0.675409  0.903525
 0.681212  0.676248  0.903435
 0.644897  0.678054  0.902853
 0.644686  0.678974  0.902654
 0.626804  0.644723 0.0921942
 0.892952  0.669647  0.896876
 0.888905  0.670803  0.856922
 0.820193  0.673031  0.904145
 0.788445  0.674283  0.903764
 0.787111  0.674629  0.903681
 0.783557  0.674995  0.903575
 0.781619  0.675171  0.903523
 0.778789  0.675606  0.903407
  0.77777  0.675575  0.903405
 0.776053  0.675416  0.903424
 0.773543  0.675104  0.903476
  0.77087  0.675189   0.90345
  0.76882  0.675707  0.903333
 0.761578  0.675703  0.903305
 0.760846   0.67539  0.903371
 0.728152  0.676358  0.903315
 0.682274    0.6784  0.902974
  0.64473  0.679477  0.902547
 0.626784  0.645622 0.0922009
 0.893048  0.669291  0.896725
 0.888898  0.671706   0.85694
 0.820728  0.675745  0.903559
 0.800329  0.676104  0.903442
 0.778544  0.675935  0.903334
 0.767194  0.676806   0.90309
 0.765066  0.677529  0.902924
 0.762096  0.676237  0.903191
 0.728661  0.679409  0.902645
 0.685174   0.68013  0.902613
 0.674017  0.680607  0.902451
  0.64475  0.680797  0.902265
 0.626741  0.651105 0.0922489
 0.892131   0.67274  0.898183
 0.888829  0.674243  0.857069
 0.820934  0.676606  0.903375
 0.800472  0.679942   0.90262
 0.729215  0.682227  0.902027
 0.782381  0.679348  0.758258
 0.673485   0.68703  0.901076
 0.645453  0.683658  0.901658
 0.626743  0.651872 0.0922531
 0.891307  0.674901  0.899497
 0.888833   0.67668  0.857086
 0.821623  0.679093   0.90284
 0.799517  0.679449  0.902721
 0.799652  0.676848  0.796547
 0.782398  0.679545  0.758432
  0.67382  0.683878  0.901751
  0.62675  0.652592 0.0922563
 0.890959  0.675845  0.900053
  0.88888   0.67441  0.856995
 0.799691  0.677706   0.79686
 0.647904  0.687266  0.900899
 0.626683  0.658223 0.0923104
 0.890618  0.676757  0.900612
 0.888767  0.676947    0.8572
 0.626605  0.664216 0.0923612
 0.888749  0.677817  0.857244
 0.626598  0.664982 0.0923712
  0.89065  0.673138  0.859283
 0.626593  0.665757 0.0923812
 0.626587  0.666557 0.0923915
 0.892046  0.688465  0.891753
 0.626581  0.667366 0.0924021
 0.887566  0.689104   0.89777
 0.886844  0.689077  0.898331
 0.883038  0.689892  0.900101
 0.844339  0.689276  0.840722
 0.842632  0.689281  0.839724
 0.841246  0.689294  0.838956
 0.839578  0.689306  0.837872
 0.837939  0.689316  0.836727
 0.836594  0.689325  0.835913
 0.835561  0.689322  0.835075
  0.83421  0.689325  0.834262
 0.832578  0.689319  0.833112
 0.831222  0.689319  0.832315
 0.829584  0.689313  0.831178
 0.782465  0.693701  0.899571
 0.780593  0.693756  0.899545
 0.825029   0.68927  0.827114
 0.823597  0.689251  0.825684
 0.822154  0.689231  0.824264
 0.820634   0.68922  0.822926
 0.819395  0.689221   0.82204
 0.818361  0.689214  0.821064
 0.817162  0.689217   0.82015
  0.81566  0.689218  0.818782
   0.8146  0.689221  0.817748
 0.813175  0.689231  0.816316
 0.812532  0.689236  0.815658
 0.809936  0.689257  0.812964
  0.80932   0.68926  0.812267
 0.808001  0.689265  0.810701
 0.807132  0.689256  0.809364
 0.806217  0.689254  0.808255
 0.805375  0.689232  0.806899
 0.803446  0.689163  0.804416
 0.802258  0.689102  0.802747
 0.801713  0.689074   0.80195
 0.800835  0.689048  0.800608
 0.799281  0.689075  0.798344
 0.798383  0.689115  0.797346
 0.797662  0.689141  0.795733
  0.79672  0.689183  0.793896
 0.722942  0.696136  0.899073
 0.721038  0.696258  0.899072
 0.719918  0.696328  0.899073
 0.716444  0.696526  0.899054
 0.714541  0.696631  0.899046
 0.790168  0.689321  0.782545
 0.626576  0.668157 0.0924122
 0.880962  0.690236   0.90015
 0.879116  0.690462  0.900114
  0.87727  0.690672  0.900063
 0.874611  0.690968  0.899993
  0.87276  0.691167  0.899951
 0.870906   0.69136  0.899916
 0.869045  0.691541  0.899885
 0.866352  0.691742  0.899855
 0.864485  0.691813  0.899848
 0.862621  0.691857   0.89985
  0.85996  0.691973  0.899846
 0.858087  0.692141  0.899821
 0.856223   0.69231  0.899791
 0.853578  0.692431  0.899773
 0.851726  0.692459   0.89978
 0.849081  0.692469  0.899803
 0.847219  0.692475   0.89982
 0.845357  0.692481   0.89983
 0.843497  0.692488  0.899832
 0.840067  0.692498  0.899834
 0.838204  0.692507  0.899845
 0.836339  0.692514   0.89986
 0.865566  0.689356  0.849381
 0.864633  0.689349  0.849181
 0.862013  0.689322  0.848478
 0.860433  0.689312  0.847943
 0.858641  0.689303  0.847196
 0.858042  0.689305  0.847011
 0.856283  0.689304  0.846196
 0.854753  0.689309  0.845584
 0.852329  0.689307  0.844445
 0.850851    0.6893  0.843764
 0.849072  0.689288  0.842944
 0.847296  0.689277  0.842096
  0.84582  0.689272  0.841421
 0.709098  0.696939  0.899013
 0.707203   0.69705  0.898992
 0.705309  0.697165  0.898966
 0.786377  0.689369  0.775014
 0.785568  0.689383  0.773085
 0.784942  0.689393  0.771355
 0.784141  0.689416   0.76943
 0.783298  0.689435  0.766962
 0.782409  0.689456  0.764251
  0.78209  0.689462  0.763126
 0.781274  0.689485  0.760368
 0.780944  0.689494  0.759265
 0.780034  0.689531  0.755929
 0.779375  0.689558  0.753115
  0.77891  0.689571  0.750334
 0.778814  0.689569   0.74983
 0.778368  0.689587  0.747028
 0.777849  0.689616  0.744144
 0.777413  0.689645  0.741336
 0.777048  0.689674  0.738468
 0.776731  0.689702  0.735568
  0.77647  0.689729   0.73263
 0.626627  0.663913 0.0923648
 0.776313  0.689751  0.729498
 0.776265  0.689757  0.726427
 0.776264  0.689757   0.72332
 0.776272  0.689756  0.721742
  0.77636  0.689747  0.718553
 0.776914  0.689706  0.712801
 0.777373  0.689678  0.709359
  0.77789  0.689657  0.705789
 0.778284  0.689647  0.703082
 0.779733  0.689659  0.695114
 0.780235  0.689655  0.693326
 0.781883  0.689688  0.687141
 0.626632  0.664633 0.0923702
 0.781821  0.689696    0.6874
   0.7843  0.689761  0.679435
 0.784888  0.689749  0.677879
 0.787369  0.689753  0.670981
  0.79044  0.689779  0.662428
 0.792301  0.689807  0.657166
 0.626547  0.670539 0.0924442
 0.795244  0.689829  0.648999
 0.796747  0.689797  0.644965
  0.79813  0.689781  0.640751
 0.802118  0.689653  0.630271
 0.805026  0.689616  0.622023
 0.805623  0.689627  0.620428
 0.626526  0.671394 0.0924566
 0.806188   0.68966  0.618617
 0.808549  0.689672  0.612311
  0.81084  0.689711  0.605783
 0.812657  0.689736  0.600596
 0.814933  0.689754  0.594384
 0.626502   0.67228 0.0924699
 0.817605    0.6898  0.586991
 0.820131  0.689772  0.580104
 0.822132  0.689736  0.574353
 0.823937  0.689668  0.569615
 0.826473  0.689598  0.562726
 0.827507  0.689584   0.55983
 0.626477  0.673181 0.0924833
 0.830298  0.689623  0.551922
 0.832994  0.689659  0.544438
 0.834741  0.689689  0.539409
 0.836061  0.689692  0.535795
 0.838363  0.689711  0.529623
 0.626417  0.674309  0.092503
 0.841308  0.689764  0.521196
 0.844217  0.689699  0.513409
 0.845431  0.689666  0.509928
 0.847895  0.689592  0.503155
 0.849689  0.689555  0.498097
 0.851762  0.689542  0.492323
 0.602371  0.687267  0.119285
 0.852698  0.689569  0.489745
 0.855945  0.689601  0.480744
 0.857916  0.689633  0.475102
 0.860213  0.689635  0.469011
 0.861961  0.689672  0.464034
  0.62039  0.685731 0.0997995
 0.862344  0.689694  0.462885
 0.864546  0.689687  0.456889
 0.866402  0.689648  0.451819
  0.86835  0.689607    0.4462
 0.870173  0.689556  0.441165
 0.872485  0.689494  0.435089
 0.621328  0.686073 0.0990964
 0.874835  0.689533  0.428337
 0.876554  0.689571   0.42343
 0.878769  0.689584  0.417464
 0.880511  0.689607  0.412553
 0.882173  0.689644  0.407716
 0.622525  0.687553 0.0990777
 0.621232  0.687063 0.0997894
 0.884171  0.689682  0.402217
 0.886591  0.689646  0.395646
 0.888595  0.689592  0.390045
 0.890614   0.68951  0.384732
 0.891691  0.689483  0.381529
 0.894292  0.689437  0.374304
 0.644425  0.688895 0.0927319
 0.641815  0.688894 0.0927537
 0.639974    0.6889 0.0927541
 0.638134  0.688909 0.0927444
 0.636294  0.688908 0.0927328
 0.634456  0.688872 0.0927266
 0.632667  0.688761 0.0927244
 0.631045  0.688521 0.0927199
 0.896669  0.689454   0.36792
 0.898993  0.689495  0.361456
 0.900669  0.689531  0.356652
 0.902506  0.689542  0.351722
 0.904355  0.689595  0.346329
 0.677244   0.68913 0.0927464
 0.674655   0.68912 0.0927494
 0.672828  0.689111 0.0927492
 0.670242  0.689096 0.0927456
 0.668416  0.689083 0.0927457
 0.665827   0.68906 0.0927491
 0.663999  0.689045 0.0927486
 0.661414   0.68902 0.0927468
 0.659583  0.689005 0.0927502
  0.65851     0.689 0.0927528
 0.655159  0.688972 0.0927506
 0.652572  0.688954 0.0927364
 0.652265  0.688951 0.0927351
 0.648165  0.688922 0.0927117
 0.646332  0.688906 0.0927165
 0.906254  0.689627  0.341004
 0.908485   0.68957  0.335104
 0.910614  0.689516  0.329005
 0.912525  0.689447  0.323833
 0.913482  0.689417  0.321216
 0.915653  0.689396    0.3151
 0.719075  0.688852  0.092735
 0.717265  0.688847 0.0927322
 0.715454   0.68885 0.0927278
 0.712871  0.688863  0.092729
 0.711051  0.688878 0.0927347
 0.709232  0.688895 0.0927366
  0.70665  0.688924 0.0927282
 0.704834  0.688945 0.0927225
 0.702249  0.688975 0.0927286
 0.700421  0.688995 0.0927433
 0.698592  0.689015 0.0927579
 0.696002   0.68904 0.0927665
  0.69418  0.689057 0.0927643
 0.691596  0.689082 0.0927522
 0.689777  0.689099 0.0927442
 0.687954  0.689115 0.0927428
 0.685363  0.689133 0.0927525
 0.682771  0.689143 0.0927554
 0.681712  0.689142 0.0927529
 0.679128   0.68914  0.092746
 0.917237  0.689403  0.310991
 0.918811  0.689425  0.306425
 0.921515  0.689474  0.298712
 0.923118  0.689471  0.294484
 0.925118  0.689509  0.288863
 0.748968  0.689102 0.0928044
 0.746401  0.689086 0.0928003
 0.744599  0.689072 0.0928008
 0.742033  0.689049 0.0928011
 0.740231   0.68903 0.0927989
 0.738429  0.689012 0.0927969
 0.735864  0.688982 0.0927923
 0.734064  0.688965 0.0927848
 0.732264  0.688949 0.0927742
   0.7297  0.688928 0.0927557
   0.7279  0.688915 0.0927414
 0.726097  0.688901 0.0927293
 0.723525  0.688882 0.0927243
 0.721712  0.688866 0.0927293
 0.925539  0.689524  0.287716
  0.92723  0.689535   0.28298
 0.929133   0.68951   0.27758
 0.930785   0.68947  0.272857
 0.932782  0.689392  0.267688
 0.934715  0.689356  0.262291
 0.788854  0.688841 0.0927416
 0.788603  0.688837 0.0927411
 0.786042  0.688843 0.0927373
 0.784248  0.688848 0.0927383
 0.781683  0.688859 0.0927448
 0.779117  0.688874 0.0927565
 0.777318  0.688889 0.0927652
  0.77552  0.688908 0.0927707
 0.772954  0.688938 0.0927686
 0.771159   0.68896 0.0927622
 0.769362  0.688981 0.0927575
 0.766793  0.689009 0.0927571
 0.764991  0.689029 0.0927602
 0.763957  0.689041 0.0927624
 0.761386  0.689065 0.0927667
 0.758816  0.689086 0.0927691
 0.757012  0.689099  0.092774
 0.755205  0.689108 0.0927839
 0.753397  0.689114 0.0927969
 0.750828  0.689115 0.0928064
 0.936354  0.689372   0.25778
 0.938427  0.689421  0.251796
 0.940097  0.689447  0.247108
 0.941988  0.689453  0.242082
 0.943649  0.689483  0.237409
 0.819503  0.689033 0.0927364
  0.81772  0.689026  0.092745
 0.817475  0.689023 0.0927458
 0.813393  0.689005 0.0927348
 0.813154  0.689006  0.092734
 0.810609  0.688983 0.0927202
 0.808827  0.688967 0.0927191
 0.806272  0.688941   0.09273
 0.804485  0.688925 0.0927407
 0.801932    0.6889 0.0927506
 0.800148  0.688886 0.0927514
 0.797596  0.688867 0.0927501
 0.796577  0.688861 0.0927514
 0.793251  0.688849 0.0927554
 0.791465  0.688842 0.0927512
 0.945657  0.689539  0.231675
 0.947401  0.689516  0.226934
 0.949475  0.689453  0.221291
  0.95121  0.689389  0.216555
 0.952865  0.689342  0.211894
 0.954534  0.689316  0.207243
 0.860483  0.688796 0.0926978
 0.858716  0.688791 0.0926974
 0.856948   0.68879 0.0926975
 0.855179  0.688795 0.0926971
 0.852637  0.688806 0.0926939
 0.850866  0.688817 0.0926919
 0.849093  0.688831 0.0926917
 0.846544  0.688856 0.0926952
 0.844766  0.688877 0.0927004
 0.842213  0.688911  0.092712
  0.84043  0.688936 0.0927247
 0.837871  0.688969 0.0927455
 0.836863  0.688982 0.0927494
 0.835085  0.689002 0.0927516
 0.833309  0.689018 0.0927487
  0.83076  0.689035 0.0927457
 0.828982  0.689043 0.0927436
 0.826436  0.689048 0.0927348
 0.824662  0.689046 0.0927272
 0.822113  0.689041 0.0927246
 0.956985   0.68934  0.200526
 0.957288   0.68934  0.199672
 0.960116  0.689367  0.191916
 0.962137   0.68941  0.186056
 0.963364  0.689419  0.182752
 0.890828  0.688986 0.0926695
 0.888295  0.688972 0.0926798
 0.886534  0.688964 0.0926878
 0.884771  0.688958 0.0926968
  0.88301  0.688951 0.0927032
  0.88048  0.688937 0.0926977
 0.878726  0.688926 0.0926864
 0.876969  0.688913 0.0926775
 0.875209    0.6889 0.0926746
 0.872676  0.688877 0.0926765
 0.870913  0.688864 0.0926777
  0.86915  0.688852 0.0926797
 0.866611  0.688836 0.0926877
 0.864845  0.688825 0.0926943
 0.863079  0.688812 0.0926979
 0.965792  0.689449  0.176081
 0.966993  0.689449  0.172487
 0.968545  0.689395   0.16841
 0.970749  0.689334  0.162267
 0.972489  0.689285  0.157594
 0.973935  0.689273  0.153647
 0.928102  0.688743 0.0926555
 0.925579   0.68874 0.0926569
  0.92383   0.68874 0.0926607
  0.92208  0.688745 0.0926648
 0.920329  0.688754 0.0926665
 0.917802  0.688775 0.0926617
 0.916052  0.688793 0.0926563
 0.914299  0.688813 0.0926543
 0.912542  0.688835 0.0926575
 0.910006  0.688868 0.0926665
 0.908248  0.688892 0.0926711
  0.90649  0.688916 0.0926739
 0.903955  0.688948 0.0926766
 0.902198  0.688967 0.0926773
 0.901217  0.688977 0.0926771
 0.897911  0.688997 0.0926709
 0.896932  0.688999 0.0926679
 0.895177     0.689 0.0926633
 0.892644  0.688997 0.0926637
 0.977096  0.689329   0.14483
 0.977485  0.689348  0.143528
 0.979451  0.689372  0.138077
 0.981107  0.689387  0.133516
 0.981886  0.689416  0.131282
 0.956595  0.688962 0.0926276
  0.95486  0.688947 0.0926279
 0.953123  0.688933 0.0926277
 0.951386   0.68892  0.092628
 0.948872  0.688896 0.0926296
 0.947909   0.68889 0.0926306
 0.945396  0.688865 0.0926314
 0.943658  0.688851 0.0926295
 0.941144  0.688831 0.0926276
 0.939401  0.688822 0.0926324
 0.937654  0.688813 0.0926428
 0.935907  0.688802 0.0926547
 0.934162  0.688789 0.0926626
 0.931644   0.68877 0.0926626
 0.929903  0.688755 0.0926585
 0.983902  0.689431  0.125642
 0.984502  0.689424  0.124042
 0.986151  0.689379  0.119479
 0.988122  0.689297  0.114018
 0.989703  0.689207   0.10968
 0.990912  0.689125  0.106414
 0.992926   0.68895  0.101018
 0.994266   0.68881 0.0976209
  0.99337  0.688768 0.0946199
 0.992311  0.688718 0.0932202
 0.990925  0.688703  0.092715
 0.989293  0.688704 0.0925502
 0.987569  0.688715 0.0925425
 0.985828  0.688728 0.0925677
 0.983307   0.68875 0.0925898
 0.981572  0.688766 0.0925951
 0.979838  0.688785 0.0925974
 0.977321  0.688813 0.0925973
  0.97715  0.688817 0.0925972
 0.974635  0.688848 0.0925917
 0.972118   0.68888 0.0925874
 0.970381  0.688903 0.0925859
 0.968644  0.688924 0.0925853
 0.966906  0.688943 0.0925869
 0.964386  0.688965 0.0925963
 0.962646  0.688974 0.0926059
 0.960905  0.688977 0.0926152
 0.959166  0.688975 0.0926226