0.00298048    0.34551   0.901132
0.00297686   0.343732   0.901142
0.00296736   0.339879    0.90113
0.00296254   0.336385   0.901182
0.00295431   0.331255   0.901227
0.00294716    0.32958   0.901192
  0.002916   0.326047   0.900825
0.00289479   0.323305   0.900431
0.00287159   0.321379    0.89977
0.00286571   0.319609   0.898962
0.00287601   0.317781   0.897548
0.00344055     0.6286   0.900717
0.00343303   0.624702   0.900716
0.00342014   0.620457   0.900647
0.00341068   0.616605   0.900623
0.00340167   0.612756   0.900599
0.00338808   0.608512   0.900537
0.00338028   0.604622   0.900552
0.00337515   0.600669    0.90062
0.00337196   0.596709   0.900698
0.00336922   0.592796   0.900747
0.00336295   0.588579   0.900701
0.00335918   0.584773   0.900673
0.00335449   0.580963   0.900656
0.00334595   0.577165   0.900635
0.00333193   0.572988   0.900574
0.00332668   0.569141   0.900602
0.00332758   0.565243   0.900671
 0.0033304   0.561347   0.900741
0.00333073    0.55751   0.900771
0.00332162   0.553371    0.90071
0.00331328   0.549625   0.900683
 0.0033029   0.545882   0.900662
0.00329084   0.542154   0.900633
0.00327622   0.538033   0.900583
0.00327237   0.534216   0.900631
0.00327248   0.528485   0.900751
0.00327176   0.526536   0.900773
0.00326279   0.522394   0.900759
0.00325107   0.518711   0.900722
0.00323952   0.515021     0.9007
0.00322848   0.511338   0.900678
0.00321761   0.507675    0.90064
0.00320817   0.503589   0.900607
 0.0032081   0.499816   0.900663
0.00321028    0.49602   0.900739
 0.0032107   0.492257   0.900794
0.00320255   0.488199   0.900762
 0.0031939   0.484554   0.900736
0.00318439   0.480911   0.900718
 0.0031738   0.477282   0.900694
0.00315941   0.473298   0.900626
0.00315464   0.469627   0.900643
0.00315467   0.465898   0.900707
0.00315544   0.462166   0.900777
0.00315275   0.458484   0.900814
0.00314091   0.454506   0.900761
0.00313101   0.450917   0.900736
 0.0031211   0.447335   0.900713
 0.0031106   0.443769   0.900681
0.00309781   0.439834   0.900623
0.00309362   0.436189   0.900663
0.00309173   0.432504   0.900737
0.00308861   0.428831   0.900805
0.00308199   0.425223   0.900826
0.00307845   0.423394   0.900829
0.00306285   0.417757   0.900752
0.00305822   0.414219   0.900732
0.00305368   0.410702   0.900698
0.00304749   0.406799   0.900663
0.00304666   0.404955   0.900683
0.00304421   0.399545     0.9008
0.00303983   0.395928   0.900866
0.00303106   0.392383   0.900878
0.00302364   0.390214   0.900854
0.00301393   0.386733   0.900826
0.00300638   0.381492   0.900827
0.00299968   0.378022     0.9008
0.00299494   0.375852   0.900783
 0.0029917   0.372299   0.900829
0.00299178   0.366937   0.900979
0.00299066   0.363347   0.901065
0.00298915   0.359823     0.9011
0.00298826   0.358023   0.901116
0.00298561    0.35418   0.901088
0.00298574   0.348981   0.901128
0.00289627   0.317053   0.896823
0.00289537   0.316404    0.89527
0.00289594   0.316285   0.894396
0.00289585   0.316169   0.893531
0.00293125   0.316063   0.890812
0.00298333   0.316012   0.888087
0.00299054   0.316016   0.887146
0.00299805    0.31602   0.886202
0.00302731   0.315994   0.883461
0.00303909   0.315984   0.881617
0.00305062   0.315969   0.879773
0.00306415    0.31595    0.87793
0.00436599   0.678183   0.900551
0.00413525   0.676532   0.900555
0.00372585   0.672978   0.900568
0.00351736   0.667108   0.900672
0.00349235   0.663051   0.900711
0.00348941   0.660995   0.900721
 0.0034842   0.656676   0.900652
0.00348086   0.652759   0.900627
0.00347362   0.648844   0.900608
0.00345394   0.642641   0.900526
 0.0034492   0.640617   0.900537
0.00344486   0.636626   0.900586
0.00344305   0.632609   0.900659
0.00308056   0.315931   0.876014
0.00308344    0.31594    0.87416
0.00307774    0.31597   0.872297
0.00305874   0.316032   0.869494
 0.0030499    0.31605   0.868533
0.00302952   0.316093   0.866664
0.00299463   0.316151    0.86389
0.00297939   0.316171   0.862927
0.00293914   0.316218   0.860153
0.00290968   0.316248   0.858284
0.00288015   0.316273   0.856415
0.00286465   0.316286   0.855453
0.00282944   0.316313    0.85268
0.00281343   0.316312   0.849915
0.00282147    0.31629   0.848969
0.00610555   0.682358   0.900674
0.00573573   0.681457   0.900678
0.00285694     0.3162   0.846153
 0.0028784   0.316156   0.845219
0.00291932   0.316059    0.84248
0.00292942   0.316033    0.84154
0.00295293   0.315968   0.839701
0.00299495   0.315844   0.836967
0.00301816   0.315767    0.83513
0.00304062   0.315694   0.833291
0.00306522   0.315622   0.831452
0.00309463   0.315546   0.829614
0.00311948   0.315492   0.828681
0.00744194   0.683822   0.900712
0.00315622   0.315405   0.826762
0.00316491   0.315332   0.823101
 0.0031563   0.315335   0.822139
0.00314589    0.31534    0.82117
0.00216994   0.337803   0.805193
0.00243457   0.331396    0.80635
0.00246074   0.330762   0.806483
0.00296555   0.323809    0.80818
0.00810731   0.684528   0.900716
0.00262303   0.321846   0.808856
 0.0109754   0.685166   0.900753
 0.0133077   0.307459   0.903332
  0.012998   0.685289   0.900763
  0.010106   0.309129   0.811062
 0.0149666   0.685321    0.90076
 0.0103658   0.310309   0.810644
 0.0180124   0.685399   0.900721
 0.0119352    0.31145    0.80999
 0.0189094   0.685399   0.900718
 0.0137049   0.311883   0.809765
 0.0209503   0.685415   0.900697
 0.0145438   0.311939   0.809739
 0.0218468   0.685395   0.900699
 0.0222886   0.320617     0.8962
 0.0164547   0.312097    0.80967
 0.0249518   0.685318   0.900703
 0.0231221   0.320421   0.896316
 0.0182809   0.312188   0.809635
 0.0258496   0.685275   0.900712
 0.0239607   0.320221   0.896434
 0.0201092   0.312279   0.809601
 0.0267473   0.685231   0.900723
 0.0271022    0.31989   0.896665
 0.0209486   0.312312   0.809587
 0.0298791   0.685073   0.900759
 0.0237611   0.312474    0.80953
 0.0296597   0.685078   0.900758
 0.0287984   0.319237   0.897029
 0.0245968   0.312528   0.809508
 0.0327966   0.684903   0.900803
 0.0321267   0.318451   0.897535
 0.0274094   0.312684   0.809457
 0.0348163   0.684782   0.900835
 0.0342105   0.317827   0.897941
 0.0282424    0.31275   0.809432
 0.0379596   0.684588    0.90089
 0.0363025   0.317147   0.898369
 0.0290699   0.312825   0.809406
 0.0377357     0.6846   0.900885
 0.0382711   0.316518   0.898733
 0.0309438   0.312916   0.809373
 0.0408836   0.684388   0.900946
 0.0391313   0.316278   0.898852
 0.0327859   0.312962    0.80935
  0.041783   0.684322   0.900964
 0.0411736   0.315785   0.899094
 0.0346372   0.312983    0.80933
 0.0438104   0.684171   0.901009
 0.0432005   0.315297   0.899323
  0.037517   0.312994   0.809298
 0.0458369    0.68402   0.901055
 0.0440236   0.315131   0.899407
 0.0393763   0.313005   0.809272
  0.046735    0.68396   0.901074
 0.0448473   0.314978    0.89949
 0.0381682   0.312986   0.809296
 0.0487546   0.683833   0.901117
 0.0468544   0.314657   0.899671
  0.042142   0.312996   0.809247
 0.0507651   0.683732   0.901155
 0.0498883   0.314224   0.899928
 0.0429806   0.312972    0.80925
  0.052766    0.68366   0.901185
 0.0507124   0.314185   0.899961
 0.0438185   0.312947   0.809253
 0.0547586   0.683615    0.90121
 0.0515397   0.314138   0.899995
 0.0467393   0.312851   0.809268
 0.0556522   0.683609   0.901219
 0.0534267   0.314017   0.900076
 0.0475793   0.312805    0.80928
 0.0576798    0.68359   0.901239
 0.0576389   0.683588   0.901239
  0.056343    0.31388   0.900164
 0.0505276   0.312646   0.809331
 0.0596612   0.683585   0.901257
 0.0582266   0.313796   0.900207
 0.0524258   0.312529   0.809373
 0.0616398   0.683587    0.90127
 0.0579995   0.313813   0.900196
 0.0522071    0.31254   0.809367
 0.0636116   0.683609   0.901276
 0.0598912   0.313674   0.900253
  0.054106   0.312418   0.809412
 0.0655735   0.683659   0.901272
 0.0629152   0.313408   0.900342
 0.0549469   0.312361   0.809431
 0.0675277   0.683733    0.90126
 0.0626301   0.313413   0.900341
 0.0568493   0.312233   0.809479
 0.0684275   0.683758   0.901256
  0.065635   0.313182    0.90041
 0.0587475   0.312115   0.809526
 0.0703761   0.683855   0.901233
 0.0664641   0.313122    0.90043
 0.0606403   0.312011   0.809572
 0.0712794   0.683879   0.901228
 0.0683455   0.313004   0.900469
 0.0625299   0.311915   0.809618
  0.074313   0.684102   0.901163
 0.0702325   0.312872   0.900515
 0.0644182   0.311825   0.809661
 0.0762529   0.684223    0.90113
 0.0721283   0.312716   0.900567
 0.0663029   0.311744     0.8097
 0.0792278   0.684414   0.901079
 0.0740341   0.312531   0.900623
  0.069221   0.311638   0.809751
 0.0790931   0.684397   0.901078
 0.0748648   0.312447   0.900646
 0.0700879   0.311646   0.809756
  0.081031   0.684524    0.90104
  0.076769   0.312262   0.900694
 0.0719436   0.311646   0.809769
 0.0840149   0.684692   0.900991
 0.0786586   0.312111   0.900734
 0.0737854   0.311683   0.809771
 0.0849138   0.684748   0.900971
 0.0805248   0.312018   0.900764
 0.0746226   0.311706   0.809771
 0.0868627   0.684835   0.900942
 0.0813485   0.312003   0.900775
 0.0764549   0.311777   0.809759
  0.087755   0.684896   0.900922
 0.0831918   0.311993   0.900798
 0.0783427   0.311878    0.80973
 0.0907654   0.684994   0.900889
 0.0850686   0.312007   0.900821
 0.0801595   0.311992   0.809691
 0.0916983   0.685053   0.900869
 0.0869127    0.31199    0.90085
 0.0819747   0.312107   0.809648
 0.0947147   0.685134   0.900837
 0.0877335   0.311974   0.900863
 0.0847537   0.312294   0.809579
 0.0945483   0.685156   0.900831
 0.0896036    0.31188   0.900899
 0.0855958   0.312351   0.809554
 0.0965052   0.685199   0.900813
 0.0914727   0.311795    0.90093
 0.0864382   0.312408   0.809528
 0.0995384   0.685226    0.90079
 0.0933221   0.311769   0.900948
   0.08825   0.312527   0.809483
  0.101513   0.685218   0.900777
 0.0951463   0.311813   0.900954
 0.0900692   0.312625   0.809446
  0.102412   0.685196   0.900777
 0.0969544   0.311901   0.900952
 0.0918932    0.31271   0.809414
  0.104395   0.685152    0.90077
 0.0987626   0.311988   0.900951
 0.0927277   0.312767   0.809392
  0.106438   0.685099   0.900766
 0.0995954   0.312003   0.900955
 0.0945492   0.312857   0.809362
  0.109517   0.685007   0.900773
  0.101418   0.312038   0.900961
 0.0964151   0.312943   0.809331
  0.109329   0.684998   0.900778
  0.104235    0.31209   0.900957
 0.0992402   0.313034   0.809287
  0.112406   0.684908   0.900789
  0.104083   0.312057   0.900967
 0.0990786   0.313035   0.809291
  0.114398   0.684831   0.900803
  0.106906   0.312266   0.900906
  0.101914   0.313094   0.809249
  0.114206   0.684834   0.900802
  0.108663   0.312503   0.900834
  0.102752   0.313096   0.809245
  0.117297   0.684685   0.900834
  0.111336   0.312929   0.900709
  0.106713   0.313076   0.809223
  0.120403   0.684506   0.900881
  0.111277   0.312948   0.900708
  0.106528   0.313064   0.809229
    0.1202   0.684517   0.900877
  0.114018   0.313178    0.90063
  0.108398   0.312993   0.809247
  0.123305   0.684331   0.900934
  0.114848   0.313188   0.900621
  0.110277   0.312896   0.809276
  0.124204    0.68428   0.900951
  0.116697   0.313137   0.900621
  0.112163   0.312782   0.809314
  0.125106   0.684231   0.900967
  0.118555   0.313063   0.900632
  0.114053   0.312652    0.80936
  0.128203   0.684063   0.901031
  0.120397   0.313033   0.900635
  0.114895   0.312589   0.809382
  0.130199   0.683964   0.901071
  0.121226   0.313047   0.900625
  0.116791   0.312437   0.809437
  0.132193    0.68387   0.901109
  0.123046   0.313085   0.900602
  0.119751   0.312182   0.809533
  0.133091   0.683839   0.901124
  0.123868   0.313117   0.900582
   0.12059   0.312115   0.809558
  0.135079   0.683767   0.901159
  0.126665     0.3132   0.900501
  0.122483    0.31197   0.809616
  0.137098   0.683733   0.901188
  0.128472   0.313266   0.900435
  0.123324   0.311913   0.809639
   0.13907   0.683721   0.901212
  0.131286   0.313384   0.900332
  0.125211    0.31179    0.80969
  0.141038    0.68372   0.901233
  0.131117   0.313336   0.900359
  0.127092   0.311679   0.809736
  0.143002   0.683725    0.90125
  0.134014   0.313335   0.900335
  0.128965   0.311591   0.809773
  0.144964   0.683737   0.901264
  0.133773   0.313326    0.90034
  0.130825    0.31154     0.8098
  0.145866   0.683739    0.90127
  0.136713   0.313167   0.900386
  0.131661   0.311537   0.809806
  0.147825   0.683762   0.901277
  0.138594   0.313008    0.90043
   0.13355   0.311549   0.809813
  0.149782   0.683792    0.90128
  0.139424   0.312923   0.900454
  0.135382   0.311595   0.809806
  0.151734   0.683835   0.901275
  0.141316   0.312722   0.900507
  0.137209   0.311653    0.80979
  0.153681   0.683896   0.901261
  0.143208   0.312526   0.900561
  0.139096   0.311739   0.809758
  0.155673   0.683996   0.901228
  0.146131   0.312289   0.900637
   0.14091   0.311837    0.80972
  0.156579   0.684021    0.90122
  0.146949   0.312264   0.900649
  0.142723   0.311932   0.809684
  0.158513   0.684132   0.901184
  0.146751   0.312269   0.900648
  0.143567   0.311966    0.80967
  0.160446   0.684245   0.901149
  0.149619   0.312193   0.900685
   0.14538   0.312064   0.809633
  0.162379   0.684355   0.901117
  0.150445   0.312188   0.900694
  0.147193   0.312163   0.809598
  0.163278   0.684412     0.9011
  0.153351   0.312097   0.900753
  0.149004   0.312263   0.809563
  0.166248   0.684561   0.901056
  0.154176   0.312077   0.900772
  0.150814   0.312367   0.809527
  0.169225   0.684686   0.901019
  0.157056   0.311936   0.900866
  0.152622   0.312475   0.809489
  0.169121   0.684738   0.901004
  0.157886   0.311903   0.900891
  0.154432   0.312581    0.80945
  0.172103    0.68484   0.900971
  0.159741   0.311817   0.900948
  0.155274   0.312638   0.809428
  0.173002   0.684888   0.900953
  0.161595   0.311729      0.901
  0.157084   0.312735   0.809392
  0.176002   0.684937   0.900928
  0.163443   0.311657    0.90104
  0.158895   0.312833   0.809357
  0.176904   0.684952   0.900917
  0.165273    0.31163   0.901063
  0.160705   0.312938   0.809319
  0.178864   0.684953   0.900904
  0.167087   0.311654   0.901067
  0.162564   0.313033   0.809282
  0.180827   0.684939   0.900892
  0.167924   0.311669   0.901064
   0.16546   0.313091   0.809246
  0.183851   0.684923   0.900867
  0.169729   0.311735    0.90105
  0.166304   0.313067   0.809253
  0.183693   0.684907   0.900875
  0.172497   0.311859   0.901018
  0.167144    0.31304   0.809261
  0.186718   0.684892   0.900844
  0.173331   0.311886   0.901011
  0.170032   0.312917   0.809295
  0.187621   0.684866   0.900843
  0.175119   0.311998    0.90098
   0.16985   0.312923   0.809293
  0.190715   0.684819   0.900823
  0.176946   0.312171   0.900928
  0.172744   0.312773   0.809346
  0.190548   0.684801   0.900832
  0.177772    0.31226   0.900904
  0.174616   0.312666   0.809388
    0.1936   0.684686   0.900843
  0.179536   0.312462   0.900837
  0.176491   0.312549   0.809434
  0.195585   0.684585   0.900863
  0.182346   0.312618   0.900765
  0.177334   0.312491   0.809456
  0.195408   0.684582   0.900864
  0.182196   0.312628   0.900765
  0.180254   0.312271   0.809543
  0.198471   0.684435   0.900897
  0.184012   0.312676   0.900728
  0.181098   0.312201   0.809569
  0.201532   0.684294   0.900934
   0.18582   0.312757   0.900688
  0.182982   0.312048   0.809628
  0.201356   0.684302   0.900931
  0.188561   0.312938   0.900624
  0.184863   0.311904   0.809687
  0.204415   0.684155   0.900977
  0.190345   0.313064   0.900579
  0.185705   0.311842   0.809711
  0.205318    0.68411   0.900992
  0.191177   0.313117   0.900555
  0.187582   0.311713   0.809766
  0.207302      0.684   0.901031
  0.192975   0.313182   0.900516
  0.189456   0.311592   0.809816
  0.209287    0.68389   0.901073
  0.195775   0.313202   0.900467
  0.191322   0.311487   0.809855
  0.211267   0.683795   0.901115
  0.196612   0.313186   0.900458
  0.192164   0.311449   0.809868
  0.213239   0.683731   0.901153
  0.199449   0.313126   0.900432
  0.195014   0.311393   0.809879
  0.215202   0.683697   0.901185
  0.199278   0.313115    0.90044
  0.195854     0.3114   0.809875
  0.217202   0.683694   0.901211
  0.201116   0.313044   0.900441
  0.197676   0.311446   0.809854
  0.218099   0.683704    0.90122
  0.202958   0.312968   0.900447
  0.199602   0.311536   0.809816
  0.220057   0.683691   0.901245
  0.204854   0.312885   0.900459
  0.201408   0.311633   0.809779
  0.222016   0.683674   0.901269
  0.205686   0.312836   0.900472
   0.20322   0.311712   0.809748
  0.223973   0.683663    0.90129
  0.208566    0.31263   0.900539
  0.205029   0.311793   0.809714
  0.225927    0.68366   0.901306
  0.210447   0.312431   0.900604
  0.206833    0.31189   0.809673
  0.227877    0.68367   0.901317
  0.211279   0.312328   0.900637
  0.208632   0.312003   0.809626
  0.229824   0.683691   0.901321
  0.214212    0.31199   0.900737
   0.20948    0.31206   0.809599
  0.230732   0.683692   0.901324
  0.216057   0.311864   0.900775
  0.211282   0.312165   0.809558
  0.232673   0.683744   0.901317
  0.215869   0.311888   0.900769
  0.213088   0.312256   0.809527
  0.234605   0.683825   0.901301
  0.218693   0.311842   0.900792
  0.214897   0.312337   0.809505
  0.236586   0.683938   0.901272
  0.219519   0.311857   0.900795
  0.215747   0.312371   0.809492
  0.238508   0.684058   0.901237
   0.22138   0.311878    0.90081
  0.218517   0.312493   0.809466
  0.240436   0.684153   0.901208
  0.223199   0.311871    0.90084
  0.220322   0.312584    0.80944
  0.242369   0.684228   0.901184
  0.225026   0.311837   0.900883
  0.221167   0.312625   0.809427
  0.245323    0.68434    0.90115
  0.226862   0.311771   0.900935
   0.22399    0.31282   0.809353
    0.2452   0.684363   0.901143
  0.228707   0.311668   0.900992
  0.223804   0.312795   0.809374
  0.248144   0.684522   0.901097
  0.229541   0.311608   0.901017
  0.227617   0.312983   0.809301
  0.249088   0.684605   0.901073
  0.231391   0.311497   0.901065
  0.228501   0.312999     0.8093
  0.252049     0.6847   0.901039
  0.233224   0.311441   0.901093
  0.230335   0.312991   0.809307
  0.252953   0.684731   0.901024
  0.235991   0.311496   0.901098
  0.231177   0.312978   0.809314
  0.253855    0.68476   0.901009
  0.235873    0.31148   0.901098
  0.234032   0.312871   0.809359
  0.256843    0.68476   0.900992
  0.238621   0.311607   0.901073
   0.23589   0.312776     0.8094
  0.259828   0.684769   0.900966
  0.240418   0.311673   0.901052
  0.236734    0.31273   0.809419
  0.259694   0.684781   0.900961
  0.242216   0.311733   0.901031
  0.238595    0.31262   0.809467
  0.262679   0.684791    0.90093
  0.243052   0.311755   0.901025
  0.240458   0.312501   0.809518
  0.262545   0.684795   0.900929
  0.243892   0.311784   0.901017
  0.242325   0.312365   0.809571
  0.265532   0.684788   0.900901
  0.246629   0.311947   0.900989
    0.2442   0.312206   0.809628
  0.266438   0.684777   0.900895
   0.24846   0.312083   0.900971
  0.245045   0.312127   0.809655
  0.269434   0.684753   0.900868
   0.25029   0.312203   0.900955
  0.246923   0.311951   0.809719
   0.27034   0.684722    0.90087
  0.251121   0.312248    0.90095
  0.248795   0.311792   0.809778
   0.27341   0.684641   0.900868
  0.253863   0.312394   0.900905
  0.250655   0.311668   0.809826
  0.273258   0.684632   0.900873
  0.253738   0.312387   0.900911
  0.252502   0.311583   0.809857
  0.276283     0.6845   0.900896
  0.255529   0.312485   0.900868
  0.253347   0.311553   0.809867
  0.279322   0.684335   0.900936
  0.258278   0.312608   0.900796
  0.255185   0.311514   0.809876
  0.279159   0.684338   0.900935
  0.260065   0.312687   0.900743
  0.257017   0.311493   0.809873
  0.282197   0.684173   0.900983
  0.261852   0.312763   0.900689
  0.258845   0.311487   0.809859
  0.284166   0.684071   0.901015
  0.264617   0.312837   0.900621
  0.260735   0.311504   0.809832
   0.28507   0.684029   0.901029
  0.265458   0.312826   0.900611
  0.262555   0.311517   0.809811
  0.287036    0.68394    0.90106
  0.265316   0.312859   0.900595
  0.264369   0.311545    0.80979
  0.288999   0.683863   0.901091
  0.269126    0.31269   0.900614
  0.265252   0.311591   0.809774
  0.290957   0.683799   0.901121
  0.268958   0.312699    0.90061
  0.267058   0.311668   0.809744
  0.292912   0.683752    0.90115
  0.271801   0.312523   0.900652
  0.268861   0.311754   0.809712
  0.294906    0.68372   0.901178
  0.273632   0.312431    0.90067
  0.270661   0.311851   0.809677
  0.296853   0.683702   0.901204
  0.275457   0.312362   0.900676
  0.272455   0.311962   0.809638
  0.298801   0.683681   0.901231
  0.275297   0.312349   0.900689
  0.274246    0.31208   0.809598
  0.299705   0.683679   0.901241
  0.278185   0.312217   0.900697
  0.276039   0.312196   0.809558
  0.301652    0.68366   0.901266
  0.280032   0.312071   0.900726
  0.276891   0.312243   0.809539
  0.303597   0.683651   0.901289
  0.281883   0.311908   0.900763
  0.278688   0.312334   0.809508
   0.30554   0.683648   0.901308
  0.283726   0.311768   0.900797
  0.280486   0.312424   0.809476
   0.30748   0.683653   0.901323
  0.285553   0.311682   0.900821
  0.283289   0.312612   0.809407
  0.309417   0.683667   0.901336
  0.286385   0.311672   0.900826
   0.28414    0.31264     0.8094
  0.311352   0.683694   0.901343
  0.288191   0.311681   0.900835
  0.285939   0.312729   0.809376
  0.313282   0.683734   0.901343
  0.290023   0.311744   0.900843
  0.286784   0.312763    0.80937
  0.314194   0.683743   0.901345
  0.291819   0.311797   0.900858
  0.290524   0.312858    0.80936
   0.31612   0.683808   0.901333
  0.293621    0.31182   0.900883
  0.290393   0.312876   0.809357
  0.318042   0.683889   0.901313
  0.294458    0.31182   0.900896
  0.293238    0.31287    0.80938
   0.32001   0.683999   0.901278
  0.297233   0.311822   0.900936
  0.295075   0.312816   0.809411
  0.321927   0.684102   0.901245
  0.299034   0.311836   0.900954
  0.295918   0.312786   0.809426
  0.323843   0.684207   0.901213
  0.299873   0.311829   0.900962
  0.297764   0.312687    0.80947
  0.324748   0.684266   0.901198
  0.301681   0.311811   0.900983
  0.299613    0.31258   0.809516
  0.327673   0.684419   0.901152
  0.303494    0.31178   0.901006
  0.300459   0.312536   0.809536
  0.328621   0.684486   0.901133
  0.305299   0.311777   0.901021
  0.302306   0.312431   0.809582
   0.33156    0.68457     0.9011
  0.307088   0.311829   0.901022
  0.305155   0.312264   0.809649
  0.332467   0.684605   0.901083
  0.308865   0.311928   0.901009
  0.306001   0.312211   0.809667
  0.334398   0.684625   0.901065
  0.310635   0.312054   0.900989
  0.307851   0.312088   0.809708
  0.337364   0.684609   0.901047
  0.312404   0.312191   0.900967
  0.309703   0.311959   0.809748
  0.338272   0.684616   0.901035
  0.313233    0.31227   0.900955
  0.311555    0.31183   0.809786
  0.341238     0.6846   0.901012
  0.316042   0.312532   0.900876
  0.313403   0.311714   0.809819
  0.342147   0.684603   0.901002
  0.315891   0.312499     0.9009
   0.31425    0.31166   0.809834
  0.344083   0.684601   0.900985
  0.318637   0.312774   0.900784
  0.316088   0.311587   0.809849
  0.344992   0.684597   0.900977
  0.321342   0.312952   0.900706
   0.31798   0.311556   0.809842
   0.34796    0.68458   0.900952
  0.322183   0.312982    0.90069
  0.319811   0.311515   0.809832
  0.348869   0.684556    0.90095
  0.323978   0.313009   0.900668
  0.322838   0.310895   0.809921
  0.351899   0.684525   0.900921
  0.325784    0.31299   0.900655
  0.324047   0.309634   0.810137
   0.35172   0.684495   0.900936
   0.32858   0.312896   0.900649
  0.319741   0.318737   0.808551
  0.323136   0.313535   0.809457
  0.353717    0.68446   0.900926
  0.328436   0.312913   0.900641
  0.325584   0.306084   0.810756
  0.356697   0.684385   0.900932
   0.32927   0.312887   0.900634
  0.330239   0.353988   0.746685
  0.330256   0.353956   0.744802
   0.33028   0.353906   0.742024
  0.330291   0.353877   0.740138
  0.330303   0.353842   0.738254
  0.330313   0.353817   0.737269
  0.330344   0.353748   0.735402
  0.330431   0.353561   0.732674
  0.330484   0.353448   0.731746
  0.358647   0.684311   0.900948
  0.332089   0.312692   0.900656
   0.33061   0.353178   0.729857
  0.330739   0.352904   0.728069
  0.330931   0.352503   0.725407
  0.331053   0.352254   0.723612
   0.33117   0.352016   0.721811
  0.331288   0.351775   0.720012
  0.331415   0.351514    0.71822
  0.331632   0.351062   0.715577
  0.331731   0.350859   0.714695
  0.359554   0.684269   0.900959
  0.334918   0.312497   0.900679
  0.332041   0.350214   0.711986
  0.332141   0.350007   0.711115
  0.332336   0.349598   0.709386
   0.33253    0.34919   0.707656
  0.332723   0.348783   0.705924
  0.332917   0.348378   0.704189
  0.361507   0.684178   0.900984
  0.334761   0.312508   0.900676
  0.333203   0.347787   0.701463
  0.333283   0.347623   0.700561
  0.333483   0.347201   0.697904
  0.333605   0.346931   0.696111
  0.333723   0.346659   0.694317
  0.333847   0.346377   0.692527
  0.333981   0.346077   0.690746
  0.334058   0.345908   0.689845
  0.334401   0.345181   0.686371
  0.363461   0.684081   0.901013
  0.338558   0.312315   0.900699
  0.336959    0.33995   0.793684
  0.334538   0.344899   0.685381
  0.334742    0.34448   0.683652
  0.334949   0.344055   0.681925
  0.335046   0.343855   0.681053
  0.335372   0.343168   0.678485
  0.335592   0.342702   0.676774
  0.365415   0.683983   0.901045
   0.33841   0.312309   0.900704
  0.336749   0.308944   0.810118
  0.338321   0.337189   0.792222
   0.33582   0.342223    0.67493
  0.336063   0.341701   0.672304
  0.336203   0.341392   0.670524
  0.336268   0.341244   0.669607
  0.336482   0.340768    0.66696
  0.336558   0.340601   0.666055
   0.33673   0.340233   0.664299
  0.367368   0.683886    0.90108
   0.34023   0.312227   0.900716
  0.338162   0.310982   0.809739
  0.338683   0.310989   0.809732
  0.339202   0.335434   0.789063
  0.339182   0.335482   0.787069
  0.339196   0.335447   0.785188
  0.339176   0.335473   0.782434
  0.339163   0.335494   0.780574
  0.339175   0.335468   0.778729
  0.339216   0.335391   0.776895
  0.339251   0.335333    0.77504
   0.33927   0.335313   0.773153
  0.339293   0.335293   0.771259
  0.339334   0.335241   0.769382
  0.339401   0.335152   0.766636
  0.339415   0.335131   0.765661
  0.339435   0.335107   0.763791
  0.339433   0.335125   0.761014
  0.339422   0.335158   0.758219
  0.339431   0.335139   0.757229
  0.339444   0.335113   0.755352
  0.339467    0.33507   0.753481
  0.339494   0.335019   0.751612
  0.339518   0.334976   0.749738
  0.339532   0.334949   0.747856
  0.339542   0.334925   0.745081
  0.339548   0.334906   0.743202
  0.339558   0.334878   0.741325
  0.339547   0.334892   0.739426
  0.339509   0.334962     0.7366
  0.339407   0.335167   0.735521
  0.337043   0.339579    0.66159
   0.33725   0.339149    0.65986
  0.337445    0.33874    0.65812
  0.337633    0.33834   0.656375
  0.337819   0.337939   0.654631
  0.338005   0.337536   0.652887
  0.338193   0.337129   0.651145
   0.36932   0.683796   0.901116
  0.342047   0.312155   0.900728
  0.339416   0.312045   0.809539
  0.339743   0.334469   0.733914
  0.339952   0.334031    0.73219
  0.340212   0.333489   0.729579
    0.3403   0.333307   0.728685
  0.340362   0.333181   0.726892
  0.338314   0.336872   0.650149
   0.33861   0.336235   0.646633
  0.338741   0.335958   0.644834
  0.338801   0.335837   0.643896
   0.33892   0.335601   0.642075
  0.339038   0.335376   0.640251
  0.339163   0.335134   0.638434
  0.339305   0.334843    0.63664
  0.371268   0.683718   0.901153
  0.343857   0.312113   0.900736
  0.334963   0.343861   0.797518
  0.339582   0.334254   0.633903
  0.339782   0.333825   0.632165
  0.339979   0.333408   0.630423
   0.34017   0.333002   0.628677
  0.340258   0.332815   0.627785
  0.340451   0.332402    0.62604
  0.340646   0.331981   0.624297
  0.373213   0.683655   0.901187
  0.345701    0.31211    0.90074
  0.341522   0.312374   0.809432
  0.344846   0.323697   0.799944
  0.340927   0.331382   0.621555
  0.341076    0.33107   0.619767
  0.341207   0.330799   0.617959
  0.341327   0.330553   0.616138
  0.341444   0.330312   0.614314
  0.341569   0.330056   0.612497
  0.341787   0.329607   0.609829
  0.341965   0.329236   0.608063
  0.375195   0.683612    0.90122
  0.347494   0.312134   0.900742
  0.345385    0.32261   0.799924
  0.346361   0.320677   0.797865
    0.3464   0.320609   0.797022
  0.346492   0.320436   0.796071
  0.346505   0.320453   0.793283
  0.346487   0.320512   0.791388
  0.346464   0.320563   0.789515
  0.346428    0.32063   0.787644
  0.346346   0.320783   0.784865
  0.346316   0.320837   0.782101
  0.346356    0.32076    0.78025
  0.346402   0.320675    0.77839
  0.346178   0.321304   0.763159
  0.346146   0.321375   0.761259
  0.345859   0.321977   0.746016
  0.345812   0.322068   0.744981
  0.345731   0.322225   0.743049
  0.345667   0.322351   0.741123
  0.345594   0.322493   0.738303
  0.345546   0.322581    0.73638
  0.345489   0.322686   0.734443
  0.345389   0.322882   0.731586
  0.345312   0.323037   0.729627
  0.345247   0.323173   0.727681
  0.345195   0.323281   0.725752
  0.345171   0.323332   0.724732
  0.345119   0.323435   0.722809
  0.345033   0.323602    0.71909
  0.345018   0.323628   0.718078
  0.345008   0.323642    0.71618
  0.345004   0.323642   0.714277
  0.344962    0.32371   0.711448
  0.344894    0.32384   0.709485
  0.344802   0.324023   0.707513
   0.34462   0.324395   0.704602
  0.344396   0.324843    0.70254
  0.344072   0.325484   0.700395
  0.343642   0.326332   0.698159
  0.342205   0.328743   0.606205
  0.342319    0.32851   0.605332
  0.342532   0.328081   0.603597
  0.342743   0.327658   0.601858
  0.343059   0.327024   0.599259
  0.343259   0.326615    0.59751
  0.376098   0.683616   0.901231
  0.349288   0.312162   0.900744
  0.346437    0.32062   0.776511
  0.346445   0.320615   0.775542
  0.346435   0.320664   0.773652
  0.346406   0.320755   0.771739
  0.346345   0.320927   0.768919
  0.346315   0.320998   0.767883
  0.346229   0.321193   0.765045
  0.346137   0.321402    0.75843
  0.346145   0.321384   0.757452
  0.346148   0.321385   0.754691
  0.346134    0.32142   0.752806
  0.346115    0.32146   0.751794
   0.34597   0.321757   0.748051
  0.343475   0.326165   0.595641
  0.343642   0.325811   0.593863
  0.343862   0.325357   0.591196
  0.344001   0.325081   0.589373
  0.344138   0.324815   0.587557
   0.34428   0.324541   0.585743
  0.344357   0.324388   0.584812
  0.344523    0.32406   0.583025
  0.378036   0.683587    0.90126
  0.350123   0.312169   0.900747
  0.344834   0.323441    0.58028
  0.345048   0.323011   0.578538
  0.345259   0.322584   0.576795
  0.345467    0.32216    0.57505
  0.345673   0.321743   0.573302
  0.345875   0.321339   0.571547
  0.378944   0.683579   0.901272
  0.350947   0.312178    0.90075
  0.346177   0.320756   0.568796
  0.346336   0.320459   0.566996
  0.346474   0.320208   0.565171
  0.346598   0.319977   0.563334
  0.346659   0.319864    0.56237
  0.346782   0.319628   0.560534
  0.346988   0.319222   0.557839
  0.347068   0.319063   0.556908
  0.347335   0.318531   0.554266
  0.381907   0.683544   0.901314
  0.352799   0.312113    0.90077
  0.350997   0.311209   0.697261
  0.350915   0.311358   0.695306
  0.350922   0.311335   0.693389
  0.350998   0.311175   0.689713
  0.350895   0.311348   0.682866
   0.35071   0.311705   0.679961
  0.350609   0.311893   0.677999
  0.350563   0.311962   0.676085
  0.350606   0.311833   0.673332
  0.350629   0.311776    0.67235
  0.347567   0.318067   0.552389
  0.347668   0.317869   0.551486
  0.347968   0.317287   0.548859
  0.348059   0.317119   0.547943
  0.348483    0.31644   0.544482
   0.34864   0.316425   0.543487
  0.384858   0.683529   0.901346
  0.354623   0.311998   0.900808
  0.353443   0.306439   0.757237
  0.353346   0.306644   0.755238
  0.353035   0.307251   0.742882
  0.352922   0.307475   0.740942
  0.352781   0.307754   0.738975
  0.352595   0.308121   0.736096
  0.352578   0.308151   0.735072
  0.352538   0.308233   0.732271
  0.352512   0.308289   0.730356
  0.352471   0.308374   0.727541
  0.352441   0.308432   0.725621
  0.352436   0.308437   0.723721
  0.352438   0.308431   0.722735
  0.352526   0.308246   0.720926
  0.352496   0.308296   0.718163
  0.352406   0.308463    0.71534
  0.352407   0.308454   0.714325
  0.352322   0.308616   0.711476
   0.35226   0.308744    0.71038
  0.352033   0.309205   0.707446
   0.35187   0.309529   0.705454
  0.351709   0.309835   0.703469
  0.351551   0.310128   0.701449
  0.351248   0.310717   0.699252
  0.351028   0.311114   0.689633
  0.351089   0.310979   0.686893
   0.35104   0.311065   0.684961
  0.350784   0.311441   0.670566
   0.35097   0.311051   0.668823
  0.351041   0.310899   0.666967
  0.351016   0.310945   0.665032
  0.350867   0.311227   0.662134
  0.350809   0.311336   0.661059
  0.350642   0.311643   0.658149
  0.350555     0.3118   0.656171
  0.350517   0.311859   0.654228
  0.350643   0.311583   0.651494
  0.350849   0.311156   0.649726
   0.35103   0.310791   0.647956
  0.351085   0.310685   0.647003
  0.351224   0.310423   0.644268
  0.351174   0.310531   0.643224
  0.348737   0.316301   0.543275
  0.349155   0.316645   0.541292
  0.349453   0.322739   0.536696
   0.38577   0.683526   0.901353
  0.356451    0.31187    0.90086
  0.348457   0.324078    0.53642
  0.340075   0.335677   0.534964
  0.387696   0.683538   0.901365
  0.359258   0.311716   0.900945
  0.354827   0.306248   0.542199
   0.38962   0.683563   0.901372
  0.361069   0.311649   0.900992
  0.355705   0.310543   0.539717
  0.391542   0.683598   0.901376
  0.361906   0.311623   0.901008
  0.357554   0.311651   0.538953
  0.393461   0.683643   0.901375
  0.363715   0.311577   0.901035
   0.35841   0.311714   0.538909
  0.394376   0.683652   0.901377
  0.365518   0.311561   0.901046
  0.360256   0.311707   0.538874
  0.396292   0.683716   0.901369
  0.366373   0.311553   0.901047
  0.362136    0.31159   0.538913
  0.397205   0.683738   0.901368
  0.369075   0.311709   0.901023
  0.363015   0.311518   0.538941
  0.400161    0.68391   0.901322
  0.370834   0.311859   0.900999
  0.365923   0.311256   0.539058
  0.402069   0.684013   0.901291
  0.371681   0.311927   0.900988
  0.367818   0.311076   0.539142
  0.403978   0.684108   0.901261
   0.37436   0.312142   0.900958
  0.368695      0.311   0.539177
  0.405889   0.684195   0.901233
  0.376143   0.312215    0.90095
  0.369574   0.310925   0.539212
  0.407798   0.684285   0.901204
  0.377936   0.312238    0.90095
  0.372464   0.310715   0.539317
   0.40975   0.684367   0.901175
  0.378773   0.312242   0.900953
  0.374338   0.310614   0.539368
  0.410661   0.684421   0.901154
  0.380566    0.31225   0.900954
  0.375217   0.310575   0.539387
  0.413573    0.68451   0.901112
  0.383386   0.312333   0.900929
  0.377082   0.310519   0.539414
  0.415488   0.684563   0.901082
  0.384222   0.312377    0.90092
  0.378936   0.310508   0.539416
  0.415395   0.684592    0.90107
  0.385995   0.312476   0.900887
  0.380863   0.310579   0.539372
  0.417312   0.684621   0.901043
   0.38683   0.312523   0.900873
   0.38179   0.310619   0.539356
  0.420244   0.684615   0.901016
  0.389544   0.312626   0.900805
  0.384566   0.310777   0.539262
  0.423185   0.684604   0.900989
  0.391334    0.31263   0.900767
  0.387336   0.310894   0.539196
  0.424097   0.684595   0.900982
  0.393138   0.312573   0.900744
  0.387281   0.310932   0.539173
  0.427042   0.684583   0.900954
  0.393011   0.312608   0.900728
  0.390044   0.311063   0.539112
  0.426936    0.68456   0.900965
  0.395792   0.312419   0.900744
  0.392802   0.311239   0.539037
  0.429885   0.684521   0.900947
  0.397609   0.312308   0.900762
  0.393691   0.311281   0.539019
  0.430796   0.684483   0.900952
  0.399418   0.312237   0.900777
  0.395513   0.311401   0.538965
  0.431707   0.684442   0.900957
  0.402153   0.312218   0.900783
  0.395478   0.311351   0.538985
  0.435749     0.6843   0.900975
  0.402992   0.312248    0.90077
  0.398311    0.31156   0.538898
   0.43563   0.684292   0.900979
  0.405687   0.312365   0.900719
  0.401087   0.311683   0.538873
  0.438598   0.684163   0.901009
  0.405606   0.312347   0.900725
  0.401973   0.311687   0.538883
  0.440538   0.684069   0.901034
  0.407379   0.312407   0.900687
   0.40382   0.311682   0.538915
  0.442478   0.683973   0.901062
  0.409158   0.312446   0.900651
  0.406664   0.311587   0.539001
  0.444416   0.683881   0.901091
  0.411943   0.312491   0.900612
  0.407543   0.311566   0.539023
  0.446353   0.683797   0.901122
  0.411842   0.312476   0.900619
  0.409452   0.311492   0.539078
  0.447262   0.683765   0.901135
  0.414571   0.312478   0.900629
  0.411317   0.311388   0.539127
  0.449196   0.683696   0.901164
  0.416371   0.312431    0.90066
  0.412185   0.311342   0.539143
  0.451128   0.683636   0.901194
  0.418181   0.312342   0.900703
  0.415038   0.311138    0.53916
  0.453058   0.683586   0.901224
  0.419994   0.312235   0.900748
   0.41687   0.311073   0.539093
  0.455026   0.683553   0.901254
  0.421845   0.312128   0.900787
  0.416779   0.311032   0.539131
  0.456952   0.683523   0.901285
  0.422676   0.312095   0.900799
  0.419714    0.31116   0.538829
  0.458876   0.683496   0.901315
  0.424483   0.311997   0.900829
  0.420581    0.31119   0.538741
  0.461804   0.683472   0.901357
  0.426292   0.311891   0.900865
  0.423327   0.311201   0.538445
  0.462716   0.683475   0.901365
  0.428107   0.311766   0.900912
  0.425201   0.311078   0.538253
  0.464632   0.683482   0.901382
  0.430899   0.311567   0.901004
  0.427258   0.310906   0.537973
  0.465548   0.683479   0.901389
  0.431734   0.311529   0.901026
  0.430169   0.310025    0.53786
  0.467463   0.683498     0.9014
   0.43353   0.311465    0.90107
  0.432038   0.309363   0.537772
   0.47037   0.683556   0.901409
  0.434375   0.311445   0.901086
  0.434077   0.309039   0.537395
  0.471288    0.68356   0.901414
  0.436159   0.311461   0.901104
  0.434944   0.308967   0.537186
  0.473197   0.683608   0.901415
  0.437015   0.311467   0.901112
  0.435792   0.308827   0.537009
  0.474114   0.683621   0.901417
  0.439689    0.31165   0.901099
  0.439732   0.307939   0.536294
  0.477003   0.683755   0.901387
  0.441446   0.311778   0.901081
  0.439763   0.308273    0.53606
   0.47792   0.683783    0.90138
  0.443208    0.31188    0.90106
  0.441519   0.307811   0.535755
  0.480851   0.683968   0.901315
   0.44405    0.31192   0.901049
  0.443527   0.307628   0.535092
  0.482748   0.684074   0.901279
  0.446739   0.312036   0.901007
  0.446851   0.305857   0.534576
  0.484645   0.684181   0.901242
  0.448497   0.312148   0.900967
  0.448769   0.304413   0.534509
  0.487528   0.684316   0.901196
  0.450312   0.312305    0.90091
  0.450678    0.30384   0.533903
  0.487497   0.684362   0.901184
  0.453039   0.312464   0.900851
  0.452106     0.3024   0.533892
  0.490389    0.68444   0.901155
  0.452956   0.312463   0.900855
  0.454329   0.300565   0.533746
  0.490309   0.684478   0.901142
  0.455668   0.312491   0.900831
  0.463861   0.341301   0.503389
  0.459686   0.286745   0.538346
  0.493213    0.68449   0.901128
  0.455568   0.312499   0.900829
  0.472782   0.350779   0.491375
  0.494124   0.684506   0.901117
  0.458295   0.312486   0.900815
  0.476909   0.336575   0.496796
  0.481721   0.330419   0.496868
  0.498039   0.684468   0.901097
  0.459145   0.312491   0.900806
  0.498955   0.684474   0.901084
  0.461844   0.312566   0.900774
  0.452364   0.395546   0.479873
  0.501865   0.684472   0.901051
  0.464526   0.312682   0.900739
  0.460322   0.376077    0.48557
  0.458861   0.338152   0.508765
  0.502781   0.684469    0.90104
  0.465375   0.312716   0.900726
  0.461769   0.330896   0.510712
  0.504695   0.684464   0.901018
  0.468084   0.312756   0.900712
  0.463049    0.33424   0.507938
  0.465368   0.325507   0.510666
  0.506612   0.684449      0.901
  0.467992   0.312753   0.900708
  0.466497   0.323474   0.510987
  0.466918   0.324184   0.510064
  0.509589    0.68442   0.900979
  0.470738   0.312642    0.90072
   0.46868   0.321882   0.509782
    0.4694   0.322711   0.508515
  0.511511   0.684361   0.900986
  0.471579    0.31259   0.900724
  0.470705   0.320656   0.508363
  0.471972     0.3203   0.507093
  0.511414   0.684343   0.900994
   0.47434   0.312423   0.900731
  0.473056   0.319253    0.50641
  0.512325   0.684306   0.901001
  0.474222   0.312416   0.900737
  0.475524   0.318848   0.503512
  0.475506   0.319192   0.503336
  0.514248   0.684231   0.901012
  0.476974   0.312294   0.900725
  0.476923   0.317972   0.502115
  0.477993   0.318111   0.500351
  0.517188   0.684103   0.901034
  0.478824   0.312218    0.90072
  0.479065   0.317826   0.498961
  0.479745   0.318024   0.497378
  0.518101   0.684055   0.901044
   0.48062   0.312121   0.900737
  0.480406   0.317835    0.49632
  0.481109   0.318681   0.494036
  0.481952   0.320015    0.49073
  0.520027    0.68396   0.901069
  0.481459   0.312068   0.900753
  0.482554   0.320744   0.488297
  0.482818    0.32128   0.486919
  0.483399   0.322315    0.48362
  0.484075   0.323362   0.479469
  0.484144     0.3234   0.479122
  0.522969   0.683798   0.901121
  0.483256   0.311958   0.900794
  0.484316   0.323625   0.478071
  0.484619   0.323984   0.475992
  0.485122    0.32427   0.472157
  0.485243   0.324218   0.471135
  0.485496   0.324051   0.469198
  0.485761   0.323731   0.467409
  0.524898   0.683685   0.901162
  0.486025   0.311773   0.900865
  0.486265   0.322954    0.46469
  0.486576    0.32246    0.46298
  0.486716   0.322253   0.462085
   0.48715   0.321597   0.459507
  0.487426   0.321196   0.457753
  0.526825   0.683579   0.901203
  0.487832   0.311647   0.900907
  0.487737   0.320739   0.455825
  0.488081   0.320293   0.453161
  0.488308   0.320026   0.451334
  0.488308   0.320044   0.451223
  0.488672   0.319612   0.448552
  0.488954   0.319267   0.446776
  0.528749   0.683487   0.901242
  0.488669     0.3116   0.900922
  0.489682   0.318361   0.443118
  0.490032   0.317989   0.441366
  0.490358   0.317694   0.439583
  0.490361   0.317709   0.439478
  0.490857   0.317332   0.436803
  0.529658   0.683457   0.901257
  0.490463   0.311514   0.900949
  0.490764   0.317352   0.437488
  0.491204   0.317151   0.434738
  0.491474   0.317119   0.432806
  0.491851   0.317117   0.429977
  0.492117    0.31711   0.428034
  0.492425   0.316988   0.426053
  0.530569   0.683431   0.901272
  0.492285   0.311487   0.900967
  0.492815   0.316617   0.424083
   0.49315   0.316281   0.422311
  0.493648   0.315742   0.419705
   0.49413   0.315248    0.41709
  0.494449   0.314989   0.415289
  0.533498   0.683333   0.901321
  0.493132   0.311507    0.90097
  0.492923   0.300626   0.490076
  0.493367   0.300801   0.488178
  0.493756    0.30145   0.485798
  0.494289     0.3024   0.481786
  0.494288   0.302909   0.480424
  0.494179   0.304161   0.476989
  0.494493   0.314945   0.415106
  0.494781    0.31485   0.413224
    0.4948   0.314834   0.413051
  0.495209    0.31505   0.409981
    0.4956   0.315274   0.407061
  0.496019    0.31538   0.404194
  0.535453   0.683294   0.901349
  0.495825   0.311575   0.900986
  0.494811   0.302911   0.476567
  0.495088   0.302669    0.47465
  0.496258   0.315323   0.402946
   0.49693   0.315273   0.399132
  0.496938   0.315286    0.39897
  0.497588   0.314996   0.395383
  0.497768    0.31492   0.394375
  0.537367   0.683265   0.901375
  0.497587    0.31164   0.900997
  0.498289   0.314701   0.391445
  0.498585    0.31476   0.389474
  0.498907   0.315005   0.387265
  0.499357   0.315257   0.384357
  0.499553   0.315354   0.383225
  0.538282    0.68326   0.901386
  0.499353   0.311684   0.901012
   0.50018   0.315298   0.380235
  0.500603   0.315318   0.378153
  0.500981   0.315219    0.37628
   0.50137   0.315033   0.374445
  0.541186   0.683243   0.901421
  0.501129   0.311684   0.901036
  0.502153   0.314742   0.370682
  0.502182   0.314772   0.370453
  0.502517   0.314927   0.368438
  0.503242   0.315371    0.36444
  0.544078   0.683257   0.901447
  0.501975   0.311657   0.901052
  0.503758    0.31535   0.362269
  0.504446   0.315413   0.359292
  0.504452   0.315458   0.359108
  0.504905   0.315317   0.357284
  0.544995   0.683263   0.901453
  0.502816   0.311624   0.901068
  0.505398   0.315023     0.3554
  0.505825   0.314919    0.35355
  0.506261   0.315146   0.351342
  0.506662   0.315416   0.349303
  0.507108   0.315541   0.347355
  0.546897   0.683285   0.901461
  0.505555   0.311498   0.901135
  0.507425   0.315456   0.346265
  0.507959   0.315577   0.344133
  0.508139   0.315577   0.343302
  0.508687   0.315445   0.341308
  0.548797    0.68332   0.901465
   0.50734   0.311443   0.901169
  0.509246   0.315062    0.33945
  0.509705   0.314974   0.337614
  0.509929   0.315051    0.33653
  0.510654   0.315443   0.333416
  0.550694   0.683372   0.901462
  0.509111   0.311455   0.901181
   0.51151   0.315433   0.330412
  0.512295    0.31554   0.327425
  0.512784   0.315409   0.325628
  0.552587   0.683446   0.901451
  0.509962   0.311474   0.901182
  0.513433   0.315191   0.323552
  0.513973   0.315486   0.321333
  0.514244   0.315606    0.32024
  0.553511   0.683469   0.901448
  0.511717   0.311583    0.90116
  0.514878   0.315427   0.318335
  0.515513   0.315558   0.316206
  0.516028   0.315559   0.314357
  0.516082    0.31556   0.314196
  0.555449   0.683579   0.901422
  0.513465    0.31171   0.901124
   0.51673   0.315206   0.312341
  0.517241   0.315183     0.3105
  0.517815   0.315566   0.308227
  0.557336   0.683702   0.901386
  0.515213   0.311836   0.901079
  0.519041   0.315588    0.30441
   0.51967   0.315758   0.302246
  0.519614   0.315779   0.302292
   0.56019   0.683873   0.901333
  0.517024   0.311982   0.901014
  0.520646   0.315406   0.299405
  0.520956   0.315415   0.298399
  0.521222    0.31555   0.297317
    0.5224   0.315784   0.293544
  0.560143   0.683862   0.901338
  0.519667   0.312192    0.90092
  0.522599   0.315615   0.293238
  0.523259   0.315912   0.291034
  0.523826   0.315881   0.289239
  0.563002   0.684026   0.901282
  0.521472   0.312287   0.900883
  0.524027   0.315675   0.288958
   0.52462   0.315556   0.287211
  0.525265   0.315917    0.28497
  0.564889   0.684138   0.901245
  0.522315   0.312324   0.900871
  0.526373     0.3157     0.2821
   0.52667   0.315891    0.28101
  0.527671   0.315928   0.278171
  0.566775   0.684255   0.901206
  0.524079   0.312342   0.900865
  0.528184   0.315544   0.277144
   0.52877   0.315644   0.275311
  0.529747   0.315848   0.272393
  0.569677    0.68439   0.901161
  0.526778   0.312323   0.900865
  0.529997   0.315609   0.272094
  0.530736   0.315924   0.269906
  0.530645   0.315917    0.26998
  0.569625   0.684429   0.901147
  0.528539   0.312349   0.900846
  0.531884   0.315583   0.267095
  0.531932   0.315744   0.266849
  0.532523   0.315818   0.265037
  0.572491   0.684499   0.901118
  0.528478   0.312362   0.900836
  0.534138   0.315864    0.26101
  0.535183   0.316129   0.258064
   0.57537    0.68453   0.901098
  0.531145   0.312477   0.900782
  0.535805   0.315868   0.256825
  0.536851   0.316189   0.253861
  0.575306   0.684549    0.90109
  0.533819   0.312573   0.900732
  0.537805   0.315893   0.251848
  0.539192   0.316035   0.248215
  0.578193   0.684532   0.901076
  0.533748   0.312576   0.900728
  0.539202   0.316086   0.248362
  0.540902   0.316213   0.243976
  0.580097   0.684517   0.901063
  0.536455   0.312508    0.90073
  0.540878    0.31609   0.244337
  0.541568   0.316074   0.242644
  0.542669   0.316375    0.23973
  0.582002   0.684499   0.901048
  0.537296   0.312466   0.900737
    0.5433   0.315875   0.238761
  0.543324   0.316146   0.238469
  0.544769   0.316364   0.234839
  0.583906   0.684485   0.901031
  0.540029   0.312321   0.900762
  0.545095   0.316045   0.234538
  0.545112   0.316416   0.234159
  0.546595   0.316547   0.230615
   0.58581   0.684476   0.901012
  0.541807   0.312252   0.900765
  0.546456   0.316098   0.231426
  0.548376   0.316432    0.22673
  0.586727   0.684452   0.901012
   0.54265   0.312215   0.900768
  0.548752   0.316437   0.226074
  0.550258   0.316591   0.222518
  0.587644   0.684429   0.901012
   0.54542   0.312138   0.900751
  0.552149     0.3162   0.218821
   0.55215   0.316666    0.21839
  0.590589   0.684374   0.901005
  0.546261   0.312094   0.900757
  0.552507   0.316296   0.218104
  0.553206    0.31637   0.216408
  0.554427   0.316563   0.213622
    0.5925   0.684302   0.901016
  0.548986   0.311974   0.900777
  0.555124   0.316192   0.212604
  0.555959   0.316658   0.210406
  0.593413   0.684256   0.901026
  0.548888   0.311974   0.900778
  0.557935   0.316447   0.206632
  0.557572   0.317079    0.20685
  0.597336   0.684028   0.901081
  0.551604    0.31187   0.900816
  0.557801   0.316355   0.207049
  0.559891   0.316727   0.202434
  0.559942   0.317041    0.20211
  0.598248   0.683967   0.901098
  0.553387   0.311788   0.900853
  0.559763   0.316469   0.202954
   0.56154   0.317109   0.198915
  0.600165   0.683843   0.901135
  0.555177    0.31168   0.900905
  0.561938   0.316667   0.198652
  0.563231   0.316878   0.195905
  0.563069   0.316744   0.196168
  0.602081   0.683721   0.901173
  0.556016   0.311626   0.900933
  0.564943   0.316752   0.192848
  0.565285   0.317124   0.191774
  0.603997   0.683602   0.901213
  0.558764    0.31141   0.901035
  0.565698   0.316689   0.191496
  0.567367   0.316776   0.188136
  0.568699    0.31705   0.185392
  0.605911   0.683488   0.901253
  0.558678   0.311436    0.90103
  0.568724   0.316946   0.185634
  0.569068   0.317331   0.184556
  0.606823   0.683441   0.901271
  0.561421   0.311269   0.901111
  0.570795   0.316629   0.182002
  0.570802   0.317234   0.181494
  0.608735   0.683341   0.901311
  0.562268    0.31123   0.901131
  0.572947   0.316923   0.177865
  0.572915   0.317593   0.177346
  0.610645   0.683257   0.901347
  0.564055   0.311193   0.901157
  0.572794    0.31683   0.178254
  0.574684   0.317514   0.174292
  0.613543   0.683153   0.901398
  0.566735   0.311233   0.901181
  0.576491   0.317366   0.171293
  0.578239   0.317315   0.168108
  0.614496    0.68315   0.901408
  0.567589   0.311256   0.901186
   0.57831   0.317173   0.168329
  0.578067     0.3173   0.168436
   0.61738   0.683113   0.901444
  0.570245   0.311345   0.901213
  0.580509   0.316909   0.164715
  0.581476   0.317579   0.162514
  0.618294   0.683122   0.901452
  0.572005   0.311368   0.901236
  0.582741    0.31716   0.160694
  0.582717   0.317827   0.160187
   0.61921   0.683119   0.901461
   0.57377   0.311363   0.901259
  0.583597   0.317037   0.159399
   0.58496   0.317489   0.156636
  0.623064   0.683099   0.901497
  0.574619   0.311348    0.90127
  0.585037   0.317239   0.156911
  0.585815   0.317387   0.155335
  0.623011   0.683093   0.901498
  0.577293   0.311378   0.901281
  0.588323   0.317504   0.151235
  0.588092     0.3177   0.151354
  0.625872   0.683148   0.901505
  0.578146   0.311393   0.901283
  0.589201   0.317372   0.149965
   0.59061   0.317843   0.147236
  0.626798   0.683163   0.901508
  0.579002   0.311421   0.901283
   0.59175   0.317648   0.145801
   0.59148   0.317843   0.145883
  0.629636   0.683314   0.901485
  0.580746   0.311548   0.901263
  0.591981   0.317352   0.145602
  0.594464    0.31785   0.141239
  0.632511   0.683521   0.901435
  0.584302   0.311924   0.901126
  0.594515   0.317748   0.141365
  0.595363   0.317754   0.139955
  0.596441   0.318078   0.138014
  0.633442   0.683554   0.901426
  0.584218   0.311903   0.901149
  0.596477   0.318149   0.138066
  0.597939   0.318552   0.135402
  0.636273   0.683723   0.901378
  0.586941   0.312167   0.901016
  0.599106   0.318189   0.134044
  0.600314   0.318233    0.13195
  0.637205   0.683754   0.901365
  0.589583   0.312308   0.900933
  0.601498   0.317894   0.130601
  0.602942    0.31846   0.127888
  0.639088   0.683837   0.901337
   0.58954   0.312331   0.900924
  0.603055   0.318357   0.128013
  0.603871   0.318423    0.12657
   0.64097    0.68392   0.901308
   0.59218   0.312454   0.900849
  0.604382   0.318022   0.126215
   0.60479   0.318378   0.125273
   0.64285   0.684009   0.901281
   0.59483   0.312524   0.900787
  0.606595   0.318808   0.122466
  0.605693   0.318348   0.123985
  0.607239   0.318585   0.121512
   0.64473   0.684102   0.901255
  0.594778   0.312548   0.900774
  0.608417    0.31848   0.119982
  0.608808   0.318864   0.119053
  0.645653   0.684171   0.901236
  0.597448   0.312531   0.900732
  0.611162   0.318739   0.115946
  0.613811    0.31902   0.111887
  0.648538    0.68428   0.901207
  0.648495   0.684276   0.901208
  0.598304   0.312528   0.900716
  0.613246   0.318533   0.113157
  0.613621   0.319069   0.112126
  0.648495   0.684324   0.901194
  0.600984   0.312489   0.900707
  0.616018   0.318549   0.109294
  0.614541   0.319094   0.110821
  0.651345   0.684372   0.901171
  0.601834   0.312477   0.900708
   0.61627   0.318477   0.108999
  0.618492   0.319091   0.105392
  0.653232   0.684408   0.901149
  0.604516   0.312444   0.900727
  0.619084   0.318512   0.105137
  0.619003   0.319512   0.104458
   0.65512   0.684442   0.901126
  0.606283   0.312405   0.900745
  0.618859    0.31858   0.105396
  0.622947   0.319494  0.0991702
  0.657006   0.684475     0.9011
  0.608053   0.312347   0.900762
  0.621725   0.318856   0.101377
  0.622809   0.319884  0.0991345
  0.658893   0.684504   0.901074
  0.608897   0.312298   0.900776
  0.624559   0.319202  0.0973984
  0.623745   0.320029  0.0977862
  0.661751   0.684548   0.901029
  0.611652   0.312156   0.900798
  0.625534   0.319398  0.0959945
  0.625826   0.320216  0.0948945
  0.661701   0.684516   0.901044
   0.61156   0.312148   0.900804
   0.62717   0.320701  0.0930648
  0.627802   0.323482  0.0902429
  0.664616   0.684499   0.901021
  0.614269   0.312006   0.900826
  0.625844   0.328827  0.0882229
  0.666514   0.684436   0.901028
  0.616044   0.311902   0.900853
  0.636518   0.310036  0.0928126
  0.668414    0.68435   0.901045
  0.616884   0.311848    0.90087
  0.634685   0.305933  0.0973832
   0.66933   0.684298   0.901057
  0.618661   0.311711   0.900914
  0.636533   0.308901  0.0949327
   0.67222   0.684139   0.901094
   0.62139   0.311463   0.900993
   0.63828   0.309711  0.0942069
  0.673135    0.68408   0.901109
  0.624107   0.311248   0.901067
  0.639204   0.309908   0.094038
  0.676028   0.683891   0.901161
  0.624011   0.311274    0.90106
  0.641065   0.310159  0.0937864
  0.676942   0.683826    0.90118
  0.625782     0.3112   0.901095
  0.643093   0.310204  0.0937105
  0.679837   0.683624   0.901245
  0.626627   0.311185   0.901108
  0.645969   0.309981  0.0938328
  0.681739   0.683497   0.901287
  0.629344   0.311138   0.901148
  0.646902   0.309873  0.0938959
  0.682653   0.683442   0.901306
  0.630187   0.311137   0.901157
  0.648819   0.309627  0.0940442
  0.684554   0.683328   0.901347
  0.632868   0.311074   0.901192
  0.648765   0.309649  0.0940246
  0.686454    0.68322   0.901386
   0.63463   0.311036   0.901216
  0.651667   0.309257  0.0942668
  0.688352   0.683119   0.901423
  0.637307   0.310982    0.90126
  0.655601   0.308954  0.0944351
  0.691229   0.682977   0.901478
  0.638155   0.310963   0.901275
  0.656541   0.308941  0.0944333
  0.691164   0.682995   0.901473
  0.639912   0.310946     0.9013
  0.657486   0.308927  0.0944313
  0.695005   0.682873   0.901532
  0.641656   0.310987   0.901303
  0.659356   0.308991  0.0943599
  0.695962   0.682888   0.901537
  0.643385   0.311114   0.901271
  0.661222   0.309066  0.0942827
  0.697845     0.6829    0.90155
  0.646018   0.311482   0.901152
  0.663086   0.309141  0.0942069
  0.698766   0.682918   0.901554
  0.645975   0.311416   0.901177
  0.664947   0.309214  0.0941362
  0.701605   0.682967    0.90156
  0.648613   0.311772   0.901061
  0.666807   0.309286  0.0940728
  0.704431   0.683054   0.901551
  0.650351   0.311899   0.901019
  0.669783   0.309409  0.0939881
  0.705358   0.683075   0.901548
  0.652097   0.311972   0.900988
  0.669803   0.309418  0.0939901
  0.707283   0.683152   0.901528
  0.653841   0.312032    0.90096
   0.67354    0.30937  0.0940836
  0.709155    0.68324     0.9015
   0.65646   0.312168   0.900915
  0.675419   0.309331  0.0941535
  0.711028   0.683327   0.901473
  0.657356   0.312284   0.900886
  0.677297   0.309294  0.0942207
  0.711959   0.683353   0.901464
  0.659088   0.312432    0.90085
  0.679173   0.309268   0.094277
  0.714772   0.683503   0.901418
  0.660821   0.312565   0.900811
  0.681046   0.309265  0.0943111
  0.717579   0.683649   0.901374
  0.662558   0.312674   0.900768
  0.682909   0.309312  0.0943012
  0.717579    0.68365   0.901366
  0.665196   0.312804   0.900698
  0.683986    0.30935  0.0942812
  0.719449   0.683762   0.901329
  0.665154   0.312791   0.900704
  0.686738   0.309566  0.0941504
  0.721319   0.683876   0.901291
  0.667811   0.312793   0.900681
   0.68859   0.309704  0.0940663
  0.723187   0.683994   0.901253
  0.667741   0.312802   0.900678
  0.690442   0.309856   0.093972
  0.725056    0.68411   0.901217
  0.670427   0.312623   0.900713
  0.692294   0.310017   0.093873
  0.725985   0.684197   0.901191
  0.673174   0.312397    0.90075
  0.694212   0.310175  0.0937742
  0.729781   0.684375   0.901143
  0.673083   0.312384   0.900757
  0.696202   0.310273   0.093705
  0.730707    0.68443   0.901127
  0.674863   0.312268   0.900774
  0.698079   0.310237  0.0937316
   0.73353    0.68451   0.901093
  0.677538   0.312197   0.900779
  0.699965   0.310131  0.0938052
  0.735408    0.68455   0.901071
  0.679292   0.312169   0.900783
  0.701856   0.309977  0.0939086
  0.735378    0.68454   0.901078
  0.681048   0.312124   0.900793
  0.703753   0.309786  0.0940313
  0.738209   0.684569   0.901051
  0.682809   0.312046   0.900815
  0.705651   0.309575  0.0941611
  0.740139   0.684561   0.901043
  0.684576   0.311937    0.90085
  0.707547   0.309372  0.0942772
  0.742987   0.684498    0.90105
  0.685419   0.311878    0.90087
  0.709432   0.309224  0.0943467
   0.74294   0.684489   0.901054
  0.687186    0.31172   0.900927
  0.710371   0.309155  0.0943767
  0.745794   0.684371   0.901077
  0.689908   0.311384   0.901047
  0.713295   0.309154  0.0943082
  0.747683    0.68427     0.9011
  0.690739   0.311272   0.901087
   0.71516   0.309144  0.0942749
  0.749573   0.684158   0.901129
  0.692516   0.311047   0.901175
  0.716116   0.309174  0.0942313
  0.751463   0.684039   0.901161
  0.695196   0.310832   0.901286
  0.718885   0.309193  0.0941736
  0.753353   0.683916   0.901198
  0.696032   0.310838   0.901303
  0.718938   0.309236  0.0941372
  0.755243   0.683794   0.901235
  0.697831    0.31088    0.90133
  0.723682   0.309266  0.0940685
  0.757132   0.683673   0.901272
  0.698679   0.310918   0.901335
  0.723685   0.309261  0.0940775
  0.759021   0.683551    0.90131
  0.701299   0.311012   0.901337
  0.726495    0.30915  0.0941616
  0.761884   0.683358   0.901372
  0.703036   0.311062   0.901331
  0.728429   0.309068  0.0942415
  0.761826   0.683364   0.901369
  0.704779   0.311083   0.901327
  0.730306   0.308985  0.0943265
  0.764687   0.683168   0.901434
  0.706524   0.311088   0.901324
  0.732181   0.308918  0.0944045
  0.765602   0.683112   0.901453
  0.707383   0.311079   0.901326
  0.733128   0.308897  0.0944344
  0.767489   0.682996   0.901494
  0.709129   0.311122   0.901314
  0.736904   0.309087  0.0943675
  0.769375   0.682894   0.901531
  0.711773   0.311351   0.901242
  0.737869   0.309155  0.0943283
  0.771258    0.68281   0.901563
  0.713495   0.311548   0.901173
  0.739712   0.309328  0.0942266
  0.774097   0.682724     0.9016
   0.71522   0.311737     0.9011
  0.741558   0.309485  0.0941344
  0.775016   0.682718   0.901608
  0.716949   0.311887   0.901031
  0.743406   0.309627  0.0940517
  0.776933   0.682726    0.90162
   0.71868   0.312001   0.900969
  0.745255   0.309759  0.0939755
  0.777856    0.68274   0.901624
  0.721286   0.312156   0.900894
  0.747103    0.30989  0.0938999
   0.78161   0.682848   0.901603
  0.723015   0.312275   0.900861
  0.749074   0.310045   0.093807
   0.78352   0.682955   0.901572
   0.72386   0.312355    0.90085
  0.751855   0.310081   0.093814
  0.783521   0.682915   0.901589
  0.725655   0.312462   0.900846
  0.752857   0.310085  0.0938315
  0.786316   0.683109   0.901526
  0.727391   0.312502   0.900859
   0.75473   0.310004  0.0939082
  0.788179   0.683228    0.90149
  0.728238    0.31251   0.900864
  0.756606   0.309883  0.0940069
  0.790041   0.683344   0.901456
  0.730873   0.312463   0.900878
  0.758484    0.30973  0.0941164
  0.791904   0.683453   0.901424
  0.732615   0.312427   0.900868
  0.760365   0.309562  0.0942208
   0.79469   0.683603   0.901381
  0.732568   0.312419   0.900874
  0.762242   0.309422  0.0942914
  0.796553   0.683699   0.901349
   0.73521   0.312393   0.900827
   0.76424   0.309387  0.0942724
  0.798416   0.683798   0.901318
  0.737013   0.312388   0.900789
  0.767006   0.309364  0.0942278
  0.800279   0.683896   0.901289
  0.739658   0.312316   0.900779
  0.767962    0.30938  0.0941923
  0.801217    0.68395   0.901271
  0.740505   0.312279   0.900788
  0.769822   0.309369  0.0941606
  0.803079   0.684048   0.901242
  0.742254   0.312204   0.900812
  0.771681   0.309348  0.0941372
   0.80494   0.684153   0.901209
  0.744004   0.312121   0.900843
   0.77354   0.309327  0.0941158
  0.806801   0.684264   0.901173
  0.745756   0.312025    0.90088
  0.775526   0.309342  0.0940689
  0.808662   0.684378   0.901135
  0.747508   0.311915   0.900924
   0.77926    0.30918  0.0941505
  0.811499   0.684525   0.901076
  0.748354   0.311857   0.900947
  0.779255   0.309191   0.094145
  0.812426   0.684548    0.90107
  0.751017    0.31165   0.901045
  0.781126   0.309064  0.0942389
  0.815289   0.684581   0.901048
  0.752775   0.311496   0.901117
  0.783933   0.308864  0.0944058
  0.815269   0.684578   0.901053
  0.755439   0.311259   0.901213
  0.785794   0.308791  0.0944864
  0.818084   0.684531   0.901062
  0.756291   0.311195   0.901229
   0.78771   0.308805  0.0945165
  0.819957   0.684466   0.901082
  0.757136   0.311134   0.901245
  0.788656   0.308828  0.0945191
  0.822788   0.684335   0.901125
   0.75889   0.311014    0.90127
  0.790631    0.30894  0.0944556
  0.823707   0.684285   0.901141
   0.76064   0.310916   0.901287
  0.793357   0.309138  0.0943256
  0.825584   0.684179   0.901176
  0.762384    0.31085   0.901296
  0.795201   0.309256  0.0942458
  0.828419   0.684003   0.901233
  0.764122    0.31082   0.901294
  0.797046   0.309382  0.0941615
  0.828377   0.684005   0.901231
  0.766789   0.310848   0.901276
  0.799775   0.309624  0.0940066
  0.830254   0.683873   0.901271
  0.767643    0.31089   0.901272
  0.800737   0.309648  0.0939941
  0.834056   0.683572   0.901365
  0.768509   0.310925   0.901269
  0.802707   0.309769  0.0939272
  0.834972   0.683494   0.901389
  0.771104   0.311026   0.901282
  0.782551   0.323663   0.698905
  0.804561   0.309794  0.0939368
  0.837811   0.683253   0.901465
  0.772828   0.311097   0.901286
  0.783742   0.322597    0.69401
  0.784192   0.322466   0.692065
  0.784702   0.322149   0.690454
  0.807329   0.309761  0.0940147
  0.837766   0.683258   0.901461
  0.774601   0.311191   0.901261
  0.784996   0.322216   0.689341
  0.785167   0.322592   0.688199
  0.786409   0.322591   0.684672
  0.808276   0.309761  0.0940354
  0.840603   0.683039   0.901528
  0.776331   0.311285   0.901217
   0.78431   0.313215   0.736257
  0.784183   0.313203   0.734432
  0.784127   0.313164   0.733467
  0.784034   0.313063    0.73167
  0.783941   0.312807   0.729052
  0.783932   0.312606   0.727263
  0.783993   0.312382    0.72546
  0.784227   0.311915   0.722908
  0.857667   0.684302    0.49961
  0.858142   0.684952   0.497455
  0.786824   0.322554     0.6835
  0.787614   0.322319   0.681079
  0.788431   0.321633   0.679431
  0.811051   0.309689  0.0941355
  0.842477   0.682915   0.901564
  0.778058    0.31139   0.901161
  0.785699   0.313267   0.746357
  0.785382   0.313229   0.744607
  0.785205    0.31316   0.743528
  0.784929   0.313114   0.741763
  0.784586   0.313151   0.739101
  0.859543   0.685556   0.493142
    0.8603   0.685868    0.49091
  0.860637   0.685884   0.489925
  0.788545   0.321479   0.679268
  0.789259    0.32174   0.676617
  0.789798   0.321901   0.674829
  0.812057   0.309687  0.0941532
    0.8453   0.682758   0.901611
  0.779781   0.311518   0.901101
   0.78726   0.313497   0.754517
  0.786905   0.313446   0.752821
  0.786687   0.313323   0.751718
  0.786228   0.313209   0.749189
  0.861132   0.685421   0.488878
  0.861775    0.68524   0.487109
  0.862516   0.685617   0.484846
  0.790726   0.321703   0.672699
  0.791475   0.321903   0.670123
  0.791799   0.321872   0.669237
  0.813916   0.309636  0.0941963
  0.845268   0.682761    0.90161
  0.781499   0.311676   0.901041
  0.788554   0.313182   0.759998
  0.788328   0.313183   0.759125
  0.787921   0.313228   0.757413
  0.787344   0.313429   0.754812
  0.863642   0.685401   0.481886
    0.8644   0.685712   0.479665
  0.865013   0.685711   0.477814
  0.792985   0.321755   0.666286
  0.793515   0.322065   0.664459
  0.794273   0.321992   0.662597
  0.815898   0.309629  0.0941905
  0.848087   0.682642   0.901648
  0.783216   0.311852   0.900981
  0.789921   0.313245   0.764606
   0.78947   0.313182   0.762985
     0.789   0.313156   0.761343
   0.86584   0.685332   0.475739
  0.866858   0.685779   0.472609
  0.867473   0.685956   0.470671
  0.794765   0.321474   0.661704
  0.794945   0.321871   0.660603
  0.795863   0.321889   0.657892
  0.817749   0.309649  0.0941549
  0.849954   0.682583   0.901667
  0.784933   0.312024   0.900924
  0.791697   0.313024   0.770118
   0.79143   0.313027   0.769294
  0.790936   0.313114   0.767648
  0.869011   0.685714   0.466616
  0.869338   0.685784   0.465578
  0.869984    0.68576   0.463744
  0.797002   0.321252   0.655393
  0.796973   0.321787   0.654965
  0.798192    0.32194   0.651509
  0.819603   0.309643  0.0941324
  0.850877   0.682561   0.901674
  0.787515     0.3122   0.900867
  0.793106   0.312963   0.773908
  0.792556   0.312948   0.772366
  0.792286   0.312899    0.77157
   0.86987   0.685535   0.464307
   0.87122   0.685753   0.460445
  0.871852    0.68604   0.458459
  0.799344   0.321779   0.648551
  0.799613   0.322131   0.647456
  0.800307   0.321867   0.645919
  0.821458   0.309626   0.094111
  0.853679   0.682545   0.901674
  0.788379   0.312242   0.900854
  0.794958   0.312992   0.778328
  0.794373   0.312959   0.776852
  0.793768   0.312834   0.775401
  0.872509   0.686055   0.456803
  0.873435    0.68588   0.454185
  0.874072    0.68588   0.452327
  0.800796   0.321457   0.645049
  0.801397   0.322298   0.642728
  0.801689   0.322515   0.641673
  0.802373   0.322035   0.640208
  0.823311   0.309605  0.0940862
  0.854605   0.682559   0.901671
  0.790108   0.312283   0.900852
  0.796316   0.313165   0.781218
  0.796008   0.313102   0.780492
  0.795195   0.312834   0.778754
  0.875344   0.685814   0.449052
   0.87598   0.686032   0.447095
  0.876733    0.68629   0.444868
  0.802753   0.321864   0.639203
  0.803601   0.322367   0.636258
  0.804467   0.322353   0.633799
  0.825163   0.309584  0.0940568
  0.856515   0.682626   0.901646
  0.791837   0.312316   0.900858
  0.797439    0.31277   0.783897
  0.796855    0.31283    0.78243
  0.877202   0.685905   0.443813
  0.877856    0.68568   0.442049
  0.878905   0.685765   0.439073
  0.805102   0.322123   0.632406
  0.805863   0.322254   0.629859
  0.806475   0.322018   0.628275
  0.828052     0.3096   0.093971
  0.859339   0.682796   0.901588
  0.794474   0.312405    0.90084
  0.799193   0.312607   0.787506
  0.798615   0.312758   0.786055
  0.879748   0.685577   0.436936
  0.880098    0.68574   0.435819
  0.880839   0.686123   0.433531
  0.807332   0.321963   0.626023
  0.807887   0.322065   0.624284
  0.808647   0.321479   0.622913
  0.828994   0.309534  0.0939982
  0.861193   0.682902   0.901557
  0.794459    0.31241   0.900846
  0.800557   0.313349   0.789223
  0.799923     0.3132   0.788015
  0.881948   0.685636   0.430669
  0.883011   0.685821   0.427643
  0.883075   0.685994   0.427367
  0.809476   0.321466   0.620772
  0.809684   0.321968   0.619618
  0.810029   0.321941   0.618721
  0.831791   0.309291  0.0941267
  0.863047   0.683003   0.901528
  0.797056   0.312521   0.900779
   0.80421   0.320183   0.789314
  0.803844   0.319845   0.788805
  0.883849   0.685669   0.425475
  0.884631   0.685924   0.423249
  0.885244   0.685987   0.421339
  0.811223   0.321984   0.615662
  0.812039   0.322173   0.613125
  0.812216   0.321813   0.613123
  0.833665   0.309068  0.0942635
  0.864902   0.683097   0.901502
   0.79972   0.312569   0.900733
  0.806454   0.324371   0.789096
  0.804581   0.320101   0.789729
  0.886478   0.685747   0.418107
  0.886837   0.685832   0.417039
  0.887782   0.685862   0.414331
  0.812756   0.321549   0.611976
  0.813487   0.321762   0.609342
  0.814025   0.321796   0.607582
  0.814847   0.321549   0.605771
  0.836465   0.308733  0.0944802
  0.866756   0.683192   0.901474
    0.7997   0.312565   0.900736
  0.808004   0.325216   0.790657
  0.806845   0.324468    0.78944
  0.888756   0.685862   0.411843
  0.889378   0.685951   0.409921
  0.890282    0.68586   0.407232
  0.814957    0.32159   0.605428
  0.815706   0.322014    0.60275
   0.81603   0.322089   0.601781
  0.836469    0.30876  0.0944598
  0.867698   0.683243   0.901454
  0.802304   0.312502   0.900764
  0.810737   0.326706    0.79353
  0.890458   0.685671   0.406945
  0.891262   0.685817   0.404767
  0.892216   0.685853    0.40205
  0.817486   0.321487   0.598207
  0.818377   0.321844   0.595395
  0.818532   0.321675   0.595296
  0.839252    0.30855  0.0946015
  0.870465   0.683386   0.901413
  0.804041   0.312429   0.900807
  0.809856   0.316546    0.80103
  0.809538   0.316499   0.800414
   0.89319   0.685788   0.399581
  0.893533   0.685825   0.398531
   0.89443   0.685705   0.395842
  0.819067   0.321226   0.594378
   0.81995   0.322091   0.591308
  0.819886   0.322027   0.591372
  0.839278    0.30855  0.0946032
   0.87232   0.683484   0.901385
  0.805782   0.312327    0.90086
  0.811209   0.316302   0.803033
  0.810878    0.31627   0.802439
  0.895412   0.685692   0.393357
  0.896366   0.685689   0.390656
   0.89715   0.685963   0.388406
  0.821352    0.32157   0.587826
  0.821945   0.322246   0.585548
  0.822527    0.32239   0.583757
  0.843935   0.308621  0.0945498
  0.874174   0.683578    0.90136
  0.807528    0.31219   0.900917
   0.81303   0.315553   0.805965
   0.81159   0.316045   0.803586
   0.89762   0.685635   0.387326
  0.897977   0.685599   0.386312
  0.898588   0.685638   0.384395
  0.899649   0.685929   0.381307
  0.823313   0.322178   0.581804
   0.82444   0.322296   0.578232
  0.825074   0.322077   0.576681
  0.844014   0.308668  0.0945251
  0.876029   0.683666   0.901341
  0.809278   0.312024   0.900973
   0.81403   0.315597   0.807152
  0.813666    0.31563   0.806588
   0.89984   0.685728   0.381019
  0.900506    0.68577   0.379127
  0.901284   0.686104   0.376848
  0.825377   0.321467   0.576598
   0.82572   0.322212   0.575049
  0.826584   0.322436   0.572541
  0.826834   0.321959   0.572603
  0.846793   0.308861  0.0944114
  0.877885   0.683741   0.901328
  0.811028   0.311848   0.901026
  0.816495   0.315264   0.810392
  0.816084   0.315229   0.809927
  0.814907   0.315236   0.808474
  0.902417   0.685559   0.373991
  0.903171   0.685855   0.371716
  0.903819   0.685982   0.369772
   0.82724   0.321954    0.57145
  0.827825    0.32237   0.569353
  0.828968   0.321365   0.566456
  0.848629   0.309012  0.0943238
  0.879742   0.683799   0.901321
  0.812776   0.311684   0.901074
   0.81774   0.315299   0.811765
  0.903698   0.685831   0.370298
  0.905113   0.685867   0.366487
  0.905457   0.685978     0.3654
  0.829425   0.321072   0.565348
  0.830065   0.321561   0.563128
  0.830721   0.321559   0.561394
  0.850466    0.30916  0.0942328
   0.88252   0.683866   0.901315
  0.813621   0.311613   0.901094
  0.819062   0.315391   0.813138
  0.906887    0.68541   0.361708
  0.907243   0.685506   0.360608
     0.908   0.685954   0.358248
  0.831824     0.3215   0.558662
  0.832318   0.321937   0.556697
   0.83261   0.322132   0.555638
  0.833466    0.32179   0.553867
  0.853308   0.309455  0.0940396
   0.88253   0.683848    0.90132
  0.816259   0.311429   0.901155
  0.821199   0.315588   0.815244
   0.81992   0.315438   0.813969
  0.909559   0.685941   0.354076
  0.909607   0.686076   0.353811
  0.911251   0.685909    0.34923
  0.833615   0.321677     0.5536
  0.834382   0.322033   0.550915
  0.834703    0.32212   0.549915
  0.853273   0.309356  0.0941085
  0.884385   0.683872   0.901318
     0.818    0.31132   0.901195
  0.822531   0.315886   0.816396
   0.82214   0.315742   0.816006
  0.911131   0.685745   0.349742
  0.911518   0.685708   0.348711
  0.912754   0.685967   0.345048
   0.91324   0.686222   0.343612
  0.835887    0.32174   0.547015
  0.837046    0.32205   0.543423
  0.837456   0.321934    0.54254
   0.85611   0.309528  0.0940244
  0.886239   0.683894   0.901308
  0.819742   0.311201    0.90124
   0.82431   0.316029   0.818095
  0.823934   0.315844   0.817718
  0.914028   0.685841   0.341712
  0.914094   0.685979   0.341476
  0.915028   0.685732   0.338831
  0.837734   0.321443   0.542397
   0.83861   0.322369   0.539265
  0.838545   0.322386   0.539246
   0.83958   0.322202   0.536652
  0.857959   0.309524  0.0940629
  0.889161   0.683912   0.901209
  0.821487   0.311061   0.901294
   0.82653   0.316037   0.820256
  0.825259   0.315779   0.819059
  0.916592   0.685613   0.334711
  0.916947   0.685809   0.333546
  0.917304   0.686002   0.332379
   0.83951   0.322092   0.537131
  0.840593   0.322589   0.533389
  0.841437   0.322571   0.530887
  0.860711   0.309468  0.0941693
  0.891069   0.683685   0.901056
   0.82233   0.310986   0.901323
  0.827417   0.316049   0.821089
  0.827563   0.315985   0.821078
  0.917473   0.685882   0.332054
  0.919258   0.685726   0.327212
  0.919186   0.685718   0.327257
  0.919991   0.685925   0.325012
  0.842689   0.322108   0.528011
  0.842915   0.322441   0.526907
  0.843539   0.322143   0.525338
  0.862564   0.309412  0.0942476
  0.891816   0.683631   0.900928
  0.824074   0.310826   0.901386
  0.829756   0.316114   0.823111
  0.829399   0.315966   0.822764
   0.92077   0.685577   0.323121
  0.921145   0.685684   0.322007
  0.921906   0.686063    0.31968
  0.844032    0.32197   0.524112
  0.845285   0.322299   0.520469
  0.845784   0.321811   0.519756
   0.86261   0.309413  0.0942417
  0.895874     0.6833   0.898811
   0.89417   0.679595   0.901106
  0.826711   0.310602    0.90147
  0.830715   0.315821   0.824059
  0.923039   0.685532   0.316794
   0.92382    0.68573    0.31455
  0.924491   0.685842   0.312601
  0.846316   0.321951   0.518375
  0.846806   0.322393   0.516404
  0.847378    0.32242   0.514642
  0.865363   0.309374  0.0943283
  0.894587   0.676793   0.901662
  0.894567   0.671939   0.902624
  0.827558   0.310553   0.901486
  0.833114   0.316024   0.825983
  0.831797   0.315893    0.82486
  0.924959   0.685599   0.311504
  0.925656   0.685682   0.309576
  0.926399   0.685971   0.307261
  0.927027   0.685905    0.30537
  0.848313   0.322325   0.512369
  0.848819    0.32275   0.510427
  0.850383   0.322524   0.506277
  0.867206   0.309417  0.0943315
  0.894661   0.667348   0.903385
  0.894505   0.665049   0.903739
  0.894235   0.659592    0.90453
  0.830166   0.310465   0.901502
  0.834625   0.316258   0.827087
  0.833701   0.315887   0.826421
  0.927498   0.685641   0.304277
  0.928593   0.685695   0.301269
  0.928665   0.685998   0.300892
  0.850897   0.322302   0.505068
  0.851458   0.322501   0.503243
  0.852006    0.32218   0.502229
  0.869235   0.309595  0.0942332
  0.894281   0.658396   0.904693
  0.893806   0.650874   0.905711
  0.893466   0.645917    0.90637
  0.831024   0.310474   0.901492
  0.836566   0.316421   0.828487
  0.835225   0.316117   0.827515
  0.930557   0.685661    0.29598
  0.930898   0.685747   0.294883
  0.931241   0.685839    0.29377
  0.853006   0.321897   0.499697
  0.853226   0.322342   0.498504
   0.85355   0.322371   0.497529
  0.871939   0.309791  0.0940997
   0.89321   0.639822   0.907177
   0.89275   0.632313   0.908173
  0.832746    0.31052   0.901458
  0.837158   0.316369   0.828897
  0.932817   0.685658   0.289642
  0.932889   0.685931   0.289272
  0.934284   0.686045   0.285388
  0.854468   0.321893   0.495459
   0.85562   0.322408   0.491672
  0.856013   0.322549   0.490591
  0.873777   0.309895  0.0940169
  0.892624   0.628803   0.908647
  0.892273   0.623888   0.909309
  0.891933   0.618976   0.909974
  0.834504   0.310626   0.901401
  0.834463   0.310622   0.901403
  0.839067   0.316358   0.830374
  0.838734   0.316186   0.830101
  0.934469   0.685814   0.285115
  0.935117   0.685694   0.283255
  0.936149   0.685944   0.280119
  0.857215   0.323107   0.487276
  0.858014   0.323343   0.484683
  0.859104   0.322796   0.482185
  0.873869   0.309967  0.0939655
  0.891806   0.615384   0.910459
  0.891507   0.610443   0.911133
  0.891173   0.605551   0.911802
  0.836285   0.310796   0.901322
  0.841589   0.315851    0.83249
   0.84127   0.315778   0.832185
  0.937012   0.685721   0.277928
  0.937681   0.685735   0.276011
  0.938472   0.685988   0.273733
  0.859333   0.322357   0.482047
  0.859234   0.322926   0.481627
  0.860093   0.322591    0.47922
  0.875705   0.310031   0.093897
  0.890902    0.59956   0.912619
  0.896952    0.62353   0.898179
  0.896842   0.621355   0.898387
  0.837997   0.310969   0.901248
  0.843153   0.315367   0.833847
  0.940035   0.685556   0.269704
  0.940681   0.685738   0.267709
  0.941066    0.68591   0.266531
  0.861295   0.321991    0.47639
  0.861787   0.322137    0.47455
   0.86241   0.321806   0.472945
  0.879441   0.309997   0.093852
  0.896883   0.620358   0.898493
  0.896683   0.613296   0.898937
  0.896577   0.611306    0.89908
  0.840558   0.311166   0.901173
  0.844486   0.315099   0.834998
  0.843767   0.315155   0.834312
  0.940956    0.68572   0.267066
  0.942365   0.685887   0.263162
  0.943305   0.685719   0.260458
  0.863802   0.321775   0.469165
  0.863858   0.322243   0.468641
  0.864929   0.322328   0.465918
  0.881296   0.309891  0.0938936
  0.896386   0.603209   0.899675
  0.896273   0.601301   0.899772
  0.841424   0.311217   0.901154
  0.845743   0.315001    0.83577
  0.944154   0.685428   0.258312
  0.944925    0.68575   0.255986
  0.945573   0.685914   0.253974
  0.864789    0.32172   0.466814
  0.866305   0.322471   0.461963
  0.866911   0.322528   0.460194
  0.884084   0.309609  0.0940558
  0.896173   0.595833   0.900151
  0.896015   0.591372   0.900416
  0.895966   0.588479   0.900452
  0.843143   0.311289   0.901129
  0.847098   0.314953   0.836763
   0.94645   0.685755    0.25176
  0.947219   0.685907   0.249512
  0.948167   0.685629   0.246856
   0.86751   0.322094   0.459118
  0.868409   0.322629   0.456075
  0.868748   0.322623   0.455088
  0.884092   0.309614  0.0940489
   0.89603     0.5876   0.900503
  0.895974   0.583344   0.900567
  0.895872   0.579118    0.90064
  0.844864   0.311329   0.901113
  0.849732   0.314852   0.838445
  0.848383   0.314786   0.837562
  0.948765   0.685567   0.245415
  0.948731   0.685371    0.24552
  0.950095    0.68579   0.241461
  0.869795   0.322334    0.45234
  0.870071   0.322724   0.451155
  0.871456   0.322917   0.447635
  0.886878   0.309291  0.0942523
  0.895967   0.572973   0.900651
  0.895926   0.571348   0.900627
  0.895912   0.567075   0.900665
  0.846587   0.311332   0.901106
  0.851059   0.314815   0.839177
  0.951096   0.685806   0.238887
  0.951756   0.685682   0.237024
  0.952111   0.685753   0.235922
  0.871723   0.322445    0.44749
  0.872328   0.323038   0.445212
  0.873503   0.322636   0.441805
  0.886885   0.309306  0.0942383
  0.895981   0.566242   0.900696
  0.895918   0.562053   0.900714
  0.895871   0.560411    0.90069
  0.848315   0.311311   0.901104
  0.852727   0.314794   0.840149
  0.851734   0.314635   0.839583
  0.953729   0.685587   0.231742
  0.954384   0.685756   0.229725
  0.954755   0.685925   0.228543
  0.874002   0.321924   0.441054
  0.874591     0.3223   0.438879
  0.875492   0.321956   0.436527
  0.890597   0.308877  0.0945004
  0.895961   0.554443   0.900648
  0.895916   0.552836   0.900618
  0.849184   0.311291   0.901101
  0.854439   0.314468   0.841246
   0.95534   0.685857    0.22711
  0.956301   0.685496   0.224498
  0.956652   0.685589   0.223379
  0.876025   0.321721   0.435299
  0.876948   0.321984   0.432396
  0.878002   0.321748   0.429785
  0.893469   0.308714  0.0945666
  0.895983   0.544374    0.90062
  0.895927   0.542727   0.900606
  0.895852   0.538568   0.900648
  0.852599   0.311467   0.901028
  0.855397   0.314402   0.841856
   0.85615   0.314012   0.842385
  0.958271    0.68555   0.219147
  0.959067   0.685931   0.216773
    0.9597   0.686003   0.214788
  0.877589   0.321281   0.431425
  0.878717    0.32194   0.427551
  0.879051   0.322151   0.426441
  0.893393   0.308661  0.0946084
  0.895921   0.537731   0.900685
  0.895902   0.536039   0.900693
   0.89587   0.530941   0.900689
  0.852649   0.311452   0.901026
  0.857125   0.313997    0.84296
   0.96025   0.685757   0.213455
  0.961646   0.685833   0.209519
  0.962322   0.685844   0.207583
  0.879943   0.321688   0.424603
  0.880603   0.322389   0.422227
  0.881868    0.32263   0.418603
  0.896255   0.308701  0.0945303
  0.895927   0.525931    0.90074
   0.89587   0.524302   0.900721
  0.895805   0.520147   0.900762
  0.855187   0.311789     0.9009
  0.858839   0.314006   0.843833
  0.858554   0.313872   0.843675
  0.962513   0.685643   0.207288
  0.963898   0.685572    0.20343
   0.96424   0.685678   0.202285
  0.882942    0.32251   0.415803
  0.883217   0.322911   0.414586
  0.883965   0.322692    0.41275
  0.898093   0.308741  0.0944823
  0.895871   0.519339   0.900794
  0.895856   0.514312   0.900754
  0.895792   0.510164   0.900803
  0.857774   0.312184   0.900758
  0.860583   0.313726   0.844817
  0.965512   0.685557   0.198927
  0.966199   0.685551   0.196997
  0.966881   0.685708   0.194987
  0.884781   0.321667   0.411263
  0.885356   0.322041   0.409074
  0.885655   0.322203   0.408016
  0.887107   0.321941   0.404703
  0.899061   0.308796  0.0944349
  0.895848   0.507659   0.900844
  0.895762    0.50361   0.900867
  0.859486   0.312357   0.900712
  0.862047   0.313629    0.84548
  0.967886   0.685616   0.192454
  0.968522   0.685578   0.190517
  0.969874   0.685756   0.186548
  0.886579   0.321746   0.406111
  0.887773   0.322495   0.402234
  0.888414   0.322343   0.400558
  0.900901   0.308889  0.0943628
  0.895858   0.497778   0.900815
  0.895826   0.496197   0.900791
  0.895797    0.49209   0.900821
  0.861205   0.312457   0.900704
  0.864847   0.313529   0.846826
  0.970061   0.685582   0.186236
  0.970479   0.685573   0.185144
  0.971151   0.685661   0.183166
  0.889632   0.322347   0.397458
  0.889939   0.322751   0.396226
  0.891007   0.322644   0.393565
  0.904533   0.309109  0.0942075
  0.904598   0.309135  0.0941856
  0.895871   0.491272   0.900854
  0.895858   0.486313   0.900813
  0.895766   0.482259   0.900853
  0.862063   0.312496   0.900709
  0.864815   0.313343   0.846869
  0.972452   0.685403   0.179861
  0.973529   0.685538   0.176754
  0.973902   0.685751   0.175528
  0.890882   0.322075   0.394444
  0.891984   0.322464   0.390684
  0.892016   0.322692    0.39039
  0.904627   0.309125  0.0942121
  0.895794   0.477259   0.900985
  0.895743   0.475656   0.900978
  0.895753   0.470687    0.90093
  0.864706   0.312478   0.900758
  0.867349   0.313425   0.847911
  0.867081   0.313295   0.847801
  0.975079   0.685501   0.172487
  0.975882   0.685803   0.170141
  0.976833   0.685566    0.16745
  0.893604   0.322291   0.386712
  0.894156   0.322844   0.384645
  0.894925   0.323033   0.382548
  0.907449   0.309287  0.0941121
  0.895819   0.469901   0.900957
  0.895754    0.46591   0.900974
  0.895709   0.464343   0.900943
  0.866433    0.31242   0.900794
  0.868369   0.313261   0.848394
  0.976725   0.685498   0.167953
  0.977829   0.685481   0.164904
  0.978776   0.685596   0.162055
  0.979171   0.685704   0.160886
  0.895687   0.322625   0.380642
  0.896872   0.322384   0.377121
  0.897845   0.321754   0.374921
  0.910182   0.309256  0.0941714
  0.895775   0.459564   0.900959
  0.895758   0.454633     0.9009
  0.868164   0.312337   0.900827
   0.87066   0.313292   0.849233
  0.979364   0.685491     0.1606
  0.980166    0.68567   0.158327
  0.981832   0.685435   0.153694
  0.897501   0.321641     0.3762
  0.898267   0.322071   0.373385
  0.898697   0.322389   0.371957
  0.899672   0.321777   0.369775
  0.910246   0.309261  0.0941615
  0.895818    0.45222   0.900929
  0.895774   0.450633    0.90091
  0.895699    0.44667   0.900935
  0.869896   0.312234   0.900863
  0.872453   0.313442   0.849864
  0.982429   0.685315   0.152253
  0.983393   0.685524   0.149359
   0.98419   0.685874   0.146951
  0.900426   0.321878   0.367561
  0.900308   0.322216   0.367328
  0.901733   0.322859   0.363285
  0.912978   0.309149  0.0942951
  0.895776   0.442632   0.900914
  0.895766   0.441005   0.900915
  0.895701   0.437017   0.900952
  0.870746   0.312183   0.900884
  0.874267   0.313289   0.850503
  0.984367   0.685684   0.146655
  0.985052   0.685433   0.144827
  0.986142   0.685606   0.141688
  0.986543   0.685715   0.140517
  0.902341   0.322618    0.36201
  0.903417   0.322745    0.35862
  0.903929   0.322561   0.357491
  0.914825    0.30908  0.0943816
  0.895755   0.432228   0.901001
   0.89572   0.429797   0.900932
  0.895688   0.428212   0.900926
  0.872478   0.312082   0.900934
  0.875853   0.313297   0.850961
   0.98702   0.685454   0.139422
  0.987711   0.685597   0.137392
  0.989052   0.685741   0.133381
  0.904161   0.322083   0.357413
  0.904935   0.322501   0.354609
  0.905245   0.322729   0.353457
  0.906337   0.322299   0.350899
  0.917548   0.309088  0.0944396
   0.89575   0.425037   0.900988
   0.89572   0.421059   0.901025
  0.895685   0.419518   0.901008
  0.874206   0.311999   0.900991
   0.87767   0.313535   0.851463
   0.98934   0.685555    0.13284
  0.990453   0.685642   0.129725
  0.991442   0.685622    0.12695
  0.906493   0.322127   0.350651
  0.907251    0.32241    0.34788
  0.907969   0.322797    0.34567
  0.919378    0.30919   0.094401
  0.895755   0.411548      0.901
  0.895697   0.410022   0.900973
  0.876808    0.31188   0.901077
  0.879451    0.31349   0.852027
  0.991337   0.685514   0.127429
  0.992769   0.685555   0.123514
  0.993123   0.685682   0.122334
  0.994202   0.685773   0.119213
  0.909125   0.322433   0.342952
  0.909405   0.322937   0.341655
  0.910683   0.322852   0.338156
  0.921327   0.309401  0.0942781
  0.895745   0.407671   0.900992
  0.895712   0.400528   0.900976
  0.895675   0.398977   0.900966
  0.877658    0.31183   0.901103
  0.880046   0.313502   0.852181
  0.994682   0.685454   0.118148
  0.995091   0.685516   0.116994
  0.995768   0.685579   0.114997
  0.911606   0.322786   0.335786
  0.912401   0.323165   0.333063
  0.912586   0.322985   0.332894
  0.922302   0.309491  0.0942273
  0.895739   0.398208   0.900997
  0.895697   0.394298   0.901033
  0.895642   0.392777   0.901008
  0.878496   0.311779   0.901128
  0.882872    0.31355   0.853006
  0.997085   0.685396    0.11163
  0.997449   0.685465    0.11048
  0.998095    0.68542   0.108523
  0.913115   0.322501   0.331981
   0.91396   0.323381   0.328746
  0.914874    0.32381   0.325725
  0.915605   0.323398   0.324141
  0.924988    0.30974  0.0940788
  0.895738   0.384877   0.900986
  0.895707   0.383392   0.900952
  0.895701   0.381866    0.90093
   0.88112   0.311563   0.901192
  0.884506   0.313453   0.853426
  0.998269   0.685243   0.108216
  0.999431   0.685424   0.105053
   1.00053   0.685659   0.101873
    1.0012   0.685549  0.0999606
  0.915522   0.323126   0.324765
  0.916279   0.323719   0.321835
  0.995333   0.655501  0.0812807
  0.995412    0.65221  0.0812786
  0.926818   0.309903  0.0939788
  0.895777   0.381093   0.900956
   0.89578   0.376407   0.900843
  0.895734   0.374902   0.900814
  0.882853   0.311379   0.901222
  0.886159    0.31332   0.853827
   1.00166   0.685067  0.0989051
   1.00175   0.685218  0.0986251
   1.00279   0.683606  0.0954338
  0.918062   0.323835   0.316792
  0.995344   0.648482  0.0813269
  0.995283   0.645609  0.0811195
  0.995352   0.642168  0.0813657
  0.927853   0.310045  0.0938915
  0.895761   0.367875   0.900916
  0.895713   0.366366   0.900901
  0.884601   0.311027   0.901268
   0.88795   0.313254   0.854237
   1.00332     0.6811  0.0941935
   1.00363   0.678614  0.0933675
   1.00383   0.676017  0.0927599
  0.995566   0.637695  0.0816589
  0.995373   0.636662  0.0814147
  0.995308   0.635294  0.0813345
  0.995459   0.630205  0.0815444
  0.929673   0.310147   0.093823
  0.895787   0.360926   0.900897
   0.89571   0.357098   0.900923
  0.895668   0.355567   0.900911
  0.889779   0.313584   0.854605
   1.00396   0.673977  0.0926663
   1.00401   0.669757  0.0923563
   1.00394   0.666667  0.0923864
  0.995569   0.629319  0.0816858
  0.995396   0.624993  0.0814793
  0.995348   0.623566  0.0814198
  0.995604   0.620057   0.081566
  0.932492   0.310205  0.0937672
  0.895728   0.354817    0.90094
   0.89573   0.350121   0.900928
  0.895651   0.346253   0.901005
   0.89136    0.31391   0.854957
   1.00406   0.662871  0.0923058
   1.00401   0.659605  0.0924121
   1.00399   0.658075  0.0923893
   0.99567   0.619269  0.0816517
   0.99544   0.616475  0.0815475
  0.995465   0.613529  0.0813987
   0.93524    0.31001  0.0938935
   0.89566   0.341581   0.901138
  0.895571   0.337017   0.901163
  0.895543   0.335452   0.901167
  0.893273    0.31511   0.855338
   0.89282   0.314575   0.855265
   1.00405   0.654159  0.0924499
   1.00407   0.652537  0.0924737
   1.00401   0.647904  0.0923864
   1.00397   0.646391  0.0923403
  0.995694   0.609043   0.081866
  0.995446   0.605004  0.0815393
  0.995462   0.602019  0.0814186
  0.937092   0.309806  0.0940288
  0.895613   0.334684   0.901204
  0.895585    0.33315   0.901208
   0.89563   0.329383   0.901035
  0.896232   0.319015   0.855896
  0.895101   0.317023   0.855604
   1.00403   0.640956   0.092394
   1.00401    0.63945  0.0923619
   1.00404   0.634592  0.0923201
  0.995754      0.596  0.0818181
  0.995521   0.595043  0.0815243
  0.995522   0.591864  0.0816283
  0.938944   0.309583  0.0941759
  0.912213   0.394865   0.862078
  0.912166   0.393577   0.861917
  0.912065   0.389386   0.861382
  0.895607   0.313458   0.884632
  0.895603   0.313407   0.882017
  0.895641   0.313472   0.879379
  0.895674   0.313534   0.877567
  0.895688    0.31355   0.876593
  0.895705   0.313538   0.874813
  0.895717   0.313455   0.872219
  0.895735   0.313393   0.869605
  0.895737   0.313383   0.869484
  0.895735   0.313245   0.866894
  0.895695   0.313037   0.865205
  0.895688   0.313104   0.863443
  0.895528    0.31279   0.862009
   1.00407   0.635614  0.0923861
   1.00408   0.630768  0.0924296
   1.00405   0.627713  0.0923256
     1.004   0.624587  0.0923535
  0.995708    0.58932  0.0818713
  0.995499   0.585201  0.0815868
  0.995502   0.582069  0.0815592
  0.940793   0.309367   0.094315
  0.911997    0.38777   0.861154
  0.895178   0.312621   0.898894
  0.895275   0.312733   0.897901
  0.895532   0.313183   0.895456
  0.895671    0.31344   0.892787
  0.895688   0.313498   0.890987
  0.895682   0.313538   0.889189
  0.895659   0.313529   0.887406
  0.895639   0.313516   0.886456
   1.00405   0.623957  0.0924099
   1.00409   0.620794  0.0923587
   1.00403    0.61763   0.092423
   1.00406   0.614554  0.0923272
   0.99565   0.576556  0.0817651
   0.99548   0.576962  0.0814795
  0.995437    0.57249  0.0814001
   0.94081   0.309367  0.0943124
   1.00411   0.613905  0.0923917
   1.00406   0.610682  0.0924956
   1.00405   0.607744   0.092322
   1.00398   0.604569  0.0924076
  0.995655   0.566776  0.0816779
  0.995376   0.564201  0.0814733
  0.995362    0.56137  0.0813279
  0.943577   0.309107  0.0944676
   1.00407   0.602458  0.0923512
   1.00404   0.599164  0.0925046
   1.00407   0.596174  0.0923634
  0.995769    0.55825  0.0818585
  0.995389   0.552831  0.0815739
  0.995381   0.550039  0.0814043
  0.946433   0.309076  0.0944324
   1.00408   0.592267  0.0925779
   1.00408   0.590732  0.0925697
   1.00406   0.584737  0.0923748
  0.995651   0.548609  0.0819224
  0.995433   0.546254  0.0814809
  0.995372   0.541826  0.0814124
  0.948265   0.309074   0.094388
   1.00406   0.580881  0.0925599
   1.00406   0.579355  0.0925531
   1.00408   0.576392  0.0924125
  0.995655    0.53607  0.0817864
  0.995329   0.533578  0.0815564
  0.995284    0.53086  0.0813345
  0.995508   0.527225  0.0817994
  0.950099   0.309064  0.0943453
   1.00411   0.572529  0.0926075
   1.00408   0.567971  0.0925606
   1.00404   0.566521  0.0925068
  0.996773   0.526608  0.0834044
  0.995398   0.522271  0.0816768
  0.995179   0.521226  0.0814071
  0.995334   0.518083  0.0814791
  0.951935   0.309047  0.0943059
   1.00407   0.561314  0.0925418
   1.00407   0.558263  0.0924813
   1.00405   0.553637   0.092485
  0.995359    0.51589  0.0815221
  0.995044   0.510471   0.081258
  0.995192   0.508651  0.0814477
  0.952901    0.30906  0.0942679
   1.00411   0.551483  0.0925552
   1.00409    0.54847  0.0924828
   1.00403   0.545509  0.0924727
   0.99521   0.503657   0.081444
  0.994988   0.501174  0.0811061
  0.995096   0.497924   0.081203
  0.955607   0.309017  0.0942407
   1.00411   0.541832   0.092481
   1.00408    0.53876  0.0925484
   1.00409   0.535783  0.0924595
  0.995294   0.493913  0.0815134
  0.995015   0.490061  0.0811816
  0.995246   0.489717  0.0813801
  0.957561   0.309009  0.0942182
   1.00412    0.53197  0.0926536
   1.00406   0.527513  0.0926064
   1.00403   0.524687  0.0924317
   0.99563     0.4838   0.081865
  0.994999   0.480823  0.0810578
  0.994908    0.47791  0.0810996
  0.959397   0.308929  0.0942718
   1.00403   0.520937  0.0926138
   1.00405   0.518043  0.0924776
   1.00399   0.514929  0.0925935
  0.994876   0.471469   0.081085
  0.962135   0.308765  0.0944139
   1.00406   0.512754  0.0926842
   1.00401   0.508314  0.0926384
   1.00396   0.503923  0.0925741
   0.96218   0.308805  0.0943932
   1.00406   0.500355  0.0925365
     1.004   0.497272  0.0926467
   1.00403   0.494366   0.092542
  0.964978   0.308672  0.0945466
   1.00407   0.493756  0.0925969
   1.00405   0.490631  0.0927356
   1.00403   0.487816  0.0925885
   1.00396   0.484837  0.0926415
  0.966814   0.308605  0.0946308
     1.004   0.484249  0.0926907
   1.00403   0.481285  0.0926301
   1.00402   0.476812   0.092631
   1.00398   0.476857   0.092672
  0.969522   0.308592  0.0946809
   1.00405   0.474763  0.0926761
   1.00405   0.471782  0.0927277
   1.00401   0.468907  0.0926275
   1.00396   0.464561  0.0925796
  0.970486   0.308615  0.0946758
     1.004   0.463975  0.0926343
   1.00401   0.459473  0.0926692
     1.004   0.459606  0.0925571
   1.00401   0.455142  0.0925723
  0.973285   0.308917  0.0944903
   1.00406   0.454543  0.0926302
   1.00402   0.451553  0.0927141
   1.00395   0.447288  0.0926445
   1.00397   0.447371  0.0925213
  0.974272   0.309004   0.094433
     1.004   0.443889  0.0925618
     1.004    0.44242   0.092565
   1.00399   0.438034  0.0925591
   1.00395    0.43498  0.0927002
  0.975256   0.309092  0.0943749
   1.00399   0.434399   0.092756
   1.00396   0.430074  0.0927388
   1.00396   0.430233  0.0925701
   1.00387   0.424397  0.0926568
  0.979611   0.309495  0.0941424
   1.00397   0.425344   0.092598
   1.00392   0.422337  0.0927221
   1.00392   0.417992  0.0927116
  0.980589   0.309554  0.0941044
   1.00397   0.415957   0.092772
   1.00398   0.413189  0.0926323
   1.00389    0.41035  0.0926588
   1.00384   0.406149  0.0925889
  0.981564   0.309624  0.0940623
    1.0039     0.4042  0.0925618
    1.0039   0.402738  0.0925643
   1.00385   0.399876  0.0926027
   1.00388   0.396978  0.0925738
  0.984359   0.309784  0.0939803
   1.00392   0.396395  0.0926309
   1.00389   0.393557  0.0926513
   1.00384   0.390767   0.092573
   1.00382    0.38647  0.0925823
  0.986187   0.309773  0.0940184
   1.00387   0.385878  0.0926465
   1.00386   0.384467  0.0926417
   1.00385    0.38015  0.0926609
  0.988975    0.30963  0.0941569
   1.00392   0.376764  0.0926457
   1.00384   0.373978  0.0926661
   1.00381   0.371356  0.0924694
   1.00376   0.367227  0.0923987
  0.989009   0.309692  0.0941257
   1.00382   0.369434  0.0924789
    1.0038   0.365254  0.0924409
   1.00373   0.362384  0.0925291
   1.00374   0.360933   0.092546
  0.990845   0.309509  0.0942547
   1.00382   0.359048  0.0924811
   1.00378   0.354897  0.0924396
   1.00368   0.352096  0.0924937
   1.00367   0.350698  0.0924779
  0.993624    0.30915  0.0944769
   1.00371   0.347344  0.0925245
   1.00375   0.344607  0.0924129
   1.00369   0.341765  0.0924891
  0.996322   0.309355  0.0944647
   1.00377    0.34127  0.0924416
   1.00369   0.335727  0.0924567
   1.00365   0.334399  0.0924002
   1.00365   0.331727  0.0922963
  0.998885   0.310961  0.0939721
   1.00366     0.3296  0.0924608
   1.00364   0.328197  0.0924711
   1.00361   0.325486   0.092439
   1.00338   0.321038  0.0926871
    1.0027   0.317648  0.0929571
   1.00083   0.314053   0.093154
   1.00029   0.312718  0.0934879