    0.493169    -0.106033     -4.73972
    0.493529    -0.107836     -4.74287
    0.493679    -0.108935     -4.74437
    0.493863    -0.110799     -4.74694
     0.49395    -0.111975     -4.74855
    0.493757    -0.114237     -4.75184
    0.493101    -0.116175     -4.75479
    0.492528     -0.11751     -4.75682
    0.491364    -0.119488     -4.75983
    0.491189    -0.119574     -4.75998
    0.489491    -0.121662     -4.76336
    0.488598    -0.122526     -4.76482
    0.486677    -0.124623     -4.76867
    0.485023    -0.126189      -4.7714
    0.484673    -0.126736     -4.77225
      0.4833    -0.127921     -4.77414
    0.482631    -0.128845     -4.77567
     0.48162    -0.129657     -4.77706
    0.480557    -0.130959     -4.77909
    0.479522    -0.131801     -4.78031
     0.47953    -0.131963     -4.78054
    0.478139    -0.133219     -4.78226
    0.475279    -0.136129     -4.78654
    0.475001    -0.136266     -4.78681
    0.473994    -0.137509     -4.78908
    0.473024    -0.138307     -4.79066
    0.472385    -0.139211      -4.7923
    0.471044    -0.140357     -4.79433
    0.469669    -0.141987     -4.79705
    0.469013    -0.142459      -4.7978
    0.468264    -0.143364     -4.79912
    0.466875    -0.144627     -4.80089
    0.465905    -0.145534     -4.80223
    0.464796    -0.146774     -4.80424
    0.463819    -0.147617      -4.8057
     0.46276    -0.148892     -4.80773
    0.461724    -0.149722     -4.80901
    0.460668    -0.151025     -4.81104
    0.459645    -0.151844     -4.81241
    0.458607    -0.153128      -4.8145
    0.457596    -0.153967     -4.81586
      0.4565    -0.155232     -4.81784
    0.455531    -0.156107     -4.81925
    0.454588       -0.157     -4.82071
    0.453482     -0.15824     -4.82269
    0.452478     -0.15909     -4.82405
    0.450737    -0.161066     -4.82729
    0.450409    -0.161186     -4.82752
      0.4494    -0.162465     -4.82969
    0.448384    -0.163283     -4.83111
    0.447356    -0.164566     -4.83329
     0.44637    -0.165399     -4.83477
    0.445655    -0.166287     -4.83627
    0.444335    -0.167522     -4.83822
     0.44336    -0.168422     -4.83956
    0.442221    -0.169686     -4.84146
    0.441202    -0.170541     -4.84279
    0.440126    -0.171835     -4.84478
     0.43802    -0.173747     -4.84779
    0.438038    -0.173976     -4.84815
    0.437011    -0.174805     -4.84953
    0.436322    -0.175741     -4.85106
     0.42978     0.172434     -4.83365
    0.430201     0.171812     -4.83461
    0.434296    -0.177648     -4.85428
     0.43391    -0.178198     -4.85511
    0.430207      0.17189     -4.83445
    0.430549     0.171315     -4.83535
    0.432926    -0.179084     -4.85646
    0.427078     0.175566     -4.82923
    0.424978     0.177909     -4.82605
    0.429544     0.172507     -4.83369
    0.431244     -0.18072     -4.85899
    0.430835    -0.181247     -4.85982
    0.424752     0.178254     -4.82549
    0.426362     0.176209     -4.82843
    0.429457    -0.182463     -4.86171
    0.427974    -0.184123     -4.86412
    0.423617     0.179489     -4.82379
    0.424007     0.178914     -4.82469
    0.427283    -0.184596     -4.86487
    0.426587    -0.185537     -4.86635
    0.419178     0.184666     -4.81641
    0.421162     0.182238        -4.82
    0.425197    -0.186718      -4.8683
    0.424487    -0.187652     -4.86973
    0.418066     0.185883     -4.81476
     0.41839     0.185353     -4.81559
    0.423091    -0.188868     -4.87161
    0.422361    -0.189759      -4.8731
    0.415036      0.18933     -4.81006
    0.415427     0.188781     -4.81087
      0.4174     0.186498       -4.814
    0.421427    -0.190636     -4.87471
    0.412423     0.192223     -4.80617
     0.41428     0.189994     -4.80926
      0.4205    -0.191512     -4.87633
    0.418744    -0.193444     -4.87955
    0.412885     0.191661     -4.80692
    0.413192     0.191167     -4.80768
    0.418082    -0.193942     -4.88037
    0.417026    -0.195237     -4.88242
    0.411435     0.193327     -4.80462
     0.40859     0.196319     -4.80061
    0.412226     0.192267     -4.80617
    0.416003     -0.19607     -4.88382
    0.415341    -0.197012     -4.88544
      0.4089     0.196141     -4.80079
    0.409049     0.195776     -4.80142
    0.414002    -0.198181     -4.88751
    0.413289    -0.199125     -4.88895
    0.411845    -0.200364     -4.89067
    0.409962    -0.202366      -4.8936
    0.408956    -0.203262     -4.89493
    0.408693    -0.203431     -4.89518
    0.407918    -0.204337     -4.89651
    0.405828     -0.20625     -4.89952
    0.405813    -0.206494     -4.89992
    0.404142    -0.208004     -4.90261
    0.403479    -0.208947     -4.90424
     0.40139    -0.210881     -4.90744
    0.401398    -0.211088     -4.90772
    0.399957     -0.21234     -4.90944
    0.398111    -0.214321     -4.91236
     0.39818    -0.214157     -4.91209
    0.396848    -0.215406     -4.91409
    0.395729    -0.216668     -4.91603
    0.394679    -0.217532     -4.91733
    0.392917    -0.219519     -4.92034
    0.392555    -0.219675     -4.92068
    0.392211    -0.220277     -4.92165
    0.390021    -0.222418     -4.92608
    0.389671    -0.223016     -4.92718
    0.388357    -0.224203     -4.92927
    0.387267     -0.22546     -4.93131
    0.386282    -0.226365     -4.93271
    0.384064    -0.228423     -4.93533
    0.384457    -0.228195     -4.93512
    0.382151     -0.23021     -4.93757
    0.381787    -0.230795     -4.93847
     0.38107     -0.23128     -4.93923
    0.379359    -0.233257     -4.94255
    0.378319    -0.234098     -4.94397
    0.377601    -0.235038     -4.94545
    0.376224    -0.236276      -4.9474
    0.375465    -0.237182     -4.94887
    0.374517    -0.238093     -4.95041
    0.372463    -0.240069     -4.95345
    0.372424    -0.240256     -4.95369
     0.40617     0.206288     -4.78025
    0.371343    -0.241129     -4.95486
    0.369537    -0.243162     -4.95794
    0.402378     0.209703     -4.77598
    0.368506    -0.243995     -4.95945
    0.367832    -0.244939     -4.96105
    0.414694      0.20048     -4.78547
    0.366454    -0.246118     -4.96307
    0.365751    -0.247051     -4.96462
    0.364737    -0.247917     -4.96612
    0.396316     0.216343     -4.76609
    0.401235     0.212025     -4.77137
    0.362412    -0.250374     -4.97052
    0.361128    -0.251583     -4.97272
      0.3601    -0.252824     -4.97495
    0.359079    -0.253676     -4.97646
    0.357224    -0.255749     -4.97947
    0.356099    -0.256615     -4.98054
    0.355731    -0.257217     -4.98132
    0.354624    -0.258089     -4.98246
    0.353865    -0.259044     -4.98381
    0.352825    -0.259934     -4.98516
    0.350129     -0.26279        -4.99
    0.348157    -0.264739      -4.9933
    0.349085    -0.263938     -4.99198
     0.34705     -0.26584     -4.99503
    0.346334    -0.266799     -4.99652
    0.344228    -0.268689     -4.99951
    0.343533    -0.269639     -5.00104
    0.342475    -0.270482     -5.00248
    0.340632    -0.272515     -5.00562
    0.306855    0.0414287       -4.488
    0.307274    0.0409845     -4.48863
    0.339528     -0.27341     -5.00672
    0.305323    0.0426994      -4.4862
    0.305567    0.0423585     -4.48668
    0.338058    -0.274892      -5.0087
    0.293328    0.0531368     -4.47132
    0.337037     -0.27579     -5.01013
    0.335759    -0.277335     -5.01316
      0.2952    0.0513305      -4.4739
    0.335628    -0.277238     -5.01283
    0.333771    -0.279464     -5.01717
    0.332716     -0.28031     -5.01861
    0.331669    -0.281621     -5.02066
    0.329932    -0.283179     -5.02316
    0.329201    -0.284129     -5.02465
    0.327821    -0.285369      -5.0266
    0.325712    -0.287546     -5.03003
    0.284351    0.0603181      -4.4611
    0.284244    0.0602614     -4.46119
    0.324706    -0.288438     -5.03157
    0.324634    -0.288692     -5.03196
     0.28357     0.061037     -4.46008
    0.288078    0.0570677     -4.46574
    0.321924     -0.29124      -5.0363
    0.321202    -0.292206     -5.03775
    0.282456    0.0619932     -4.45872
    0.282566    0.0617629     -4.45905
    0.319769    -0.293415      -5.0396
    0.319061    -0.294385     -5.04111
    0.286272    0.0586701     -4.46346
    0.317998    -0.295251     -5.04251
    0.317261    -0.296203     -5.04398
    0.315165    -0.298148     -5.04691
    0.284042    0.0606298     -4.46067
    0.313061    -0.300314     -5.05039
    0.312037    -0.301206     -5.05188
      0.3113    -0.302145     -5.05338
    0.309878    -0.303365     -5.05528
    0.309149    -0.304343     -5.05672
    0.308061    -0.305211     -5.05805
    0.307356    -0.306189     -5.05963
    0.305672     -0.30772     -5.06231
    0.304571    -0.309023     -5.06426
    0.246612    0.0901436     -4.41866
    0.302781    -0.310638     -5.06654
    0.301017     -0.31248     -5.06946
     0.30003    -0.313375     -5.07111
    0.298457     -0.31526     -5.07484
    0.297381    -0.316144     -5.07627
     0.29665    -0.317121     -5.07771
    0.296253    -0.317288     -5.07798
    0.295526    -0.318268     -5.07945
    0.249932    0.0894675      -4.4196
    0.250217    0.0891237     -4.42009
    0.293233    -0.320454     -5.08362
    0.291167     -0.32276     -5.08743
     0.26272     0.300652     -4.65143
    0.243991    0.0945008     -4.41244
    0.248841     0.090256     -4.41849
    0.290106    -0.323665     -5.08883
    0.241723     0.096241     -4.40998
    0.242624    0.0954689     -4.41107
    0.288623    -0.325173     -5.09097
    0.240181    0.0974585     -4.40826
    0.240009    0.0974295     -4.40829
    0.287188    -0.326432     -5.09278
    0.286089    -0.327722     -5.09477
    0.245182    0.0934253     -4.41399
    0.240016     0.097578     -4.40809
     0.28501     -0.32859     -5.09622
    0.283377    -0.330511     -5.09952
    0.249961     0.296072     -4.53571
    0.241223    0.0971506     -4.40872
    0.244323    0.0940619     -4.41309
    0.283242    -0.330414      -5.0994
    0.281956    -0.332002     -5.10231
    0.247971     0.296635     -4.53269
    0.240077    0.0982062     -4.40723
    0.240395    0.0977853     -4.40782
    0.280907    -0.332872     -5.10385
    0.280162    -0.333806     -5.10534
    0.246565     0.297171     -4.53068
     0.23852    0.0994976     -4.40541
    0.238836    0.0991138     -4.40594
    0.277713    -0.336124     -5.10871
    0.241409     0.298547     -4.52229
    0.237234     0.100534     -4.40394
    0.237098     0.100491       -4.404
    0.275919    -0.337993     -5.11155
    0.244276     0.297837     -4.52715
    0.244778     0.297577     -4.52778
    0.236177     0.101387     -4.40274
    0.242894    0.0958705     -4.41053
    0.274572    -0.339228     -5.11363
    0.273168    -0.340861     -5.11624
    0.239066     0.299267     -4.51869
    0.236936      0.10095     -4.40336
    0.235148     0.102101     -4.40172
    0.272088    -0.341732     -5.11766
    0.271389      -0.3427     -5.11928
    0.235292     0.300345     -4.51277
    0.235737      0.30014     -4.51333
    0.269704    -0.344409     -5.12423
    0.269299    -0.344981      -5.1247
    0.231887     0.301272     -4.50777
     0.24188     0.294396     -4.63575
    0.232669     0.104528     -4.39832
    0.229381     0.106054     -4.39611
    0.268505    -0.345482     -5.12504
    0.233522     0.300746     -4.51012
    0.228061     0.106691     -4.39519
    0.265656    -0.347641      -5.1268
    0.232132     0.301207     -4.50818
     0.22358     0.107904     -4.39343
    0.263701    -0.348671     -5.12823
    0.230031     0.301748     -4.50524
     0.22908     0.281393     -4.49064
    0.228048     0.278425     -4.48731
    0.228013      0.27668     -4.48616
    0.227868     0.273553     -4.48399
     0.22784     0.273162     -4.48371
    0.227431      0.26872     -4.48041
     0.22745     0.269053     -4.48064
    0.227441     0.265858     -4.47864
    0.227489     0.264093     -4.47759
    0.227511     0.261616     -4.47604
    0.227514     0.259859     -4.47492
    0.227497       0.2574     -4.47333
    0.227338     0.255676     -4.47202
    0.226736     0.253425     -4.46976
     0.22277      0.10789     -4.39345
    0.260753    -0.349911     -5.13026
    0.229851     0.301829     -4.50487
    0.230327     0.301603     -4.50546
    0.221804     0.107941     -4.39338
    0.258182     -0.35043     -5.13109
    0.218597     0.108016     -4.39332
    0.256114    -0.350621     -5.13131
    0.217616     0.108025     -4.39332
    0.253925    -0.350717     -5.13131
    0.215571     0.108016     -4.39337
    0.251669    -0.350763     -5.13121
    0.213578     0.107945     -4.39351
     0.24939     -0.35079      -5.1311
    0.210655     0.107743     -4.39384
    0.247035    -0.350818     -5.13104
    0.208632     0.107581     -4.39409
    0.242758    -0.350887     -5.13115
    0.208666     0.107575     -4.39409
     0.22327    -0.110299     -4.74706
    0.223738    -0.112061     -4.74992
    0.224859    -0.117162     -4.75805
    0.225097    -0.118884     -4.76074
    0.225278    -0.120592      -4.7635
    0.225407    -0.122293     -4.76636
    0.225488    -0.123987     -4.76926
    0.225486    -0.126783     -4.77391
    0.225315    -0.130164     -4.77921
    0.225326    -0.130123     -4.77918
    0.224911    -0.134484      -4.7862
    0.242646     -0.35089     -5.13116
      0.2067     0.107484     -4.39423
    0.221662    -0.104529     -4.73802
    0.221676    -0.104777     -4.73842
    0.222174     -0.10654     -4.74115
    0.223244    -0.110378     -4.74719
    0.225029    -0.133088     -4.78389
    0.224519    -0.137406      -4.7909
    0.224521    -0.137404     -4.79091
    0.224051    -0.140605     -4.79608
    0.223868    -0.141647     -4.79777
    0.240457    -0.350931     -5.13123
    0.213713     0.316935     -4.61064
    0.204669     0.107457     -4.39428
    0.218101   -0.0976294     -4.70433
    0.218473   -0.0985959     -4.70559
    0.223509     -0.14298     -4.79995
    0.223091    -0.144493     -4.80235
     0.22237     -0.14699     -4.80622
    0.238263    -0.350973      -5.1313
    0.212805     0.317143     -4.60985
    0.201465     0.107495     -4.39423
    0.221282    -0.149798     -4.81057
    0.220836    -0.151249     -4.81287
    0.219793    -0.154072     -4.81742
    0.235039    -0.351034     -5.13142
     0.20883     0.318295     -4.60642
    0.209205     0.318135     -4.60675
     0.19823     0.107548     -4.39414
    0.219681    -0.154008     -4.81732
    0.218785    -0.156353       -4.821
    0.218218    -0.157701     -4.82314
    0.232861    -0.351076     -5.13153
    0.207835     0.318582     -4.60554
    0.198355     0.107545     -4.39415
    0.217454    -0.159046     -4.82532
     0.21691    -0.160397     -4.82745
    0.230682    -0.351117     -5.13165
    0.205227     0.319179     -4.60319
    0.196253      0.10755     -4.39414
    0.216789    -0.160429     -4.82753
    0.215364    -0.163015     -4.83152
    0.214721    -0.164244     -4.83344
    0.228491    -0.351157     -5.13174
    0.203493     0.319573     -4.60177
    0.194182     0.107518     -4.39418
     0.21366    -0.165557     -4.83551
    0.212714    -0.167171     -4.83803
    0.226291    -0.351196     -5.13181
    0.198748     0.320847      -4.5975
    0.192142     0.107453     -4.39426
    0.211578    -0.168458     -4.84011
    0.211511    -0.168812     -4.84066
    0.224088    -0.351234     -5.13188
    0.197804     0.321053     -4.59666
     0.18798     0.107315     -4.39445
    0.210061    -0.170526     -4.84337
    0.209056    -0.172085     -4.84578
    0.221898    -0.351271       -5.132
    0.198554     0.320836     -4.59739
    0.188038     0.107326     -4.39444
    0.208847    -0.172194     -4.84596
    0.207176    -0.174504     -4.84962
     0.21973    -0.351308     -5.13216
    0.195484     0.321682     -4.59459
    0.184897     0.107291      -4.3945
    0.205403    -0.176616     -4.85309
    0.204921    -0.177249     -4.85413
    0.217577    -0.351347     -5.13235
    0.183906     0.107288     -4.39452
      0.2044    -0.177811     -4.85506
    0.202878    -0.179567     -4.85787
    0.214401    -0.351408     -5.13257
    0.181836     0.107271     -4.39456
    0.202319    -0.180118     -4.85872
    0.201109    -0.181473     -4.86076
    0.212194    -0.351451     -5.13263
     0.18084     0.107259     -4.39459
    0.200137    -0.182386     -4.86218
    0.198965    -0.183715      -4.8643
    0.209946    -0.351492      -5.1326
    0.177748     0.107176     -4.39474
    0.196818    -0.185696     -4.86756
    0.196784    -0.185899     -4.86785
    0.207657    -0.351529      -5.1325
    0.175723     0.107105     -4.39487
     0.19487     -0.18747     -4.87033
    0.194489    -0.188027     -4.87118
     0.20523    -0.351563     -5.13237
    0.173701     0.107031       -4.395
    0.193728    -0.188496     -4.87193
    0.192538    -0.189733     -4.87393
    0.202974    -0.351596     -5.13231
    0.172718     0.106998     -4.39507
    0.190659    -0.191263     -4.87663
    0.200739    -0.351631     -5.13233
    0.169628     0.106917     -4.39523
    0.202358   -0.0686209     -4.68105
    0.188385    -0.193365     -4.88012
    0.198511    -0.351668     -5.13237
    0.168639       0.1069     -4.39527
    0.155679   -0.0374194      -4.6237
    0.187244    -0.194223     -4.88146
    0.185222    -0.196166     -4.88446
    0.196272    -0.351702      -5.1324
    0.166583     0.106866     -4.39535
    0.147925    -0.032567     -4.61699
    0.185248    -0.195935     -4.88411
    0.185334    -0.196107     -4.88434
    0.194023    -0.351733     -5.13241
    0.164529     0.106827     -4.39544
    0.145413   -0.0309576     -4.61481
    0.142159   -0.0290716     -4.61204
    0.182809    -0.197936     -4.88728
    0.191777    -0.351766     -5.13242
    0.162477     0.106785     -4.39553
    0.138232   -0.0265863     -4.60864
    0.180305    -0.199869     -4.89034
    0.189549    -0.351809     -5.13247
    0.160417     0.106755      -4.3956
    0.143791   -0.0305624     -4.61398
    0.178987    -0.200637     -4.89153
    0.177665    -0.201713     -4.89314
    0.187338    -0.351861     -5.13255
     0.15834     0.106745     -4.39565
    0.138819   -0.0280289      -4.6099
    0.175386    -0.203101     -4.89536
    0.185131     -0.35192     -5.13264
    0.156259     0.106739      -4.3957
    0.174526    -0.203553     -4.89612
    0.173692    -0.204243     -4.89725
    0.182918    -0.351979     -5.13271
    0.154193     0.106714     -4.39577
    0.144603   -0.0323807      -4.6154
    0.141549   -0.0305698     -4.61283
    0.171847    -0.205281     -4.89898
    0.180698    -0.352034     -5.13278
    0.152145     0.106666     -4.39587
    0.133728   -0.0265738     -4.60685
    0.170529     -0.20606     -4.90025
    0.168184    -0.207679     -4.90277
     0.17739    -0.352104     -5.13285
    0.150103     0.106607     -4.39599
    0.134299   -0.0269519     -4.60738
    0.167798    -0.207795     -4.90297
    0.175102    -0.352151     -5.13291
    0.148063     0.106544     -4.39611
    0.148517   -0.0350233     -4.61902
    0.166107    -0.208971     -4.90474
    0.172885    -0.352198     -5.13298
    0.147076     0.106514     -4.39616
    0.148908   -0.0353366     -4.61943
    0.163709    -0.210309     -4.90692
    0.162871    -0.210949     -4.90794
    0.170682    -0.352249     -5.13309
    0.143971     0.106416     -4.39633
    0.148889    -0.035478     -4.61958
    0.160925    -0.211975     -4.90956
     0.16847    -0.352307     -5.13323
    0.142984     0.106385     -4.39638
    0.142072   -0.0321728     -4.61458
    0.159986    -0.212371     -4.91018
    0.166272    -0.352368     -5.13337
    0.140936     0.106318     -4.39648
    0.137565   -0.0303337     -4.61174
    0.156592    -0.214254     -4.91316
    0.164066    -0.352429     -5.13349
    0.136788     0.106159     -4.39673
    0.141749   -0.0323264      -4.6147
    0.155095    -0.214929      -4.9142
    0.161859    -0.352492      -5.1336
     0.13686     0.106156     -4.39674
    0.137341   -0.0305902     -4.61201
    0.152748    -0.216226     -4.91619
    0.159658    -0.352557     -5.13372
    0.132734     0.105972     -4.39703
    0.139417    -0.031319     -4.61317
    0.140129   -0.0317415     -4.61376
    0.150141     -0.21742     -4.91817
    0.157468    -0.352624     -5.13386
    0.132792     0.105978     -4.39702
    0.138643   -0.0310303     -4.61271
    0.147201    -0.218962     -4.92059
    0.155286    -0.352692     -5.13403
    0.129572     0.105911     -4.39712
    0.137891   -0.0307628     -4.61228
    0.146813    -0.219063     -4.92075
    0.152079    -0.352785     -5.13429
    0.128552     0.105925      -4.3971
    0.136265   -0.0299785     -4.61112
    0.144099    -0.220276     -4.92256
    0.143797    -0.220521     -4.92293
    0.149896    -0.352841     -5.13447
    0.126387     0.105976     -4.39702
    0.132065   -0.0283894     -4.60868
    0.141642    -0.221409     -4.92435
    0.147705    -0.352894     -5.13464
    0.123032      0.10608     -4.39686
    0.127303   -0.0264591     -4.60581
    0.140053    -0.222008     -4.92534
    0.145502    -0.352948     -5.13478
    0.123221     0.106074     -4.39687
    0.126609   -0.0262702      -4.6055
    0.137015     -0.22339     -4.92758
    0.143289    -0.353009      -5.1349
    0.119933     0.106113      -4.3968
    0.125866   -0.0260687     -4.60517
    0.134857    -0.224266     -4.92901
    0.141074    -0.353076       -5.135
    0.118953     0.106107      -4.3968
    0.124486   -0.0255211     -4.60434
    0.133282    -0.224887     -4.93004
    0.133588    -0.224853     -4.92997
    0.138866    -0.353149     -5.13512
    0.115764     0.106048     -4.39686
    0.123614   -0.0252742     -4.60394
     0.13143    -0.225731      -4.9314
    0.136663    -0.353224     -5.13526
    0.114797     0.106008     -4.39691
    0.119478   -0.0239128     -4.60172
    0.129786    -0.226292      -4.9323
    0.134461    -0.353297     -5.13541
    0.112757     0.105911     -4.39703
    0.114963   -0.0222108     -4.59896
    0.126838    -0.227332     -4.93397
    0.125931    -0.227733      -4.9346
    0.131211    -0.353398     -5.13564
    0.111726     0.105843     -4.39711
    0.117193   -0.0230631     -4.60044
    0.124305    -0.228337     -4.93556
    0.129002    -0.353459     -5.13579
    0.108654     0.105669     -4.39735
    0.110803   -0.0209443     -4.59695
    0.121985    -0.229126     -4.93682
    0.126788    -0.353516     -5.13593
    0.106605     0.105579     -4.39746
    0.107484    -0.019977     -4.59548
    0.121652    -0.229241       -4.937
    0.124569     -0.35357     -5.13605
    0.104518      0.10553     -4.39751
    0.108877   -0.0204394     -4.59618
    0.116992    -0.230777      -4.9395
    0.122284    -0.353623     -5.13615
    0.102394     0.105517     -4.39751
    0.112582    -0.021522     -4.59808
    0.115239    -0.231247     -4.94028
    0.120017    -0.353675      -5.1362
    0.101399     0.105518      -4.3975
    0.104298    -0.019052     -4.59411
    0.114879    -0.231306     -4.94039
    0.117732     -0.35373     -5.13621
   0.0992673     0.105509     -4.39749
    0.103364    -0.018782     -4.59371
    0.110441    -0.232729     -4.94259
    0.110198    -0.232883     -4.94281
    0.115441     -0.35379      -5.1362
   0.0971617     0.105469     -4.39753
    0.102447   -0.0185359     -4.59334
    0.109187    -0.233227     -4.94333
    0.113147    -0.353858     -5.13618
    0.095078     0.105407     -4.39759
   0.0949067   -0.0164362     -4.59032
    0.095098   -0.0164878      -4.5904
    0.108828    -0.233315     -4.94346
    0.110854     -0.35393     -5.13614
   0.0941018     0.105375     -4.39762
   0.0979088   -0.0172114      -4.5914
     0.10442    -0.234773     -4.94573
    0.106325    -0.234274     -4.94492
    0.108562    -0.354005     -5.13611
   0.0908765     0.105321     -4.39766
   0.0951168   -0.0166125     -4.59052
    0.101699    -0.235548     -4.94701
    0.108552    -0.354005     -5.13608
   0.0910258     0.105322     -4.39765
   0.0905651   -0.0156538     -4.58915
   0.0998758    -0.235952     -4.94772
    0.103985     -0.35414     -5.13611
   0.0877505     0.105302     -4.39766
   0.0913698   -0.0158155     -4.58935
   0.0972904    -0.236527     -4.94871
   0.0994892    -0.354246     -5.13622
   0.0845609     0.105213     -4.39777
   0.0901585   -0.0154787     -4.58885
   0.0962432    -0.236778     -4.94912
   0.0994413    -0.354244     -5.13623
   0.0835726     0.105165     -4.39784
   0.0892494   -0.0152659     -4.58853
   0.0935116    -0.237551     -4.95034
   0.0971725    -0.354293     -5.13628
   0.0814941     0.105042       -4.398
    0.088133   -0.0149414     -4.58805
   0.0910133    -0.238234     -4.95141
   0.0948507    -0.354346     -5.13633
   0.0794598     0.104926     -4.39817
   0.0813846   -0.0133211     -4.58579
    0.090672    -0.238294      -4.9515
   0.0936974    -0.354373     -5.13637
   0.0773981     0.104847     -4.39829
   0.0785815   -0.0127919     -4.58504
   0.0867047    -0.239333     -4.95327
   0.0937186    -0.354377     -5.13639
   0.0752982     0.104814     -4.39835
   0.0776114   -0.0126461     -4.58478
   0.0846989    -0.239841     -4.95412
   0.0880445    -0.354504     -5.13654
   0.0731805     0.104802     -4.39839
   0.0766223    -0.012499     -4.58451
   0.0819988    -0.240361     -4.95495
   0.0857935    -0.354562     -5.13664
   0.0721855     0.104798     -4.39841
   0.0756371   -0.0123497     -4.58425
   0.0792142    -0.240839     -4.95567
   0.0804003    -0.354722     -5.13699
   0.0689634     0.104756     -4.39851
   0.0746355   -0.0121814     -4.58396
   0.0781202    -0.241017     -4.95595
   0.0771711    -0.354845     -5.13739
   0.0668667     0.104718     -4.39859
   0.0735005   -0.0119852     -4.58362
   0.0736666   -0.0120168     -4.58367
   0.0762033     -0.24136     -4.95651
   0.0770736    -0.354851     -5.13736
   0.0647912     0.104658      -4.3987
   0.0735333    -0.241892     -4.95743
    0.075894    -0.354894     -5.13748
   0.0627393     0.104571     -4.39885
   0.0715014    -0.242353      -4.9582
   0.0758008    -0.354902      -5.1375
    0.061751     0.104526     -4.39892
   0.0688337    -0.242898     -4.95909
   0.0714466    -0.355018     -5.13782
   0.0596961     0.104436     -4.39908
   0.0661457    -0.243421     -4.95999
   0.0692089    -0.355075     -5.13797
   0.0576153     0.104374      -4.3992
   0.0650393    -0.243607     -4.96031
   0.0637324    -0.355221     -5.13843
   0.0554988      0.10435     -4.39926
   0.0622748    -0.244088     -4.96112
   0.0647526    -0.355192      -5.1383
   0.0533467     0.104364     -4.39927
   0.0603209    -0.244407     -4.96163
   0.0625184    -0.355248     -5.13846
   0.0511661     0.104413     -4.39922
   0.0572597    -0.244853     -4.96231
    0.059134    -0.355317     -5.13861
   0.0489866     0.104468     -4.39918
   0.0552265    -0.245109     -4.96269
   0.0579787    -0.355337     -5.13864
    0.048001     0.104482     -4.39918
   0.0531695    -0.245342     -4.96302
   0.0579586     -0.35534     -5.13866
   0.0448317     0.104396     -4.39937
   0.0510844    -0.245551      -4.9633
   0.0533694     -0.35541     -5.13871
   0.0418771     0.104128     -4.39981
    0.048975    -0.245741     -4.96355
   0.0510511    -0.355443     -5.13872
    0.041923     0.104108     -4.39984
   0.0468601    -0.245927     -4.96378
   0.0449866     -0.35551     -5.13853
    0.038896     0.103748      -4.4004
   0.0447621    -0.246129     -4.96404
   0.0450249    -0.355513     -5.13858
   0.0379238     0.103665     -4.40053
   0.0426948    -0.246359     -4.96435
   0.0438697    -0.355527     -5.13854
   0.0347738     0.103539     -4.40075
   0.0406625     -0.24662     -4.96472
   0.0403661    -0.355578     -5.13849
   0.0326032     0.103554     -4.40075
   0.0385399     -0.24693     -4.96519
    0.039212      -0.3556     -5.13853
   0.0316054     0.103572     -4.40074
   0.0356201    -0.247332     -4.96581
   0.0392089    -0.355597     -5.13848
   0.0294366     0.103592     -4.40073
   0.0335791    -0.247587     -4.96616
   0.0346831    -0.355696     -5.13878
   0.0272989     0.103573     -4.40077
   0.0305133    -0.247932     -4.96657
   0.0289574    -0.355808     -5.13909
   0.0240888     0.103477     -4.40093
   0.0293898    -0.248038     -4.96667
   0.0289688    -0.355803     -5.13904
   0.0242112     0.103474     -4.40093
   0.0272682    -0.248248      -4.9669
   0.0278113    -0.355819     -5.13905
   0.0221304     0.103392     -4.40106
   0.0221567    -0.248769     -4.96755
   0.0242859    -0.355869     -5.13907
   0.0200303     0.103333     -4.40115
   0.0219862    -0.248755     -4.96754
   0.0231283    -0.355883     -5.13905
   0.0178923     0.103312     -4.40119
   0.0198212    -0.248904     -4.96776
   0.0207751    -0.355914     -5.13904
   0.0133009      0.10332     -4.40113
   0.0164822     -0.24903     -4.96795
   0.0208152    -0.355911     -5.13903
    0.013507     0.103309     -4.40116
   0.0153333    -0.249041     -4.96797
    0.014804    -0.355993       -5.139
    0.010227     0.103242     -4.40121
   0.0142166    -0.249057       -4.968
   0.0136495    -0.356013     -5.13902
   0.0103788     0.103241     -4.40122
   0.0142266    -0.249046     -4.96799
   0.0101629    -0.356077     -5.13906
  0.00939531     0.103208     -4.40126
  0.00855495    -0.249179     -4.96815
  0.00900719      -0.3561      -5.1391
  0.00499441     0.103101     -4.40138
  0.00632105    -0.249249     -4.96825
  0.00670773    -0.356148     -5.13918
  0.00399984     0.103088     -4.40139
  0.00404024    -0.249311     -4.96836
  0.00441637    -0.356195     -5.13928
  0.00415396     0.103094     -4.40138
   0.0029297    -0.249334      -4.9684
  0.00212543     -0.35624     -5.13939
 0.000868886     0.103034     -4.40146
-0.000466585    -0.249392     -4.96854
  0.00210708    -0.356239     -5.13939
 -0.00359591     0.102966     -4.40154
-0.000445507    -0.249392     -4.96853
  -0.0024481    -0.356324     -5.13965
 -0.00460816     0.102973     -4.40152
  -0.0038257    -0.249469     -4.96866
  -0.0058189    -0.356393     -5.13991
 -0.00560067     0.102978      -4.4015
 -0.00726393     -0.24951     -4.96874
 -0.00697583    -0.356417        -5.14
 -0.00899868     0.102999     -4.40144
 -0.00837687    -0.249498     -4.96874
 -0.00924615    -0.356463     -5.14017
 -0.00998231     0.102996     -4.40143
  -0.0120353    -0.249381     -4.96861
  -0.0115451    -0.356506     -5.14029
   -0.012151     0.102981     -4.40143
  -0.0131628    -0.249329     -4.96854
  -0.0138769    -0.356542     -5.14035
  -0.0131446     0.102968     -4.40143
  -0.0143373     -0.24927     -4.96846
  -0.0162341    -0.356574     -5.14036
  -0.0152908     0.102924     -4.40148
  -0.0180095    -0.249189     -4.96828
  -0.0186044    -0.356604     -5.14035
  -0.0174306     0.102877     -4.40154
  -0.0203932    -0.249168     -4.96818
  -0.0209765    -0.356633     -5.14034
  -0.0195784      0.10284     -4.40159
  -0.0229162     -0.24912     -4.96804
  -0.0233412    -0.356665     -5.14035
  -0.0229105     0.102803     -4.40164
  -0.0240454    -0.249072     -4.96794
  -0.0256929      -0.3567     -5.14039
  -0.0239014     0.102794     -4.40164
  -0.0266034    -0.248898     -4.96762
  -0.0280281    -0.356739     -5.14045
  -0.0260643     0.102769     -4.40167
  -0.0292769    -0.248647     -4.96719
  -0.0303439    -0.356782     -5.14056
  -0.0282206     0.102734      -4.4017
  -0.0319767    -0.248387     -4.96672
  -0.0326381    -0.356831      -5.1407
  -0.0292099     0.102715     -4.40172
  -0.0315274    -0.248428     -4.96679
  -0.0349108    -0.356885     -5.14089
  -0.0337351     0.102624      -4.4018
  -0.0341849    -0.248214     -4.96635
   -0.037185    -0.356942     -5.14111
  -0.0335261     0.102635     -4.40179
  -0.0414486    -0.247653     -4.96507
  -0.0418104    -0.357052     -5.14151
  -0.0357614      0.10263     -4.40179
  -0.0442458    -0.247355     -4.96449
  -0.0417609    -0.357048     -5.14147
  -0.0379699     0.102652     -4.40176
  -0.0421668    -0.247556     -4.96495
  -0.0441299     -0.35709     -5.14152
  -0.0401579     0.102665     -4.40175
   -0.044981    -0.247218     -4.96436
  -0.0465355     -0.35713     -5.14149
  -0.0399918      0.10268     -4.40173
  -0.0460898    -0.247062     -4.96411
    -0.04894    -0.357176     -5.14143
  -0.0432664      0.10259     -4.40189
  -0.0491073    -0.246625     -4.96343
  -0.0513237    -0.357233     -5.14138
  -0.0453599     0.102493     -4.40205
  -0.0521042    -0.246224     -4.96283
  -0.0536869    -0.357295     -5.14138
  -0.0474598     0.102396     -4.40221
  -0.0532009     -0.24609     -4.96264
  -0.0560336    -0.357357     -5.14143
  -0.0495872     0.102324     -4.40233
    -0.05432    -0.245957     -4.96245
  -0.0583704    -0.357415     -5.14151
  -0.0517321     0.102273     -4.40242
   -0.055456     -0.24583     -4.96227
  -0.0606988    -0.357471      -5.1416
  -0.0538751     0.102226     -4.40252
  -0.0596706    -0.245419     -4.96167
  -0.0630401    -0.357533     -5.14172
  -0.0560143     0.102176     -4.40262
  -0.0623188    -0.245172     -4.96129
  -0.0653515    -0.357599     -5.14184
  -0.0570027     0.102155     -4.40266
  -0.0602449    -0.245397     -4.96163
   -0.067666    -0.357667     -5.14196
  -0.0603232     0.102104     -4.40278
  -0.0676547    -0.357671     -5.14197
  -0.0613128      0.10209     -4.40282
  -0.0672695    -0.244642     -4.96047
  -0.0723465    -0.357794     -5.14212
   -0.063463      0.10205      -4.4029
  -0.0720516    -0.243913     -4.95929
  -0.0735001    -0.357823     -5.14214
  -0.0656205     0.101988     -4.40303
   -0.073128    -0.243723     -4.95897
  -0.0759556    -0.357876     -5.14217
  -0.0677385     0.101911     -4.40318
  -0.0740682     -0.24358     -4.95871
  -0.0783233    -0.357925     -5.14221
  -0.0709884     0.101791      -4.4034
  -0.0806933    -0.357975     -5.14225
  -0.0719803     0.101756     -4.40347
  -0.0738112    -0.243666     -4.95891
  -0.0830629    -0.358033     -5.14228
  -0.0729706     0.101723     -4.40353
  -0.0823729    -0.241736     -4.95527
  -0.0830267    -0.358028     -5.14229
  -0.0751039      0.10166     -4.40365
  -0.0834924    -0.241505     -4.95478
  -0.0877788    -0.358167      -5.1424
  -0.0783959     0.101571     -4.40383
  -0.0845952    -0.241303     -4.95431
  -0.0935366    -0.358341     -5.14272
  -0.0782344     0.101578     -4.40382
   -0.085608    -0.241149     -4.95391
  -0.0935761    -0.358337     -5.14272
  -0.0815449     0.101503     -4.40397
  -0.0864489    -0.241065     -4.95361
  -0.0947384    -0.358371     -5.14281
  -0.0836878     0.101444     -4.40409
   -0.088816    -0.240649      -4.9521
  -0.0981516    -0.358481     -5.14312
  -0.0846837     0.101408     -4.40415
  -0.0882753   -0.0130811     -4.56831
  -0.0993158    -0.358514     -5.14321
  -0.0867916     0.101299     -4.40434
  -0.0903033   -0.0135106     -4.56913
   -0.100472    -0.358547      -5.1433
  -0.0867343     0.101327      -4.4043
  -0.0929389    -0.014115     -4.57025
   -0.103962    -0.358632     -5.14348
  -0.0931107      0.10086     -4.40506
   -0.094736   -0.0145419     -4.57102
   -0.106322    -0.358682     -5.14356
  -0.0930336     0.100899       -4.405
  -0.0965253   -0.0149796     -4.57181
   -0.108685    -0.358737     -5.14364
  -0.0976588     0.100868     -4.40507
  -0.0993312   -0.0157072     -4.57312
   -0.114474    -0.358919     -5.14396
  -0.0974569     0.100899     -4.40503
   -0.101143   -0.0161129     -4.57389
   -0.114504    -0.358919     -5.14398
   -0.101021     0.100997     -4.40488
   -0.102971   -0.0164975     -4.57464
   -0.114517    -0.358915     -5.14397
   -0.101983     0.101003     -4.40487
   -0.103984   -0.0167013     -4.57504
   -0.117977    -0.359022     -5.14426
   -0.104232     0.100995     -4.40486
   -0.120282    -0.359084     -5.14446
   -0.103979     0.101002     -4.40487
   -0.122582    -0.359145     -5.14467
   -0.107326     0.100863     -4.40503
    -0.12488    -0.359209     -5.14488
   -0.109431     0.100731      -4.4052
   -0.127174    -0.359275      -5.1451
   -0.110423     0.100671     -4.40528
   -0.129464    -0.359346     -5.14534
   -0.112543     0.100557     -4.40543
   -0.132813    -0.359462     -5.14579
   -0.117117     0.100449     -4.40557
   -0.132898    -0.359461     -5.14577
   -0.116915     0.100463     -4.40554
   -0.136184    -0.359589     -5.14637
   -0.116684     0.100466     -4.40553
   -0.136291     -0.35959     -5.14632
   -0.121343     0.100426     -4.40556
   -0.141643    -0.359793     -5.14737
   -0.122334     0.100411     -4.40557
    -0.14502    -0.359903      -5.1478
   -0.125764     0.100371     -4.40561
   -0.147307    -0.359972     -5.14802
   -0.127999     0.100365     -4.40561
   -0.148469    -0.360009     -5.14817
    -0.12899     0.100362      -4.4056
   -0.151774    -0.360112     -5.14862
   -0.129983     0.100358     -4.40559
   -0.152936     -0.36016     -5.14892
   -0.133404     0.100303     -4.40564
   -0.151941    -0.360122      -5.1486
   -0.134388     0.100275     -4.40566
   -0.158208    -0.360377     -5.15029
   -0.136563     0.100202     -4.40574
   -0.160419    -0.360467     -5.15082
   -0.139931     0.100054     -4.40591
   -0.161583    -0.360517     -5.15115
   -0.140911     0.099994     -4.40599
   -0.164936     -0.36062     -5.15163
   -0.143039    0.0998694     -4.40615
    -0.16857    -0.360701     -5.15179
   -0.145172    0.0997502     -4.40631
   -0.169732     -0.36073     -5.15189
   -0.147333    0.0996596     -4.40643
   -0.170892    -0.360759       -5.152
   -0.148324    0.0996343     -4.40646
    -0.17075    -0.360797     -5.15251
   -0.151797    0.0996166     -4.40646
   -0.173204    -0.360813      -5.1522
     -0.1528     0.099634     -4.40644
   -0.179401    -0.359639     -5.13398
   -0.153794    0.0996511     -4.40642
    -0.18056    -0.359681     -5.13427
   -0.156117    0.0996753     -4.40637
   -0.182698    -0.359762     -5.13483
    -0.15836    0.0996704     -4.40638
   -0.184812    -0.359848     -5.13543
   -0.160578    0.0996416     -4.40643
   -0.185977    -0.359896     -5.13576
   -0.161583    0.0996254     -4.40646
   -0.192884    -0.360171     -5.13787
   -0.164949    0.0995209     -4.40663
   -0.191232    -0.360109     -5.13741
   -0.165944    0.0994812     -4.40669
    -0.19429     -0.36022      -5.1383
   -0.168094    0.0993885     -4.40685
   -0.197348    -0.360332     -5.13921
   -0.170256    0.0993107     -4.40698
   -0.201485    -0.360493     -5.14052
   -0.172443    0.0992596     -4.40708
    -0.19912    -0.192244     -4.87743
   -0.203635    -0.360571     -5.14109
    -0.17465    0.0992265     -4.40716
   -0.199631    -0.191624     -4.87622
   -0.203823    -0.360576     -5.14114
   -0.176862    0.0991983     -4.40723
   -0.201189    -0.190068      -4.8729
   -0.201445    -0.190181     -4.87322
   -0.205976     -0.36065     -5.14169
   -0.179075    0.0991714      -4.4073
   -0.200554    -0.190596     -4.87424
   -0.209119    -0.360756     -5.14248
   -0.180067      0.09916     -4.40733
   -0.202256    -0.188862     -4.87076
   -0.203259    -0.188187     -4.86959
   -0.209307    -0.360762     -5.14254
   -0.182286    0.0991393      -4.4074
   -0.202382    -0.188705     -4.87066
   -0.203131    -0.188249     -4.86979
   -0.211462    -0.360837     -5.14312
   -0.183279     0.099131     -4.40742
   -0.204424    -0.186827     -4.86728
   -0.203319    -0.188068     -4.86961
   -0.211647    -0.360842     -5.14315
   -0.186729    0.0990983     -4.40752
   -0.206667    -0.184809     -4.86392
   -0.205302    -0.186205     -4.86629
   -0.214761    -0.360963     -5.14413
   -0.188948    0.0990728      -4.4076
   -0.207396    -0.184205     -4.86294
    -0.21685    -0.361057     -5.14497
   -0.189941    0.0990629     -4.40762
   -0.210351    -0.181217     -4.85807
   -0.209071    -0.182649     -4.86043
   -0.218862    -0.361182      -5.1463
   -0.194661     0.099046     -4.40773
   -0.212196    -0.179194     -4.85474
   -0.211033    -0.180622     -4.85711
   -0.194414     0.099054     -4.40771
    -0.21393     -0.17714     -4.85102
   -0.212952     -0.17847      -4.8535
   -0.196663     0.099062     -4.40774
     -0.2161    -0.174365     -4.84622
   -0.216398    -0.174147     -4.84587
   -0.198888    0.0990478     -4.40781
   -0.218545    -0.170828     -4.84042
    -0.21762    -0.172316     -4.84284
   -0.198683     0.099061     -4.40778
   -0.220492    -0.167927     -4.83581
   -0.219667    -0.169425     -4.83822
   -0.202068    0.0989655     -4.40798
   -0.221849    -0.165834     -4.83241
   -0.221071    -0.167342     -4.83488
   -0.205433    0.0988478      -4.4082
   -0.223519     -0.16294     -4.82741
   -0.223157     -0.16375     -4.82889
   -0.222772    -0.164528     -4.83029
   -0.206435    0.0988207     -4.40825
   -0.224031    -0.162372     -4.82645
   -0.208638    0.0987636     -4.40836
    -0.20963    0.0987401      -4.4084
   -0.213089     0.098681     -4.40851
   -0.214091    0.0986759     -4.40853
   -0.255889    -0.146016     -5.24295
   -0.255664    -0.147157     -5.24337
   -0.216365    0.0986833     -4.40853
   -0.218654    0.0987051      -4.4085
   -0.257503    -0.343953     -5.12187
   -0.219646    0.0987116      -4.4085
   -0.221899     0.098689     -4.40853
   -0.224103    0.0986117     -4.40862
   -0.259847    -0.342015     -5.11863
   -0.226343    0.0985059     -4.40875
   -0.263017    -0.339356     -5.11423
    -0.22733    0.0984594     -4.40881
   -0.229547    0.0983932     -4.40888
   -0.262975     -0.33934     -5.11376
    -0.23179    0.0983532     -4.40892
   -0.234017    0.0983005     -4.40899
   -0.236213    0.0982148      -4.4091
   -0.277102    -0.327671     -5.09561
   -0.238444     0.098106     -4.40925
   -0.278239     -0.32666     -5.09395
   -0.240636    0.0980091     -4.40938
   -0.241624     0.097968     -4.40944
   -0.278164    -0.326812     -5.09425
   -0.243833    0.0978864     -4.40954
   -0.281398    -0.324015     -5.08965
   -0.246039    0.0977964     -4.40966
   -0.285826    -0.320291     -5.08365
   -0.249443     0.097647     -4.40986
   -0.285624    -0.320571     -5.08411
   -0.250451    0.0976191     -4.40989
   -0.288863     -0.31776     -5.07955
   -0.251437    0.0975969     -4.40992
   -0.290026     -0.31675      -5.0779
    -0.25371    0.0975923     -4.40992
   -0.288774    -0.317948     -5.07983
    -0.25603    0.0976302     -4.40987
   -0.294339    -0.313196     -5.07215
   -0.258355    0.0976733     -4.40983
   -0.297729    -0.310309     -5.06753
   -0.259353    0.0976855     -4.40982
   -0.262834    0.0976302     -4.40997
   -0.303318    -0.305748     -5.06045
   -0.263811    0.0975558     -4.41012
   -0.303229    -0.305747     -5.06042
   -0.303091    -0.306106     -5.06103
    -0.26683    0.0971581     -4.41085
   -0.308058    -0.301759     -5.05426
   -0.304242    -0.305114     -5.05948
   -0.267776    0.0969632      -4.4112
   -0.304127    -0.305118     -5.05945
    -0.26794    0.0970135     -4.41112
   -0.269862    0.0963589     -4.41226
   -0.305005     -0.30451     -5.05853
   -0.272233    0.0954459     -4.41385
   -0.274312    0.0944236     -4.41559
   -0.274138     0.094377     -4.41566
   -0.276465    0.0927941     -4.41829
   -0.277407    0.0918424     -4.41984
   -0.278467    0.0909705     -4.42125
   -0.280283    0.0890463     -4.42432
   -0.280416    0.0890779     -4.42429
    -0.28132    0.0880277     -4.42596
   -0.282361    0.0871758     -4.42735
   -0.283265    0.0861288     -4.42905
   -0.285599    0.0839446     -4.43265
   -0.285616    0.0837677     -4.43292
   -0.286565    0.0828897     -4.43435
   -0.287483    0.0818143     -4.43608
   -0.289243    0.0798147     -4.43929
   -0.289334    0.0798476     -4.43925
   -0.290635    0.0782801     -4.44174
   -0.291619    0.0774221     -4.44313
   -0.292496      0.07632     -4.44489
   -0.331811    -0.281909     -5.02222
   -0.293943    0.0750201       -4.447
     -0.2953    0.0735181     -4.44943
   -0.331863    -0.281851     -5.02215
   -0.295436    0.0735327     -4.44942
   -0.295919    0.0729446     -4.45037
   -0.297852    0.0711917     -4.45321
   -0.298807    0.0701868     -4.45484
   -0.336214    -0.278264     -5.01633
    -0.30032    0.0687242     -4.45723
    -0.30258    0.0663499     -4.46109
     -0.3385    -0.276311      -5.0132
   -0.303123    0.0659187      -4.4618
   -0.304038    0.0648443     -4.46353
   -0.305481    0.0635455     -4.46564
   -0.305509    0.0633457     -4.46595
   -0.306956    0.0620552     -4.46806
   -0.309144    0.0596146     -4.47203
   -0.342715    -0.272781     -5.00761
   -0.309275    0.0596551     -4.47197
   -0.309752    0.0590062     -4.47301
   -0.347645    -0.268729     -5.00132
   -0.311584    0.0572321     -4.47587
   -0.312103    0.0566187     -4.47685
   -0.313956    0.0547092     -4.47993
    -0.31405    0.0546918     -4.47996
   -0.315432    0.0532157     -4.48235
   -0.348105    -0.268566      -5.0011
   -0.316451    0.0523351     -4.48378
   -0.318248    0.0503935      -4.4869
   -0.318843    0.0499664      -4.4876
   -0.318863    0.0497733      -4.4879
   -0.320787    0.0480302      -4.4907
   -0.320799    0.0478342       -4.491
   -0.322752    0.0460957     -4.49378
   -0.323675    0.0450356     -4.49546
   -0.360761    -0.257674     -4.98356
   -0.325162    0.0437328     -4.49757
   -0.326936    0.0417782     -4.50073
   -0.327035    0.0417688     -4.50075
   -0.329221    0.0393371     -4.50466
    -0.32973    0.0387047     -4.50567
   -0.329864    0.0387114     -4.50566
   -0.331219    0.0372139     -4.50806
   -0.368625    -0.251234     -4.97297
   -0.333214    0.0354857     -4.51084
   -0.333234    0.0353198      -4.5111
   -0.369539    -0.250643     -4.97205
   -0.333867     0.034895     -4.51179
   -0.335674     0.032942      -4.5149
     -0.3718     -0.24863     -4.96864
   -0.336685    0.0320788     -4.51629
    -0.33799    0.0304961     -4.51881
   -0.373974      -0.2467     -4.96547
   -0.372702    -0.248029     -4.96772
   -0.339355    0.0291564     -4.52096
   -0.339454    0.0289559     -4.52127
   -0.341288    0.0270306     -4.52436
   -0.373962    -0.246716     -4.96554
    -0.37495    -0.246081     -4.96453
    -0.34139    0.0269993     -4.52441
   -0.342809     0.025551     -4.52672
   -0.374805    -0.246119      -4.9646
   -0.344328    0.0242309     -4.52883
   -0.345754    0.0227837     -4.53114
   -0.375808    -0.245179     -4.96306
   -0.376836    -0.244525     -4.96206
   -0.345907    0.0227665     -4.53117
   -0.348177    0.0203897     -4.53498
   -0.376867    -0.244245     -4.96155
   -0.375471    -0.245655     -4.96388
   -0.348332    0.0204037     -4.53497
   -0.349663    0.0188374     -4.53746
   -0.379009    -0.242629     -4.95903
   -0.349827    0.0188743     -4.53742
   -0.351996    0.0164069     -4.54134
   -0.382562    -0.239596     -4.95425
   -0.353012    0.0155327     -4.54275
   -0.353942    0.0144449     -4.54447
   -0.387473    -0.235471     -4.94778
   -0.388634    -0.234754     -4.94673
   -0.354068     0.014415     -4.54452
   -0.355037    0.0133708     -4.54617
   -0.356465    0.0118897     -4.54851
   -0.388438    -0.234858     -4.94686
   -0.358338    0.0100998     -4.55136
   -0.358857   0.00947859     -4.55234
   -0.389429     -0.23393     -4.94537
   -0.360326   0.00815583     -4.55446
   -0.361708   0.00664526     -4.55686
   -0.395446    -0.228797     -4.93717
   -0.391602    -0.232278     -4.94281
   -0.362752   0.00576968     -4.55826
   -0.363673   0.00467586     -4.55999
    -0.39659    -0.227832     -4.93561
   -0.396408    -0.228184     -4.93623
   -0.364717   0.00380751     -4.56138
   -0.366059   0.00225929     -4.56383
   -0.396113    -0.228342     -4.93648
   -0.366661   0.00182877     -4.56453
   -0.368009  0.000281456     -4.56699
   -0.397122    -0.227404     -4.93496
   -0.398281    -0.226636     -4.93373
   -0.369011 -0.000608571     -4.56842
   -0.370391  -0.00213166     -4.57086
    -0.39955    -0.225341     -4.93156
   -0.399435    -0.225672     -4.93216
   -0.372362  -0.00409596       -4.574
   -0.373758  -0.00560517     -4.57641
   -0.399102     -0.22587     -4.93252
   -0.374771  -0.00649738     -4.57784
   -0.375692  -0.00760598      -4.5796
   -0.403877    -0.221793     -4.92579
   -0.399856    -0.225303     -4.93163
   -0.376708  -0.00848525     -4.58102
   -0.378006   -0.0100771     -4.58355
   -0.406154    -0.219846     -4.92259
   -0.403627    -0.222197     -4.92649
   -0.378988   -0.0109607     -4.58497
     -0.3811   -0.0134672     -4.58894
   -0.407092    -0.219238     -4.92164
    -0.38082   -0.0130334     -4.58826
   -0.381783   -0.0141347     -4.59001
   -0.383177   -0.0156365      -4.5924
   -0.409273     -0.21731     -4.91845
   -0.384206   -0.0165389     -4.59384
   -0.385651   -0.0179824     -4.59613
   -0.410297    -0.216378     -4.91689
   -0.411394    -0.215706     -4.91587
   -0.386745    -0.018871     -4.59756
   -0.387749   -0.0198615     -4.59914
   -0.410233     -0.21644     -4.91696
   -0.413638    -0.213774     -4.91266
    -0.38885   -0.0207528     -4.60058
   -0.390299    -0.022193     -4.60289
   -0.415965    -0.211725     -4.90923
   -0.391366   -0.0230876     -4.60432
   -0.392305   -0.0241865     -4.60606
   -0.418192    -0.209767     -4.90604
   -0.416834    -0.211134     -4.90831
   -0.393327   -0.0250682     -4.60747
   -0.394621   -0.0266833     -4.61002
   -0.418075    -0.209847     -4.90616
   -0.419155    -0.209159     -4.90512
   -0.395593    -0.027572     -4.61144
   -0.396495   -0.0287353     -4.61327
   -0.421414    -0.207171     -4.90194
   -0.398815   -0.0312073     -4.61721
   -0.400184   -0.0327431     -4.61969
   -0.422401    -0.206245     -4.90046
   -0.422186    -0.206595     -4.90105
   -0.401215   -0.0336318     -4.62114
   -0.402159   -0.0347203      -4.6229
   -0.422151    -0.206389     -4.90063
   -0.423343    -0.205644     -4.89955
   -0.403229   -0.0355931     -4.62432
   -0.404611   -0.0370978     -4.62673
    -0.42435    -0.204726     -4.89809
     -0.4057   -0.0379719     -4.62815
   -0.406634    -0.039054     -4.62988
   -0.407717   -0.0399322      -4.6313
   -0.409075   -0.0414651     -4.63374
   -0.410118   -0.0423501     -4.63518
   -0.411466   -0.0439004     -4.63767
   -0.412448   -0.0448087     -4.63914
   -0.413418   -0.0459107      -4.6409
    -0.41482   -0.0474421     -4.64336
   -0.415812   -0.0483424     -4.64482
   -0.416771   -0.0494309     -4.64657
   -0.417825   -0.0503211     -4.64802
   -0.419203   -0.0518227     -4.65046
   -0.420281   -0.0527068     -4.65193
   -0.421631   -0.0542301     -4.65441
   -0.422673   -0.0551173     -4.65587
    -0.42358   -0.0562662     -4.65769
    -0.42455   -0.0571776     -4.65913
   -0.425892   -0.0587749     -4.66164
   -0.428083   -0.0611985     -4.66549
   -0.428266   -0.0612394     -4.66557
   -0.428346   -0.0614715     -4.66594
   -0.430325   -0.0632009     -4.66874
   -0.431744   -0.0646724     -4.67111
   -0.432853   -0.0655495     -4.67254
   -0.433803   -0.0666516     -4.67431
   -0.435291   -0.0679532     -4.67641
   -0.436204   -0.0691123     -4.67825
   -0.437224   -0.0699952     -4.67967
   -0.438551   -0.0715876     -4.68221
   -0.439559   -0.0725103     -4.68371
   -0.441368   -0.0744577     -4.68685
   -0.442394    -0.075494     -4.68852
   -0.459806    -0.174951     -4.84996
   -0.443415   -0.0764373     -4.69005
   -0.443542   -0.0766377     -4.69037
    -0.45957    -0.175148      -4.8503
    -0.44633   -0.0792522     -4.69457
   -0.446006   -0.0790703     -4.69428
   -0.447502   -0.0803891     -4.69643
   -0.448845   -0.0819474     -4.69896
   -0.465467    -0.170288     -4.84261
   -0.449903   -0.0828249     -4.70041
   -0.451245   -0.0843906     -4.70295
   -0.452725   -0.0857085     -4.70507
   -0.454495   -0.0876986     -4.70824
    -0.45468   -0.0877563     -4.70834
   -0.456463   -0.0897352     -4.71152
   -0.456646   -0.0899833     -4.71191
   -0.458015   -0.0913492     -4.71411
   -0.459754   -0.0933598     -4.71735
   -0.461601   -0.0951095     -4.72023
    -0.46173   -0.0953806     -4.72065
   -0.463688   -0.0971041     -4.72348
   -0.464239   -0.0977575     -4.72452
   -0.478097    -0.159821     -4.82624
   -0.464479    -0.097823     -4.72463
   -0.466376   -0.0996912     -4.72764
   -0.477739    -0.160036     -4.82653
   -0.477641    -0.160345     -4.82708
   -0.467519     -0.10058     -4.72909
   -0.469816    -0.102906     -4.73278
   -0.477466    -0.160259     -4.82688
   -0.470034    -0.102966     -4.73289
   -0.469716    -0.102796     -4.73262
    -0.47829    -0.159685       -4.826
   -0.472468    -0.105404     -4.73678
    -0.47344    -0.106518     -4.73858
   -0.477849    -0.159956     -4.82642
   -0.477718    -0.160267     -4.82695
    -0.47504    -0.108121     -4.74118
   -0.476798    -0.110127     -4.74439
   -0.479018    -0.112334     -4.74796
   -0.479543    -0.113068     -4.74912
   -0.479798    -0.113095     -4.74918
   -0.481616    -0.115062      -4.7523
   -0.491458     -0.14862     -4.80799
   -0.482343    -0.115464     -4.75296
   -0.484463     -0.11726     -4.75585
   -0.492444    -0.147739     -4.80652
    -0.49241    -0.148023     -4.80707
   -0.494679    -0.146052     -4.80381
   -0.492956    -0.147382     -4.80592
   -0.495207    -0.145405     -4.80267
   -0.492575    -0.147871     -4.80675
   -0.498641    -0.142387      -4.7977
   -0.499787    -0.141635     -4.79648
   -0.498289    -0.142825     -4.79846
   -0.499644    -0.141542     -4.79632
   -0.499768    -0.141361     -4.79601
   -0.496219    -0.103917     -4.73618
   -0.497144    -0.107817     -4.74222
     -0.4974    -0.108919     -4.74392
   -0.497791    -0.110582     -4.74649
   -0.498445     -0.11336     -4.75081
   -0.498945    -0.115587     -4.75426
   -0.499432    -0.117819      -4.7577
   -0.499913    -0.120047     -4.76115
   -0.500391    -0.122273     -4.76461
   -0.500866    -0.124502     -4.76807
   -0.501453    -0.127304     -4.77239
   -0.502393    -0.133595     -4.78241
    -0.50249    -0.134067     -4.78317
   -0.502172    -0.136776     -4.78794
   -0.501704    -0.128501     -4.77423
   -0.502193    -0.131285      -4.7786