   0.882089    0.317163     0.90236
   0.888391     0.31741    0.902192
   0.892172    0.316613    0.885806
    0.89358    0.316909    0.876132
   0.893636    0.316937    0.874009
   0.887128    0.317423    0.902374
   0.888005    0.317505    0.902414
   0.893821    0.316987    0.869741
   0.894144    0.317072    0.865981
   0.885542     0.31744    0.902602
   0.886287    0.317486    0.902594
   0.894247    0.317116    0.862344
   0.879584     0.31748    0.902778
   0.885051    0.317562    0.902887
    0.89451    0.319159    0.857816
   0.881284    0.317497    0.902905
   0.881988    0.317544    0.902933
   0.893459    0.325788    0.901495
   0.869382     0.31744    0.902745
   0.870063     0.31749    0.902802
   0.874492    0.317547    0.902877
   0.893517    0.327369    0.901398
    0.86817    0.317491    0.902799
   0.870754    0.317552       0.903
   0.893465    0.328631    0.901612
   0.868497    0.317491    0.902928
   0.863674    0.317519    0.902809
   0.869897     0.31757    0.903019
   0.893516    0.330188    0.901868
   0.865128    0.317477    0.902776
   0.865885    0.317535    0.902842
   0.864832    0.317565    0.902994
    0.89346    0.330787    0.901924
   0.861954    0.317486      0.9029
   0.860739    0.317521    0.902805
   0.861448    0.317554    0.902842
   0.893508    0.332974    0.902057
   0.858608    0.317485    0.902759
   0.859366     0.31754    0.902822
   0.861878    0.317565    0.902987
   0.893457    0.333567    0.902066
   0.853431    0.317464    0.902722
   0.854184    0.317524     0.90279
    0.85497    0.317572    0.902845
   0.893505    0.336393     0.90208
   0.852025    0.317477    0.902733
   0.854682    0.317547    0.902938
   0.849792    0.317548    0.902812
   0.893451    0.336983    0.902054
   0.850519    0.317467    0.902718
    0.84756    0.317506    0.902761
   0.851954    0.317558    0.902822
   0.893434    0.338214    0.902003
   0.893497    0.338515    0.902003
   0.845531    0.317489    0.902739
   0.849746    0.317517    0.902773
   0.850446    0.317547    0.902808
   0.893457    0.340384    0.901939
   0.843988    0.317476    0.902723
   0.844734    0.317532    0.902786
   0.845446     0.31757     0.90283
   0.893452    0.342262    0.901952
   0.893513    0.342566    0.901974
   0.838921     0.31748    0.902735
    0.84325     0.31753    0.902781
   0.843938    0.317562    0.902818
    0.89346    0.343159    0.901984
    0.83737    0.317458    0.902709
   0.838094    0.317512     0.90277
   0.838823    0.317556     0.90282
   0.893444     0.34504    0.902043
    0.89351    0.345343    0.902063
   0.835927    0.317467    0.902717
    0.84016    0.317498    0.902741
   0.840953    0.317547    0.902798
   0.893461    0.345935    0.902069
   0.832613    0.317469    0.902769
   0.838963    0.317546    0.902793
   0.834068    0.317564    0.902877
   0.893451    0.347174    0.902086
   0.893513    0.348115    0.902103
   0.827486    0.317474     0.90275
   0.828252    0.317529    0.902812
    0.83439    0.317547    0.902803
    0.89346    0.348707    0.902092
   0.825945    0.317459     0.90273
   0.832382     0.31754    0.902793
   0.827406    0.317556    0.902841
    0.89447    0.345816    0.856278
   0.894538    0.346121    0.856291
   0.820873    0.317481     0.90273
   0.821629    0.317531    0.902788
    0.82957    0.317546     0.90285
   0.893459    0.352117    0.902088
   0.819311    0.317466     0.90271
   0.820031    0.317514    0.902764
   0.824459    0.317559     0.90284
   0.893446    0.353354    0.902112
   0.894546     0.34894    0.856377
   0.817857    0.317475    0.902715
   0.822207    0.317508    0.902779
   0.819287    0.317558    0.902811
   0.894492    0.350193    0.856437
   0.812613    0.317462    0.902671
   0.815288    0.317525    0.902853
   0.817832    0.317565    0.902815
    0.89447    0.350798    0.856464
   0.893512    0.357074    0.902239
   0.996188    0.316915   0.0934062
   0.998629     0.31812   0.0934847
    0.99892    0.318492   0.0933458
   0.811192     0.31748    0.902686
   0.811928    0.317524    0.902737
    0.81262     0.31756    0.902779
    0.89347    0.358305    0.902237
     0.9907    0.315254   0.0930553
   0.991679     0.31551   0.0931983
   0.992401    0.315719   0.0932061
    0.99305    0.315915   0.0931744
   0.993875    0.316146   0.0932177
    1.00069    0.320799   0.0931603
    1.00097    0.321356   0.0932569
   0.809691    0.317473    0.902672
   0.810426    0.317521    0.902728
   0.811147    0.317568    0.902782
   0.893455    0.360178    0.902217
   0.893522    0.359839    0.902235
   0.981556     0.31624    0.128252
   0.983016    0.315908    0.120268
    0.98632    0.314071   0.0925985
    0.98714    0.314326    0.092525
   0.988101    0.314602   0.0925454
   0.989213    0.314895    0.092695
    1.00105    0.321909    0.093251
    1.00143    0.323107   0.0934017
    0.80818    0.317472    0.902665
   0.812481    0.317487    0.902714
   0.809625    0.317556    0.902764
   0.894488    0.357144    0.856675
    0.96262      0.3157      0.1749
   0.977663    0.316224     0.14096
   0.978296    0.316231      0.1393
   0.980934    0.316669    0.135945
   0.981385    0.316546    0.132482
    1.00149    0.324474   0.0934308
   0.799239    0.317477    0.902614
    0.80752    0.317531    0.902729
   0.804438    0.317569    0.902746
   0.894467    0.357114    0.856673
   0.894535    0.358053    0.856678
   0.955965    0.315894    0.197655
   0.956212     0.31595    0.197582
   0.955373    0.315865    0.199391
   0.955962    0.315876    0.197541
   0.959296     0.31583    0.186604
   0.958727    0.315954    0.188782
    1.00151     0.32656   0.0934688
    1.00162    0.326971   0.0935277
   0.801519    0.317485    0.902642
   0.802191    0.317516    0.902679
   0.799253    0.317575    0.902724
   0.893469    0.364474     0.90216
   0.955802    0.316595    0.204778
   0.957721    0.316647    0.201131
   0.958585    0.316573    0.198133
   0.957404    0.316116     0.19611
   0.957692     0.31595    0.193261
    1.00156    0.328386   0.0935206
   0.792476    0.317469    0.902583
   0.793092    0.317494    0.902611
   0.797725    0.317573    0.902717
   0.894476    0.360536    0.856604
   0.894581    0.361511    0.856602
   0.936418    0.315973    0.252953
   0.935745    0.316128    0.256678
   0.936682    0.316151    0.254198
   0.936788    0.316218    0.254369
   0.938284    0.316019    0.247458
   0.940331    0.315796    0.238659
    1.00155    0.330481   0.0935343
    1.00163    0.330198    0.093575
   0.794813    0.317485    0.902612
    0.79549    0.317517    0.902649
   0.792524    0.317573    0.902698
    0.89454    0.362087     0.85658
   0.932469    0.315976    0.262919
   0.933628    0.316012    0.260641
   0.934707    0.316066    0.258364
   0.936966    0.315947    0.251198
   0.933582    0.315934    0.259834
    1.00157    0.332288   0.0935591
   0.789472    0.317457    0.902564
    0.79013     0.31749    0.902602
   0.794804    0.317576    0.902713
   0.894713    0.363658     0.85659
   0.913686     0.31625    0.319899
   0.914466    0.316464    0.320415
   0.916914    0.316298    0.311691
   0.917935     0.31618    0.307345
   0.930141    0.316225    0.270363
   0.931169    0.316149    0.267144
    1.00154    0.334381   0.0935625
    1.00163    0.334098   0.0936047
   0.784286    0.317466    0.902568
   0.788737    0.317502    0.902613
   0.789467     0.31755    0.902668
   0.907739    0.316895    0.351302
    0.90769    0.316845     0.35094
   0.907842    0.316526    0.342976
   0.909743     0.31617    0.329631
   0.912861    0.315858    0.317002
   0.912001    0.315968    0.319923
   0.913642    0.315951    0.315918
    1.00157    0.336189   0.0936029
   0.786529    0.317457     0.90256
   0.791161    0.317524    0.902645
   0.784175     0.31754    0.902652
    1.00155    0.338284   0.0936228
    1.00164    0.338001   0.0936622
    0.78134     0.31747    0.902571
   0.785663    0.317481    0.902585
    0.78645    0.317538     0.90265
    1.00157    0.339421   0.0936511
   0.776142    0.317477    0.902585
   0.784325    0.317506    0.902612
   0.781286    0.317556    0.902667
    1.00154    0.341512   0.0936548
    1.00163    0.341899   0.0937019
   0.778407    0.317484    0.902584
   0.779004    0.317496    0.902598
   0.779762    0.317549    0.902658
    1.00158    0.343984   0.0936664
   0.773126    0.317469    0.902575
   0.773795    0.317499    0.902609
   0.774576    0.317562     0.90268
    1.00156    0.344738   0.0936488
    1.00164    0.345822   0.0936751
   0.771667    0.317475    0.902581
   0.775986    0.317482    0.902579
   0.773074    0.317552    0.902668
    1.00158     0.34724     0.09362
   0.768271     0.31747    0.902646
   0.770927    0.317509    0.902619
    0.77166    0.317565    0.902682
   0.894918    0.376161     0.85681
    1.00154     0.34866   0.0935799
    1.00163    0.349043   0.0936202
   0.761053    0.317479    0.902687
   0.761787    0.317514    0.902727
   0.771983    0.317546     0.90275
   0.893663    0.381111    0.902198
    1.00157    0.351128    0.093565
   0.761463    0.317467    0.902622
   0.758224    0.317478    0.902616
   0.760949    0.317553    0.902771
   0.894674    0.379572    0.856801
    1.00154    0.353216   0.0935338
    1.00163    0.353601   0.0935759
   0.760028    0.317486    0.902644
    0.75879    0.317514    0.902727
   0.761391    0.317548    0.902714
   0.893609    0.385144    0.902163
    1.00157    0.355019   0.0935364
   0.750759    0.317465    0.902579
   0.755296    0.317491    0.902629
   0.760018    0.317573    0.902743
   0.893674    0.386041    0.902158
    1.00153    0.357108   0.0935113
    1.00162    0.357494   0.0935563
   0.753216    0.317482    0.902618
   0.750056    0.317508    0.902626
   0.750787    0.317558    0.902684
    0.89366    0.388553    0.902053
    1.00158    0.359581   0.0935257
   0.747804    0.317465    0.902575
    0.74436    0.317449    0.902537
   0.757138    0.317584    0.902756
   0.893722    0.389443    0.902023
    1.00155    0.360999   0.0935046
    1.00164    0.361389   0.0935485
   0.742461    0.317475    0.902561
    0.75077    0.317475    0.902608
   0.747765    0.317548    0.902666
   0.893679     0.39067    0.901966
    1.00159    0.362804   0.0935127
   0.744838    0.317468    0.902572
   0.741505    0.317468    0.902552
    0.74232    0.317538    0.902631
   0.893761     0.39284    0.901964
    1.00156    0.362886   0.0934914
    1.00165    0.365278   0.0935274
    0.74017    0.317497     0.90258
   0.744723    0.317536    0.902648
   0.893718    0.394064    0.901974
     1.0016    0.366025   0.0934918
   0.742587      0.3175    0.902604
   0.739417    0.317554    0.902642
   0.893776    0.395609    0.902014
    1.00157    0.366777   0.0934688
    1.00165    0.369163   0.0934812
   0.737118     0.31749    0.902565
   0.734135    0.317572    0.902639
   0.893723    0.396834    0.902012
    1.00159    0.370612   0.0934356
   0.727672    0.317463    0.902501
   0.736536    0.317575    0.902658
   0.893779     0.39773     0.90202
    1.00156    0.371363    0.093417
    1.00165    0.371049   0.0934699
   0.726364    0.317491    0.902529
   0.727135    0.317551    0.902598
   0.893748    0.400239    0.901957
    1.00161    0.374503   0.0934368
   0.720676    0.317437    0.902462
   0.723615    0.317532     0.90269
   0.893824    0.401768    0.901923
    1.00157    0.374588   0.0934214
    1.00166    0.376304   0.0934662
   0.727148    0.317461    0.902502
    0.72413     0.31754    0.902581
   0.893776    0.402356    0.901896
     1.0016    0.376389   0.0934401
   0.717838    0.317461    0.902485
   0.718655    0.317532    0.902565
   0.893868    0.403896    0.901906
    1.00154    0.378477   0.0934208
    1.00162    0.378857   0.0934679
   0.720295    0.317467    0.902493
   0.721085    0.317529    0.902563
   0.893833    0.405768    0.902004
    1.00157    0.380945   0.0934628
   0.718929    0.317485    0.902511
   0.715733    0.317541     0.90257
   0.893868    0.407307    0.902158
    1.00153    0.382364   0.0934604
    1.00163    0.384089   0.0935312
   0.713424    0.317474    0.902492
   0.712386    0.317559    0.902686
   0.893759    0.409178     0.90227
    1.00158    0.384169   0.0935046
   0.708015    0.317474    0.902494
   0.704775    0.317526    0.902566
    0.89379    0.410069    0.902272
    1.00154    0.386257   0.0935075
    1.00164     0.38798   0.0935804
    0.70655    0.317478    0.902496
   0.707334    0.317541    0.902567
   0.893694    0.411934    0.902148
    1.00158    0.388061   0.0935535
   0.705129    0.317482    0.902497
   0.705936    0.317553    0.902578
   0.893657    0.414069    0.901978
    1.00155    0.390151   0.0935663
    1.00164    0.390534   0.0936187
   0.701522    0.317463     0.90254
   0.704251    0.317513     0.90253
   0.893605    0.414671    0.901942
    1.00158    0.392621   0.0936184
   0.691909    0.317443    0.902459
   0.696806    0.317524    0.902579
   0.893557    0.415901    0.901908
   0.893643    0.416842    0.901931
    1.00154     0.39404   0.0936125
    1.00163    0.394425   0.0936642
   0.696517     0.31745    0.902463
   0.693391    0.317547    0.902638
   0.893627    0.418077    0.901955
    1.00158    0.395842   0.0936542
   0.688998     0.31746    0.902472
   0.691842    0.317542     0.90263
   0.893625    0.419308    0.901977
   0.893701    0.419612    0.901993
    1.00155    0.397928   0.0936513
    1.00164    0.398313    0.093701
   0.691522    0.317462    0.902497
   0.690315    0.317536    0.902618
   0.893649    0.420841    0.901979
    1.00159     0.39973   0.0936785
   0.686078     0.31747    0.902476
   0.682677    0.317512    0.902497
   0.893624    0.421436    0.901966
   0.893687    0.422368    0.901965
    1.00153    0.401814   0.0936533
    1.00163    0.402197   0.0937005
   0.676585    0.317486    0.902441
   0.689237    0.317505     0.90254
   0.893645    0.423597    0.901947
    1.00158    0.403614   0.0936716
   0.674827     0.31744    0.902386
   0.675611    0.317505     0.90246
   0.893634    0.424826    0.901962
   0.893712    0.425136    0.901986
    1.00154    0.405728   0.0936341
    1.00163    0.406111   0.0936803
   0.675607    0.317481    0.902556
   0.682197      0.3175    0.902499
   0.893692       0.427    0.902064
    1.00158    0.407527   0.0936463
   0.676047    0.317467    0.902433
   0.672717    0.317522    0.902473
   0.893683    0.427588    0.902086
   0.893754    0.427904    0.902113
    1.00153    0.409609   0.0936121
    1.00162    0.409994   0.0936586
   0.674391    0.317446    0.902407
   0.673312     0.31753    0.902606
   0.893737    0.429759    0.902122
    1.00158    0.411411   0.0936248
   0.669034    0.317478    0.902418
   0.663742     0.31754    0.902597
   0.893814    0.430659    0.902112
    1.00154    0.413493   0.0935741
    1.00164    0.413209   0.0936238
    0.66344    0.317476    0.902394
   0.670329    0.317533    0.902603
   0.893811    0.432516    0.901991
    1.00158     0.41529   0.0935643
    0.66192    0.317467    0.902382
   0.666955     0.31756    0.902504
   0.893889    0.434047    0.901911
    1.00153    0.416706   0.0935162
    1.00162    0.417086   0.0935568
   0.652506    0.317516    0.902416
   0.661125    0.317518    0.902438
   0.893828     0.43529    0.901856
    1.00158    0.419169   0.0935135
   0.650548    0.317438    0.902325
   0.655639    0.317536    0.902443
   0.656331     0.31756    0.902471
     0.8938    0.437437    0.901818
    1.00153    0.420584   0.0934729
    1.00163    0.420967   0.0935154
    0.64921     0.31746    0.902347
   0.650018    0.317525     0.90242
   0.893728    0.438039    0.901798
    1.00158    0.423049   0.0934736
    0.64989    0.317468    0.902484
   0.648414    0.317503    0.902393
   0.649094    0.317525    0.902419
    0.89367    0.439269    0.901777
   0.893726    0.440194    0.901783
    1.00153    0.424463   0.0934382
    1.00163    0.424849   0.0934855
   0.650195    0.317439    0.902326
    0.64702     0.31752    0.902409
   0.647634    0.317526    0.902417
   0.893688    0.442066    0.901771
     1.0016    0.426931   0.0934603
   0.644774    0.317466    0.902345
   0.641323    0.317509    0.902392
    0.65024    0.317536    0.902433
   0.893664    0.442665    0.901764
   0.893737    0.442314     0.90178
    1.00156    0.427679   0.0934352
    1.00165    0.428729   0.0934786
   0.639142    0.317464    0.902339
   0.642042     0.31753    0.902522
   0.644681    0.317537    0.902423
   0.893666    0.444821    0.901762
     1.0016     0.43084   0.0934334
    0.63761    0.317454    0.902325
   0.638403    0.317517    0.902397
   0.639073    0.317541    0.902424
    0.89363    0.445414    0.901766
   0.893692    0.446348    0.901802
    1.00155     0.43159   0.0934052
    1.00164    0.432637   0.0934456
   0.634116    0.317471    0.902425
   0.638938    0.317509    0.902493
   0.641658    0.317529    0.902409
   0.893647    0.446941    0.901819
    1.00161    0.434719   0.0934198
   0.628354    0.317451    0.902375
   0.633423    0.317532    0.902492
   0.634075    0.317554    0.902518
   0.893598    0.448797    0.901912
   0.893673    0.449105    0.901944
    1.00156    0.434803   0.0933964
    1.00165    0.435851   0.0934451
   0.622814    0.317476    0.902379
   0.633765     0.31749    0.902358
   0.630455    0.317534    0.902422
   0.893625    0.450971    0.902026
     1.0016    0.438598   0.0934323
   0.625406    0.317458    0.902381
   0.626191    0.317519     0.90245
   0.631108    0.317558    0.902517
   0.893583    0.450924    0.902014
    0.89368    0.451869    0.902064
    1.00155    0.439348   0.0934128
    1.00164    0.439731   0.0934639
   0.621794     0.31747    0.902423
   0.626678    0.317493    0.902372
   0.623238    0.317547     0.90251
   0.893679     0.45374    0.902108
     1.0016    0.441147   0.0934602
   0.615986    0.317434    0.902403
   0.618889    0.317496    0.902398
   0.619651     0.31754    0.902448
   0.893652    0.453693    0.902102
   0.893742    0.454633    0.902134
    1.00155     0.44323   0.0934631
    1.00164    0.443611    0.093514
   0.616673    0.317446    0.902341
   0.617444    0.317499    0.902401
   0.616033     0.31753     0.90251
   0.893709    0.455865    0.902136
     1.0016    0.445028   0.0935085
   0.615203    0.317446    0.902339
   0.613865    0.317506    0.902481
   0.614587    0.317543    0.902523
   0.893701    0.457734    0.902104
   0.893775    0.458041    0.902106
    1.00154    0.446443   0.0934946
    1.00163    0.446827   0.0935453
    0.60946    0.317443    0.902311
   0.606134    0.317516    0.902372
   0.613055    0.317532    0.902509
   0.893732    0.458625    0.902072
     1.0016    0.448909   0.0935584
   0.607938    0.317437    0.902303
   0.606653      0.3175    0.902477
   0.607411    0.317542    0.902526
   0.893733    0.461107    0.901918
   0.893797    0.460786    0.901952
    1.00156    0.450323   0.0935584
    1.00166    0.451376   0.0936282
   0.604436    0.317456    0.902426
   0.605201    0.317507    0.902483
    0.60589    0.317535    0.902516
   0.893735    0.462636    0.901858
    1.00162    0.452791   0.0936324
   0.600704     0.31744    0.902279
   0.605762    0.317502    0.902373
   0.602191     0.31753    0.902383
   0.893702    0.463229    0.901843
    0.89376    0.464159    0.901852
    1.00156    0.454207   0.0936279
    1.00165    0.453924   0.0936708
   0.594984    0.317451    0.902271
    0.60406    0.317472    0.902338
   0.600681    0.317529    0.902379
   0.893715     0.46539     0.90186
    1.00162     0.45667   0.0936849
   0.593353    0.317422    0.902235
   0.598594    0.317513    0.902358
   0.597222    0.317554    0.902526
   0.893679    0.465982    0.901866
   0.893782    0.467558    0.901921
    1.00156    0.458085   0.0936664
    1.00165    0.458463   0.0937136
    0.58771    0.317446    0.902244
   0.596831    0.317467    0.902304
   0.589094    0.317515    0.902324
   0.893732    0.467511    0.901911
     1.0016    0.460542   0.0936815
   0.590408    0.317431     0.90224
   0.591194    0.317486    0.902303
   0.587607    0.317522    0.902328
   0.893753    0.470019    0.901969
   0.893841    0.470319    0.901993
    1.00153    0.461956   0.0936374
    1.00162    0.462334   0.0936795
    0.58888    0.317435    0.902242
    0.58142    0.317536    0.902324
   0.588418     0.31754    0.902489
   0.893786    0.470272    0.901981
    1.00158     0.46375   0.0936485
   0.587464    0.317448    0.902253
   0.583908    0.317492    0.902284
   0.588941    0.317539    0.902357
   0.893799    0.472145    0.902024
   0.893859    0.472435    0.902041
    1.00153    0.465858   0.0935971
    1.00162    0.466904   0.0936349
   0.579679    0.317469    0.902376
   0.576241    0.317534    0.902423
   0.583142    0.317534    0.902329
   0.893802    0.473665    0.902045
    1.00159    0.467654   0.0936144
   0.578141    0.317453    0.902354
    0.57646    0.317465     0.90223
   0.581747    0.317553    0.902346
   0.893765    0.474896    0.902045
   0.893798    0.476454    0.902053
    1.00153    0.469067   0.0935755
    1.00162    0.470112   0.0936161
   0.574327    0.317438    0.902194
   0.575063    0.317479    0.902241
    0.57579    0.317519    0.902288
    0.89376    0.476416    0.902044
    1.00159    0.471527   0.0935953
    0.56846    0.317424    0.902168
   0.573598    0.317484    0.902243
   0.574326     0.31753    0.902296
   0.893693     0.47828    0.902025
   0.893762    0.478567    0.902038
    1.00153    0.472939   0.0935599
    1.00162    0.473984   0.0935989
   0.562898    0.317468    0.902221
   0.569978    0.317488    0.902355
    0.57074    0.317534    0.902409
   0.893704    0.480434    0.902026
    1.00159    0.474735   0.0935752
   0.565525    0.317443    0.902183
   0.566257    0.317483    0.902229
   0.567026    0.317535    0.902288
    0.89367    0.481024    0.902023
   0.893749    0.481329    0.902041
    1.00153    0.477473   0.0935251
    1.00162    0.477858   0.0935668
   0.559771    0.317459    0.902206
   0.568864    0.317454    0.902195
    0.56133    0.317553    0.902313
   0.893733    0.482554    0.902049
    1.00161    0.479935   0.0935403
   0.560455    0.317458    0.902286
   0.561212    0.317505     0.90234
   0.557448    0.317532    0.902346
   0.893724    0.483783    0.902059
   0.893803     0.48408    0.902077
    1.00156     0.48068    0.093503
    1.00166    0.481729   0.0935447
   0.554547    0.317451    0.902253
   0.557411    0.317474     0.90222
   0.558174    0.317524    0.902276
    0.89376    0.485946    0.902113
    1.00162    0.483804   0.0935116
   0.559431    0.317424    0.902149
   0.560342    0.317492    0.902226
   0.558931    0.317546    0.902382
   0.893714    0.487173    0.902153
   0.893791     0.48684     0.90215
    1.00157    0.484551    0.093475
    1.00166    0.485597   0.0935116
   0.551544    0.317459    0.902258
   0.554273    0.317456    0.902196
   0.552982    0.317532    0.902341
   0.893724    0.489332    0.902223
    1.00162    0.485683    0.093495
   0.541177    0.317444    0.902186
   0.541682    0.317445    0.902189
   0.551565    0.317552    0.902362
   0.893673    0.489921    0.902214
   0.893724    0.490857     0.90222
    1.00157    0.489116   0.0934195
    1.00165    0.489493   0.0934606
      0.542    0.317475    0.902306
   0.540602    0.317513    0.902262
   0.541278     0.31755    0.902304
   0.893671    0.492081    0.902199
    1.00162    0.490245   0.0934392
   0.540436    0.317461    0.902287
   0.538771    0.317463    0.902201
   0.539629    0.317533    0.902281
   0.893617    0.492669    0.902187
   0.893686    0.493612    0.902203
    1.00155    0.491658   0.0933946
    1.00163    0.492034   0.0934357
   0.538971    0.317473    0.902297
   0.539626    0.317492     0.90232
   0.538212    0.317543    0.902289
   0.893678    0.494835    0.902211
     1.0016    0.493449   0.0934215
   0.535163    0.317447    0.902174
   0.538225    0.317506    0.902332
   0.538972    0.317561    0.902395
   0.893665    0.496691    0.902223
   0.893736    0.496364    0.902233
    1.00155    0.496188   0.0934128
    1.00164    0.497232   0.0934689
   0.533676     0.31745    0.902174
   0.534317    0.317468    0.902195
   0.535121    0.317527    0.902263
   0.893716    0.498219    0.902223
    1.00161     0.49732   0.0934561
   0.523186    0.317427     0.90209
   0.532908    0.317478    0.902203
   0.536026    0.317562    0.902389
   0.893674    0.498811    0.902206
   0.893745    0.499739    0.902209
    1.00155    0.499396   0.0934464
    1.00164    0.501105   0.0935129
   0.526179    0.317444    0.902132
   0.526849    0.317463    0.902154
   0.531974      0.3175    0.902226
   0.893722    0.500332    0.902196
    1.00162    0.501192      0.0935
   0.524661    0.317439    0.902123
   0.520756    0.317441    0.902103
   0.526151    0.317527    0.902224
   0.893698     0.50155    0.902179
   0.893823    0.503134    0.902196
    1.00157    0.502602     0.09349
    1.00166     0.50365   0.0935504
   0.518694    0.317442    0.902101
   0.521713    0.317474    0.902278
   0.520171    0.317519    0.902189
   0.893829    0.504353    0.902188
    1.00164    0.505063   0.0935524
    0.51951    0.317448    0.902244
    0.51782    0.317452    0.902111
    0.51863    0.317516    0.902184
   0.893787    0.504297    0.902182
    0.89392    0.505886    0.902194
    1.00157    0.507137   0.0935482
    1.00166    0.508181   0.0936077
   0.515702    0.317451    0.902107
   0.516284    0.317451    0.902108
   0.517091     0.31751    0.902175
   0.893872     0.50647    0.902183
    1.00163    0.508932   0.0936054
   0.509693     0.31744    0.902078
   0.510292    0.317447    0.902087
   0.511133    0.317517    0.902166
   0.893844     0.50771    0.902177
   0.893881    0.508621    0.902189
    1.00157    0.511669   0.0936084
    1.00165    0.512046    0.093652
    0.50448    0.317475    0.902107
   0.509651    0.317518    0.902165
   0.893817    0.509222    0.902181
    1.00163    0.512137   0.0936391
   0.505176    0.317458    0.902227
   0.506011    0.317529    0.902307
   0.893725     0.51109    0.902176
   0.893797    0.510735    0.902189
    1.00155    0.514211   0.0936107
    1.00162    0.515913   0.0936601
   0.499309     0.31748    0.902228
   0.504494     0.31752    0.902295
   0.893744    0.512599    0.902174
     1.0016    0.516002    0.093651
   0.499787    0.317446    0.902065
   0.496086    0.317508     0.90213
   0.893682    0.514472    0.902125
   0.893732    0.514752     0.90213
    1.00155    0.518078   0.0936402
    1.00163    0.519119   0.0936912
   0.496238     0.31748    0.902222
   0.499062    0.317508    0.902133
   0.893722    0.514707    0.902135
     1.0016    0.520532   0.0936885
   0.492269    0.317454    0.902062
   0.493111    0.317524    0.902142
   0.893544    0.517211     0.90206
    1.00153    0.522605   0.0936565
    1.00161    0.522982   0.0936972
   0.493157    0.317473    0.902208
   0.496029     0.31751    0.902129
   0.893566    0.518091    0.902075
     1.0016    0.524396   0.0936869
   0.489327     0.31746    0.902063
    0.48539     0.31749    0.902103
   0.893498    0.519317    0.902094
    1.00154    0.525834   0.0936465
    1.00162    0.526216   0.0936871
   0.485525    0.317455    0.902157
   0.486348    0.317518    0.902228
   0.893607    0.521478    0.902187
    1.00161    0.527628   0.0936659
   0.481724     0.31745    0.902054
    0.48255    0.317517     0.90213
   0.893596    0.522698    0.902204
   0.893709    0.523656    0.902223
    1.00155    0.528374   0.0936278
    1.00164    0.530741   0.0936408
   0.482456    0.317453    0.902151
    0.48535    0.317486    0.902084
   0.893706    0.524235     0.90221
    1.00163     0.53149    0.093623
   0.476481    0.317466    0.902141
    0.47731    0.317535    0.902218
   0.893696    0.525453    0.902168
    0.89378    0.525766    0.902174
    1.00157    0.532899   0.0935755
    1.00166    0.533938   0.0936079
   0.470439    0.317475    0.902126
   0.475714    0.317519      0.9022
   0.893788    0.526982    0.902139
    1.00163     0.53535   0.0935804
    0.46645    0.317453    0.902156
   0.476691    0.317548    0.902159
   0.893794    0.528196     0.90213
   0.893889    0.528511    0.902149
    1.00156    0.536759   0.0935274
    1.00164    0.537138   0.0935604
   0.465083    0.317478    0.902182
   0.472614    0.317507    0.902185
   0.893883    0.529727    0.902175
    1.00163    0.538548   0.0935328
   0.458705    0.317429    0.902135
   0.464321    0.317531    0.902241
   0.893871    0.532216    0.902242
   0.893931    0.532517    0.902251
    1.00158    0.540618    0.093482
    1.00166    0.541659   0.0935166
   0.459659    0.317453    0.902067
   0.455893    0.317522    0.902119
   0.893869    0.533106    0.902233
    1.00164    0.542409   0.0935021
   0.458113    0.317445    0.902056
   0.458947    0.317514    0.902134
   0.893818    0.533705    0.902217
   0.893833    0.534615     0.90219
    1.00157    0.544481   0.0934611
   0.458776    0.317435    0.902126
   0.459597    0.317497    0.902196
    0.89376    0.536479     0.90212
    1.00163     0.54627   0.0934895
   0.450376    0.317436    0.902015
    0.45603    0.317533    0.902151
   0.893689    0.537702    0.902084
    1.00157    0.548338   0.0934443
   0.444257    0.317443    0.901995
    0.44508    0.317506    0.902067
   0.893718    0.539221    0.902079
    1.00163    0.550817   0.0934521
   0.445154    0.317445    0.902138
   0.445979    0.317513    0.902215
   0.893658    0.539808    0.902063
    1.00155    0.552226     0.09341
    0.44808    0.317421    0.902108
   0.442045    0.317503     0.90206
   0.893719    0.541964    0.902041
    1.00161    0.554015   0.0934444
   0.444392    0.317445    0.902014
   0.435735    0.317489    0.902025
   0.893689    0.543821    0.902006
    1.00155    0.555424   0.0934162
   0.436017    0.317463    0.902143
   0.436842    0.317525    0.902214
   0.893744    0.545338       0.902
     1.0016    0.558535   0.0934631
    0.42964    0.317432     0.90209
   0.430445    0.317497    0.902163
   0.893691    0.545931    0.901981
    1.00154    0.558623   0.0934286
   0.435033    0.317424    0.901962
   0.435817     0.31748    0.902026
   0.893736     0.54808    0.901937
     1.0016    0.562395   0.0935093
   0.426701    0.317446    0.902099
   0.427517     0.31751    0.902173
   0.893683    0.548672    0.901906
    1.00154    0.563143   0.0934868
   0.429721    0.317428    0.902095
   0.421485    0.317542    0.902183
    0.89372    0.550821     0.90187
    1.00161    0.564932   0.0935473
   0.423786    0.317467    0.902117
   0.426878    0.317529    0.902054
   0.893656    0.552683    0.901871
    1.00153    0.567662   0.0935452
   0.415007    0.317447    0.901937
   0.418271    0.317516    0.902147
   0.893724    0.554199    0.901908
    1.00159    0.568791   0.0935929
   0.415917     0.31745    0.902069
   0.416746    0.317516    0.902144
   0.414897    0.317514    0.902011
   0.893677    0.554786    0.901906
    1.00153      0.5702   0.0935767
   0.411903    0.317439    0.901921
   0.415139    0.317501    0.902124
   0.415843    0.317522    0.902148
   0.893752    0.556942    0.901932
    1.00158    0.573306   0.0936307
   0.403197    0.317429    0.901985
   0.408882    0.317506    0.902101
   0.411864    0.317518    0.902009
   0.893714    0.558792    0.901934
     1.0015    0.574057   0.0935978
   0.408784    0.317429    0.901904
    0.40956    0.317481    0.901963
   0.405626    0.317516    0.902007
    0.89377    0.559052    0.901948
    1.00156    0.577163   0.0936485
   0.409993    0.317476    0.902086
   0.403426    0.317502    0.901986
   0.401821    0.317544     0.90211
   0.893683    0.561546    0.901977
    1.00149    0.577251   0.0936145
   0.401099    0.317444    0.901918
   0.394948    0.317541    0.902072
   0.400248    0.317533    0.902094
    0.89367     0.56305    0.901962
    1.00157     0.58036   0.0936742
    0.39474    0.317424    0.901907
   0.400514    0.317519       0.902
   0.403604    0.317551     0.90214
   0.893603    0.563651    0.901933
     1.0015    0.581767   0.0936457
   0.393317    0.317439     0.90192
   0.391702    0.317506    0.902025
   0.394771    0.317513    0.902005
   0.893608    0.565152    0.901882
    1.00158    0.583556   0.0936882
   0.391777    0.317432    0.901908
   0.395063    0.317515    0.902062
   0.390812    0.317524    0.902042
   0.893563    0.567011    0.901836
    1.00154     0.58631   0.0936464
   0.382988    0.317445    0.901915
   0.388592    0.317495    0.902004
   0.391734    0.317513    0.901998
   0.893647    0.568548    0.901866
    1.00161    0.587439   0.0936781
   0.383737    0.317425    0.901963
   0.384536    0.317485    0.902031
   0.387791    0.317527    0.902038
   0.893625    0.569764    0.901881
    1.00153    0.589504   0.0936195
   0.379854    0.317426    0.901887
   0.383042    0.317484    0.902026
   0.388735    0.317513    0.901991
   0.893732    0.571926    0.901918
    1.00161    0.591949   0.0936245
   0.378279    0.317415    0.901872
    0.37665    0.317473    0.902023
   0.377441    0.317517    0.902073
   0.893704    0.573142    0.901915
    1.00155    0.594013   0.0935701
   0.376774    0.317422    0.901877
   0.377541     0.31747    0.901932
    0.38307    0.317494    0.901989
   0.893771    0.574662    0.901928
    1.00162    0.595799   0.0935873
   0.370319    0.317408    0.901831
   0.371068    0.317457    0.901887
   0.374429    0.317525    0.902077
   0.893723    0.575253    0.901918
    1.00155    0.597206   0.0935415
   0.371329    0.317429    0.901965
   0.376687    0.317442    0.901965
   0.368089    0.317522    0.902074
   0.893775    0.577406    0.901923
    1.00163    0.598993   0.0935636
   0.369876    0.317439    0.901973
   0.368149    0.317479    0.901907
   0.371379    0.317527    0.902074
   0.893692    0.579259    0.901909
    1.00157    0.601055   0.0935136
    0.36828    0.317435    0.901965
   0.371226     0.31744    0.901885
   0.365064    0.317533    0.902083
   0.893711    0.580769    0.901918
    1.00165    0.602182   0.0935317
   0.359395    0.317424    0.901817
   0.360166    0.317474    0.901873
   0.360973    0.317525    0.901932
   0.893649    0.581362    0.901907
    1.00157    0.604247   0.0934615
   0.357896    0.317427    0.901818
   0.356406    0.317495     0.90203
   0.362025    0.317535    0.902081
    0.89371    0.583509    0.901936
    1.00162    0.606689   0.0934643
   0.348986    0.317408    0.901912
   0.349577    0.317432    0.901941
   0.355568    0.317525    0.902062
   0.893687    0.585358    0.901972
    1.00156    0.608784   0.0934154
   0.345081    0.317437    0.901785
   0.348525    0.317501    0.902014
   0.349154    0.317522    0.902039
   0.893744    0.585617    0.901989
    1.00162    0.609909   0.0934499
    0.34835    0.317414    0.901774
   0.354157    0.317479    0.901871
   0.344958    0.317509    0.901864
   0.893682    0.587473    0.902017
    1.00154    0.611975   0.0934033
   0.341982    0.317438    0.901775
   0.345378    0.317492    0.901995
   0.353129    0.317484    0.901875
    0.89371    0.589622    0.902021
    1.00161    0.614417   0.0934393
    0.34305    0.317442    0.901932
   0.348945    0.317518    0.902041
   0.349591    0.317548    0.902076
   0.893657    0.590214    0.902005
    1.00154    0.616481   0.0934232
   0.333989    0.317444    0.901754
   0.339631    0.317471    0.901804
   0.338134     0.31754    0.902013
   0.893718    0.591732    0.902011
    1.00161    0.616949   0.0934627
   0.342433    0.317446    0.901794
   0.338126    0.317475    0.901803
   0.333868    0.317516    0.901832
   0.893702    0.594209    0.902036
    1.00153    0.619672   0.0934555
   0.325876    0.317427    0.901715
   0.334225    0.317481    0.901935
    0.34229    0.317513    0.901867
   0.893763    0.594469    0.902049
     1.0016    0.622115   0.0935183
   0.334308    0.317425    0.901735
   0.329969     0.31745    0.901748
   0.325705     0.31749    0.901785
   0.893738    0.596321    0.902041
    1.00155    0.624179   0.0935114
   0.327739    0.317419    0.901707
   0.326171    0.317477    0.901892
    0.33419    0.317496    0.901813
   0.893789    0.598466    0.902017
    1.00162    0.625305   0.0935602
   0.326208    0.317413    0.901696
   0.324567    0.317463    0.901874
   0.322707    0.317497    0.901788
   0.893729    0.599057    0.901996
    1.00154    0.626711    0.093545
   0.322307     0.31743    0.901832
   0.325273    0.317429    0.901711
   0.326134     0.31749    0.901781
   0.893761     0.60057     0.90199
    1.00161    0.629812   0.0936342
   0.313225    0.317416    0.901704
   0.313836    0.317433    0.901723
   0.314723    0.317501      0.9018
   0.893658    0.602422    0.901971
    1.00155    0.630559   0.0936114
   0.309184    0.317429    0.901772
   0.319872    0.317447    0.901845
   0.315776    0.317518    0.901901
   0.893604    0.603657    0.901964
   0.893628    0.604553    0.901971
    1.00162    0.632343   0.0936696
   0.310141    0.317411    0.901696
   0.310801    0.317436    0.901724
   0.311644      0.3175    0.901796
   0.893574    0.605154    0.901958
    1.00154    0.635062    0.093645
   0.311106    0.317427    0.901794
   0.311756    0.317441    0.901811
   0.314952    0.317476    0.901753
   0.893562    0.607007     0.90195
   0.893623    0.606671    0.901962
    1.00161    0.636844   0.0936822
   0.299619     0.31745    0.901764
    0.30023    0.317461    0.901777
   0.303657    0.317544    0.901926
   0.893638     0.60852    0.901971
    1.00155    0.637592   0.0936498
   0.303166    0.317457    0.901798
   0.308752    0.317457    0.901825
   0.299687    0.317545    0.901871
   0.893644    0.609095    0.901979
   0.893725    0.609415    0.901998
    1.00162    0.640691   0.0936934
   0.296455    0.317433    0.901742
   0.297043    0.317443    0.901753
   0.300499    0.317533     0.90191
   0.893704    0.611257    0.902031
    1.00155    0.642096   0.0936634
   0.294976    0.317444    0.901752
   0.303115    0.317435    0.901715
   0.296488    0.317522    0.901841
   0.893763    0.612774    0.902051
    1.00162    0.644563   0.0936951
   0.293412    0.317435     0.90174
   0.296678    0.317476    0.901842
   0.294936    0.317521    0.901838
   0.893712    0.613366    0.902038
    1.00156    0.645967    0.093651
   0.284361    0.317458    0.901844
   0.294948    0.317448    0.901809
   0.288383    0.317529    0.901817
   0.893747    0.615502    0.902001
    1.00163    0.647749   0.0936652
   0.287856    0.317447    0.901825
   0.288553    0.317469     0.90185
   0.289388    0.317534    0.901924
   0.893673    0.617357    0.901984
    1.00156     0.64981   0.0936013
   0.283735    0.317443    0.901714
   0.284401    0.317456    0.901729
    0.28522    0.317514    0.901795
   0.893645     0.61858    0.902011
   0.893709    0.619503    0.902059
    1.00162     0.65159   0.0936154
   0.285565    0.317478    0.901857
     0.2837    0.317519    0.901798
   0.893658    0.620093    0.902069
    1.00156    0.653651   0.0935653
   0.283838    0.317451    0.901823
   0.279707    0.317528    0.901913
   0.893627    0.621316    0.902097
   0.893689    0.621604    0.902115
    1.00161    0.656085   0.0935728
   0.277368    0.317466     0.90184
   0.278216    0.317534    0.901917
   0.893635    0.622199    0.902118
    1.00154    0.656835   0.0935269
   0.268084    0.317467    0.901675
   0.268898    0.317523     0.90174
   0.893546    0.624055    0.902129
     0.8936    0.624334    0.902146
     1.0016    0.659271   0.0935381
   0.269066    0.317447    0.901806
   0.272443    0.317517    0.901755
    0.89353    0.626187    0.902203
    1.00155     0.66133    0.093491
   0.272603    0.317435    0.901796
   0.260447    0.317484    0.901671
   0.893488    0.626769     0.90222
    0.89358     0.62834    0.902278
    1.00163    0.663111     0.09351
   0.266075    0.317449    0.901803
   0.264039     0.31748    0.901685
   0.893541     0.62829     0.90227
    1.00156    0.664513   0.0934601
   0.264265    0.317411    0.901757
   0.257465    0.317492     0.90168
   0.893567    0.630126    0.902237
   0.893658    0.630441    0.902242
    1.00163    0.665638   0.0934843
   0.252579    0.317438    0.901763
   0.255857    0.317489    0.901676
   0.893632    0.631023    0.902213
    1.00158    0.667698   0.0934323
   0.253503    0.317432    0.901611
   0.254357    0.317496    0.901683
   0.893634    0.632883    0.902148
   0.893702    0.633162    0.902156
    1.00165    0.669507   0.0934593
   0.244084    0.317407    0.901709
   0.252802    0.317494    0.901681
   0.893623    0.635019    0.902157
    1.00157    0.671567   0.0934172
   0.255319     0.31739    0.901573
   0.256133    0.317448    0.901638
   0.893583    0.635613    0.902164
   0.893661     0.63653    0.902203
    1.00162    0.674001   0.0934577
   0.238154    0.317374    0.901548
    0.24448    0.317483    0.901664
   0.893644    0.637747    0.902226
    1.00156    0.675404   0.0934387
   0.242136    0.317421    0.901593
   0.240582    0.317508    0.901819
   0.893655    0.638957    0.902247
   0.893763    0.639896    0.902279
    1.00162    0.677839   0.0935015
    0.23814    0.317437    0.901738
   0.238998    0.317505    0.901814
   0.893726    0.641108    0.902282
    1.00155    0.679245   0.0934803
   0.236621    0.317444    0.901744
   0.239822    0.317475    0.901653
   0.893717    0.641703    0.902284
   0.893765    0.643245     0.90229
     1.0016     0.68167   0.0935381
   0.237668    0.317443    0.901615
   0.238549    0.317515    0.901697
   0.893718    0.643212     0.90228
    1.00149    0.683735   0.0935428
   0.230798    0.317429    0.901598
   0.236644    0.317461    0.901635
    0.89364    0.645687    0.902189
   0.893688    0.645965    0.902194
    1.00141    0.684553   0.0936027
    1.00134    0.685395   0.0937699
   0.226739    0.317441    0.901706
   0.224832    0.317487    0.901675
    0.89362    0.647192    0.902158
    1.00083    0.686877   0.0943986
   0.227673    0.317419    0.901584
   0.226016    0.317501    0.901771
   0.893575    0.647785    0.902154
   0.893644    0.648071     0.90217
   0.999379    0.688713   0.0966633
   0.220965    0.317424    0.901596
   0.224634    0.317523    0.901793
   0.893584     0.64992    0.902184
   0.998011     0.68933    0.103301
   0.224393    0.317388    0.901544
   0.212511    0.317531    0.901729
   0.893532    0.650512    0.902172
   0.893593    0.651453    0.902167
   0.995421    0.690077    0.112686
   0.996647    0.689913    0.110046
   0.209716     0.31741    0.901586
    0.22162    0.317532    0.901797
   0.893519    0.653287    0.902092
   0.982797    0.690426     0.13206
   0.985936    0.690606    0.121379
   0.989606    0.690741     0.11652
   0.213634    0.317427    0.901637
   0.214469    0.317488    0.901706
   0.893482    0.653255    0.902092
   0.893527    0.654176    0.902091
    0.97969    0.690312    0.148934
   0.981368    0.690387    0.145916
   0.982601    0.690446    0.139329
   0.212279     0.31745    0.901659
   0.207573     0.31749    0.901667
   0.893521    0.655386    0.902102
   0.977067    0.690271    0.154944
   0.978136    0.690325    0.151516
   0.979822    0.690413    0.145056
   0.205231    0.317431    0.901594
   0.211315    0.317475    0.901684
   0.893538    0.657227    0.902137
   0.893636    0.657538    0.902159
    0.96765    0.690407    0.170483
   0.969028    0.690467     0.16709
   0.977507    0.690346    0.158311
   0.195375    0.317391    0.901603
   0.201818    0.317494    0.901723
   0.893632    0.658119    0.902161
    0.96413    0.690253    0.189513
   0.965179    0.690298    0.186387
   0.962222     0.69041    0.190913
   0.194081    0.317425    0.901636
   0.197554     0.31748    0.901603
    0.89372    0.659959    0.902166
   0.893824    0.660276    0.902182
   0.957144     0.69023    0.210569
   0.958912    0.690299    0.207929
   0.958175    0.690288    0.214118
   0.192349     0.31739    0.901592
   0.195891    0.317459    0.901574
   0.893792    0.660857    0.902167
   0.952223    0.690078    0.230915
   0.960616     0.69025      0.1983
   0.956527    0.690218    0.219526
   0.191025    0.317423    0.901625
    0.19437    0.317458    0.901568
    0.89378    0.662717    0.902132
   0.893821     0.66299    0.902135
     0.9511    0.690234    0.220434
   0.952624    0.690299    0.216301
   0.953488    0.690336    0.213653
   0.194873    0.317425    0.901623
    0.18733    0.317448    0.901516
   0.893641    0.664841    0.902064
   0.948903    0.690138    0.237872
   0.949707    0.690189    0.228464
   0.951084    0.690247    0.226786
   0.185117    0.317412    0.901472
   0.191161    0.317442    0.901539
    0.89351    0.666072    0.902017
    0.89354    0.666326     0.90202
   0.948982    0.690148    0.241825
   0.950286    0.690217    0.233879
    0.95133    0.690267     0.23033
   0.180893    0.317407     0.90159
    0.18175    0.317474    0.901666
   0.893504    0.666935    0.902007
   0.947784    0.690183    0.240409
   0.946784    0.690374    0.230161
   0.179446    0.317422    0.901603
   0.182774    0.317458    0.901517
   0.893417    0.668154    0.901995
   0.942636    0.690122      0.2607
   0.944085    0.690191    0.257909
   0.180442    0.317402    0.901449
   0.178728     0.31748    0.901666
   0.179402    0.317497    0.901686
   0.893477    0.669666    0.902036
   0.925916    0.689851    0.312746
   0.927381    0.689909    0.312713
   0.176336    0.317419    0.901593
   0.177122    0.317471    0.901653
   0.180339    0.317468    0.901522
   0.893529    0.672128    0.902112
    0.89363     0.67245    0.902133
   0.924963    0.690362    0.273106
   0.940013    0.689732    0.314368
   0.163625    0.317369    0.901503
   0.164226      0.3174    0.901539
   0.170831    0.317488    0.901658
    0.89363    0.673022    0.902135
   0.921297    0.690076    0.308328
   0.922077    0.690106    0.307549
   0.167844     0.31742    0.901577
   0.168676    0.317475     0.90164
   0.169296    0.317481    0.901647
   0.893674    0.674853    0.902123
    0.89376    0.675175    0.902129
   0.920925    0.690191    0.306302
   0.922352    0.690251    0.304651
   0.166313    0.317426     0.90158
   0.167152    0.317486    0.901649
   0.167825    0.317504     0.90167
   0.893747    0.676378    0.902088
   0.913077    0.689929    0.341725
   0.918386    0.690085    0.320411
     0.1648    0.317434    0.901586
   0.162685    0.317469    0.901463
   0.166285    0.317506     0.90167
   0.895207    0.678347    0.857116
   0.917158    0.690272    0.303991
   0.915579    0.690463    0.295108
   0.163377    0.317441    0.901592
   0.164335    0.317521    0.901683
   0.164909    0.317532    0.901696
   0.907111    0.690131    0.342804
   0.907809    0.690159    0.341235
   0.909445    0.690224    0.336903
   0.153238    0.317396    0.901359
   0.156993    0.317469    0.901603
   0.163236    0.317503    0.901661
   0.905787    0.690086    0.358628
    0.90729    0.690147    0.356566
   0.907668     0.69016    0.351905
   0.151607    0.317379    0.901337
   0.152414    0.317436    0.901402
    0.15319    0.317474    0.901445
   0.924733    0.689733    0.315317
   0.908165    0.690157    0.348374
   0.909877    0.690296    0.331158
   0.152972      0.3174    0.901518
   0.153719    0.317442    0.901566
   0.157034    0.317456    0.901437
   0.894611    0.686593    0.856989
   0.920246    0.689548    0.344745
   0.148618    0.317397     0.90135
   0.149476     0.31746    0.901422
   0.150144    0.317484     0.90145
   0.895674    0.686908    0.857014
   0.146987    0.317388    0.901337
   0.150614     0.31744    0.901558
   0.143085    0.317475    0.901431
   0.893468    0.687641    0.891051
   0.142942     0.31741    0.901497
   0.138037     0.31744    0.901504
    0.14712    0.317492    0.901453
   0.893027    0.688498     0.86894
   0.893416    0.688094    0.879837
   0.135846    0.317413     0.90147
   0.139213    0.317437    0.901383
    0.14288    0.317487    0.901582
   0.892928    0.688678    0.864113
   0.134242      0.3174    0.901453
   0.135067    0.317457    0.901518
   0.135842    0.317498    0.901565
   0.891653     0.68915    0.880668
   0.891886    0.689128    0.869554
   0.892193    0.688977    0.868984
   0.127139    0.317404    0.901426
   0.133469    0.317448    0.901505
   0.134253    0.317487     0.90155
   0.893902    0.689401    0.875989
   0.893425    0.689442    0.862013
   0.128259    0.317379    0.901314
   0.129088    0.317435    0.901379
    0.12707     0.31748     0.90151
   0.883666    0.689926    0.845072
    0.87514    0.689917    0.853176
     0.1267    0.317383    0.901317
   0.124865    0.317454    0.901477
   0.122856     0.31748    0.901445
   0.894864    0.689647    0.869442
   0.874517    0.689993    0.848911
   0.122461    0.317397    0.901409
   0.123286    0.317451    0.901472
   0.126801    0.317485     0.90143
   0.875818     0.69019    0.816312
   0.884663    0.690018    0.844814
   0.120896    0.317398    0.901408
   0.118977    0.317443    0.901397
   0.122461    0.317483    0.901505
   0.891093    0.689674    0.862627
   0.892775     0.68974    0.863105
   0.116584    0.317385    0.901328
   0.114425    0.317428    0.901407
   0.121012    0.317501    0.901523
   0.891008    0.689791    0.858661
   0.894087    0.689891     0.86023
   0.894342    0.689904    0.860181
   0.112207    0.317402    0.901375
      0.113    0.317445    0.901424
    0.11657     0.31747    0.901423
   0.869822    0.690113    0.827415
   0.871032    0.690108    0.828966
   0.871309    0.690168    0.827939
   0.107827    0.317409    0.901429
   0.108581    0.317449    0.901476
    0.11224    0.317494    0.901478
    0.86654    0.690129    0.823166
   0.868186     0.69015    0.824409
    0.86871    0.690208    0.823832
   0.106311    0.317419    0.901438
   0.107089    0.317459    0.901485
    0.10788    0.317504    0.901535
   0.872148        0.69    0.834392
   0.871806    0.690017    0.833106
   0.866264    0.690215    0.821588
   0.104748    0.317407    0.901423
   0.105588    0.317462    0.901486
     0.1123    0.317531    0.901483
   0.870849     0.69002    0.833007
   0.863013    0.690211    0.818804
   0.864095    0.690252    0.819101
   0.105914    0.317385    0.901345
   0.101084    0.317431    0.901367
   0.101872    0.317476    0.901419
   0.860601    0.690211    0.816636
   0.868483    0.690044    0.829657
   0.862341    0.690257    0.817444
  0.0987339    0.317385    0.901314
  0.0910112    0.317419    0.901456
   0.100362    0.317485    0.901427
   0.859468    0.690233    0.815267
   0.861049    0.690292    0.815713
   0.861615    0.690312      0.8159
  0.0971975    0.317395    0.901323
  0.0924601    0.317452    0.901361
   0.101443    0.317465    0.901484
   0.857476    0.690231    0.813514
   0.858128    0.690249    0.813809
   0.859621    0.690298    0.814339
  0.0929559    0.317411    0.901438
  0.0907378     0.31743    0.901335
  0.0945804    0.317511    0.901551
   0.856598    0.690264    0.812189
   0.858511    0.690341    0.812646
   0.858681    0.690339    0.812825
  0.0914007    0.317417    0.901444
  0.0946211    0.317399    0.901325
  0.0955663    0.317467    0.901402
   0.855684    0.690229      0.8114
   0.856178    0.690243    0.811618
   0.856431    0.690315    0.811205
  0.0899793     0.31743    0.901457
  0.0908704    0.317486    0.901521
  0.0885554    0.317501    0.901413
   0.855824    0.690306    0.810212
   0.855968    0.690391    0.809543
   0.855439    0.690355    0.809655
  0.0827236    0.317423    0.901452
  0.0804682     0.31744    0.901318
  0.0842705    0.317504    0.901545
   0.855353     0.69021    0.810256
    0.85792    0.690195     0.81269
   0.857866    0.690316    0.811082
   0.078065    0.317388    0.901257
  0.0760379    0.317425    0.901445
  0.0796617    0.317484    0.901366
   0.851432    0.690359    0.806015
   0.853359     0.69044    0.806399
   0.852122    0.690369    0.806463
  0.0738752    0.317411    0.901426
  0.0746639    0.317448    0.901468
  0.0780841    0.317475    0.901354
    0.84707    0.690263    0.803677
   0.848095    0.690302    0.803951
  0.0722792    0.317397    0.901408
  0.0758174    0.317433    0.901304
   0.076627    0.317489    0.901367
   0.844756    0.690505    0.787473
   0.851112    0.690432    0.803697
  0.0764083    0.317401    0.901421
   0.076894    0.317395    0.901415
  0.0722822    0.317483    0.901502
   0.841391    0.690442    0.786478
   0.845268    0.690286    0.803581
  0.0660769    0.317379    0.901213
  0.0727526    0.317437    0.901305
  0.0676669    0.317471    0.901318
   0.847502     0.69045    0.803045
   0.845127    0.690662    0.787176
  0.0619581    0.317421    0.901406
  0.0652117    0.317406    0.901242
  0.0660664    0.317463    0.901306
  0.0603581    0.317409     0.90139
  0.0578217    0.317396     0.90121
  0.0619521    0.317502    0.901496
   0.840759    0.690618     0.78578
   0.841737    0.690661    0.786001
  0.0557188    0.317397    0.901206
  0.0564495     0.31742    0.901233
  0.0572643    0.317473    0.901294
  0.0541223    0.317389    0.901193
  0.0548512    0.317414    0.901223
  0.0557104    0.317477    0.901295
   0.826287    0.691416    0.700776
   0.827618    0.691478    0.700695
  0.0499679    0.317431    0.901375
  0.0506672    0.317445    0.901394
  0.0514976      0.3175    0.901456
   0.822605    0.690745    0.762291
  0.0483889    0.317425    0.901364
   0.049097    0.317445    0.901388
  0.0499519    0.317508    0.901461
    0.81815    0.691069    0.726782
   0.823893    0.690849    0.761673
   0.824432    0.690873    0.761762
  0.0444147    0.317425    0.901208
  0.0452643    0.317484    0.901276
   0.821666    0.690647    0.768882
   0.815692    0.691045    0.724191
   0.817467    0.691109    0.724821
  0.0461316     0.31746    0.901397
  0.0437121    0.317486    0.901272
   0.819276    0.690842    0.757389
   0.821246    0.690909     0.75808
  0.0385028    0.317434    0.901316
  0.0393465    0.317491    0.901383
   0.816313    0.691106    0.724026
   0.815852    0.691071    0.724362
    0.81822    0.691158    0.725167
  0.0369501    0.317436    0.901309
  0.0378125      0.3175    0.901383
   0.811671     0.69138    0.697383
  0.0381219    0.317415    0.901172
  0.0389312     0.31747    0.901236
  0.0371578    0.317484    0.901245
  0.0379862    0.317549    0.901319
  0.0289095     0.31738    0.901066
  0.0298187    0.317449    0.901148
  0.0308504    0.317431    0.901265
  0.0317396    0.317502    0.901346
   0.019119    0.317355    0.900804
  0.0199771    0.317416    0.900887
   0.017508    0.317345    0.900739
  0.0183912    0.317413    0.900829
  0.0130777    0.317348    0.900675
  0.0139505    0.317412    0.900767
  0.0185133    0.317415    0.900998
   0.019323    0.317475    0.901073
   0.748339    0.689291    0.903033
 0.00975082    0.317304    0.900473
  0.0135306    0.317374    0.900625
 0.00782427    0.316925    0.900036
  0.0104228    0.317186    0.900354
    0.74221    0.689289    0.902865
   0.743149     0.68933    0.903066
 0.00319299    0.317717    0.900161
 0.00515886    0.317166    0.900138
0.000996905    0.319661    0.900772
   0.742837    0.689312    0.903193
   0.741095    0.689369    0.903326
0.000817868    0.320252    0.900852
0.000659087    0.320968    0.900956
0.000405392    0.323275    0.901126
   0.000356      0.3239     0.90114
0.000441502    0.324183    0.901162
 0.00039694     0.32481    0.901176
0.000337917    0.327094    0.901188
0.000416771    0.328228    0.901206
0.000387554    0.328012    0.901201
0.000349768    0.330293    0.901204
0.000424238    0.331427     0.90122
   0.696368    0.695004    0.321594
0.000404499    0.331212    0.901216
0.000344386     0.33349    0.901214
     0.6998    0.695072    0.322476
0.000414009    0.335243     0.90123
   0.698332    0.695002    0.323079
0.000363551    0.335856    0.901225
   0.697863    0.695024    0.321861
0.000428121     0.33844    0.901245
0.000366659    0.339886    0.901241
   0.691352    0.689246    0.903022
   0.691214    0.689244    0.903012
   0.699041    0.695077    0.323392
0.000436741    0.341638    0.901258
   0.695823    0.694982    0.321669
    0.69837    0.695062    0.322922
0.000381954    0.342251    0.901252
0.000441642    0.344834    0.901271
   0.721005    0.689283    0.903132
   0.724864    0.689288    0.902988
0.000385908    0.344617    0.901261
   0.681741      0.6893    0.902712
 0.00044216    0.347199    0.901282
   0.719004    0.689323    0.903278
0.000396148    0.348645    0.901282
   0.653482    0.694308    0.396092
0.000454675    0.351226    0.901302
0.000402777     0.35101    0.901293
   0.671153    0.689245      0.9024
   0.673253    0.689331    0.902821
0.000377662    0.352457    0.901294
0.000452969     0.35359    0.901309
0.000407602    0.354204    0.901304
   0.653036    0.694361     0.39587
  0.0003878    0.355652    0.901307
0.000467326    0.355954     0.90132
0.000416711    0.358231    0.901324
0.000380062    0.358015    0.901317
0.000465737    0.359981     0.90134
0.000430634    0.360595    0.901338
0.000395117     0.36121    0.901335
0.000474933    0.363174    0.901353
0.000443866    0.362959    0.901347
   0.616114    0.693947    0.419817
   0.615595    0.693929     0.41936
0.000386417    0.365234    0.901344
0.000465909    0.366368    0.901359
0.000449716    0.366983    0.901359
0.000409323    0.368428    0.901357
0.000482142     0.36873    0.901369
   0.653536    0.694227    0.396433
0.000463376    0.370177    0.901372
   0.611974    0.693265    0.513775
0.000404529    0.371621    0.901368
   0.610797    0.693261    0.513865
0.000469388    0.373369    0.901383
0.000415995    0.373983    0.901376
   0.605816    0.693174    0.518449
0.000473357    0.376561    0.901394
   0.617411    0.689184    0.902538
   0.618254    0.689222    0.902722
0.000417598    0.376345    0.901385
 0.00047445    0.378923    0.901403
0.000428786    0.381197    0.901402
   0.604212     0.69326    0.510537
   0.605378    0.693305    0.511562
0.000482715    0.382943    0.901414
   0.605344     0.68923    0.902521
   0.608954    0.689372      0.9032
0.000424097    0.383557    0.901407
   0.602191    0.693216    0.510708
   0.603625    0.693268    0.511302
0.000483272    0.385305     0.90142
     0.6009    0.693192    0.511358
   0.604442    0.689306    0.902915
    0.60431    0.693282    0.511906
 0.00043171    0.385918    0.901413
   0.592461    0.692991    0.532709
   0.592522    0.693004    0.535064
   0.594122    0.693052    0.534515
0.000421062    0.387365    0.901416
0.000492874    0.387665    0.901427
   0.590456    0.692957    0.535464
   0.593617    0.693023    0.530808
    0.59509    0.693078    0.531387
 0.00043555    0.389109    0.901423
   0.588727    0.692945    0.538631
    0.58853    0.692962    0.540439
   0.590085    0.693003    0.539855
0.000402171    0.389723     0.90142
0.000484986    0.391686    0.901438
   0.588001     0.69293    0.539349
   0.589221     0.69297    0.539325
   0.589502    0.693003    0.540761
0.000444251    0.392298    0.901433
     0.5873     0.69297    0.542998
0.000420331    0.393743    0.901433
0.000501232    0.394045    0.901446
   0.588766    0.692985    0.542973
   0.588546    0.692997    0.544003
0.000458563    0.395489    0.901442
   0.584459    0.692923    0.545952
0.000414826    0.396932    0.901438
0.000494946    0.397234    0.901451
   0.584879    0.692927    0.548507
   0.584044     0.69293    0.548085
0.000470905    0.398678    0.901448
0.000435822    0.400121    0.901444
0.000515149    0.400422    0.901456
   0.582375    0.692863    0.550726
   0.596698    0.693289    0.529422
0.000488206    0.401038    0.901453
   0.600769    0.689328    0.903135
    0.60883    0.689319    0.903234
 0.00042862     0.40331    0.901447
 0.00050107    0.403609    0.901459
   0.579475    0.692753    0.556215
0.000488073    0.405055    0.901461
   0.593656    0.689397    0.903312
0.000437552    0.405668    0.901455
    0.55645    0.689287    0.902209
   0.555909    0.689273    0.902138
0.000490973    0.408242    0.901469
   0.598839    0.689334    0.902929
   0.595958    0.689381    0.903211
0.000432157    0.408856    0.901461
   0.551444    0.689261    0.901866
   0.553172    0.689331    0.902201
0.000487888      0.4106    0.901467
   0.592074    0.689346    0.902955
   0.593716    0.689408    0.903254
0.000434153     0.41204    0.901454
    0.54644    0.689326    0.901834
   0.548012    0.689389    0.902139
0.000484531    0.414612    0.901451
   0.549317     0.68949    0.902655
0.000424172    0.415225    0.901441
     0.5421    0.689277    0.901661
   0.540563    0.689345    0.901902
0.000482178     0.41697    0.901444
   0.544642    0.689447    0.902515
   0.549782    0.689482    0.902923
    0.54696    0.689513     0.90282
0.000432295    0.418424    0.901432
    0.54313    0.689445    0.902535
   0.542372    0.689403    0.902323
   0.544164     0.68947    0.902648
0.000494935     0.41934     0.90144
    0.54056    0.689411      0.9024
    0.54334    0.689499    0.902815
0.000428032    0.421609    0.901422
    0.53837    0.689376    0.902261
   0.529205    0.689265    0.901917
    0.53583    0.689397    0.902347
0.000411106    0.422224    0.901419
0.000485017    0.423353    0.901427
   0.547047    0.689414    0.902938
   0.555303    0.689398    0.902942
   0.543809    0.689487    0.902949
0.000437403    0.423965    0.901419
    0.53578    0.689393    0.902402
   0.529118    0.689376    0.902542
   0.538433    0.689484    0.902834
0.000421342    0.425408    0.901412
0.000493752    0.426536    0.901418
   0.539648    0.689414    0.902721
   0.540929    0.689455    0.902917
0.000442655     0.42715    0.901408
   0.528911    0.689365    0.902388
   0.529108    0.689372    0.902421
   0.534869    0.689463    0.902789
0.000399398    0.428591    0.901394
0.000477121    0.428892    0.901405
   0.535333    0.689407    0.902571
   0.537621    0.689443    0.902846
   0.538574    0.689469    0.902969
0.000438688    0.430333    0.901392
   0.533683    0.689398    0.902526
   0.530773    0.689426    0.902673
   0.535944    0.689475    0.902893
0.000404655    0.431774     0.90138
0.000483626    0.432074    0.901391
   0.544109    0.689329    0.902327
   0.544756     0.68935    0.902428
   0.534227    0.689462    0.902832
0.000443694    0.433516     0.90138
   0.523581    0.689394    0.902719
   0.532827    0.689473    0.902888
0.000393105    0.434957    0.901369
0.000470332    0.436084    0.901379
   0.529283    0.689409    0.902581
   0.539708    0.689435    0.902692
0.000448458    0.436699    0.901375
   0.528197    0.689421    0.902638
   0.503521    0.689365    0.903214
0.000401662    0.437312    0.901367
0.000478881    0.437612    0.901379
   0.530754     0.68937    0.902394
   0.531608    0.689402    0.902546
0.000452232    0.439882    0.901373
   0.490487    0.689317    0.902507
   0.490932    0.689339     0.90261
0.000395945    0.440495    0.901365
   0.527218    0.689353    0.902244
   0.531765    0.689368    0.902177
0.000459238    0.443065    0.901373
   0.485151    0.689237    0.902081
   0.487598    0.689332    0.902535
0.000410563    0.444505    0.901364
   0.523667    0.689331    0.902071
   0.526202    0.689425    0.902521
0.000468305     0.44542     0.90137
   0.479859    0.689362    0.901838
   0.482285    0.689454     0.90228
0.000400081    0.447686    0.901358
   0.520977    0.689347     0.90208
   0.522228    0.689393    0.902299
0.000463696    0.448601    0.901365
   0.474222     0.68941    0.901939
   0.475202    0.689306    0.901624
   0.477353    0.689388    0.902019
0.000412224    0.450041    0.901355
   0.477296    0.689454    0.902368
   0.512917     0.68932    0.902158
   0.515415     0.68941    0.902587
0.000470494    0.451782    0.901358
   0.511124    0.689366    0.902376
    0.47448    0.689394    0.902103
   0.476521    0.689469    0.902463
0.000404392    0.453222    0.901342
    0.47509     0.68949      0.9026
   0.504521    0.689304     0.90253
   0.509827    0.689364    0.902368
0.000462132    0.454963    0.901341
   0.468702    0.689438    0.902287
    0.47207    0.689427    0.902322
   0.474545    0.689516    0.902746
0.000414023    0.456402    0.901328
   0.470823    0.689448    0.902456
   0.481593    0.689469    0.903112
   0.473624    0.689536     0.90287
0.000406261    0.457844    0.901322
0.000470548    0.458142     0.90133
    0.46436    0.689388    0.902144
   0.463786    0.689366    0.902036
   0.466621    0.689467     0.90252
0.000408953    0.459582    0.901318
   0.464363    0.689445    0.902472
   0.482022    0.689438    0.902898
   0.469887    0.689507    0.902783
0.000385532    0.460197    0.901313
0.000460454    0.461322    0.901322
   0.461397    0.689386    0.902235
   0.461427    0.689389    0.902248
   0.473577    0.689498    0.903081
0.000418188    0.462762    0.901313
     0.4646    0.689433    0.902491
   0.478693    0.689427    0.902759
   0.476327    0.689486    0.903032
0.000389416    0.462549    0.901307
0.000468317    0.463675    0.901316
   0.454137    0.689344    0.902365
    0.43745    0.689231    0.902406
   0.470649    0.689497    0.903037
0.000417595    0.465115    0.901304
   0.470388    0.689391    0.902482
   0.479285    0.689394    0.902756
   0.459568    0.689463    0.902739
0.000375397    0.465728    0.901295
0.000451149    0.466854    0.901304
   0.459706    0.689413    0.902475
   0.461088    0.689468    0.902738
   0.461898    0.689481    0.902792
0.000418262    0.468293    0.901294
   0.471057     0.68937    0.902312
   0.475965    0.689386    0.902665
0.000380148    0.469732    0.901284
0.000457152    0.470858    0.901292
   0.456968    0.689426    0.902592
   0.458432    0.689483    0.902867
0.000427801    0.470646    0.901287
   0.459973    0.689398    0.902459
    0.46467    0.689411      0.9024
0.000370704    0.472085    0.901273
0.000442363    0.473209    0.901281
   0.419788    0.689242    0.902136
   0.421184    0.689299    0.902405
0.000427742     0.47465    0.901275
   0.464307    0.689348    0.902031
   0.462064    0.689425    0.902381
0.000378194    0.475263    0.901265
0.000450684    0.476387    0.901274
   0.419688     0.68935    0.902604
   0.459109    0.689532    0.903041
 0.00042909    0.477828    0.901269
   0.456412    0.689334    0.901856
   0.458154    0.689396    0.902155
0.000369418    0.478441    0.901259
   0.456563    0.689411    0.902171
   0.412429    0.689367    0.902487
   0.401047    0.690351    0.810512
0.000419621    0.480179    0.901263
   0.450942    0.689424    0.902453
   0.453671    0.689349    0.901841
   0.455314    0.689408    0.902121
0.000366145    0.482443     0.90125
   0.405063    0.689461    0.902497
   0.410056    0.689397    0.902598
   0.407428    0.690977    0.750804
0.000419334    0.484181    0.901254
   0.400374    0.689352    0.901958
   0.447738    0.689404    0.902322
    0.44878     0.68944    0.902496
0.000362735    0.483968    0.901245
   0.398845     0.68934     0.90189
   0.402951    0.689253    0.901873
   0.397487    0.689292    0.901662
 0.00042214    0.486533    0.901248
   0.401109    0.689478    0.902538
   0.438005    0.689347    0.902519
   0.406146    0.690954    0.750677
0.000373745     0.48797    0.901237
   0.392275    0.689376    0.902103
   0.391267    0.689338    0.901923
   0.400053    0.689487    0.902569
0.000439153    0.488884    0.901243
   0.397862    0.689473    0.902486
   0.435006     0.68935    0.902591
   0.399511    0.689518    0.902706
0.000374308    0.491145    0.901222
   0.393527    0.689371    0.901982
    0.39366    0.689376    0.902009
   0.392312    0.689482    0.902564
0.000363862    0.491759    0.901216
0.000429262    0.492059    0.901224
   0.394218    0.689451    0.902354
   0.396109    0.689516    0.902666
   0.395674     0.68949    0.902544
0.000387225    0.494322    0.901205
   0.385924    0.689369     0.90197
   0.385682    0.689363    0.901944
   0.393681    0.689476    0.902464
0.000370976    0.495761    0.901197
 0.00044042     0.49606    0.901207
   0.387817    0.689494    0.902546
   0.383397    0.690363    0.815121
   0.392834    0.689494    0.902537
0.000386477    0.496672    0.901198
    0.37775    0.689348    0.902022
   0.383717    0.689407    0.902103
   0.383932    0.690355    0.814448
 0.00034596    0.498937    0.901192
0.000425228     0.49841    0.901204
   0.405701    0.689378    0.902392
   0.406884     0.68942    0.902594
0.000388104    0.500673    0.901199
   0.380165     0.68939     0.90197
   0.386849    0.689469    0.902371
0.000354567    0.501287    0.901193
0.000432542    0.501584    0.901205
    0.38498    0.689455    0.902289
   0.386327    0.689504    0.902522
0.000394458    0.502198    0.901199
   0.377759    0.689414    0.902038
   0.365194    0.689394     0.90201
0.000340904    0.503635    0.901185
0.000415827    0.504757     0.90119
   0.398706    0.689351    0.902141
   0.400051      0.6894    0.902372
0.000388771    0.506195    0.901177
   0.359588    0.689306    0.901422
   0.362434    0.689413    0.901921
0.000345978    0.507632    0.901163
0.000421518     0.50793    0.901174
   0.354219    0.689492    0.901876
   0.355302    0.689532    0.902062
0.000382417    0.510193    0.901159
    0.37159    0.689427    0.901994
   0.345948    0.689256     0.90061
   0.347492    0.689316    0.900882
0.000334865    0.509982    0.901154
0.000398861    0.510277    0.901164
   0.374356    0.689424    0.902054
   0.383336    0.689332    0.901984
   0.354035    0.689595    0.902084
0.000388173    0.512542    0.901155
   0.356555    0.689435    0.901674
   0.356465     0.68942    0.901621
   0.359071    0.689514    0.902066
0.000335527    0.513154    0.901147
   0.345755    0.689439    0.900994
   0.363763    0.689468      0.9021
   0.357864    0.689524    0.902034
0.000394887    0.514903    0.901153
   0.360997    0.689431    0.901872
   0.342483    0.689367    0.900541
   0.354989    0.689481    0.901738
0.000330184    0.516339     0.90114
   0.355021    0.689455    0.901884
   0.376955    0.689329    0.901879
   0.346876    0.689574    0.901391
0.000391967    0.518076    0.901147
   0.341008    0.689438    0.900561
   0.340587    0.689419    0.900483
   0.343569    0.689522    0.900977
0.000341957    0.519512    0.901137
   0.339972    0.689461    0.900518
   0.350601    0.689497    0.901553
   0.342899     0.68955    0.900979
0.000400644    0.521248    0.901143
   0.336603     0.68939    0.900058
    0.33602    0.689372    0.899966
   0.339178    0.689479    0.900487
0.000331626    0.522685    0.901129
   0.356747    0.689392    0.901608
    0.36151    0.689392    0.901792
   0.338743     0.68951    0.900514
0.000386718     0.52442    0.901134
   0.335196    0.689455    0.900072
   0.335888     0.68948     0.90019
   0.329979    0.689542    0.900624
0.000339742    0.525856    0.901124
   0.334593    0.689497     0.90011
   0.336109    0.689547    0.900357
    0.33645    0.689543     0.90038
0.000407728    0.527592    0.901136
     0.3319    0.689458     0.89978
   0.333151    0.689505    0.899996
   0.334759    0.689548    0.900238
0.000355581    0.529027    0.901131
   0.330961    0.689483    0.899751
   0.332373    0.689533    0.899987
   0.332867    0.689532    0.900031
0.000341487     0.52964    0.901131
0.000420092    0.530764    0.901147
    0.32892    0.689462    0.899519
    0.33038    0.689519    0.899777
0.000373206    0.531375    0.901142
   0.327602    0.689473    0.899424
   0.328904     0.68952    0.899644
0.000358132    0.532814    0.901143
0.000429714    0.533934    0.901156
   0.326277    0.689479    0.899317
   0.327834    0.689539     0.89959
0.000378893    0.534547     0.90115
   0.332203    0.689406     0.90026
   0.325407    0.689509    0.899305
0.000335793    0.535984    0.901145
0.000412344    0.536281    0.901157
   0.323522    0.689499    0.899111
   0.324975    0.689554    0.899365
0.000371202    0.536893    0.901152
   0.329388    0.689421    0.900156
   0.330473     0.68946    0.900342
0.000342956    0.539153    0.901154
0.000423535    0.539452    0.901167
   0.322484    0.689572    0.899179
   0.323458    0.689614    0.899358
0.000390696    0.540888    0.901167
    0.32763     0.68948    0.900253
   0.326277    0.689416    0.899971
   0.328484    0.689494    0.900342
0.000344224    0.541499    0.901162
0.000427083    0.543446     0.90118
   0.325937    0.689468    0.900121
   0.329883    0.689592    0.900738
   0.330205    0.689608    0.900807
0.000404044    0.544058    0.901178
   0.324689     0.68948    0.900093
   0.322877    0.689406    0.899753
   0.324786    0.689471    0.900069
0.000357743    0.545494    0.901173
0.000428412     0.54579    0.901184
   0.322904    0.689465    0.899945
   0.328186     0.68964      0.9008
   0.328069    0.689639    0.900791
0.000400454    0.547227    0.901182
     0.3189    0.689385    0.899472
   0.318093    0.689348    0.899307
   0.321098    0.689448    0.899794
0.000337835    0.548662    0.901175
    0.30948     0.68946    0.897754
   0.312418    0.689556     0.89823
   0.312231    0.689548    0.898197
0.000405366    0.550396     0.90119
   0.306955    0.689434    0.897468
   0.299493    0.689468    0.896468
   0.308662    0.689479    0.897722
0.000353934    0.551007    0.901184
   0.305975    0.689453    0.897422
   0.309929    0.689586    0.898072
   0.309551     0.68957    0.898002
0.000422605    0.553564    0.901208
   0.295457    0.689456    0.895917
    0.30211    0.689379    0.896909
   0.297425    0.689507    0.896227
0.000362103       0.555    0.901207
   0.308826    0.689664    0.898142
   0.310396     0.68972    0.898408
   0.306191    0.689571    0.897701
0.000427938     0.55591    0.901222
   0.294541    0.689529     0.89586
   0.295187    0.689552    0.895968
   0.307273    0.689654     0.89798
 0.00038133    0.557345    0.901222
   0.292943    0.689524    0.895642
   0.248492    0.690259    0.816674
    0.29678    0.689649    0.896271
0.000447725    0.559902    0.901241
   0.287445    0.689401    0.894791
   0.288014    0.689419    0.894884
   0.291325    0.689512    0.895414
  0.0003914     0.55969    0.901232
   0.292199    0.689617    0.895628
   0.293122    0.689654    0.895786
   0.289678    0.689521    0.895201
0.000449387    0.563069    0.901245
   0.286421    0.689478    0.894725
   0.287184    0.689506    0.894854
 0.00039653     0.56368    0.901238
   0.220584    0.690201    0.815005
   0.292154    0.689732    0.895727
0.000387127    0.564294    0.901237
 0.00045425    0.564589    0.901247
   0.241522    0.690301    0.816667
   0.247089    0.690332       0.817
0.000384925    0.566846    0.901243
   0.223161      0.6902    0.815664
   0.218368    0.690241    0.815256
0.000357372    0.567459    0.901241
 0.00043195    0.567756    0.901253
   0.215343    0.690313     0.81544
   0.217185    0.690377    0.815805
 0.00039251     0.56919    0.901252
   0.212214    0.690128    0.814643
   0.213429    0.690176    0.814917
0.000371877    0.570624    0.901255
0.000452132    0.571744    0.901271
    0.22279    0.690343    0.816384
   0.235613    0.690309    0.816535
0.000408263    0.572356    0.901267
    0.20507    0.690255    0.815339
   0.211969     0.69023    0.815245
    0.23507    0.690351    0.816718
0.000363647    0.573791    0.901265
0.000441278    0.574087    0.901278
   0.211457    0.690279    0.815536
   0.222851    0.690298    0.816247
   0.219646    0.690348     0.81636
0.000415523    0.576344    0.901283
   0.205685     0.69026    0.815343
   0.204508    0.690215    0.815082
   0.206923    0.690298    0.815551
0.000371202    0.576956    0.901279
0.000448253    0.577252    0.901292
   0.218439    0.690271    0.815984
   0.219312    0.690289    0.816096
   0.220688    0.690332    0.816337
0.000416405    0.578687    0.901294
   0.212412    0.690278    0.815882
   0.213482    0.690308    0.816054
   0.214871    0.690354    0.816308
0.000362576    0.579299    0.901289
0.000431139    0.579596    0.901301
    0.20535    0.690289    0.815644
   0.211996    0.690315    0.816063
   0.213206    0.690351    0.816264
0.000431265    0.581853    0.901313
   0.209274    0.690277    0.815824
   0.195238    0.690239    0.815517
   0.212038    0.690367     0.81633
0.000391866    0.583285    0.901314
0.000461675    0.583583    0.901325
   0.202297    0.690291    0.815683
    0.20365    0.690332    0.815909
   0.204562    0.690354     0.81603
0.000453357    0.584195    0.901326
   0.196341    0.690266    0.815607
   0.201858    0.690326    0.815893
   0.203022     0.69036     0.81608
0.000394273    0.585628    0.901323
   0.198909    0.690283    0.815664
   0.216456    0.690218    0.815543
   0.201216    0.690346    0.816013
0.000456756    0.588181    0.901343
   0.193466    0.690275    0.815733
   0.194928    0.690328    0.816033
   0.196071    0.690357    0.816188
0.000402283    0.588792    0.901337
   0.195339    0.690269    0.815609
   0.201426    0.690285    0.815735
   0.194269    0.690341    0.816133
0.000461315    0.590522    0.901354
   0.187055    0.690284    0.816037
   0.188481    0.690335    0.816328
   0.192756    0.690347     0.81621
0.000391694    0.592777    0.901353
   0.201223    0.690237    0.815302
   0.201423    0.690245    0.815343
0.000458254    0.593686    0.901365
   0.188296    0.690318    0.816132
   0.190298     0.69039    0.816543
0.000414837    0.595118    0.901363
   0.193116     0.69023    0.815312
   0.194207    0.690267    0.815521
0.000481043     0.59767    0.901379
   0.148998    0.690146    0.815343
   0.145798    0.690214    0.815217
0.000423205    0.598281    0.901371
   0.194965    0.690241    0.815131
   0.183772     0.69033    0.816317
0.000409928    0.598894    0.901371
0.000480455    0.600011    0.901385
   0.142746     0.69021    0.815168
   0.142858    0.690262    0.815244
0.000430853    0.600622     0.90138
   0.178523    0.690258    0.815994
   0.183024    0.690288    0.815825
0.000421482    0.602877    0.901388
0.000493327    0.603172      0.9014
   0.140401    0.690295    0.815407
   0.143697    0.690185    0.815399
   0.140154    0.690239    0.815294
0.000438221    0.604605    0.901397
   0.136959     0.69039    0.815455
   0.176918    0.690189    0.815296
   0.184707    0.690265    0.815354
0.000407815    0.605217    0.901394
0.000485595    0.606333    0.901409
   0.133531    0.690329    0.815134
    0.13704    0.690284    0.815325
   0.135533    0.690386     0.81545
0.000445622    0.606945    0.901405
   0.137693    0.690332    0.815758
   0.135272     0.69043    0.815713
   0.132409    0.690463    0.815706
0.000416414    0.609198    0.901406
0.000492959    0.609493    0.901418
   0.135126    0.690296    0.815544
    0.13452     0.69027      0.8154
   0.131169    0.690353    0.815306
 0.00045289    0.610106    0.901413
   0.128719    0.690332    0.815214
   0.131508    0.690414    0.815671
   0.128241    0.690432    0.815621
0.000402306    0.611538    0.901409
0.000479365    0.611834    0.901421
    0.13099    0.690263    0.815328
   0.131133    0.690266    0.815347
   0.132508    0.690352    0.815672
0.000460563    0.614087    0.901422
   0.130333    0.690294    0.815485
   0.131232    0.690361    0.815708
   0.127323    0.690376    0.815501
0.000413604    0.614698    0.901417
 0.00048752    0.614993    0.901429
   0.128369    0.690276    0.815369
   0.128489    0.690282    0.815402
      0.124     0.69032    0.815209
 0.00046253    0.616426     0.90143
   0.127923    0.690319    0.815592
   0.124841    0.690403    0.815694
   0.124698    0.690388    0.815607
0.000406407    0.617038    0.901423
   0.130639    0.690295    0.815607
   0.126226    0.690316     0.81556
   0.122436    0.690372     0.81554
0.000468732    0.619586    0.901441
   0.128833    0.690289    0.815534
   0.124526     0.69035    0.815612
   0.124872    0.690349    0.815605
0.000423441    0.621016    0.901439
   0.122405    0.690289     0.81538
   0.122459    0.690336    0.815524
   0.119057    0.690357    0.815499
 0.00048551    0.621925     0.90145
   0.120014    0.690313    0.815383
   0.122294    0.690346    0.815678
0.000425188    0.623356    0.901445
   0.118575    0.690317      0.8154
   0.120098    0.690373    0.815712
0.000484494    0.625084     0.90146
   0.112487    0.690316     0.81534
   0.113907    0.690365    0.815617
0.000433416    0.626516    0.901458
   0.110759     0.69031    0.815328
   0.112333    0.690367     0.81565
0.000494957    0.628242    0.901474
   0.109177    0.690315    0.815382
   0.110518    0.690361    0.815637
0.000426536    0.630493     0.90147
   0.103555    0.690302    0.815468
  0.0716262    0.690127     0.81457
0.000485041    0.630581     0.90148
   0.105557    0.690294    0.815304
   0.107309    0.690354    0.815638
0.000445697     0.63283    0.901476
   0.104717    0.690319    0.815467
   0.122096    0.690396      0.8157
0.000509198    0.634557    0.901485
   0.072409    0.690569    0.813484
  0.0729716    0.690586    0.813575
0.000450611    0.635987    0.901474
  0.0627013    0.690323    0.812461
  0.0603832    0.690239    0.811921
  0.0653368      0.6904    0.812859
0.000428086    0.637418    0.901468
0.000502462    0.637713    0.901479
  0.0608116    0.690311    0.812682
  0.0652069    0.690439    0.813335
   0.065742    0.690457    0.813441
0.000455359    0.638324    0.901471
  0.0601405    0.690329    0.813019
  0.0559109     0.69019    0.812203
  0.0586916    0.690282    0.812744
0.000434574    0.639755    0.901464
0.000513347     0.64005    0.901475
  0.0605138    0.690393    0.813691
  0.0980209    0.690233    0.814824
  0.0633514    0.690472    0.814068
0.000457189    0.642301    0.901463
  0.0537125    0.690218    0.812949
  0.0493542    0.690212    0.808907
  0.0586389    0.690375    0.813835
0.000419953    0.642912    0.901458
0.000499506    0.644027    0.901469
  0.0550107    0.690305    0.813712
  0.0579848    0.690396    0.814203
  0.0573325    0.690372    0.814057
0.000464586    0.644638    0.901465
  0.0513666    0.690229    0.813518
  0.0464874    0.690199    0.810001
  0.0539189     0.69031    0.813985
0.000430278    0.646068     0.90146
0.000509749    0.646363    0.901472
  0.0539069    0.690358     0.81454
  0.0557384    0.690414    0.814848
  0.0545697     0.69037     0.81455
0.000472832    0.647794    0.901465
  0.0509047    0.690309    0.814538
  0.0511278    0.690318    0.814606
   0.053614    0.690389    0.814963
0.000416122    0.649235    0.901453
0.000489351     0.64953    0.901464
  0.0503368    0.690342     0.81504
  0.0529145    0.690424    0.815494
    0.05292    0.690412    0.815356
0.000467697     0.65096    0.901456
  0.0459709    0.690246    0.814744
  0.0431748    0.690263    0.812884
  0.0497711    0.690363    0.815384
0.000417993     0.65239    0.901444
0.000486636    0.652683    0.901454
  0.0478774    0.690356    0.815664
  0.0803562    0.690209    0.815139
  0.0457402     0.69037    0.813862
0.000467211    0.654115    0.901447
  0.0515466    0.690308    0.815937
  0.0530552    0.690361    0.816236
0.000406827    0.655545    0.901433
  0.0501235    0.690319    0.816025
  0.0514752    0.690363    0.816275
0.000476261     0.65727    0.901438
  0.0380853    0.690266    0.815345
  0.0463005    0.690364    0.816555
0.000424198     0.65788    0.901429
  0.0433313     0.69031    0.816341
  0.0448179    0.690361    0.816635
0.000483898    0.660423    0.901432
  0.0387754    0.690299    0.816736
  0.0435837    0.690371      0.8168
 0.00042372    0.661034    0.901422
   0.046368    0.690273    0.815531
   0.047579    0.690313    0.815756
0.000478259    0.662758     0.90143
  0.0399633    0.690351     0.81689
  0.0455925    0.690431    0.816761
0.000428265    0.664187    0.901423
  0.0475175    0.690264    0.815412
  0.0414378    0.690345    0.816302
0.000492421    0.665912    0.901432
  0.0474178    0.690319    0.815697
  0.0419316    0.690405    0.816658
  0.0427565    0.690438    0.816843
0.000430239    0.667341     0.90142
  0.0438214     0.69026    0.815349
  0.0389826    0.690239     0.81529
  0.0414801    0.690318    0.815731
0.000485387    0.669066    0.901421
  0.0378463    0.690264    0.815414
  0.0372194    0.690361    0.816455
   0.037884    0.690384    0.816588
 0.00043638    0.670494    0.901406
   0.035619    0.690252    0.815331
  0.0383956    0.690185    0.814895
   0.037007    0.690284    0.815509
0.000421959    0.671923    0.901395
 0.00048978    0.672217    0.901403
  0.0412705    0.690333    0.815703
  0.0353035    0.690408    0.816769
  0.0346038    0.690388    0.816656
 0.00042837    0.673646    0.901385
  0.0308991    0.690326    0.816337
  0.0332634    0.690274    0.815426
  0.0353802    0.690338    0.815783
0.000392779    0.675076    0.901373
0.000469055    0.675368    0.901383
  0.0303526    0.690352    0.816496
  0.0408771    0.690562    0.817024
  0.0345617    0.690485    0.817241
 0.00042377     0.67598    0.901373
  0.0280767    0.690215    0.815066
  0.0278475    0.690204    0.815007
  0.0283086    0.690332    0.816405
0.000390389    0.677409    0.901363
0.000465983    0.678521    0.901371
  0.0275115    0.690365    0.816617
   0.030245    0.690453    0.817109
  0.0275065    0.690362      0.8166
0.000423843    0.679132    0.901362
  0.0222841    0.690254    0.816021
  0.0223113    0.690255    0.816024
  0.0258883    0.690357    0.816591
0.000373074    0.680561    0.901346
0.000457098    0.681684    0.901344
  0.0267341    0.689523      0.9011
  0.0287384    0.689592    0.901391
  0.0257068    0.690404    0.816877
0.000423609     0.68229    0.901319
  0.0234923     0.68948    0.900468
  0.0245012    0.689514    0.900616
  0.0265257    0.689562     0.90096
0.000365518    0.682881    0.901292
0.000488299    0.684811    0.901013
  0.0235735    0.689535    0.900355
  0.0259614    0.689618      0.9007
  0.0250762    0.689575      0.9006
 0.00044654    0.685373    0.900803
0.000480371    0.685853    0.900635
  0.0211475    0.689516    0.899849
  0.0155597    0.689784    0.869591
0.000858005    0.687175     0.89965
-0.00637991    0.688664    0.869628
 0.00173632    0.688941    0.895853
-0.00254723    0.689303    0.880069