   0.0194503     0.683328     0.897713
   0.0181073     0.683324     0.897949
   0.0170159     0.683389     0.897381
   0.0153192     0.683438     0.897108
   0.0139224     0.683405     0.897668
   0.0122275     0.683457     0.897378
   0.0111838     0.683544      0.89657
  0.00981938     0.683522     0.896982
  0.00873065     0.683591     0.896368
  0.00836497     0.683568      0.89675
  0.00576332     0.683653     0.895997
  0.00349834     0.683782     0.893616
   0.0028716     0.683784      0.89226
  0.00191036     0.683727     0.889892
   0.0016433     0.683678     0.888869
  0.00136855      0.68365     0.887726
  0.00108896     0.683627     0.886536
 0.000592592     0.683545     0.882853
 0.000175049     0.683431     0.877728
-0.000133285     0.683336     0.873886
   0.0449683     0.683658     0.896261
   0.0442046     0.683667     0.896228
    0.041851     0.683637     0.896525
   0.0397488     0.683655     0.896099
   0.0399087     0.683649     0.896201
   0.0371723     0.683601     0.896306
   0.0353831     0.683556     0.896484
   0.0339382     0.683479     0.897142
   0.0321844     0.683448     0.897161
   0.0304379     0.683423     0.897143
     0.02903     0.683363     0.897649
   0.0272411     0.683325      0.89784
   0.0261435      0.68336     0.897263
   0.0243714     0.683336     0.897392
   0.0229196     0.683273     0.898097
   0.0212001     0.683288     0.897973
-0.000122793     0.683307     0.869882
-0.000158307     0.683299     0.868158
-0.000193416     0.683301     0.866443
-0.000365911     0.683311     0.862212
-0.000342436     0.683365     0.858117
-0.000370851     0.683386     0.856336
-0.000510536     0.683396     0.852096
-0.000592901     0.683382     0.845707
   0.0629499     0.683309     0.897559
   0.0612368     0.683347     0.897332
   0.0588481     0.683344      0.89769
   0.0587631     0.683397     0.897122
    0.057015     0.683426     0.897051
   0.0566352     0.683378     0.897544
   0.0543711     0.683438       0.8973
   0.0506549     0.683546     0.896873
   0.0506013     0.683597     0.896227
   0.0501599     0.683535     0.896953
   0.0484381     0.683577     0.896749
   0.0483842      0.68366     0.895955
-0.000623581     0.683336      0.84377
-0.000702751     0.683257      0.83757
-0.000730621     0.683243     0.835788
-0.000758712     0.683232     0.833992
-0.000885845     0.683173     0.829925
-0.000866675     0.683139     0.825979
   0.0896724     0.683644     0.896176
   0.0872703     0.683627     0.896558
   0.0852102      0.68368     0.895875
   0.0853852     0.683683     0.895905
    0.082923     0.683597     0.896653
   0.0807925     0.683598      0.89631
   0.0788013     0.683521     0.896943
   0.0766583     0.683511     0.896672
   0.0761556     0.683449     0.897334
   0.0743331     0.683398     0.897593
   0.0715613     0.683336     0.897805
   0.0697853     0.683307     0.897862
   0.0696088     0.683334     0.897486
   0.0672298     0.683279     0.897888
   0.0654873     0.683277     0.897796
   0.0650613     0.683238     0.898282
 -0.00101743     0.683012     0.821727
-0.000976271     0.682878     0.818015
 -0.00111535     0.682523     0.814962
    0.104386     0.683269     0.897831
    0.104251      0.68331     0.897472
    0.102316     0.683307     0.897803
    0.100241     0.683407     0.897061
   0.0998016     0.683347     0.897715
   0.0980504      0.68338       0.8976
   0.0960348     0.683501     0.896598
   0.0936546     0.683513     0.896826
   0.0938716     0.683485     0.897039
    0.089585     0.683576     0.896753
   0.0895131     0.683634     0.896134
 -0.00112644     0.682314     0.814211
 -0.00106046     0.681785     0.811888
    0.130949     0.683624     0.896128
    0.128551     0.683598     0.896437
    0.128728     0.683593     0.896553
    0.126379     0.683568     0.896696
    0.124251     0.683585     0.896253
     0.12177     0.683497     0.896979
    0.121938     0.683493      0.89703
    0.119835     0.683503      0.89652
    0.115743     0.683343     0.897726
    0.114916      0.68332     0.897829
    0.113077     0.683272     0.898084
     0.11294     0.683314     0.897529
    0.111157     0.683289     0.897568
    0.108681     0.683209     0.898281
    0.108581     0.683265     0.897623
     0.10681     0.683265     0.897623
 0.000209266     0.675498     0.894481
 -0.00109326      0.68056       0.8097
 -0.00109946     0.680339     0.809264
    0.147865     0.683216     0.898365
    0.147822     0.683296     0.897597
    0.146099     0.683339     0.897324
    0.143683     0.683341     0.897634
    0.143608      0.68339     0.897052
    0.141843     0.683423     0.896949
    0.139502     0.683462     0.896923
    0.137105     0.683474     0.897174
    0.137347     0.683459     0.897206
    0.135294     0.683559     0.896383
     0.13284     0.683536     0.896894
    0.133046     0.683537     0.896942
 0.000149023     0.674104     0.895502
  -0.0011804     0.679227     0.808623
    0.176717     0.683598     0.896472
    0.174368     0.683607     0.896511
    0.172262      0.68365     0.895924
    0.172429     0.683649     0.896003
    0.169926     0.683571     0.896652
    0.167807     0.683581     0.896157
    0.163662     0.683427     0.897392
    0.163487     0.683455     0.896984
    0.160974     0.683359     0.897729
    0.160838     0.683398     0.897168
    0.159028     0.683363     0.897255
    0.158478     0.683294     0.898007
    0.154709      0.68324     0.898099
    0.153888     0.683228     0.898156
    0.152115     0.683221     0.898103
    0.150361     0.683233     0.897968
 0.000202129     0.672947       0.8955
 -0.00116979     0.677552     0.808171
    0.191609     0.683199     0.898273
    0.190842     0.683222     0.898181
     0.18912     0.683273     0.897881
    0.187399     0.683327     0.897561
    0.186633     0.683337      0.89752
    0.185209     0.683319     0.897894
    0.184446     0.683326     0.897861
    0.180754     0.683456     0.897175
    0.180701     0.683511     0.896543
    0.178946     0.683559     0.896349
    0.176569     0.683585     0.896439
 0.000163138     0.671671     0.895665
  -0.0011544     0.675806     0.808054
    0.218048     0.683552     0.896706
    0.218242     0.683557     0.896728
    0.216173     0.683619     0.895985
    0.213688     0.683561       0.8965
    0.211213      0.68349     0.897017
    0.211409     0.683503      0.89687
    0.207215     0.683439     0.896832
    0.205328     0.683384     0.897124
    0.204789     0.683327     0.897725
    0.202968     0.683295      0.89779
     0.20213     0.683276     0.897867
    0.200327     0.683252     0.897871
    0.198529     0.683233     0.897861
    0.197706     0.683222     0.897904
    0.195194     0.683152     0.898563
    0.194131     0.683217     0.897826
 0.000177454     0.669947     0.895679
 -0.00121055     0.674499      0.80821
    0.235736       0.6832     0.898045
    0.234957     0.683219     0.897975
     0.23251     0.683223     0.898274
    0.230761     0.683269     0.898019
    0.229025     0.683319     0.897716
    0.227956     0.683396     0.897016
    0.226526     0.683382     0.897346
    0.224801     0.683437     0.897008
    0.222378     0.683453     0.897204
    0.222634     0.683457     0.897133
    0.220579     0.683563      0.89629
 0.000115161     0.668671      0.89584
 -0.00113684     0.673318     0.808059
    0.264311     0.683512     0.896866
      0.2599     0.683494     0.897018
    0.260105     0.683509     0.896878
    0.257922     0.683514     0.896566
    0.255332     0.683417     0.897388
    0.253185     0.683424     0.896957
    0.253359     0.683428     0.896903
    0.250819     0.683343     0.897555
    0.248994     0.683315     0.897589
    0.246456     0.683227     0.898246
    0.246317     0.683265     0.897707
    0.243759     0.683172      0.89844
    0.241654     0.683192     0.897868
    0.240123     0.683133     0.898467
    0.239998     0.683179     0.897926
    0.237531      0.68315     0.898329
 0.000108678     0.666948      0.89586
 -0.00121463     0.672001      0.80829
    0.281207     0.683096     0.898826
    0.279443      0.68314     0.898594
    0.278664     0.683159      0.89851
    0.276923     0.683208     0.898212
    0.276853     0.683254     0.897646
    0.272804     0.683301     0.897838
    0.271012     0.683338     0.897706
    0.270946     0.683385     0.897128
    0.268464     0.683389     0.897458
     0.26868      0.68338     0.897513
    0.266664     0.683503     0.896495
    0.264191     0.683501     0.896831
 0.000200406     0.665807     0.895643
 -0.00121072      0.67023     0.808327
     0.30815     0.683465     0.897151
    0.306325     0.683472     0.897122
    0.306245     0.683531     0.896444
    0.303668     0.683461     0.897104
    0.301525     0.683476     0.896623
    0.301699     0.683483     0.896552
    0.299123     0.683392     0.897229
    0.296594      0.68331     0.897767
     0.29469     0.683262      0.89801
    0.292816     0.683224     0.898158
     0.29195     0.683204     0.898245
    0.290096     0.683173     0.898327
    0.288254     0.683146     0.898373
    0.285797     0.683095     0.898692
    0.284946     0.683088     0.898739
    0.283072     0.683072     0.898907
 0.000208048     0.664089     0.895632
 -0.00111504     0.669057     0.808116
    0.325819     0.683191     0.897857
    0.325322     0.683159     0.898315
    0.323549     0.683192     0.898092
    0.321095       0.6832     0.898269
     0.31927     0.683227     0.898201
    0.318469     0.683234     0.898178
    0.316692     0.683279     0.897962
    0.316654     0.683338     0.897278
    0.314155     0.683349     0.897589
    0.312416     0.683408     0.897236
    0.310674     0.683463     0.896901
 0.000125563     0.662808     0.895837
 -0.00111868     0.667287     0.808151
     0.35398     0.683541     0.896329
    0.352396     0.683491     0.896959
    0.352525     0.683493     0.897018
    0.350452     0.683537     0.896301
    0.347886     0.683464     0.896843
    0.345331     0.683385     0.897367
    0.343404     0.683331     0.897626
    0.341498     0.683281     0.897819
    0.341369     0.683322      0.89721
    0.339468     0.683272     0.897392
    0.335853     0.683155     0.898178
    0.334331     0.683105     0.898596
    0.332429     0.683078     0.898776
    0.332304     0.683122     0.898245
    0.329758     0.683081     0.898752
    0.327955     0.683103     0.898622
  0.00020942     0.661663     0.895642
  -0.0011937     0.665976      0.80835
    0.373072     0.683079     0.898563
    0.371672     0.683094     0.898602
     0.36983     0.683121     0.898551
    0.369034     0.683135     0.898483
    0.367222     0.683172     0.898339
    0.363524     0.683312      0.89754
    0.363412     0.683346     0.897105
    0.362876     0.683287     0.897746
    0.361118     0.683343     0.897421
    0.358706      0.68338     0.897402
    0.356872     0.683412     0.897341
    0.356812     0.683486     0.896659
 0.000142711     0.660388     0.895809
 -0.00113198     0.664793     0.808207
      0.4014     0.683398     0.897288
    0.400578     0.683416     0.897209
    0.398758     0.683431      0.89706
    0.396312     0.683415     0.897155
    0.394376     0.683382     0.897374
    0.392459     0.683348     0.897542
    0.391565     0.683329     0.897629
    0.389656     0.683289     0.897775
    0.387762     0.683251     0.897875
    0.386859     0.683227     0.897986
    0.382239     0.683104     0.898704
      0.3811     0.683132     0.898151
    0.380216     0.683117     0.898219
    0.378573     0.683042      0.89897
    0.376465     0.683084     0.898319
    0.375628     0.683088     0.898295
 0.000159449     0.658671     0.895783
 -0.00117654     0.663493      0.80833
    0.418983     0.683047     0.898837
    0.417923      0.68313     0.898077
    0.416136     0.683175     0.897821
    0.414541      0.68314     0.898417
    0.412759     0.683188     0.898147
    0.410992     0.683241     0.897827
    0.409226     0.683292     0.897507
    0.407735     0.683279     0.897804
    0.406626     0.683345     0.897201
    0.404836     0.683387     0.896961
    0.401286     0.683393     0.897241
 0.000176021     0.656951     0.895779
 -0.00115626     0.661732     0.808303
    0.447933     0.683443     0.896717
    0.445795     0.683402     0.897213
    0.443859     0.683382     0.897377
     0.44273     0.683422     0.896799
     0.44084     0.683401     0.896835
     0.43892     0.683367      0.89696
    0.437249     0.683287     0.897688
    0.435351     0.683253     0.897754
    0.433455     0.683221     0.897815
     0.43156     0.683189     0.897878
    0.429888     0.683108     0.898617
    0.427959     0.683071     0.898779
    0.426841     0.683106     0.898171
    0.424191     0.683029     0.898852
       0.423     0.683057     0.898463
    0.420895     0.683023     0.898903
 0.000121737     0.655675     0.895954
   -0.001209     0.660428     0.808451
     0.46748     0.683047     0.898419
    0.465878      0.68302     0.898953
    0.464058     0.683055     0.898764
    0.462252     0.683095     0.898534
    0.461143     0.683163     0.897917
    0.459641     0.683154     0.898201
    0.459493     0.683178     0.897867
    0.456127      0.68328     0.897444
    0.454355     0.683338     0.897112
     0.45354     0.683356     0.897039
     0.45095      0.68335     0.897447
    0.449886     0.683431     0.896697
 0.000122583      0.65497      0.89598
 -0.00121894     0.658657     0.808498
    0.494507     0.683393     0.896907
    0.493971     0.683366     0.897288
    0.490987     0.683341     0.897456
    0.489074     0.683323     0.897511
     0.48794     0.683358     0.896929
    0.485959     0.683315     0.897173
    0.484334      0.68325     0.897702
    0.483401     0.683225     0.897814
    0.478662     0.683083     0.898674
     0.47752     0.683111     0.898101
      0.4766     0.683092     0.898193
    0.474645     0.683056     0.898379
    0.472675     0.683021     0.898603
     0.47117     0.682995      0.89884
    0.468604     0.682966     0.899189
 0.000118157     0.653239     0.896057
 -0.00112988     0.657485     0.808289
    0.514899     0.683062     0.898224
    0.513058     0.683095     0.898057
    0.511447     0.683065      0.89856
    0.509635     0.683105     0.898315
    0.507825     0.683149     0.898063
    0.506243     0.683127     0.898497
    0.504383     0.683163     0.898387
    0.503365     0.683256     0.897522
    0.501543     0.683297     0.897299
    0.499694     0.683327     0.897156
    0.498871     0.683346      0.89706
    0.496369     0.683359     0.897175
 0.000122355     0.651511     0.896107
 -0.00112522     0.655719     0.808295
    0.544032       0.6834     0.896852
    0.541364     0.683355     0.897387
    0.540469      0.68335     0.897407
     0.53956     0.683342     0.897441
    0.536621     0.683306     0.897487
    0.534697     0.683278     0.897531
    0.532771     0.683246     0.897582
    0.531094     0.683173     0.898191
    0.530153     0.683148       0.8983
    0.528145     0.683096     0.898569
    0.524163     0.683029      0.89874
    0.523979     0.683061     0.898308
    0.521353     0.683002     0.898764
    0.521437      0.68299     0.898905
    0.518611     0.683002     0.898649
    0.516776     0.683023     0.898466
 0.000122058     0.650805     0.896133
 -0.00121556     0.654404     0.808526
    0.564417     0.682977     0.898606
     0.56178     0.682971     0.899007
    0.559341     0.683021     0.898858
    0.559149      0.68305     0.898587
    0.557358     0.683105      0.89825
    0.555779     0.683086      0.89864
    0.554719     0.683166     0.897886
    0.550903     0.683282     0.897291
    0.551271     0.683185     0.898153
    0.546876     0.683303       0.8976
    0.546726     0.683333     0.897247
    0.545901     0.683357     0.897138
  0.00021267     0.648638     0.895979
 -0.00112961     0.653231     0.808314
    0.592244     0.683312     0.897538
    0.590313     0.683307     0.897543
    0.588381     0.683295     0.897559
    0.586456     0.683281     0.897559
    0.585217     0.683297     0.897221
    0.581643     0.683239     0.897445
     0.58093     0.683173     0.898123
     0.57998      0.68315     0.898222
    0.578774     0.683163     0.897789
    0.574665     0.683071     0.898225
    0.573716     0.683051     0.898322
    0.571065     0.682983     0.898782
    0.571126     0.682972     0.898924
    0.567463     0.682906     0.899373
    0.566359     0.682959     0.898706
    0.564477     0.682974     0.898619
 0.000139787     0.647359     0.896185
 -0.00114071     0.651442     0.808328
    0.612816     0.682922     0.899194
    0.610665     0.682996     0.898557
    0.607383      0.68298     0.899086
    0.607297     0.683037     0.898496
    0.607379     0.683002     0.898747
     0.60481     0.683022     0.898924
     0.60201     0.683121     0.898416
    0.599286     0.683233     0.897718
    0.599153     0.683265     0.897319
    0.597596     0.683258     0.897604
    0.595788     0.683307      0.89729
    0.593968     0.683348     0.897018
 0.000200001     0.646204     0.896065
 -0.00118681     0.650147     0.808423
    0.642561     0.683284      0.89762
    0.640654     0.683302     0.897538
    0.637748     0.683305     0.897387
    0.637803     0.683294     0.897523
     0.63769     0.683346     0.896887
    0.632108     0.683177     0.898123
    0.630917     0.683194     0.897643
    0.629945     0.683169     0.897756
    0.627953     0.683128     0.897887
    0.626983     0.683102        0.898
    0.623892     0.683032     0.898342
    0.621222     0.682965     0.898782
    0.618504     0.682896     0.899347
    0.617582     0.682892     0.899365
    0.617747       0.6829     0.899283
     0.61559     0.682954     0.898659
 0.000156646     0.644939     0.896191
 -0.00116605     0.648394     0.808351
    0.662186     0.682951      0.89862
     0.66025     0.682975      0.89859
    0.658727     0.682978     0.898728
    0.656889     0.683024      0.89846
    0.655045     0.683069     0.898208
    0.653191     0.683114     0.897976
    0.651487     0.683076     0.898571
    0.651456     0.683135     0.897888
    0.647867     0.683183     0.897899
    0.646075     0.683241     0.897521
    0.644522     0.683244     0.897752
 0.000176088     0.643228     0.896147
 -0.00121102       0.6471     0.808443
     0.69225     0.683328     0.896956
    0.690505     0.683277      0.89758
    0.688574     0.683275      0.89751
    0.686622     0.683261     0.897494
    0.685647     0.683244      0.89758
    0.680742     0.683112     0.898433
    0.678701     0.683063     0.898624
    0.677715     0.683036      0.89874
     0.67673     0.683009     0.898853
    0.674738     0.682969     0.898945
    0.672762     0.682935        0.899
    0.670042     0.682863     0.899502
    0.668861     0.682895     0.898991
     0.66711     0.682834     0.899639
    0.666031     0.682896     0.898905
    0.663305     0.682862     0.899412
 0.000124185     0.641967     0.896242
 -0.00121487      0.64534     0.808415
    0.713269     0.682857     0.899437
    0.712166      0.68293     0.898761
    0.709558      0.68294     0.898931
    0.707715      0.68299     0.898641
    0.706025     0.682962     0.899138
    0.705148     0.682971     0.899096
    0.701366     0.683095     0.898334
    0.700494     0.683105     0.898284
    0.699377     0.683176      0.89766
    0.697805     0.683176     0.897888
    0.696945     0.683204     0.897775
    0.694168     0.683291     0.897213
 0.000113204     0.640258      0.89619
 -0.00112563     0.644171     0.808157
    0.746425      0.68327     0.897445
    0.742718     0.683252     0.897714
    0.740746     0.683245     0.897698
    0.738766     0.683229     0.897705
    0.736784     0.683209      0.89772
    0.733786     0.683177     0.897726
    0.731945     0.683095      0.89848
    0.730771      0.68312     0.897935
    0.727683     0.683058      0.89815
    0.726683     0.683031     0.898266
    0.725886     0.682963     0.898983
    0.722863     0.682916     0.899051
    0.721205     0.682868     0.899412
    0.718918     0.682877     0.899073
    0.716982     0.682878     0.898998
    0.715052     0.682887     0.898914
 0.000198875     0.639123     0.895923
 -0.00121393     0.642865     0.808334
    0.763553     0.682896     0.898798
    0.761891     0.682883     0.899152
    0.760029     0.682928     0.898885
    0.758399     0.682917     0.899191
    0.757289     0.682989     0.898542
    0.756612     0.682931     0.899142
    0.753605     0.683102     0.897917
     0.75066     0.683173     0.897665
    0.749782     0.683188     0.897605
    0.748912     0.683211     0.897505
     0.74639     0.683252     0.897425
 0.000108429     0.637848     0.896092
 -0.00111897     0.641701     0.808064
    0.796105     0.683212     0.897556
    0.793165     0.683237     0.897328
    0.789343     0.683186     0.897816
    0.788367     0.683174     0.897878
    0.787379     0.683159      0.89795
    0.785377     0.683134     0.897978
     0.78249     0.683038     0.898716
    0.780412      0.68299     0.898911
    0.779243     0.683013     0.898341
    0.777156     0.682965     0.898554
    0.776157     0.682943     0.898645
    0.773368      0.68287     0.899181
    0.772401     0.682856     0.899228
     0.76945      0.68285     0.899066
    0.767503     0.682853     0.898982
    0.766733     0.682797     0.899687
 0.000114043     0.636103     0.896065
 -0.00112034     0.639944      0.80803
    0.816502     0.682768     0.899772
    0.815588     0.682784     0.899708
    0.812706     0.682839     0.899338
    0.810836     0.682887     0.899057
    0.809164     0.682874     0.899412
    0.806229      0.68295     0.899095
    0.805335      0.68296      0.89905
    0.804326     0.683052     0.898174
    0.799988     0.683087     0.898388
    0.800433     0.683117      0.89795
    0.798898      0.68313     0.898018
    0.798703     0.683175     0.897668
 0.000197769     0.634959      0.89587
 -0.00120074     0.638636     0.808217
    0.848525     0.683154     0.898047
    0.846484     0.683161     0.898108
    0.844461     0.683159     0.898137
     0.84246     0.683151     0.898121
    0.841319     0.683194      0.89749
    0.839222     0.683159      0.89767
     0.83647     0.683095     0.898054
    0.834435      0.68306     0.898117
    0.830414     0.682932     0.899004
    0.830277     0.682971      0.89842
    0.828172     0.682925     0.898626
    0.827164     0.682905     0.898707
    0.826165     0.682887     0.898782
    0.824354      0.68282      0.89939
    0.820364      0.68281     0.899196
    0.819409     0.682811     0.899193
 0.000187329     0.633236     0.895912
 -0.00118705     0.636881     0.808166
    0.870688     0.682755     0.899556
    0.865966     0.682795     0.899543
    0.862389     0.682858     0.899343
    0.861308     0.682945     0.898592
    0.861352      0.68292     0.898796
    0.859668     0.682905     0.899145
    0.855766     0.683025     0.898545
    0.855829     0.682995     0.898743
    0.853952     0.683046     0.898454
    0.852083     0.683097     0.898152
    0.850214     0.683147     0.897855
 0.000142699     0.631972     0.896023
 -0.00117191     0.635129       0.8081
    0.892747     0.689495     0.869403
    0.885933     0.682346     0.902041
    0.885481     0.682813       0.8993
    0.882633     0.682873     0.898844
    0.879476     0.682826      0.89905
    0.878436     0.682808     0.899153
    0.877406     0.682791     0.899248
    0.874584     0.682733     0.899741
    0.873596     0.682727     0.899779
    0.870684     0.682754     0.899473
 0.000163125     0.630262     0.895981
 -0.00117256     0.634408     0.808092
    0.894352     0.681779     0.893387
    0.895442     0.683906      0.88729
  0.00011973     0.629001     0.896092
 -0.00115577     0.632658     0.808006
    0.894523      0.68008     0.894998
    0.894529     0.681245     0.893811
 0.000116487     0.627284     0.896086
 -0.00122678     0.631358     0.808157
    0.894836     0.678809      0.89522
 0.000203241     0.626145     0.895829
 -0.00113751     0.630186     0.807918
    0.894833      0.67696     0.895586
 0.000116703     0.624878     0.895951
 -0.00122053     0.628881     0.808108
    0.894821     0.675104     0.895704
 0.000208358     0.623747     0.895641
 -0.00121029     0.627125     0.808066
    0.894813     0.674307     0.895733
 0.000205927     0.622047     0.895535
 -0.00119568     0.625371     0.808014
    0.894789     0.672446     0.895801
 0.000204324     0.621345     0.895518
 -0.00119448     0.624651     0.808002
    0.894676     0.671076      0.89598
 0.000141268     0.619062     0.895683
 -0.00117832     0.622901     0.807927
     0.89467     0.669217     0.896023
 0.000140325     0.618356     0.895703
 -0.00116152     0.621152      0.80784
    0.894711     0.667918      0.89599
 0.000156231     0.616644     0.895671
 -0.00119845     0.619863     0.807898
    0.894661     0.666562     0.896082
 0.000172572     0.614939     0.895592
 -0.00121356     0.618102     0.807901
    0.894665     0.664708     0.896101
 0.000103195     0.613674      0.89572
 -0.00121416     0.617358     0.807884
    0.894672     0.662856     0.896113
  0.00018992     0.612532     0.895482
  -0.0012185     0.615597     0.807886
    0.894587     0.661495     0.896243
 0.000203951     0.610826     0.895413
 -0.00112633     0.614427     0.807653
    0.894571     0.659638     0.896282
 0.000118634     0.609556     0.895592
 -0.00121299     0.612079      0.80787
     0.89456     0.657783     0.896314
 0.000132346     0.607853     0.895507
 -0.00121542     0.611358     0.807877
    0.894558     0.656986     0.896323
 0.000207994     0.606711     0.895278
 -0.00120225     0.609601     0.807861
    0.894548     0.655131      0.89635
 0.000148483     0.605452     0.895371
 -0.00118438     0.607843     0.807844
    0.894536     0.653276     0.896374
 0.000164931     0.603746     0.895294
 -0.00118406     0.607122     0.807857
    0.894524     0.651423     0.896393
 0.000181235     0.602012     0.895263
 -0.00122134     0.605828     0.807977
    0.894518     0.650627       0.8964
 0.000181209     0.601309     0.895276
 -0.00123686     0.604058     0.808054
    0.894664     0.648301     0.896197
 0.000195805     0.599591     0.895292
  -0.0012412     0.602293     0.808104
    0.894527     0.646932     0.896382
 0.000204877     0.597872     0.895317
 -0.00123675     0.600531     0.808129
    0.894673     0.645658     0.896172
 0.000202592     0.597166     0.895336
 -0.00123721     0.599809     0.808146
    0.894686     0.643788      0.89614
 0.000118607     0.594878     0.895566
 -0.00114277     0.598636     0.807937
    0.894695     0.641944      0.89611
 0.000190048     0.593731     0.895403
 -0.00120509     0.596293     0.808148
    0.894609     0.640588     0.896211
 0.000129162     0.592466     0.895566
 -0.00114989     0.595104     0.808047
    0.894704     0.639305     0.896062
 0.000171536     0.591306     0.895494
 -0.00114602     0.594382     0.808061
    0.894697     0.637459     0.896048
 0.000111458     0.589488     0.895705
 -0.00119905     0.592526     0.808248
    0.894663     0.636113      0.89608
 0.000164047     0.588328      0.89562
 -0.00121492     0.590756     0.808334
    0.894684     0.634272     0.896036
 9.64581e-05     0.587057     0.895817
 -0.00113949     0.589576     0.808176
    0.894703      0.63243     0.895998
 0.000175749     0.585908     0.895648
 -0.00122377     0.588269     0.808412
    0.894628     0.631074     0.896092
 0.000184558     0.584196     0.895645
 -0.00122163      0.58651     0.808434
    0.894625      0.62923     0.896077
 0.000187158     0.582482     0.895655
 -0.00112536     0.585338      0.80821
    0.894746     0.627952     0.895895
 0.000187393     0.581778     0.895666
 -0.00120844     0.584034     0.808429
     0.89477     0.626113     0.895836
 0.000186855     0.580061     0.895704
 -0.00113165     0.581817     0.808262
    0.894646     0.624751     0.895989
 0.000180488      0.57834     0.895769
 -0.00112977     0.581095     0.808268
     0.89466      0.62291     0.895946
 0.000154607     0.577084     0.895869
 -0.00114781     0.578773      0.80835
    0.894818     0.621638     0.895717
 0.000132498      0.57583     0.895954
 -0.00114728     0.578052     0.808361
    0.894836     0.619797     0.895673
 0.000191381     0.573661     0.895859
   -0.001203     0.576756      0.80852
    0.894697     0.618432     0.895852
 0.000190259     0.572957     0.895881
   -0.001214     0.574993     0.808574
    0.894713     0.616591     0.895809
 0.000199407      0.57124     0.895918
 -0.00112655     0.573819      0.80837
    0.894861     0.615319     0.895593
 0.000204491     0.569521     0.895977
 -0.00122194     0.572513     0.808618
    0.894856     0.613475     0.895584
  0.00020539     0.568818     0.896001
 -0.00121508     0.570759     0.808609
    0.894728      0.61211     0.895751
 0.000206782     0.567103     0.896027
 -0.00119947      0.56901     0.808561
    0.894736     0.610268     0.895724
 0.000198993     0.565394      0.89603
 -0.00117964     0.567239     0.808474
    0.894823     0.608986     0.895588
 0.000200453     0.564692      0.89601
 -0.00117794     0.566521      0.80844
    0.894773     0.606592     0.895621
  0.00018153     0.562443     0.896004
 -0.00115765     0.564778     0.808342
    0.894778     0.605798     0.895597
 0.000181773      0.56174     0.895996
 -0.00120797     0.563492     0.808436
    0.894802      0.60396     0.895537
 0.000127219     0.560479     0.896131
 -0.00113746     0.562314     0.808238
    0.894825     0.602121     0.895485
 0.000195282     0.559326      0.89599
 -0.00121244      0.56102     0.808403
    0.894752     0.600747     0.895574
 0.000201924     0.557612     0.896025
 -0.00121367     0.559268     0.808379
    0.894749     0.598901     0.895571
 0.000202062     0.555898     0.896062
 -0.00111963     0.558098     0.808132
     0.89487     0.597621     0.895399
 0.000198822     0.554187      0.89608
 -0.00121098     0.556797     0.808344
    0.894886      0.59578     0.895373
 0.000199655     0.553485     0.896071
 -0.00119978     0.555049     0.808295
    0.894755     0.594418     0.895554
 0.000192147     0.551753     0.896067
 -0.00113458     0.553869      0.80812
    0.894762     0.592575     0.895552
 0.000153101     0.550502     0.896138
 -0.00118183     0.552582     0.808219
    0.894916     0.591299     0.895351
 0.000172957     0.548803     0.896053
 -0.00116326     0.550839     0.808132
    0.894924     0.589454     0.895356
 0.000123853      0.54755     0.896133
 -0.00122481     0.548524     0.808207
    0.894774     0.588089     0.895576
 0.000192271     0.546402     0.895931
 -0.00122634     0.547803     0.808193
    0.894768     0.586241     0.895602
 0.000205457     0.544701     0.895861
 -0.00122938     0.546057     0.808143
    0.894899     0.584964     0.895435
 0.000211103     0.542995     0.895841
 -0.00123021     0.545336     0.808129
    0.894873     0.583114     0.895491
 0.000209704     0.542291     0.895854
 -0.00112917      0.54314     0.807816
    0.894737     0.581748     0.895694
 0.000206958     0.540581     0.895873
  -0.0012039     0.541849     0.807968
     0.89484     0.580465     0.895569
 0.000195949     0.538871     0.895887
 -0.00113031     0.540672     0.807756
    0.894824     0.578615     0.895616
 0.000149113     0.537619      0.89597
 -0.00118284     0.539387     0.807857
    0.894809     0.576766     0.895661
 0.000167284     0.535924     0.895862
 -0.00116503     0.537642     0.807782
    0.894758      0.57542     0.895747
  0.00011876     0.534673     0.895927
 -0.00120885     0.536358      0.80787
    0.894763     0.573576     0.895759
 0.000181077     0.533527     0.895726
 -0.00115096     0.535178     0.807704
    0.894709     0.572226     0.895847
 0.000190141     0.531834     0.895608
 -0.00113944     0.533405     0.807661
    0.894675     0.570377     0.895913
  0.00018805     0.531132     0.895576
 -0.00113205     0.531656     0.807639
     0.89475      0.56909     0.895824
 0.000194313     0.529437      0.89546
 -0.00122197     0.530358     0.807862
    0.894749     0.567245      0.89585
 0.000109585     0.528178     0.895617
 -0.00120925     0.528609     0.807835
    0.894627     0.565887     0.896041
 0.000126415     0.526475     0.895574
 -0.00113516     0.527429     0.807653
    0.894613     0.564039     0.896095
 0.000198744     0.525323     0.895418
 -0.00119035     0.526141     0.807791
    0.894746     0.562758     0.895938
 0.000148113     0.524068     0.895551
 -0.00116981     0.524395     0.807747
    0.894601     0.561396     0.896164
 0.000165055     0.522368     0.895473
 -0.00120632     0.523111     0.807849
    0.894598     0.559551     0.896201
 0.000179028     0.520673     0.895361
 -0.00115058     0.521927     0.807729
    0.894597     0.557707     0.896228
  0.00010723     0.519395     0.895479
 -0.00113795     0.520176     0.807734
    0.894594     0.555864     0.896251
 0.000103089     0.517689     0.895466
   -0.001227     0.518876      0.80799
    0.894589     0.555068     0.896265
 0.000108661     0.515983     0.895463
 -0.00122371     0.517121     0.808038
    0.894586     0.553227     0.896278
 0.000108436     0.515281      0.89547
  -0.0011303     0.515944     0.807852
    0.894585     0.551386     0.896285
  0.00019808     0.514135     0.895271
 -0.00121157     0.514645     0.808106
    0.894587     0.549546     0.896287
 0.000193839     0.512424     0.895316
  -0.0011945     0.512893     0.808133
    0.894593     0.547707     0.896284
 0.000180481     0.510712      0.89538
 -0.00114794     0.511703     0.808059
    0.894607      0.54587      0.89627
  0.00016066     0.509466     0.895438
 -0.00117498     0.510421     0.808164
    0.894612     0.545076     0.896264
 0.000124837     0.508216     0.895524
 -0.00115426     0.508672     0.808151
    0.894637     0.543241     0.896229
 0.000111446     0.506507     0.895552
  -0.0012129     0.507385     0.808319
    0.894617     0.541906     0.896252
 0.000105214     0.504799     0.895581
 -0.00120862     0.505634     0.808332
    0.894609     0.540066     0.896249
 0.000103295     0.504096     0.895604
 -0.00111101     0.504458     0.808104
    0.894615     0.539246     0.896224
 0.000194755     0.502949     0.895425
 -0.00119778     0.503165     0.808331
    0.894704     0.536922      0.89607
 0.000198302     0.501236     0.895507
 -0.00118949     0.501416     0.808326
    0.894587      0.53557     0.896215
 0.000194842     0.499519     0.895616
 -0.00111006     0.500239     0.808144
    0.894576     0.533732     0.896217
 0.000181293     0.497803     0.895735
 -0.00112732     0.498482      0.80822
    0.894715     0.532458     0.896021
 0.000182068       0.4971     0.895759
 -0.00116447     0.497198     0.808342
     0.89472     0.530621     0.896003
 0.000123569     0.495305     0.895942
  -0.0011901     0.495918     0.808435
     0.89473     0.528786     0.895972
 0.000116065     0.493598     0.895987
 -0.00120602     0.494163     0.808507
    0.894593     0.527432     0.896147
 0.000197683     0.492446     0.895817
 -0.00113106     0.492985     0.808331
    0.894614       0.5256     0.896098
 0.000216723     0.490742     0.895823
 -0.00112257      0.49124     0.808311
    0.894766     0.524327     0.895877
 0.000218965     0.490039     0.895846
 -0.00121508     0.489948     0.808528
     0.89477     0.522493     0.895851
 0.000227414     0.488331     0.895896
 -0.00112163     0.488776     0.808282
    0.894652     0.521141        0.896
 0.000143062     0.487069     0.896149
 -0.00112441     0.487028     0.808267
    0.894676     0.519311     0.895944
 0.000154149     0.485363     0.896181
 -0.00119165     0.485719     0.808412
    0.894681     0.518515     0.895931
 0.000152756      0.48466     0.896203
 -0.00117373     0.483978     0.808344
    0.894775     0.516196     0.895768
 0.000168245     0.482958     0.896194
 -0.00115664     0.482237     0.808285
    0.894723     0.514855     0.895823
 0.000185428     0.481259     0.896157
 -0.00115633     0.481517     0.808274
     0.89474     0.513024     0.895772
 0.000200518     0.479562     0.896103
 -0.00113981     0.479776     0.808217
      0.8947     0.511685     0.895808
 0.000199071      0.47886     0.896089
 -0.00121746     0.478489     0.808393
    0.894694     0.509853     0.895791
 0.000117618     0.476613     0.896197
 -0.00121142     0.476747     0.808354
    0.894785     0.508568     0.895656
  0.00020758     0.475475     0.895917
 -0.00111371     0.475574     0.808099
    0.894806     0.506736      0.89562
 0.000205759     0.474775     0.895879
 -0.00120054     0.474285     0.808304
    0.894697     0.505388     0.895768
 0.000202956     0.473049     0.895827
 -0.00118826     0.472544     0.808254
    0.894697     0.503554     0.895762
 0.000137893     0.471799     0.895979
 -0.00117478     0.470804     0.808189
    0.894704     0.501721     0.895742
 0.000156163     0.470098     0.895983
 -0.00117631     0.470084     0.808183
     0.89486     0.500447     0.895515
 0.000134803     0.468851      0.89607
 -0.00116126     0.468346     0.808103
    0.894877     0.498617      0.89547
 0.000189533     0.466698     0.895933
 -0.00121554     0.467067      0.80821
    0.894738     0.497266      0.89564
 0.000189812     0.465997     0.895891
 -0.00122465     0.465324     0.808189
     0.89475     0.495409     0.895601
 0.000202791      0.46431     0.895737
 -0.00113528     0.464149     0.807938
    0.894897     0.494135     0.895385
 0.000117415     0.463064     0.895833
  -0.0011271     0.462411     0.807868
    0.894764     0.492785     0.895563
 0.000125976     0.461379     0.895672
  -0.0012134     0.461126      0.80805
    0.894778     0.490953     0.895546
  0.00020977     0.460237     0.895409
  -0.0011249     0.459951     0.807804
    0.894789      0.48912     0.895539
 0.000136313     0.458986     0.895549
  -0.0011317      0.45821     0.807787
    0.894884     0.487836     0.895413
 0.000149819     0.457289     0.895518
 -0.00118215      0.45693      0.80789
    0.894861     0.485999      0.89545
  0.00016538     0.455587     0.895528
 -0.00116772     0.455191     0.807828
    0.894798     0.484657     0.895541
 0.000165036     0.454884     0.895557
 -0.00121915     0.453911     0.807934
    0.894798     0.482823     0.895549
 0.000180677     0.453183     0.895562
  -0.0012284      0.45217     0.807928
    0.894739     0.481482      0.89564
 0.000105225     0.451931     0.895757
 -0.00113824     0.450968     0.807678
    0.894704     0.479644     0.895705
 0.000107412     0.450234     0.895736
 -0.00122082     0.449686     0.807866
    0.894785     0.478358     0.895608
 0.000201082     0.449089     0.895488
 -0.00120857     0.447945     0.807825
    0.894676     0.477012     0.895774
 0.000117191     0.447838     0.895662
 -0.00111646     0.446769     0.807597
    0.894665     0.475176     0.895815
  0.00013219     0.446143     0.895609
 -0.00119648     0.445484     0.807804
    0.894657     0.473341     0.895852
 0.000197398     0.444992     0.895463
 -0.00112897     0.444304     0.807654
    0.894653     0.471506     0.895885
 0.000148737     0.443742     0.895604
 -0.00117406     0.441997     0.807812
    0.894798     0.470227     0.895705
 0.000163348     0.442044     0.895594
 -0.00121977     0.440718     0.807947
    0.894795     0.468393     0.895736
  0.00011367     0.440797      0.89571
 -0.00115521     0.439535     0.807805
    0.894639     0.467041     0.895971
 0.000177164     0.439649     0.895534
 -0.00122271     0.438253     0.807992
    0.894777     0.464722     0.895817
 0.000192996     0.437958     0.895446
 -0.00121902     0.436509     0.808012
    0.894774     0.463927     0.895835
 0.000112544     0.436682     0.895608
 -0.00112238     0.435332     0.807798
    0.894637      0.46154     0.896059
 0.000213234     0.434544     0.895353
  -0.0011191     0.433587     0.807833
    0.894632     0.460745     0.896077
 0.000136585     0.433294     0.895548
 -0.00119839     0.432302     0.808065
    0.894744     0.459464     0.895939
 0.000134752     0.432593     0.895557
 -0.00112241     0.431121     0.807907
    0.894629     0.457081     0.896119
 0.000143979     0.430895     0.895547
 -0.00114015     0.429374     0.807989
     0.89469     0.455793     0.896047
 0.000156124       0.4292      0.89551
 -0.00116589     0.428099      0.80808
    0.894627     0.454454      0.89615
 0.000111895     0.427955     0.895609
  -0.0011509     0.426357     0.808084
    0.894633     0.452623     0.896163
 0.000106889     0.426257     0.895631
 -0.00122045     0.425075     0.808289
      0.8946     0.451289     0.896225
 0.000109338     0.425555     0.895641
 -0.00113822     0.423895     0.808115
    0.894585     0.449457     0.896264
  0.00011275     0.423854     0.895686
 -0.00122377     0.422611     0.808355
    0.894574     0.447625     0.896293
 0.000119969     0.422155     0.895725
 -0.00112723     0.420411     0.808157
    0.894674     0.446341     0.896163
 0.000132166     0.420458     0.895733
 -0.00120881     0.419127     0.808386
    0.894689     0.444513     0.896152
 0.000205935     0.419307     0.895568
  -0.0011332     0.417947     0.808225
     0.89457      0.44317     0.896323
 0.000148194     0.418061     0.895715
 -0.00119306     0.416668     0.808401
    0.894566      0.44134     0.896336
  0.00018838     0.416905     0.895631
  -0.0011747     0.414928     0.808387
    0.894566     0.440546     0.896337
 0.000125832     0.415121     0.895824
 -0.00120863     0.413655     0.808491
    0.894712     0.438236     0.896133
 0.000178021     0.413966     0.895748
 -0.00122184     0.411911      0.80855
    0.894716      0.43641     0.896117
 0.000191663     0.412266     0.895801
 -0.00122166     0.411192      0.80856
    0.894567     0.435037     0.896306
 0.000108888     0.411014     0.896055
 -0.00122333     0.409451     0.808585
    0.894715     0.433763     0.896086
 0.000200576     0.409865      0.89587
  -0.0012164     0.407712     0.808578
    0.894712     0.431936     0.896076
 0.000202275     0.408169     0.895889
 -0.00112132     0.406536     0.808338
    0.894588     0.430594     0.896237
 0.000122796     0.406921      0.89609
 -0.00112244     0.404798     0.808325
    0.894609      0.42877     0.896188
 0.000137678     0.405227     0.896075
 -0.00113548      0.40306     0.808332
    0.894637     0.426948     0.896123
 0.000181521     0.404071        0.896
 -0.00113445     0.402315     0.808306
     0.89473     0.425664     0.895977
 0.000156583     0.402829     0.896105
 -0.00119139     0.400496     0.808409
     0.89473     0.423839     0.895956
 0.000174807     0.401131     0.896137
 -0.00114477     0.399313     0.808267
    0.894699     0.422509     0.895988
 0.000111807     0.399884     0.896348
 -0.00112519      0.39758     0.808184
    0.894719     0.420686     0.895949
 0.000110777     0.398185     0.896424
 -0.00120283     0.396304     0.808353
    0.894673     0.419354     0.896004
  0.00020401     0.397037      0.89623
 -0.00111161     0.395127     0.808107
    0.894668     0.417527      0.89599
 0.000118292     0.395791     0.896441
 -0.00110756     0.393392      0.80807
    0.894767     0.416246     0.895835
  0.00013058     0.394104     0.896362
 -0.00119608     0.392114     0.808271
    0.894786     0.414425     0.895777
 0.000208586     0.392957     0.896115
 -0.00118534      0.39038     0.808221
    0.894665     0.413085     0.895921
 0.000195191     0.391267     0.896057
 -0.00112912     0.389198     0.808071
    0.894668     0.411262     0.895888
  0.00016359     0.390008     0.896072
 -0.00117074     0.387926     0.808165
    0.894672     0.409438     0.895862
 0.000140497     0.388772     0.896076
 -0.00115336     0.386193     0.808103
    0.894669     0.408643     0.895861
 0.000202951     0.386632     0.895862
  -0.0012113     0.384919     0.808231
    0.894822     0.406337     0.895635
  0.00020427      0.38593     0.895839
 -0.00122105     0.383183     0.808219
    0.894677     0.404995     0.895828
 0.000217206     0.384242     0.895783
 -0.00113233     0.382008      0.80797
    0.894828     0.403717     0.895613
 0.000129344     0.382998     0.895988
 -0.00112839     0.380276     0.807899
    0.894845     0.401894     0.895578
 0.000136144     0.381307     0.895972
 -0.00121324     0.379002     0.808064
     0.89486     0.400072     0.895542
 0.000215983     0.380158     0.895775
 -0.00119678     0.377272     0.807967
     0.89476     0.398737     0.895667
 0.000144993     0.378914     0.895927
 -0.00113495      0.37609     0.807789
    0.894784     0.396916     0.895613
 0.000159443     0.377228     0.895832
 -0.00118084     0.374818     0.807886
    0.894874     0.395634     0.895472
 0.000175318     0.375546     0.895702
 -0.00116669     0.373084     0.807838
    0.894864     0.393811     0.895466
 0.000118285     0.374308     0.895764
 -0.00122298     0.371812     0.807968
    0.894825     0.392481     0.895501
 0.000186769     0.373161     0.895533
 -0.00115318     0.370633     0.807782
    0.894835     0.390632     0.895474
 0.000106127      0.37192     0.895662
 -0.00113974     0.368901     0.807728
    0.894844      0.38881     0.895454
 0.000197274     0.369787     0.895374
 -0.00122765       0.3676     0.807921
    0.894759     0.387476      0.89557
 0.000197671     0.369084     0.895367
 -0.00113235     0.366423     0.807668
    0.894759     0.385655     0.895576
 0.000200351     0.367392     0.895353
  -0.0011324      0.36469     0.807654
    0.894763     0.383832     0.895582
 0.000201934     0.366691     0.895348
 -0.00114238     0.362953     0.807679
    0.894896      0.38255     0.895409
  0.00014863     0.364463     0.895473
 -0.00119066     0.361683     0.807808
    0.894768     0.381213     0.895596
 0.000147727     0.363762     0.895477
 -0.00117423     0.359949      0.80779
    0.894764     0.379388     0.895616
 0.000161614     0.362073     0.895455
  -0.0012267     0.358677     0.807939
    0.894908     0.378109     0.895424
 0.000176021     0.360384     0.895438
 -0.00122728     0.357959     0.807951
    0.894908     0.376286     0.895437
 0.000101636     0.359143      0.89562
 -0.00123398     0.356223     0.807997
    0.894903     0.374462     0.895461
 0.000104221     0.357453      0.89561
 -0.00122877     0.354487      0.80802
     0.89489     0.372637       0.8955
 0.000197268     0.356281      0.89538
 -0.00112908     0.353307     0.807799
    0.894744     0.371299     0.895719
 0.000112647     0.355037     0.895593
 -0.00112058     0.351572     0.807814
    0.894736     0.370505     0.895742
 0.000125343     0.353348     0.895578
 -0.00119378       0.3503     0.808019
    0.894736     0.367652     0.895776
 0.000187749     0.352196     0.895425
  -0.0011723     0.348567     0.807995
    0.894812     0.366368     0.895686
 0.000140168      0.35096     0.895518
  -0.0011286     0.347382     0.807909
    0.894783     0.364544     0.895747
 0.000154794     0.349275     0.895439
 -0.00114789     0.346116     0.807982
    0.894725     0.364242     0.895832
 0.000103293      0.34804     0.895533
 -0.00112931     0.344383     0.807974
    0.894721     0.362419      0.89586
 9.55601e-05     0.346352     0.895543
 -0.00119754      0.34311     0.808174
    0.894714     0.360597     0.895893
 0.000184193     0.345201     0.895356
  -0.0011177      0.34193     0.808005
    0.894639     0.359264     0.896014
 0.000102816      0.34396     0.895608
 -0.00111186     0.340196     0.808033
    0.894607     0.357441     0.896086
 0.000117329     0.342268     0.895665
 -0.00120365     0.338922     0.808294
    0.894587     0.355619     0.896142
 0.000135998     0.340576     0.895695
 -0.00119578     0.337188     0.808318
    0.894575     0.353797     0.896184
 0.000209614     0.339422     0.895557
 -0.00119754      0.33647      0.80834
    0.894705     0.352515      0.89602
 0.000160097     0.338185     0.895712
 -0.00114389     0.334273     0.808247
    0.894709     0.350695     0.896033
 0.000181567     0.336497     0.895698
 -0.00114483     0.333555     0.808261
    0.894562      0.34936     0.896249
 0.000200127     0.334811     0.895677
 -0.00121025     0.331738     0.808456
    0.894559      0.34754     0.896273
 0.000134021     0.333572     0.895856
 -0.00122546     0.330003     0.808532
    0.894706     0.346261     0.896084
 0.000133039     0.332871     0.895875
 -0.00114413     0.328823     0.808357
    0.894703      0.34444     0.896106
 0.000126792      0.33118     0.895948
 -0.00113671     0.327089     0.808371
    0.894563     0.343107     0.896309
  0.00012931     0.329489     0.896026
 -0.00121891     0.325825     0.808586
    0.894573     0.341289     0.896305
 0.000216776     0.328339     0.895884
 -0.00118314     0.324103     0.808499
    0.894702     0.340008      0.89613
  0.00020856     0.326647     0.896009
 -0.00116401     0.323384     0.808444
    0.894699      0.33819     0.896134
 0.000150235     0.325408     0.896214
 -0.00106874     0.321667     0.808194
    0.894692     0.336372      0.89614
 0.000188667     0.324254     0.896168
-0.000926977     0.319958     0.807828
    0.894694     0.335578     0.896132
 0.000125356     0.322484     0.896367
-0.000689947     0.318677     0.807233
    0.894629     0.333226     0.896215
 0.000179183      0.32133     0.896255
-0.000663057     0.317529     0.807191
    0.894629     0.332433     0.896209
 0.000188293     0.319638     0.896168
-0.000337377       0.3162     0.806557
 -0.00035247     0.316291     0.806535
     0.89459      0.33006     0.896255
  0.00011497     0.314504     0.806258
    0.894652     0.328777     0.896161
   0.0016935     0.312218     0.805795
  0.00087534     0.313088     0.806017
    0.894666      0.32696     0.896133
  0.00302565      0.31158     0.804158
    0.894568     0.325632     0.896259
 0.000663499     0.310787     0.841524
  0.00767982     0.310143     0.809764
  0.00670469     0.310264     0.810204
  0.00164707     0.310784     0.822217
  0.00479316     0.310484     0.811242
  0.00396567     0.310589     0.811593
    0.894565     0.323814     0.896251
 0.000281019     0.311034     0.872477
 0.000276938     0.311033     0.870611
 0.000273589     0.311026     0.868745
 0.000295687     0.310943     0.858237
  0.00030971     0.310919     0.856395
 0.000323688     0.310896     0.854535
 0.000337592     0.310873     0.852692
 0.000351443     0.310848     0.850921
 0.000623988     0.310787     0.843616
    0.894701     0.322535     0.896054
   0.0382826     0.308072     0.833165
   0.0365121     0.308078     0.833168
   0.0347573     0.308081     0.833095
    0.033676     0.308054      0.83233
   0.0319251     0.308064     0.832199
   0.0295793     0.308125     0.832204
 0.000375191     0.311061     0.896684
 0.000364766      0.31106      0.89462
 0.000356959     0.311045     0.892807
 0.000461354     0.311025     0.895258
 0.000424398     0.310996      0.88412
 0.000420243     0.310992     0.882341
 0.000415214     0.310995     0.880542
 0.000287274     0.311022     0.874593
    0.894717     0.320719     0.896014
    0.176813     0.308202     0.831531
    0.174413     0.308216     0.831741
    0.174225     0.308203     0.831403
    0.171471     0.308192     0.831164
    0.169687     0.308185     0.831054
    0.169874     0.308189     0.831123
    0.166399     0.308208     0.831607
    0.165285      0.30818     0.830965
    0.164481      0.30818      0.83096
    0.162037     0.308197     0.831363
    0.160267     0.308189     0.831204
    0.158874     0.308199     0.831436
    0.157041     0.308202     0.831531
    0.156898      0.30818     0.831032
    0.154114     0.308173     0.830933
    0.152308     0.308172     0.830935
    0.151786     0.308204     0.831664
    0.149682     0.308176     0.830997
    0.147848     0.308181     0.831127
    0.145445     0.308188     0.831387
    0.144649     0.308186     0.831378
    0.141914     0.308168     0.831086
    0.140434     0.308193     0.831697
     0.14032     0.308165     0.831072
    0.137822     0.308191     0.831737
    0.135706      0.30816     0.831128
    0.134899     0.308159     0.831146
    0.134093     0.308158     0.831163
    0.132269     0.308157     0.831266
    0.130842     0.308169     0.831653
    0.130034     0.308167     0.831684
    0.127653      0.30817     0.831938
    0.124849     0.308167     0.831967
    0.123064     0.308164     0.831925
    0.122261     0.308165      0.83194
    0.120151     0.308136     0.831334
    0.118307     0.308141     0.831546
    0.117491      0.30814     0.831594
    0.113481     0.308153     0.832312
    0.113685     0.308151     0.832264
    0.113502     0.308133     0.831902
    0.110744     0.308112     0.831789
    0.108954     0.308105     0.831789
    0.107158     0.308102     0.831814
    0.105681     0.308128     0.832458
    0.105556     0.308101     0.831853
    0.102742       0.3081     0.831979
    0.100808     0.308111     0.832338
    0.101167     0.308095     0.831964
   0.0978394     0.308086     0.832001
   0.0980328      0.30809     0.832086
    0.093284     0.308074     0.832005
   0.0934711     0.308075     0.832011
    0.091672     0.308075     0.832079
   0.0898637     0.308077     0.832181
   0.0884307     0.308095     0.832672
   0.0857029     0.308077     0.832467
   0.0839354      0.30807     0.832403
   0.0834827     0.308094     0.832941
     0.08037     0.308062     0.832363
   0.0789028     0.308088     0.833034
   0.0787925     0.308058     0.832382
   0.0753713      0.30807     0.832862
   0.0755691     0.308074     0.832953
   0.0754436     0.308048     0.832372
   0.0715078     0.308059     0.832806
   0.0712909     0.308052      0.83266
   0.0695389     0.308045     0.832527
   0.0677785     0.308039     0.832449
   0.0660049     0.308036     0.832445
   0.0652014     0.308037     0.832491
   0.0634199     0.308035     0.832524
   0.0616367     0.308033     0.832558
   0.0602019     0.308057     0.833137
   0.0590768     0.308033     0.832581
   0.0561368     0.308057     0.833052
   0.0553595     0.308059     0.833041
   0.0541832     0.308045     0.832714
   0.0514516     0.308034     0.832591
   0.0506547     0.308033     0.832632
    0.048877      0.30803     0.832668
   0.0474199     0.308059     0.833351
   0.0463191     0.308031     0.832697
   0.0445473     0.308034     0.832695
   0.0431734     0.308052     0.833029
   0.0414339     0.308049     0.832864
   0.0396929     0.308047     0.832721
    0.894575     0.319383      0.89619
    0.275632     0.308002     0.833681
    0.275537     0.307976     0.832992
    0.275699     0.307981     0.833053
    0.271171     0.308007     0.833469
    0.271066     0.307982     0.832839
    0.269535     0.308008     0.833418
     0.26942     0.307982     0.832795
    0.266522     0.307984     0.832952
    0.264073     0.307994     0.833211
    0.261558     0.308019     0.833693
    0.333612     0.301562     0.684992
    0.333578     0.301618     0.686328
    0.257118      0.30803     0.833472
    0.256029     0.308005      0.83273
    0.254212      0.30801     0.832649
    0.254419     0.308009     0.832643
    0.251578     0.308017     0.832581
    0.249586     0.308036     0.832907
    0.247719     0.308044     0.833015
    0.246567     0.308024     0.832498
    0.244762     0.308025     0.832395
     0.24394     0.308027     0.832396
    0.242127      0.30803     0.832324
    0.239291      0.30804     0.832282
    0.237447     0.308048     0.832327
    0.237667     0.308043     0.832249
    0.234234      0.30806     0.832431
    0.232747     0.308082      0.83289
    0.232583     0.308063     0.832462
    0.229804     0.308065     0.832241
     0.22801     0.308065     0.832095
    0.225213     0.308069     0.831934
    0.225413     0.308067     0.831942
    0.223592     0.308071     0.831914
    0.222117     0.308093     0.832361
    0.220333     0.308093     0.832204
    0.220124     0.308082     0.831968
    0.215785     0.308092     0.831764
    0.215956     0.308094      0.83187
     0.21416     0.308094     0.831761
    0.212635     0.308125     0.832411
    0.209865     0.308122     0.832161
    0.208087      0.30812     0.831996
    0.207936       0.3081      0.83154
     0.20647     0.308122     0.831976
    0.203697     0.308123     0.831755
    0.203253     0.308139     0.832113
    0.200395     0.308157      0.83225
    0.198314     0.308131     0.831416
    0.197518     0.308133      0.83138
    0.196017     0.308163     0.831981
    0.194227     0.308163     0.831864
    0.193079     0.308142      0.83135
     0.18966     0.308154     0.831582
    0.189218     0.308172     0.831966
    0.186372     0.308181     0.832049
    0.186266     0.308156     0.831416
    0.186441     0.308162      0.83152
    0.183688      0.30816     0.831244
    0.181898     0.308164     0.831146
    0.179068     0.308177     0.831188
    0.179287     0.308176     0.831094
    0.894733     0.317098     0.895872
    0.388461     0.310776     0.893402
    0.387632     0.310778     0.893363
    0.385564     0.310753     0.892601
    0.383728     0.310755     0.892563
    0.380216     0.310771     0.892934
    0.380343     0.310776     0.893034
    0.378537     0.310771     0.892911
    0.377098     0.310778     0.893105
    0.375231      0.31078     0.893177
    0.373384     0.310777     0.893177
    0.371539     0.310773     0.893169
    0.369702     0.310768     0.893142
    0.368616     0.310737     0.892471
    0.368026     0.310765     0.893127
    0.365233     0.310756     0.892961
    0.362833     0.310763     0.893062
    0.360927     0.310774     0.893269
    0.359755     0.310756      0.89282
    0.356211     0.310777     0.893345
    0.356356     0.310779     0.893403
     0.35453     0.310773     0.893362
    0.353417     0.310743      0.89276
    0.351563     0.310742     0.892805
     0.35174      0.31074     0.892766
    0.346608     0.310769     0.893541
     0.34643     0.310748     0.893083
    0.344583     0.310747     0.893126
    0.342991     0.310775     0.893807
    0.341147     0.310774     0.893845
    0.341036     0.310746     0.893214
    0.338164     0.310745     0.893366
    0.336269     0.310747     0.893559
    0.334814     0.310755     0.893847
    0.332373     0.310757     0.894102
    0.330502     0.310756     0.894234
    0.329366     0.310727     0.893705
    0.327541     0.310718     0.893667
    0.326039     0.310735     0.894156
    0.324271     0.310721     0.893938
    0.323174      0.31069     0.893287
    0.322682     0.310711     0.893805
    0.320868     0.310704     0.893681
    0.319746     0.310679     0.893141
      0.3181     0.310658     0.892727
    0.317022     0.310622     0.891972
    0.347752     0.307689      0.82463
    0.347399     0.307646     0.823685
    0.347045     0.307603     0.822739
     0.34669     0.307559      0.82179
     0.33772     0.307934     0.830837
    0.342541     0.307515     0.821227
    0.353826     0.306499      0.79793
     0.34542      0.30688     0.806911
    0.344613     0.306723     0.803452
    0.344753      0.30664     0.801597
     0.34451     0.306586     0.800421
    0.343731     0.306411     0.796546
    0.343571      0.30635     0.795205
    0.343411     0.306289     0.793865
    0.343059     0.306078     0.789155
    0.342942     0.306013     0.787726
    0.342825     0.305949     0.786297
    0.342534      0.30573      0.78139
    0.342446     0.305664       0.7799
    0.342181     0.305441     0.774837
    0.342131     0.305372     0.773264
     0.34196     0.305124     0.767688
    0.341971     0.305049      0.76599
    0.341982     0.304974     0.764297
    0.341987     0.304696     0.757885
    0.342005     0.304621     0.756165
    0.342018     0.304341     0.749752
    0.341987     0.304269     0.748121
    0.341957     0.304197     0.746486
    0.341912     0.303918     0.740138
     0.34189     0.303846     0.738478
    0.341868     0.303775     0.736819
    0.341846     0.303703     0.735161
    0.287812     0.307962     0.832985
    0.287983     0.307963     0.832995
     0.28512     0.307968     0.833013
    0.283247     0.307973     0.833094
    0.282779     0.307991     0.833483
    0.329138     0.303776     0.736576
    0.278523     0.307993     0.833581
    0.894722       0.3163     0.895799
    0.494175     0.310558     0.895306
    0.492335     0.310561     0.895171
    0.490478     0.310566     0.895088
    0.488645     0.310569     0.894949
    0.487818      0.31057     0.894869
    0.484093     0.310559     0.894415
    0.484158     0.310565     0.894562
    0.482293     0.310564     0.894524
    0.480783     0.310575     0.894786
    0.478808     0.310589     0.895054
    0.476864     0.310603      0.89524
    0.475742     0.310585     0.894644
    0.474097     0.310621      0.89531
    0.472346     0.310619      0.89504
     0.46931     0.310588     0.894023
    0.467312     0.310602     0.894242
    0.466093     0.310591     0.893931
    0.464527     0.310613     0.894383
    0.464339     0.310596     0.893976
    0.460723      0.31063     0.894554
    0.459609     0.310607     0.893938
    0.457957     0.310639      0.89462
     0.45608     0.310646     0.894645
    0.453596     0.310663     0.894863
    0.451689     0.310674     0.894943
    0.450863     0.310673     0.894885
    0.450994     0.310672       0.8949
     0.44921     0.310672     0.894766
    0.445291     0.310623     0.893349
    0.443754     0.310645     0.893804
    0.442681      0.31062      0.89308
    0.440831     0.310629      0.89305
    0.439281     0.310655     0.893491
    0.437437     0.310661     0.893439
    0.435907      0.31068     0.893802
     0.43566     0.310669      0.89355
    0.432081     0.310698     0.894107
    0.430963     0.310674     0.893503
    0.429069     0.310682     0.893592
    0.427172     0.310691     0.893677
    0.426603     0.310715      0.89422
    0.425499     0.310692     0.893618
    0.420607     0.310705     0.893423
    0.420429     0.310688      0.89301
    0.418893      0.31071     0.893441
     0.41911     0.310704     0.893295
    0.415148      0.31072     0.893532
    0.412333     0.310718     0.893423
    0.412158     0.310698     0.892969
    0.410593     0.310722     0.893485
     0.40876     0.310723      0.89342
    0.408518     0.310714     0.893178
    0.407038      0.31073     0.893449
    0.402668     0.310736     0.893413
    0.401805     0.310738     0.893434
    0.399946      0.31074     0.893462
    0.399827     0.310714     0.892835
    0.396913     0.310728     0.893038
    0.397064     0.310727     0.892988
    0.393605     0.310749     0.893259
    0.392176     0.310762     0.893414
    0.390317      0.31077     0.893435
    0.894623     0.314607     0.895404
     0.64861     0.310682     0.893505
    0.644816     0.310677     0.893114
    0.643053     0.310712     0.893836
    0.643161     0.310711     0.893803
    0.641173     0.310721     0.893933
     0.63824     0.310723     0.893909
    0.638101       0.3107     0.893356
    0.636433     0.310724      0.89389
    0.634266     0.310694     0.893315
    0.630809      0.31068     0.893255
    0.629108     0.310703      0.89385
    0.629239       0.3107     0.893783
    0.625259     0.310699     0.893806
    0.624164     0.310669     0.893113
    0.622508     0.310691     0.893634
    0.620626     0.310684     0.893529
     0.61939     0.310667     0.893173
    0.618828     0.310681     0.893521
    0.615299     0.310683     0.893612
    0.614096     0.310665     0.893178
    0.612175     0.310666     0.893181
    0.609211     0.310665     0.893206
    0.608558      0.31069     0.893809
    0.606683     0.310679     0.893702
    0.605797     0.310674      0.89368
    0.602035     0.310632     0.893164
    0.601147     0.310629     0.893142
    0.598558     0.310639     0.893487
     0.59871     0.310635     0.893394
    0.595484     0.310618     0.892953
    0.593739     0.310651     0.893694
    0.591805     0.310653     0.893748
    0.589893     0.310649     0.893735
    0.588643     0.310631     0.893415
    0.585247     0.310613     0.893281
    0.583576     0.310633     0.893862
    0.583403      0.31061     0.893372
    0.581716     0.310632     0.893982
    0.579767      0.31063     0.894089
    0.578846     0.310629     0.894138
    0.575925     0.310622     0.894151
    0.574992     0.310622     0.894218
    0.571382      0.31063     0.894655
    0.570463     0.310629     0.894702
    0.567543     0.310618     0.894683
    0.567428     0.310592     0.894114
    0.564604     0.310572     0.893841
    0.562701     0.310567      0.89382
     0.56109     0.310584     0.894305
    0.559243     0.310571     0.894159
    0.559347     0.310575     0.894254
    0.555827     0.310571     0.894377
    0.553821     0.310581     0.894644
    0.552662     0.310558     0.894126
    0.550779     0.310557     0.894078
     0.54912     0.310583     0.894683
    0.547265     0.310576     0.894567
    0.546125     0.310546     0.893976
    0.543484     0.310559      0.89452
    0.543559     0.310563     0.894609
    0.541636     0.310556     0.894663
    0.537993     0.310571     0.895218
    0.536861     0.310543     0.894645
    0.535263     0.310563     0.895144
     0.53163     0.310522     0.894385
    0.531705     0.310529     0.894529
    0.530577     0.310497     0.893896
    0.526158     0.310538     0.895075
    0.525257     0.310538     0.895108
    0.524061     0.310518     0.894678
    0.523467     0.310538      0.89517
    0.520445     0.310501     0.894216
     0.51883     0.310526      0.89476
    0.516943     0.310529      0.89475
    0.514712     0.310518     0.894446
    0.513793     0.310523     0.894515
     0.51127     0.310537     0.894761
    0.509746     0.310552     0.895073
    0.507869     0.310549     0.895038
    0.505991     0.310545     0.895015
    0.504871     0.310515     0.894398
    0.503185     0.310543     0.895109
      0.4999      0.31053     0.894977
    0.498995     0.310533     0.895024
    0.497493     0.310544     0.895244
    0.497542     0.310551     0.895409
    0.894021      0.31253     0.894189
    0.762444     0.310447     0.895176
    0.760412     0.310456      0.89525
    0.757368     0.310471     0.895384
    0.755436     0.310473     0.895283
    0.754547     0.310473     0.895211
    0.752078     0.310471     0.895105
    0.750107     0.310472     0.895111
    0.748105     0.310477     0.895187
    0.746978     0.310451      0.89454
    0.745226      0.31048     0.895144
    0.743303      0.31048     0.895045
    0.741346     0.310484     0.895021
    0.738346     0.310494     0.895076
    0.736626      0.31052     0.895588
    0.735697     0.310522     0.895585
    0.734772     0.310525     0.895582
    0.731761     0.310496     0.894518
    0.730043     0.310527     0.895074
    0.728089     0.310534      0.89506
    0.725742     0.310533     0.894866
    0.724177     0.310543     0.895052
    0.723272     0.310542      0.89502
    0.719788     0.310536     0.894856
    0.717927     0.310531     0.894658
    0.717805     0.310506     0.894093
    0.716122     0.310531     0.894591
    0.713179     0.310536     0.894482
    0.711227     0.310543     0.894486
     0.70861     0.310563       0.8947
    0.707732     0.310563     0.894634
    0.708037     0.310547     0.894312
    0.703802      0.31054     0.893593
    0.702055     0.310573     0.894243
    0.701076     0.310579     0.894334
    0.697674     0.310583     0.894211
    0.697062       0.3106      0.89462
    0.695172     0.310598     0.894488
    0.695158     0.310606     0.894723
    0.690721     0.310607     0.894495
    0.689812     0.310608     0.894482
    0.688672     0.310584     0.893889
    0.685804     0.310579     0.893645
    0.684056     0.310609     0.894301
    0.682102     0.310614      0.89433
    0.681922     0.310593     0.893841
    0.679929     0.310605     0.893981
     0.67558     0.310596     0.893495
    0.673907     0.310621     0.894007
    0.673798     0.310597     0.893422
    0.672111     0.310623     0.893954
      0.6702     0.310626     0.893884
    0.668299     0.310628     0.893793
    0.666424     0.310627      0.89364
    0.663624      0.31062     0.893285
    0.663678     0.310626     0.893404
    0.661739     0.310631     0.893369
      0.6608     0.310636     0.893407
    0.655994      0.31068     0.894096
    0.654897     0.310655     0.893386
    0.653252      0.31068     0.893858
    0.651399     0.310678     0.893664
    0.650176     0.310667     0.893269
    0.893296     0.311287     0.892684
    0.892648     0.310704     0.890873
    0.892434      0.31053     0.890047
    0.892153      0.31031     0.887109
    0.892027     0.310246     0.885964
    0.891265     0.310027      0.88117
    0.891161     0.310055     0.881798
    0.890869     0.309929     0.879018
    0.890243     0.309865     0.877674
    0.889744     0.309756     0.875365
     0.88919     0.309655     0.873221
    0.888266     0.309611     0.872329
    0.887557      0.30953     0.870547
     0.88518     0.309492     0.869735
    0.884076     0.309456     0.868947
    0.881223     0.309425     0.868341
    0.878552     0.309427     0.868503
    0.876456     0.309379     0.867526
     0.87461     0.309359     0.867127
     0.87478      0.30936     0.867156
    0.872201     0.309354     0.867116
    0.872349     0.309358     0.867187
     0.86958     0.309318     0.866433
    0.867493     0.309266     0.865452
    0.866653     0.309254     0.865272
    0.865812     0.309241     0.865094
    0.862332     0.309207     0.864638
    0.860962      0.30919     0.864386
    0.859739     0.309165     0.863904
    0.856979     0.309123     0.863103
    0.857142     0.309126     0.863178
    0.853462     0.309063     0.861912
    0.853659     0.309067     0.861998
    0.852892     0.309053     0.861715
    0.850507     0.309026     0.861259
    0.847549     0.308945     0.859628
    0.847041     0.308961     0.860004
    0.844185     0.308871     0.858109
    0.843685     0.308887     0.858506
    0.843666     0.308859     0.857887
    0.841282     0.308829     0.857404
    0.839367     0.308753     0.855941
    0.838633     0.308735     0.855613
    0.836967     0.308694     0.854829
    0.835526      0.30869     0.854795
    0.833875     0.308653     0.853973
    0.800039     0.310519     0.896921
    0.799033     0.310521     0.897008
    0.798028     0.310523     0.897094
    0.796766     0.310505     0.896741
    0.795813     0.310504     0.896757
    0.794144     0.310521      0.89717
    0.791136      0.31048     0.896078
    0.789236     0.310477       0.8959
    0.787305     0.310475     0.895783
    0.785678      0.31049     0.896099
    0.783827     0.310476     0.895819
    0.781969     0.310459     0.895555
    0.780367     0.310464     0.895802
    0.778389     0.310458     0.895801
    0.775295     0.310414     0.894945
    0.774555     0.310442     0.895556
    0.774453     0.310417     0.894968
    0.770685     0.310443     0.895393
    0.768733     0.310444     0.895346
    0.768741     0.310452     0.895478
    0.764246     0.310447     0.895312
    0.765333     0.310455      0.89546