    0.921094     0.751311     0.350659
    0.921953     0.750809     0.350674
    0.923473     0.749897     0.350693
    0.926056     0.748284     0.350976
    0.927559     0.747234     0.351342
    0.929734     0.744956     0.352193
    0.930623     0.743519     0.352547
    0.931607     0.741469     0.353021
    0.914892     0.755026     0.350559
    0.916288      0.75416     0.350547
     0.91881     0.752596     0.350594
    0.920241     0.751755     0.350629
    0.932017     0.739023     0.353244
    0.932126      0.73887     0.353307
    0.907537     0.759133     0.350666
    0.909651     0.757958     0.350633
    0.911067     0.757138     0.350602
    0.913079     0.756004     0.350574
    0.932142     0.737505     0.353322
    0.932319     0.735216     0.353424
     0.90301     0.761833     0.350572
    0.903851     0.761304     0.350586
    0.905251     0.760424     0.350615
    0.907245     0.759247     0.350644
    0.932256     0.734505     0.353377
     0.93231     0.733099     0.353349
    0.896638     0.765471     0.350602
    0.898046     0.764643     0.350558
    0.900714     0.763113     0.350494
    0.932248      0.73312     0.353338
    0.932309     0.729362     0.353328
    0.890065      0.76938      0.35065
    0.890333     0.769199     0.350644
    0.893511     0.767232      0.35065
    0.893699     0.767112     0.350666
    0.932229     0.729351     0.353296
    0.932322     0.726529     0.353354
    0.883622     0.773012     0.350548
    0.885725     0.771815     0.350502
    0.886568     0.771314     0.350505
    0.932236     0.726517     0.353321
    0.932333     0.725137     0.353372
    0.875867     0.777551      0.35063
    0.877871     0.776366     0.350666
    0.880484     0.774764      0.35059
    0.881313     0.774258     0.350554
    0.932238     0.724404     0.353334
    0.932335     0.722116     0.353376
    0.870657     0.780477     0.350487
    0.873274     0.778992     0.350523
     0.87352     0.778813     0.350512
    0.876166      0.77733     0.350627
    0.932193     0.719907     0.353244
    0.932306     0.717633     0.353318
    0.863436     0.784756       0.3507
    0.865514     0.783522     0.350641
    0.866322     0.782996     0.350595
    0.868844     0.781451      0.35051
      0.9322      0.71761     0.353286
    0.932317     0.715516     0.353347
      0.8582     0.787674     0.350503
    0.859657     0.786852      0.35056
      0.8617     0.785686     0.350644
    0.863153     0.784869      0.35068
    0.932203     0.714771     0.353306
    0.932331     0.714119     0.353382
    0.851053     0.791905     0.350665
    0.852468     0.791074     0.350631
    0.853844     0.790205     0.350567
    0.855791     0.788996     0.350478
    0.932207     0.712652     0.353331
    0.932325     0.710352     0.353382
    0.844564     0.795562     0.350519
    0.846618     0.794395     0.350611
    0.847455     0.793887     0.350633
    0.850188     0.792354      0.35066
    0.932185      0.70961     0.353301
    0.932307     0.708968     0.353343
    0.839411     0.798656     0.350579
    0.841454     0.797388     0.350481
    0.915596      0.75563     0.579503
    0.844282     0.795674     0.350493
    0.932152      0.70748     0.353227
    0.932303     0.704464     0.353336
    0.832686     0.802407     0.350637
    0.833552     0.801936     0.350661
    0.835679     0.800732     0.350635
    0.836521     0.800253      0.35062
    0.932177     0.704439     0.353293
    0.932326     0.702341     0.353368
    0.826964     0.805791     0.350509
    0.828367     0.804926     0.350502
    0.829183     0.804397       0.3505
    0.831794     0.802858     0.350587
     0.93223     0.699958     0.353374
    0.932359     0.700042     0.353424
     0.82174      0.80877      0.35062
    0.822558     0.808276     0.350586
    0.823982     0.807452     0.350553
    0.932214     0.697822     0.353309
    0.932345     0.697177     0.353355
     0.81448     0.813034     0.350527
    0.815311     0.812515     0.350544
    0.817881     0.810922     0.350615
     0.81872     0.810419     0.350623
    0.932188     0.695687     0.353238
    0.932324     0.695046     0.353292
     0.80863     0.816359     0.350551
    0.808842     0.816204     0.350512
    0.810877     0.815047     0.350485
    0.932194     0.692639     0.353289
    0.932331     0.690532     0.353367
    0.801386     0.820586       0.3506
    0.803403     0.819382     0.350648
    0.804889     0.818453     0.350608
     0.80571     0.817949     0.350586
    0.932196     0.690508     0.353319
    0.932344     0.688216     0.353434
    0.794866     0.824253     0.350498
    0.874045     0.779765     0.600676
    0.798424     0.822202     0.350465
    0.801106     0.820703     0.350577
    0.932196     0.687466     0.353359
    0.932318      0.68608     0.353387
    0.788876     0.827817     0.350665
    0.789124     0.827675      0.35067
    0.792348     0.825694     0.350558
    0.793156     0.825184     0.350514
     0.93217     0.685333     0.353301
    0.932271     0.683184      0.35326
    0.782396     0.831432     0.350428
    0.784461     0.830271     0.350478
    0.785909     0.829434     0.350537
    0.786774     0.828961     0.350578
    0.932151     0.680786     0.353226
    0.932295     0.680132      0.35331
    0.775141     0.835753     0.350682
    0.777253     0.834521      0.35062
    0.778631     0.833648      0.35055
     0.78059     0.832424     0.350459
    0.932172     0.679382     0.353265
     0.93232     0.677272     0.353348
    0.769881     0.838693     0.350491
    0.771965     0.837528     0.350589
     0.77279     0.837029     0.350607
    0.774861     0.835864     0.350661
    0.932223      0.67561     0.353359
    0.932345     0.673464     0.353369
    0.764087      0.84214     0.350542
    0.766068     0.840922     0.350477
    0.845678     0.796175     0.612866
    0.769591     0.838805     0.350463
    0.932219     0.672725     0.353295
    0.932352     0.672821     0.353378
    0.836601     0.801454     0.616247
    0.837914     0.800726     0.615805
     0.76094     0.843888     0.350593
     0.84141     0.798715     0.614482
    0.932213     0.670584     0.353239
     0.93236     0.668272     0.353334
    0.831109     0.804749     0.618151
    0.833564     0.803242     0.617307
    0.834344     0.802732     0.617029
    0.835834     0.801844      0.61646
    0.932237     0.668264     0.353279
    0.932361     0.666131     0.353346
    0.825325     0.808008     0.620246
    0.747126     0.851835     0.350564
    0.828826     0.805992     0.618947
    0.932243     0.663704     0.353351
    0.932347     0.663991     0.353356
    0.738423     0.856981     0.350476
    0.741652     0.855036     0.350571
     0.74186     0.854873     0.350555
    0.743879      0.85365     0.350591
    0.932227     0.663242     0.353305
    0.932305     0.660905     0.353333
    0.732473      0.86029     0.350509
    0.735138     0.858779     0.350471
    0.737904     0.857214     0.350439
    0.932188     0.660162     0.353264
    0.932256     0.658744     0.353247
    0.806909     0.818777     0.626067
    0.727285     0.863393     0.350587
    0.729282     0.862148     0.350596
    0.811152     0.816138     0.624614
    0.932153      0.65725     0.353176
    0.932273     0.654916     0.353299
    0.721798     0.866482     0.350414
    0.802688     0.821129     0.627146
    0.724073     0.865168     0.350453
    0.806639     0.818888     0.626123
    0.932212     0.652707     0.353294
    0.932295     0.652034      0.35334
    0.794158     0.826166     0.629476
    0.715384     0.870264     0.350595
    0.796986     0.824425     0.628713
    0.718153     0.868519      0.35047
    0.932245     0.650375     0.353353
    0.932308     0.648947     0.353345
     0.70922     0.873777     0.350486
    0.710058     0.873296     0.350513
    0.710874       0.8728      0.35053
    0.712971     0.871626     0.350609
    0.932236     0.648223     0.353296
    0.932282     0.646042     0.353254
    0.703364      0.87722     0.350506
    0.704156     0.876713     0.350466
     0.70625     0.875427     0.350401
    0.932218     0.645314     0.353221
    0.932295     0.643709     0.353311
    0.695372     0.881767     0.350521
    0.696828     0.880931     0.350572
    0.698889      0.87974     0.350591
    0.700433     0.878863     0.350548
    0.932218     0.643918     0.353215
    0.932282     0.640812     0.353333
    0.690122     0.884886     0.350474
    0.771862     0.839023     0.634407
    0.694253      0.88236     0.350468
    0.695092     0.881879     0.350495
    0.932258     0.639149     0.353381
    0.932276     0.638656     0.353366
    0.682715     0.889027     0.350583
    0.684891     0.887803     0.350554
     0.68569     0.887318     0.350529
     0.68839     0.885808     0.350485
    0.932222     0.635463     0.353281
    0.676958     0.892492     0.350455
       0.679      0.89126     0.350499
    0.681623     0.889633     0.350555
    0.682444      0.88914     0.350563
    0.932215     0.634071     0.353246
    0.672218     0.895116      0.35048
    0.673649     0.894287     0.350448
    0.675824     0.893058     0.350411
    0.932207     0.634128     0.353257
    0.932229     0.630977     0.353266
    0.665559     0.899061     0.350589
    0.667686     0.897771     0.350584
    0.667774     0.897682     0.350591
      0.6711     0.895673     0.350484
    0.932195     0.631009      0.35323
     0.93226     0.627328     0.353311
    0.658919     0.902793     0.350457
     0.66109     0.901547     0.350434
    0.663178     0.900355     0.350485
    0.932233     0.626609     0.353298
    0.932273     0.624215     0.353303
    0.652999     0.906326     0.350598
    0.654422     0.905477     0.350567
     0.65642      0.90423     0.350507
    0.657825     0.903367      0.35046
    0.932233     0.623497     0.353272
     0.93228     0.623581     0.353313
    0.647615     0.909346     0.350472
    0.727887      0.86443      0.63958
    0.650525     0.907668     0.350561
    0.651376     0.907212     0.350593
    0.932209     0.621329     0.353214
    0.932272     0.618958     0.353287
    0.640311     0.913675     0.350529
     0.64235     0.912461     0.350481
    0.721938      0.86784     0.639816
    0.645241      0.91065      0.35039
    0.932211     0.618969     0.353259
     0.93228     0.616796     0.353317
    0.634335     0.917045     0.350562
    0.637171     0.915445      0.35058
    0.637231      0.91537     0.350596
    0.640044     0.913781      0.35052
    0.932232     0.614355     0.353367
     0.93229     0.614633     0.353344
    0.706477     0.876859     0.639867
    0.631793     0.918494     0.350473
    0.631962      0.91836     0.350459
     0.93221     0.613893     0.353313
    0.932295      0.61152     0.353345
    0.698994     0.881064     0.639829
    0.623755     0.923106      0.35046
    0.702584     0.879009     0.639849
    0.704685     0.877818     0.639853
    0.932186      0.61001     0.353244
    0.932273     0.609349     0.353269
    0.616462     0.927465     0.350512
    0.618501     0.926208     0.350546
    0.621225     0.924513     0.350495
    0.698705      0.88118     0.639811
    0.932164     0.607837     0.353191
    0.932292     0.605474     0.353315
    0.610892     0.930592     0.350451
    0.611074     0.930495     0.350453
    0.613903     0.928882     0.350434
    0.615994     0.927674     0.350488
    0.932196     0.604724     0.353288
     0.93231     0.603307     0.353352
    0.605736     0.933635     0.350563
    0.605903     0.933511     0.350563
    0.607919      0.93227     0.350485
    0.610608     0.930698     0.350432
    0.932228     0.600854     0.353366
    0.932336     0.600197     0.353405
    0.599063     0.937412     0.350411
    0.600515     0.936565     0.350457
    0.602626      0.93536     0.350535
    0.932215     0.600396     0.353331
    0.932294     0.597241      0.35329
    0.592351     0.941359      0.35051
    0.593772     0.940507     0.350465
    0.595787     0.939261     0.350387
    0.596579     0.938775     0.350368
    0.932158     0.594767     0.353219
    0.932288     0.594111     0.353291
    0.586975     0.944381     0.350524
    0.588427     0.943537      0.35055
     0.59062     0.942282     0.350518
     0.93214      0.59431     0.353172
     0.93231     0.590422     0.353334
    0.580345     0.948321     0.350429
    0.582396     0.947089     0.350412
    0.582551     0.946959     0.350398
    0.584595     0.945699     0.350428
    0.932186     0.589668     0.353277
    0.932319     0.589767     0.353342
    0.575633     0.950968      0.35053
    0.575778     0.950864     0.350504
    0.577867      0.94967     0.350464
    0.579335     0.948858     0.350446
    0.932194     0.586519     0.353281
    0.932334     0.586651      0.35336
    0.567569     0.955673     0.350441
    0.570307      0.95407     0.350536
    0.571089     0.953566     0.350538
     0.57324     0.952258     0.350525
    0.932176     0.585116     0.353238
    0.932283     0.582909      0.35322
    0.562174     0.958708     0.350421
    0.564377     0.957458     0.350373
    0.565165     0.956977     0.350367
    0.567943      0.95541     0.350443
    0.932144      0.58293     0.353157
    0.932304     0.580542     0.353279
    0.556942      0.96184     0.350601
    0.559066     0.960523     0.350509
    0.559836     0.960025     0.350462
    0.932179     0.578271     0.353229
     0.93233     0.577609     0.353319
     0.55016      0.96569     0.350379
    0.552294     0.964484     0.350462
     0.55375     0.963631     0.350516
    0.555215     0.962788     0.350564
    0.932225     0.575901     0.353326
    0.932359     0.575437     0.353368
    0.544896     0.968824     0.350486
    0.546303     0.967956     0.350435
    0.548432      0.96664     0.350346
    0.549886     0.965798     0.350356
    0.932223     0.572941     0.353281
     0.93237      0.57307      0.35337
    0.538661     0.972281     0.350524
    0.539494     0.971835     0.350549
    0.541718     0.970579     0.350527
    0.542512     0.970118     0.350509
    0.932217     0.569034     0.353224
    0.932359     0.569133     0.353295
    0.533453     0.975394     0.350413
    0.534234       0.9749     0.350411
    0.535644      0.97401      0.35042
    0.537734     0.972764     0.350479
     0.93224     0.566088     0.353259
    0.932386     0.566191     0.353341
    0.527438     0.978808     0.350495
     0.52888     0.977971     0.350468
    0.530982     0.976767     0.350437
    0.932277     0.563698     0.353361
    0.932416     0.563047     0.353423
    0.519369     0.983555     0.350455
    0.522115      0.98192     0.350546
    0.523526     0.981033      0.35055
    0.525053     0.980106     0.350519
    0.932246     0.560707     0.353296
    0.932397     0.560856     0.353384
    0.514565     0.986205     0.350388
    0.517465     0.984578     0.350379
    0.518252     0.984103     0.350393
    0.932213     0.558512     0.353215
    0.932343      0.55613      0.35327
    0.508618     0.989748     0.350573
    0.509411     0.989274     0.350558
    0.511435     0.988008     0.350459
     0.51284     0.987138     0.350402
    0.932209     0.556133     0.353218
    0.932331     0.556459     0.353234
    0.503852     0.992431     0.350458
    0.505332     0.991598     0.350526
    0.506115     0.991122     0.350539
      0.5076     0.990295     0.350578
    0.932209     0.554719     0.353223
    0.932346     0.552513     0.353315
    0.556979     0.962913     0.605152
    0.558504      0.96201     0.605836
    0.500713     0.994107     0.350302
    0.932219      0.55175     0.353269
    0.932354     0.549354     0.353371
    0.550989     0.966225     0.602527
    0.552713     0.965233      0.60337
    0.554868     0.964014     0.604228
    0.932188     0.546235     0.353203
    0.932307     0.545578     0.353253
    0.542875     0.970797     0.598699
    0.544624     0.969805     0.599564
    0.546734     0.968559     0.600482
    0.548474     0.967561     0.601358
    0.932201     0.543859     0.353223
    0.932301     0.544162     0.353238
    0.537032     0.973947     0.596029
    0.538601     0.973091     0.596697
    0.540965      0.97178     0.597822
    0.541924      0.97126     0.598282
    0.932219     0.541671     0.353247
    0.932329      0.54177     0.353306
    0.529889     0.978007     0.592578
     0.53221     0.976645     0.593761
    0.535112     0.974933     0.595206
    0.535273     0.974861     0.595215
    0.932235     0.539474     0.353271
     0.93237     0.537056     0.353391
    0.524669      0.98084     0.589892
    0.525612     0.980301     0.590378
     0.52716     0.979434     0.591151
    0.932249     0.537279     0.353293
    0.932354     0.534851     0.353341
     0.51607     0.985628     0.585509
    0.519571     0.983605     0.587314
    0.521096     0.982714     0.588125
    0.932261     0.534893     0.353313
     0.93233     0.530883     0.353269
    0.508431     0.989708     0.581378
    0.509397     0.989194     0.581911
    0.513806     0.986804     0.584356
    0.515954     0.985622     0.585392
    0.932241     0.530132     0.353233
     0.93233     0.529458     0.353282
     0.50471     0.991594     0.579376
    0.505629     0.991116     0.579865
    0.507808     0.989973     0.580986
    0.486047     0.990659     0.346097
    0.932249      0.52871      0.35325
    0.932321     0.526471     0.353283
      0.5007     0.992789     0.577419
    0.501383     0.992588     0.577755
    0.500607     0.996416     0.351118
    0.560059     0.963789     0.606164
    0.932251     0.524945     0.353265
    0.932333     0.523283     0.353339
    0.489852     0.997969     0.535414
    0.473515      0.98422     0.341135
    0.932268     0.522547     0.353298
    0.932311      0.52107     0.353278
    0.500213     0.993541     0.577037
    0.487914     0.996993     0.539581
    0.472009     0.983513     0.340573
    0.932235     0.518748     0.353175
    0.932281     0.518062     0.353193
    0.494321     0.992239     0.574934
    0.554943     0.960621     0.604665
    0.932248     0.515572     0.353213
    0.932292     0.515657     0.353255
    0.498477     0.994017     0.576061
    0.484886     0.995441     0.542318
    0.932257      0.51336     0.353246
    0.932286     0.513443     0.353284
    0.499379      0.99459     0.576305
    0.502556     0.999818     0.352854
    0.932268     0.511933      0.35328
    0.498701     0.994328     0.576077
    0.468913     0.981277     0.339089
    0.932257     0.511205     0.353288
    0.932256      0.50794     0.353264
    0.478749     0.992296     0.544267
    0.479906     0.992893     0.543659
    0.468696     0.981085      0.33897
    0.932235     0.508017     0.353275
    0.932228     0.504925     0.353196
     0.47687     0.991332     0.544844
    0.467945     0.980605     0.338634
    0.932185     0.503202     0.353211
     0.93224     0.502517     0.353248
     0.47588     0.990825     0.544951
    0.467321     0.980198     0.338351
    0.932169     0.502563     0.353197
    0.932245     0.501088     0.353272
    0.474028     0.989868     0.545824
    0.473997     0.989856     0.545538
    0.473836     0.983468     0.340896
     0.93218     0.497777     0.353278
    0.932242      0.49808     0.353275
    0.476303     0.991037     0.545542
    0.461951     0.977492     0.336249
    0.470338     0.981001     0.339224
    0.932151     0.493952     0.353172
     0.93224      0.49408     0.353234
    0.469293     0.987439     0.546374
    0.932149      0.49174     0.353153
    0.932252      0.49008     0.353226
    0.468473     0.987015     0.546745
    0.479033     0.992456     0.544228
    0.529243     0.935412      0.64227
    0.932167     0.489325     0.353197
     0.93226     0.489438     0.353237
    0.466556     0.986028     0.547335
    0.932175     0.486313     0.353213
    0.932301      0.48384     0.353323
     0.46452     0.984984     0.547796
    0.932179     0.482272     0.353222
    0.932294      0.48242     0.353295
    0.453701      0.97944     0.550676
    0.454295     0.979743     0.550591
    0.932189     0.482468     0.353261
     0.93226      0.47938     0.353196
    0.451137     0.978138     0.550316
    0.463211     0.978883     0.337057
    0.932147     0.479431     0.353152
    0.932278     0.476958     0.353238
    0.447638     0.976347     0.550241
    0.465891     0.980323     0.338143
    0.932133     0.477198     0.353111
    0.932289     0.475527     0.353256
    0.449216     0.977161     0.550294
    0.552836     0.960884     0.603864
    0.932179     0.472382     0.353223
    0.932314     0.472508     0.353303
    0.451444     0.978303     0.550976
    0.503285      1.00101     0.353671
    0.932183     0.470951     0.353236
    0.932266     0.466849     0.353188
    0.453923     0.979575     0.550099
    0.454868      0.97604     0.334418
     0.93214     0.466896     0.353145
    0.932259     0.465427     0.353171
     0.45185     0.978515     0.550565
    0.932122     0.465476     0.353108
    0.932275     0.462197     0.353223
    0.451142      0.97815     0.551078
    0.458188     0.977949     0.335834
     0.93215     0.459828     0.353182
    0.932288     0.459963     0.353243
    0.448567     0.976834     0.551253
    0.932156     0.459191     0.353191
    0.932303     0.457734     0.353265
    0.445875     0.975459     0.551367
    0.932151     0.454328     0.353144
    0.932283     0.452863     0.353171
    0.445281     0.975151     0.551854
    0.932145     0.452904     0.353116
    0.932306     0.450435     0.353217
    0.443166      0.97407     0.552301
    0.932171     0.448064     0.353154
    0.932321     0.448198     0.353245
     0.44217     0.973563     0.552366
    0.561843     0.965746     0.606552
    0.932184      0.44742     0.353194
    0.932328     0.445959     0.353268
    0.440179     0.972549     0.553101
    0.513398      1.00456      0.35686
     0.93219     0.445182     0.353213
    0.932302      0.44106      0.35321
    0.435455     0.970147     0.553284
    0.487686     0.991474     0.346742
    0.932173     0.441115     0.353173
    0.932322     0.441286     0.353265
    0.430596     0.967676     0.553208
    0.556865     0.963089     0.605062
    0.932159     0.437845      0.35313
    0.932304      0.43638     0.353221
    0.438748      0.97182     0.552735
    0.467444     0.981894     0.339132
    0.932162     0.436411     0.353137
    0.932313     0.434134     0.353251
    0.438026     0.971445     0.552527
    0.459519     0.978824      0.33652
    0.932213     0.431546     0.353274
    0.932325      0.43189     0.353282
     0.43312     0.968955       0.5534
    0.932203     0.431116     0.353236
    0.932313     0.426982     0.353229
    0.437637     0.971243     0.552492
    0.932194     0.427042     0.353191
    0.932311     0.424534      0.35323
     0.43148     0.968084     0.554714
    0.932178     0.422143     0.353153
    0.932307     0.422283     0.353242
    0.433036     0.968904     0.554642
    0.932181      0.41988     0.353188
    0.932297     0.420027     0.353253
    0.431291     0.968018      0.55433
     0.93219     0.417415     0.353255
    0.932277     0.417769     0.353258
    0.425916     0.965184     0.554994
    0.932165     0.415155     0.353203
    0.932241     0.414482     0.353223
    0.425568     0.965059     0.554451
    0.932134     0.412892     0.353121
    0.932207     0.410353     0.353157
    0.424814      0.96467      0.55459
    0.932144     0.409602     0.353134
    0.932179     0.409936      0.35309
    0.428321     0.966498     0.555422
    0.428729     0.966728     0.554573
    0.932158     0.408158     0.353153
    0.932236     0.406643     0.353223
    0.421392     0.940367     0.652715
    0.932223     0.403267     0.353249
     0.93226     0.403587     0.353235
    0.419309     0.939326     0.652191
     0.47498     0.986215     0.342341
    0.932198      0.39934     0.353115
    0.932241     0.398642     0.353128
    0.420181      0.93982     0.652459
    0.932196     0.397902     0.353099
    0.932248      0.39618     0.353162
    0.416533     0.938491     0.652194
    0.932214     0.394618     0.353152
    0.932242     0.394733     0.353175
    0.416529     0.938562     0.652223
    0.932224     0.393993     0.353175
    0.420249     0.940111     0.652687
    0.932243     0.389058     0.353234
    0.411145     0.935998     0.650884
    0.932212     0.389352     0.353193
    0.932242     0.387623     0.353217
    0.416204     0.938199     0.651759
    0.932191     0.384386     0.353111
    0.932225     0.383684     0.353126
    0.414949     0.937585     0.651454
    0.932188     0.382941     0.353107
    0.932232     0.382244     0.353127
    0.414637     0.937474     0.651413
    0.932247     0.377783     0.353263
    0.932284     0.377299      0.35325
     0.41429     0.937415     0.651419
    0.932223     0.377369     0.353213
    0.932255      0.37311     0.353173
    0.413206     0.936918     0.651183
    0.720681     0.613509     0.645917
    0.722112     0.612434     0.646101
    0.724054     0.610915     0.646342
    0.725435     0.609789      0.64649
    0.727321     0.608219     0.646694
    0.729191     0.606623     0.646958
     0.73108     0.604983     0.647257
    0.732925     0.603355     0.647535
    0.789805     0.548346     0.735339
    0.790715     0.546943     0.735083
    0.791611     0.545526     0.734837
    0.932217     0.375104     0.353219
     0.93226     0.372533      0.35318
    0.412215     0.936472     0.650974
    0.708145     0.623494     0.644473
    0.709549      0.62242     0.644607
    0.710929     0.621313      0.64473
    0.712294     0.620186      0.64485
    0.714712     0.618186      0.64513
    0.716622     0.616627     0.645406
    0.718024     0.615515     0.645592
    0.791694     0.545368     0.734808
     0.77353     0.557181     0.655425
    0.774692     0.555687     0.655779
    0.797568     0.536871     0.732644
    0.777206     0.552356     0.656384
    0.932161     0.369061     0.353079
    0.932246     0.368371      0.35313
      0.4122     0.936575     0.651061
    0.473588     0.987571     0.343153
    0.694912     0.634205     0.643155
    0.695238     0.633968     0.643184
    0.697029     0.632354     0.643298
    0.698869     0.630767     0.643481
    0.700751     0.629221     0.643694
    0.703216     0.627296     0.643959
    0.704048     0.626617     0.644044
    0.705998      0.62512     0.644255
     0.70741     0.624036     0.644398
     0.79985     0.533327     0.731681
    0.779989     0.548069     0.657061
    0.781223     0.546017      0.65745
    0.802768     0.527815     0.730041
    0.932157     0.365961     0.353084
    0.932254     0.366095     0.353148
    0.411926     0.936469     0.651018
    0.692078     0.636331     0.642853
    0.692993     0.635762     0.642979
    0.694827     0.634159     0.643131
    0.803872     0.525536      0.72946
    0.784724     0.540038     0.658649
    0.786026     0.538038     0.658945
    0.786982     0.536568     0.659206
    0.932164     0.366156      0.35312
    0.932263     0.363818     0.353181
    0.410523     0.935772     0.650668
    0.807734     0.518365     0.726931
     0.80842     0.516939      0.72645
    0.809383     0.514793     0.725621
    0.932177     0.361172     0.353194
    0.932269     0.359651       0.3532
    0.400715     0.931318      0.64841
    0.400396     0.931113     0.648309
    0.810283      0.51247     0.724734
    0.810989     0.510888     0.724066
    0.811914     0.508939     0.723339
    0.812588     0.507354     0.722609
    0.932156     0.358885     0.353135
    0.932265     0.358215     0.353174
    0.400274     0.931172     0.648327
     0.81265     0.507031     0.722468
    0.813455     0.505057     0.721628
    0.814094     0.503459     0.720899
    0.932139     0.356598     0.353081
    0.932278     0.354052     0.353193
    0.399202     0.930684     0.648069
     0.81465     0.501631     0.720172
    0.932161     0.353271      0.35315
    0.932292     0.352596     0.353227
    0.398166     0.930219     0.647824
    0.668707     0.644351     0.639493
    0.670831     0.643075       0.6397
    0.672265     0.642053     0.639814
    0.673669     0.640935     0.639908
    0.675941     0.638775     0.640001
    0.676655     0.637936     0.640009
    0.677358      0.63711     0.640018
    0.678867     0.635251     0.640031
     0.68075     0.632849     0.640041
    0.681409     0.632013     0.640053
    0.684031     0.628513     0.640177
    0.684278     0.628197     0.640178
    0.686046     0.625738     0.640165
    0.932172     0.350157     0.353168
    0.932321      0.34759     0.353269
     0.39807     0.930285     0.647846
    0.663837     0.646782     0.638961
    0.664718     0.646296     0.639046
    0.687125     0.624175     0.640168
    0.688897     0.621694     0.640242
     0.68952     0.620828     0.640264
    0.691275     0.618349     0.640308
     0.69225     0.616937     0.640329
    0.692834     0.616067     0.640337
    0.932197      0.34767     0.353215
    0.932317     0.346154     0.353233
    0.397834     0.930198     0.647798
    0.643587     0.660584     0.583188
    0.659445     0.648706     0.638413
    0.661042      0.64795     0.638615
    0.694502     0.613266     0.640297
    0.695681     0.611218     0.640249
    0.697159     0.608588     0.640179
    0.697349     0.608274     0.640187
     0.93217     0.344524     0.353109
    0.932315     0.344725     0.353199
    0.396437     0.929502     0.647438
    0.653346      0.65125     0.637617
    0.654236     0.650851     0.637716
    0.655841     0.650119     0.637906
    0.698911     0.605352     0.640208
    0.699778     0.603884     0.640254
    0.700966     0.601845     0.640273
    0.701766     0.600359     0.640262
    0.932155     0.343088     0.353067
    0.932278     0.341568     0.353093
    0.394004     0.928329     0.646827
    0.394332     0.928461     0.646899
    0.648826     0.652991     0.637111
    0.649711      0.65262     0.637209
    0.652073     0.651635     0.637456
    0.701866      0.60006     0.640247
    0.702924     0.597953     0.640229
    0.703976     0.595849     0.640204
     0.70469     0.594334     0.640161
    0.932156     0.338882     0.353102
    0.932298      0.33738     0.353177
    0.398823     0.930321     0.648047
    0.680249      0.62695     0.771052
    0.648268     0.653083     0.637026
    0.705061     0.593383     0.640117
    0.706088     0.591273       0.6401
    0.706862      0.58978     0.640137
    0.707862     0.587613     0.640176
    0.932183     0.334699     0.353197
    0.932325     0.334039     0.353259
    0.397315     0.929595     0.647691
    0.675617     0.628595     0.770493
    0.642088     0.655309      0.63616
    0.708488     0.586002     0.640166
    0.708907     0.585086     0.640188
    0.709602     0.583564     0.640236
    0.932171     0.332401     0.353161
    0.932311     0.331742     0.353216
    0.397904      0.92995     0.647889
    0.710587     0.580981     0.640301
     0.71154     0.578839     0.640354
    0.712157     0.577294     0.640371
    0.932147       0.3301     0.353096
    0.932298     0.327539     0.353179
    0.394057     0.928643      0.64696
    0.712471     0.576222     0.640367
    0.713118     0.574692     0.640453
     0.71374     0.573154     0.640564
    0.932155     0.326749     0.353118
    0.932305     0.326082     0.353198
    0.381959     0.940679     0.570661
    0.714063     0.571965     0.640618
    0.714681     0.570433     0.640689
    0.715509      0.56826     0.640706
    0.932165     0.323616     0.353128
    0.932324     0.322105     0.353229
    0.397121     0.930265     0.647788
    0.715765     0.567109     0.640658
    0.716529     0.564896     0.640632
    0.716878     0.564022     0.640635
    0.932186     0.321321     0.353164
    0.932331     0.318726     0.353233
    0.391007     0.927143     0.646182
    0.717106     0.562837     0.640575
    0.717645     0.561292     0.640551
    0.718371     0.559079     0.640515
    0.932196     0.318811     0.353186
    0.932332     0.318152     0.353238
    0.384681     0.923985      0.64455
    0.602269     0.673937     0.577732
     0.60311      0.67369     0.577878
    0.718383     0.558536      0.64047
     0.71909     0.556315     0.640456
    0.719556     0.554756     0.640454
    0.932144     0.313726     0.353069
    0.932278     0.314114     0.353109
    0.382052     0.922689     0.643878
    0.599899     0.674514     0.577317
    0.601579     0.674001     0.577591
    0.719762      0.55351     0.640426
    0.720304     0.551919     0.640488
    0.932153      0.31227     0.353094
    0.932294     0.311601     0.353172
    0.381237     0.922324     0.643685
    0.596574     0.675224     0.576811
    0.598257     0.674735     0.577032
    0.720953     0.549085     0.640559
    0.721455     0.547548     0.640667
    0.932165     0.308266     0.353139
     0.93229     0.308448     0.353179
    0.385201      0.92447     0.644776
    0.383336     0.923474     0.644269
    0.594144     0.675691     0.576459
    0.595861     0.675263      0.57669
     0.72161     0.546252     0.640678
    0.722065     0.544704     0.640757
    0.722643     0.542361     0.640822
    0.932173     0.305737     0.353171
    0.932298     0.305932     0.353223
    0.393481     0.928774     0.646983
     0.72264     0.541746     0.640791
    0.723235     0.539499     0.640859
    0.932171      0.30515      0.35316
    0.932273     0.300836     0.353112
    0.374251     0.936367     0.573229
     0.72321     0.538864     0.640821
    0.723729     0.536592     0.640827
    0.724077     0.535034     0.640819
    0.932153     0.300272     0.353037
    0.932298     0.298542     0.353143
    0.321228      0.90832     0.569638
    0.724178     0.533661      0.64076
    0.724567     0.532125     0.640776
    0.932194     0.296924     0.353098
    0.932301     0.297921     0.353141
    0.380854     0.922381     0.643688
    0.724624      0.53072     0.640723
    0.724985     0.529176     0.640767
    0.932212     0.294606     0.353143
    0.932326     0.293923      0.35321
     0.37538     0.919618     0.642263
    0.725391     0.526113     0.640831
    0.725717     0.524568     0.640893
    0.932238     0.292078     0.353223
    0.932329     0.292459     0.353237
    0.373609     0.918752     0.641814
    0.725754      0.52313     0.640869
    0.726097     0.521601     0.640939
    0.932193     0.288018       0.3531
    0.932283     0.287338     0.353134
    0.375966     0.920017     0.642458
    0.726107     0.520141     0.640928
    0.726433      0.51848      0.64103
    0.932193     0.284652     0.353104
     0.93228     0.283958     0.353161
    0.349251     0.922939     0.573441
    0.726466     0.517011     0.641018
    0.726687     0.515456     0.641031
    0.932203     0.284037     0.353129
     0.93228     0.282489      0.35319
    0.402987     0.950936     0.582229
    0.726891     0.512405     0.640952
    0.727102     0.510857     0.640952
    0.932206     0.282577     0.353144
    0.932269     0.279312       0.3532
    0.405334     0.952128     0.582916
    0.727077     0.509342     0.640905
    0.727258     0.508592      0.64094
    0.932219     0.279397     0.353196
    0.932278     0.276778     0.353241
    0.327721     0.911563     0.571645
    0.727211      0.50694      0.64092
    0.727441     0.505412     0.640998
    0.932212     0.274279     0.353135
    0.932244     0.271634     0.353117
     0.32677     0.910826     0.573949
    0.727366     0.503852     0.640991
    0.727576     0.502329     0.641086
    0.932212     0.270882     0.353107
    0.932241     0.270168     0.353126
    0.323559     0.908901     0.575591
    0.727523     0.499974     0.641142
    0.727686     0.499095     0.641221
    0.932216     0.268561      0.35312
     0.32693     0.910894     0.574038
    0.455545     0.979175     0.337057
    0.727584     0.497512     0.641213
     0.72772     0.495979     0.641233
    0.932229     0.267094     0.353155
     0.32633      0.91058     0.573856
    0.326521     0.910703     0.573681
    0.727584     0.494366     0.641144
     0.72768     0.492825     0.641115
    0.932208     0.265483     0.353151
    0.932236     0.264769      0.35318
    0.359538     0.928049     0.577812
     0.72754     0.492036     0.641056
    0.727639     0.490505     0.641063
    0.932174     0.260377     0.353113
    0.932235     0.260503     0.353197
     0.19884     0.822521      0.63657
    0.727479     0.488877     0.641039
    0.727603     0.487197     0.641185
    0.932193      0.26062     0.353189
    0.932251      0.25818     0.353248
    0.217579     0.832199     0.641256
    0.727426     0.485558     0.641208
    0.727533     0.484059     0.641323
      0.9337     0.254746     0.357676
    0.933268     0.254529     0.356235
    0.364131     0.930695     0.576174
    0.727318     0.482397     0.641347
    0.727446     0.481738      0.64143
     0.93273     0.254191     0.354859
    0.325076     0.910056     0.572319
    0.727196     0.479864     0.641459
     0.72715     0.477481     0.641477
    0.317546     0.905911     0.573241
    0.727038      0.47753     0.641453
    0.726905     0.475117     0.641398
    0.316394     0.905294     0.573197
     0.72667     0.473415     0.641343
    0.313555     0.903717     0.573634
    0.320483     0.907475     0.573347
    0.726538     0.472591     0.641324
    0.726483     0.470874     0.641444
    0.196378     0.822025     0.635501
      0.5641     0.643123     0.752322
    0.726195     0.469151     0.641468
    0.726203      0.46767     0.641582
     0.19381     0.819032     0.636034
    0.562595     0.643063     0.752032
     0.56313     0.642971     0.752127
    0.725956     0.466794     0.641569
    0.725966     0.465326     0.641687
    0.170061     0.807582     0.629525
    0.559707     0.642842     0.751466
    0.560216     0.642744     0.751556
    0.725448     0.462429     0.641681
    0.725623     0.462761     0.641738
    0.261498     0.855654     0.651784
    0.557323     0.642534     0.750987
    0.725134     0.460055     0.641631
    0.323218       0.9093     0.570321
    0.554429     0.642309     0.750414
    0.556364     0.642384     0.750794
    0.724753     0.458257     0.641557
    0.724806     0.457691     0.641601
    0.916501     0.237911     0.348789
    0.303883      0.89862     0.572513
    0.551418     0.642007     0.749816
    0.553415     0.642081     0.750205
    0.724338     0.455656     0.641615
    0.724434     0.455111     0.641701
    0.915404     0.236688     0.349958
     0.30276      0.89802     0.572445
    0.551977     0.641996     0.749927
    0.724001     0.453295     0.641729
    0.916016       0.2374     0.349433
    0.269144     0.859872     0.653488
    0.271119     0.861246     0.653615
    0.723668     0.450956     0.641857
     0.91572     0.236342     0.351169
    0.266515     0.856916     0.653975
    0.722966     0.447934      0.64192
    0.723045     0.447423     0.641989
    0.915411      0.23528     0.352881
    0.254592     0.849403     0.651849
    0.722946     0.447477     0.641981
    0.911697     0.232999      0.35341
    0.250445      0.84682     0.651222
    0.722062     0.443201     0.641907
    0.910956     0.232272     0.354147
    0.910476     0.231793     0.354481
    0.212019     0.827302     0.641279
    0.721454     0.441033     0.641947
     0.72129     0.439591     0.642053
    0.910964      0.23228     0.354262
    0.228431     0.839207     0.642936
    0.720725     0.437728     0.642062
    0.909083     0.230429     0.355628
     0.26976      0.86058     0.653247
    0.720135      0.43554     0.642205
    0.720173     0.435071     0.642289
    0.274029     0.862813     0.654292
    0.719527     0.433161     0.642249
    0.265111     0.858243     0.652035
     0.71896     0.430803     0.642285
    0.191437     0.819456     0.634145
    0.718191     0.428532     0.642328
    0.718205     0.428097       0.6424
    0.220388     0.831831     0.643238
    0.717577     0.426185     0.642401
    0.249687     0.846955     0.650567
    0.716861     0.424245     0.642388
    0.716786     0.423462     0.642534
    0.255901     0.850607     0.651913
    0.716086     0.421526     0.642551
    0.241616     0.844054     0.647752
    0.715298     0.419543     0.642492
    0.715317     0.419152     0.642566
    0.234909     0.842672     0.644462
      0.7146     0.417206     0.642588
    0.251769     0.851403     0.648659
    0.714091     0.415898     0.642677
    0.713723     0.414479     0.642772
    0.247835     0.849391     0.647661
    0.713366     0.413582     0.642799
    0.212837     0.831344     0.638887
     0.71293     0.412662     0.642793
    0.204798     0.824312     0.639075
    0.711607     0.408851     0.643021
    0.251859     0.848632     0.650828
    0.710722     0.406856     0.642992
    0.245966     0.845056     0.649622
    0.709764     0.404098     0.643251
    0.253016     0.849129     0.651184
    0.708788     0.402082     0.643223
    0.208034     0.825343     0.640219
    0.708155     0.400646     0.643383
    0.707693     0.399301     0.643523
    0.220494     0.833998      0.64186
    0.707292      0.39839     0.643592
    0.213717      0.83172     0.639169
    0.706826     0.397467     0.643628
    0.216512      0.83317     0.639863
    0.705276     0.393672     0.644025
    0.214933     0.831551     0.640051
    0.706208     0.395625     0.643875
    0.201836     0.822712     0.638381
    0.705115     0.393578     0.643899
    0.248188     0.847064     0.649554
    0.703781     0.390663     0.644224
     0.25142     0.848684     0.650396
    0.701764     0.386419     0.644694
    0.250598     0.848197     0.650233
    0.700795     0.384502     0.644843
    0.215396     0.828656     0.642503
    0.699946     0.382473     0.645211
    0.186695     0.815096     0.634323
    0.195115     0.819033      0.63684
    0.699209     0.380943     0.645593
    0.207492     0.827164     0.638698
    0.698696      0.38007      0.64569
    0.205411     0.826486     0.637781
    0.148042     0.708927     0.651416
    0.698462     0.379874     0.645477
    0.194514     0.820454     0.635459
    0.697491     0.377908     0.645978
     0.20352     0.823805     0.638516
    0.695672     0.374439      0.64661
     0.21298     0.827411     0.641897
    0.695258     0.373598     0.646793
    0.223349     0.832724     0.644515
    0.694975     0.372221     0.647577
    0.245778     0.845984     0.648947
    0.119876     0.691791     0.644837
    0.694399     0.370787     0.648032
    0.222851     0.832312     0.644488
    0.694329     0.370358     0.648266
    0.215009     0.828189     0.642574
    0.693589     0.368754      0.64912
    0.211157     0.827062     0.641019
    0.200392     0.820997     0.638567
    0.692385     0.365652     0.651565
    0.116374     0.778902     0.616772
    0.216551     0.830701     0.641773
    0.155244     0.798981     0.626487
    0.204156     0.823405     0.639297
    0.212119     0.827032     0.641512
    0.212047     0.826535     0.641912
    0.207444     0.823569     0.641077
    0.157307     0.758048       0.4844
    0.206294     0.822886     0.640844
    0.153714      0.75611     0.483329
    0.209475     0.824955     0.641428
    0.181048     0.726419     0.659406
    0.210143     0.825644     0.641256
    0.196747      0.81869      0.63793
    0.202926     0.822347      0.63927
    0.191275     0.816289     0.636385
    0.207095     0.824454     0.640343
    0.210701     0.826298     0.641256
     0.20425      0.82244     0.639886
    0.209656     0.825638     0.641075
    0.208865     0.825128     0.640945
    0.208184     0.824672     0.640844
    0.158625     0.717304     0.653546
    0.202452     0.821133     0.639681
    0.159192     0.715057      0.65408
    0.207908     0.824367     0.640883
     0.19849      0.81898      0.63876
    0.196354      0.81784     0.638249
    0.195574     0.817399     0.638079
    0.195673     0.817413     0.638128
    0.128341     0.699755     0.646402
    0.212236     0.826827     0.641704
    0.203195     0.822106     0.639479
    0.199641     0.820188     0.638647
    0.201514     0.821507     0.639017
    0.200163     0.820692     0.638761
    0.199832     0.820405      0.63876
    0.193467      0.81616     0.637771
    0.195106      0.81693     0.638231
     0.20033     0.819588     0.639563
   0.0994761     0.683019     0.639654
     0.19604     0.816843     0.638711
    0.197593     0.817597     0.639129
    0.193195     0.815266     0.638069
    0.199151     0.819165     0.639049
    0.184643     0.729341     0.660145
    0.177281      0.80651     0.634526
    0.183367      0.73117      0.65943
    0.177933     0.807154     0.634403
    0.618014     0.305765     0.626552
    0.179594     0.808373     0.634716
    0.617822     0.305424     0.627416
    0.178221     0.807531     0.634461
    0.617147     0.305872     0.625565
    0.158838     0.794526     0.631251
    0.616728     0.304138     0.629029
    0.161647     0.796398     0.631786
    0.183519     0.732682     0.659227
    0.189761     0.736057     0.660733
    0.612858     0.300074     0.633205
    0.171839      0.80298     0.633618
    0.111313     0.690704      0.64232
    0.611735     0.299293     0.633418
    0.611903     0.299405     0.633367
     0.17722     0.806071     0.634686
     0.17675     0.805833     0.634565
    0.187516     0.732332     0.660632
    0.609296     0.297483     0.634094
    0.176843     0.805424     0.634958
    0.608384     0.296867     0.634155
    0.180878     0.807454        0.636
    0.188292     0.732625     0.660838
    0.607604     0.296358     0.634249
      0.1833     0.808647     0.636642
    0.179269     0.728668     0.658454
    0.608313     0.296899     0.634019
    0.180787      0.80728     0.636057
    0.186726     0.734367      0.66001
    0.604027     0.294125     0.634992
    0.173948     0.803671     0.634397
    0.189856     0.736204      0.66074
     0.60328     0.293797     0.635241
    0.147247     0.787806     0.628764
    0.188602     0.735647     0.660417
    0.602429     0.293318     0.635353
    0.146702     0.787432     0.628678
    0.181456      0.73194     0.658666
    0.601523     0.292797     0.635455
    0.145966     0.786933     0.628561
    0.162713     0.720986     0.654272
     0.59911     0.291489     0.635901
    0.599303     0.291565     0.635842
    0.154274      0.79256     0.629955
     0.15984     0.717607     0.653924
    0.597145     0.290474     0.635955
    0.153533     0.792038     0.629855
    0.171262     0.723787     0.656677
    0.592131     0.287781     0.636385
    0.141403     0.783769     0.627983
    0.171957      0.72409     0.656855
    0.593941     0.288723     0.636268
    0.140668     0.783267     0.627866
    0.166045     0.720794     0.655445
    0.591747     0.287747     0.636466
    0.140017     0.782827      0.62776
    0.589562     0.286689     0.636707
    0.133419     0.778754     0.626354
    0.174615     0.727275      0.65717
    0.585051      0.28461     0.637107
     0.13221     0.778051     0.626093
    0.175852     0.728013     0.657456
    0.586291      0.28523     0.637035
    0.131334     0.777516     0.625918
    0.174782     0.727514     0.657184
    0.584124     0.284226     0.637095
     0.13068     0.777095     0.625799
    0.172404     0.726349     0.656589
    0.582024     0.283265     0.637217
    0.129985     0.776653     0.625669
    0.169396     0.724745     0.655859
    0.579608     0.282361      0.63738
    0.128997     0.776059     0.625466
    0.169055     0.724575     0.655774
    0.578652     0.281938     0.637395
    0.127518       0.7752     0.625147
      0.1785     0.729009     0.658139
    0.576145     0.281062     0.637535
    0.576427     0.281095     0.637466
     0.12633     0.774474      0.62491
    0.174224     0.726837     0.657083
    0.574201     0.280281     0.637638
    0.128737     0.776153     0.625405
    0.173215     0.726385     0.656824
    0.570948     0.279036     0.637741
    0.124328     0.773158     0.624559
    0.176245     0.728112      0.65754
    0.568403     0.278292     0.637819
    0.126843     0.774873     0.625096
    0.102542     0.689477     0.639592
    0.566606     0.277616     0.637947
    0.126354     0.774471     0.625056
    0.166015     0.724087     0.654856
    0.566217     0.277598     0.637929
    0.618083     0.220893      0.53627
    0.618391     0.220849     0.536375
    0.110833      0.76376     0.622504
     0.15739     0.718529     0.652912
    0.564406     0.276917     0.638046
    0.122249     0.771511     0.624341
    0.156592      0.71798     0.652741
    0.559718      0.27555     0.638268
    0.560051     0.275546     0.638195
    0.617454     0.220652     0.536081
    0.122077     0.771309     0.624358
    0.155712     0.717398     0.652547
    0.559542     0.275469     0.638147
    0.121988      0.77116      0.62439
   0.0885035     0.678821     0.636755
    0.558246     0.275164     0.638248
    0.556538     0.274588     0.638262
    0.105674     0.760633     0.621439
    0.129465     0.703776     0.646131
    0.556518     0.274588      0.63836
    0.104604     0.759977     0.621221
    0.150139     0.714388     0.651202
    0.150093     0.714324     0.651198
    0.551905     0.273451     0.638518
     0.55229     0.273439     0.638447
    0.103678     0.759398     0.621039
    0.128544     0.704478     0.645641
    0.547712     0.272375     0.638593
    0.102923     0.758913     0.620895
    0.123152     0.701589     0.644336
    0.546407     0.272156     0.638675
    0.546816     0.272147     0.638608
    0.102231     0.758467     0.620765
    0.114381     0.696847      0.64222
    0.545452     0.271853     0.638658
    0.101356     0.757928     0.620588
    0.129891     0.704353     0.646175
    0.106151     0.692409     0.640233
    0.540992     0.271002      0.63882
    0.106698      0.76158     0.621442
    0.110148      0.69466     0.641184
    0.539608     0.270767     0.638848
    0.538765     0.270503     0.638758
    0.104797     0.760464     0.621035
     0.11698     0.698417     0.642822
    0.538682      0.27054     0.638834
    0.103258     0.759517     0.620727
    0.120986     0.700651     0.643778
    0.534273     0.269838      0.63892
    0.536484     0.270092     0.638776
   0.0972868     0.755275     0.619837
    0.123235      0.70202     0.644297
    0.122933     0.701809     0.644231
    0.533331     0.269589     0.638889
     0.10113     0.758083     0.620363
    0.120219     0.700462     0.643559
    0.531939     0.269439     0.638943
    0.616755     0.169748     0.672882
   0.0958139     0.754178     0.619631
    0.128904     0.704211      0.64587
    0.527617     0.268885     0.638994
    0.526868     0.268643     0.638934
    0.616639     0.169783     0.672909
   0.0953999     0.753807     0.619602
    0.168093     0.725592     0.655293
    0.525468     0.268519     0.638948
    0.614401     0.169347     0.672739
   0.0952614     0.753595     0.619635
    0.107785     0.691914     0.640905
    0.524053     0.268413      0.63897
    0.611412     0.168956     0.672648
    0.612214     0.168963     0.672623
   0.0887734     0.749106     0.618567
    0.109949     0.693081     0.641428
    0.518626     0.267902     0.639016
    0.523116     0.268204     0.638928
    0.608705     0.168577     0.672546
    0.609214     0.168532     0.672526
   0.0880732     0.748633     0.618443
   0.0882395     0.681216     0.636212
    0.517173     0.267768     0.639051
    0.518879     0.267805     0.638979
    0.606573     0.168269     0.672445
   0.0874895     0.748233     0.618342
    0.117843     0.698141     0.643217
    0.516285     0.267621     0.639045
    0.605108     0.168152     0.672423
    0.604452     0.167955     0.672345
   0.0895479     0.749585     0.618599
    0.119477     0.699065     0.643604
    0.512146     0.267339     0.639176
    0.515403     0.267484     0.639043
   0.0879287     0.748625     0.618253
    0.118795     0.698827     0.643417
    0.118803     0.698781     0.643428
    0.509549     0.267222     0.639195
    0.510099     0.267107     0.639136
   0.0795665     0.743129     0.616723
    0.118202     0.698585     0.643261
    0.506936     0.267119     0.639192
    0.507516     0.267017      0.63914
    0.595168     0.167378     0.672028
   0.0807261      0.74418      0.61691
    0.119814     0.699493     0.643644
    0.503966     0.266988     0.639276
    0.504593     0.266937     0.639237
    0.592535     0.167229     0.671936
    0.594217     0.167192     0.671953
   0.0640904     0.748561     0.550342
   0.0997043     0.688518     0.638809
    0.502036     0.266909     0.639292
    0.589598     0.166977     0.671871
    0.591317     0.167011     0.671878
   0.0654559     0.749331     0.550935
    0.100106     0.688722     0.638908
    0.499466       0.2669     0.639335
     0.50009     0.266823     0.639287
    0.589847     0.166951     0.671845
   0.0650053     0.748708     0.550418
    0.495499     0.266907     0.639425
    0.497206     0.266777     0.639374
   0.0641697     0.747473     0.549248
      0.0643     0.747578     0.549454
     0.10022     0.688798     0.638934
    0.492944     0.266967     0.639426
    0.494638     0.266799     0.639391
    0.582328     0.166597     0.671692
   0.0716034     0.732448     0.617359
   0.0715512     0.730736     0.618024
   0.0844918     0.715626      0.62795
    0.065109     0.747258     0.450294
   0.0768424     0.729623     0.535253
   0.0676454     0.743634     0.451959
   0.0985694     0.687887     0.638538
    0.490406     0.267041     0.639467
     0.49209     0.266865     0.639396
    0.579466     0.166524     0.671628
    0.580094     0.166425     0.671621
   0.0714386     0.730598     0.618097
   0.0712886     0.726403     0.619502
   0.0687442     0.741943     0.452766
   0.0700979     0.739952     0.453661
   0.0808558     0.723642     0.531582
   0.0818459     0.722161     0.530676
    0.096005     0.700594     0.635431
   0.0965623     0.699687     0.635776
   0.0991836     0.696641     0.637221
    0.104904       0.6912     0.640086
    0.487558     0.267127     0.639603
    0.488206     0.266986     0.639536
    0.577502     0.166431      0.67152
   0.0712152     0.725629     0.619728
    0.104618     0.691674     0.639849
    0.483995     0.267307     0.639671
    0.485697     0.267105       0.6396
    0.574908     0.166446     0.671405
    0.071105      0.72238      0.62075
    0.102564     0.686349     0.640156
    0.102921     0.686982     0.640102
    0.481216     0.267479     0.639742
    0.483179      0.26725     0.639653
    0.571251     0.166476     0.671295
    0.572938     0.166346     0.671297
   0.0710325     0.721609     0.620957
   0.0710875     0.721937     0.620817
    0.102589     0.685098     0.640347
    0.102675     0.683615     0.640573
    0.477674     0.267805     0.639676
    0.479386     0.267531     0.639688
    0.568463     0.166542     0.671298
     0.57013     0.166367     0.671258
   0.0709129     0.718352     0.621903
   0.0709432     0.716919     0.622295
    0.102546     0.683656     0.640544
    0.102736     0.679549     0.641125
    0.475165      0.26807     0.639619
    0.476871     0.267772     0.639626
      0.5649     0.166706     0.671273
    0.565544     0.166545     0.671232
   0.0708386     0.716141     0.622488
   0.0708948     0.714387     0.623082
    0.102593     0.679826     0.641003
     0.10275     0.678076     0.641358
    0.472674     0.268342     0.639612
    0.473371     0.268141     0.639573
    0.562361     0.166841     0.671269
    0.564039     0.166624     0.671238
    0.070777     0.713609     0.623253
   0.0708623     0.712903     0.623484
    0.102615     0.675733     0.641633
    0.102731     0.675818     0.641679
    0.468989     0.268774     0.639693
    0.470667     0.268436     0.639634
    0.559607     0.167006      0.67126
    0.560299     0.166842     0.671242
   0.0706868     0.710339     0.624069
   0.0707812     0.709638     0.624289
    0.102567     0.673215      0.64203
    0.102677     0.673548     0.641979
    0.466527     0.269101      0.63971
    0.468215     0.268744     0.639668
    0.556089     0.167323     0.671156
    0.557783     0.167038     0.671181
   0.0706014     0.707369      0.62474
    0.070653     0.704857     0.625388
    0.102521     0.670945     0.642262
    0.102613     0.669428     0.642424
    0.462906     0.269622      0.63975
    0.464807     0.269245     0.639687
    0.552615     0.167703     0.671063
     0.55527     0.167278     0.671101
   0.0705133     0.704082     0.625515
   0.0705911     0.702623     0.625866
    0.102517     0.666848     0.642721
     0.10262     0.666133     0.642852
    0.458746     0.270356     0.639774
    0.460459     0.269993     0.639748
    0.462191     0.269671     0.639732
    0.549941      0.16799      0.67107
    0.551805     0.167666     0.671017
   0.0704295     0.700796     0.626286
   0.0705348     0.700092     0.626495
    0.102524     0.664579     0.643012
    0.102622     0.664667     0.643052
    0.455429     0.270979     0.639854
    0.458026     0.270382     0.639756
     0.54647     0.168328     0.671068
    0.548151     0.168049      0.67104
   0.0703701     0.698557     0.626754
   0.0704569     0.696803     0.627236
    0.102522     0.663112     0.643221
    0.102572     0.659735     0.643661
    0.452839     0.271468     0.639958
    0.454488     0.271011     0.639861
    0.543963     0.168552     0.671063
     0.54565     0.168284      0.67104
   0.0702601     0.694479     0.627581
   0.0703656     0.693782     0.627764
    0.102479     0.658999     0.643702
    0.102551      0.65908     0.643729
    0.449538     0.272126     0.639992
    0.451218     0.271671     0.639946
    0.541451     0.168796     0.671059
    0.542164     0.168601     0.671029
   0.0702209     0.692725     0.627997
   0.0703048     0.691255     0.628339
    0.102496     0.656742     0.643888
    0.102642     0.654387     0.644146
    0.445316     0.273139     0.640023
    0.447142     0.272609      0.63999
   0.0701307     0.689702     0.628564
   0.0702332     0.689006     0.628747
      0.1027     0.652715     0.644371
    0.102893     0.650368     0.644697
    0.442059     0.273944     0.639931
    0.444618     0.273161     0.639972
   0.0700257     0.686388      0.62919
   0.0700874       0.6849     0.629436
     0.10287     0.648859     0.644853
    0.103042     0.647117     0.645125
    0.438027     0.275083      0.63986
    0.439704     0.274531     0.639856
    0.441398        0.274     0.639884
   0.0699187     0.683069      0.62977
   0.0700128     0.682372     0.629939
    0.102959     0.645572     0.645224
     0.10309     0.644021      0.64535
    0.434887     0.275951     0.639931
     0.43652     0.275373     0.639837
    0.526879     0.171328      0.67095
    0.069859     0.680814     0.630168
   0.0699282     0.679323     0.630448
     0.10296     0.641629      0.64546
    0.103084     0.641735      0.64549
    0.430767     0.277153     0.640171
    0.432415     0.276582     0.640062
    0.432376     0.276545     0.640027
    0.524506     0.171819     0.670996
    0.526152     0.171338      0.67093
    0.069787     0.677505     0.630782
   0.0698467     0.676001     0.631015
    0.102943     0.640166     0.645582
    0.103066     0.638421     0.645824
    0.427667     0.278065       0.6403
    0.429302     0.277452     0.640194
    0.519386     0.172959     0.671097
    0.521234     0.172486     0.671044
     0.52292     0.172048      0.67099
   0.0696946     0.674432     0.631175
   0.0697472     0.672676     0.631521
    0.102933     0.637682     0.645864
     0.10309     0.635311     0.646129
     0.42363     0.279455     0.640333
    0.425266     0.278774     0.640345
   0.0696247     0.671912      0.63161
   0.0696683     0.670407     0.631867
    0.102978     0.634586     0.646172
    0.103183     0.632845     0.646415
    0.418901     0.281222     0.640064
    0.420555     0.280509     0.640147
    0.422231     0.279842      0.64024
    0.513806      0.17432     0.671004
    0.515462     0.173772     0.671014
   0.0694926     0.667776     0.632283
   0.0695228     0.666256     0.632509
    0.103142     0.631328     0.646522
    0.103318     0.629761     0.646649
    0.414262      0.28306     0.639984
    0.415895     0.282341     0.639955
    0.417532     0.281621     0.639975
   0.0694138     0.665501     0.632573
   0.0694001     0.663155     0.632829
    0.103288     0.628229     0.646703
    0.103402     0.625822     0.646859
    0.409582     0.284938     0.640217
    0.411205     0.284221     0.640116
    0.412951     0.283458     0.639995
   0.0693345     0.663224     0.632813
    0.069351     0.661697      0.63301
    0.103367     0.625111       0.6469
    0.103411      0.62436     0.646966
    0.103463     0.622595     0.647159
    0.405867      0.28652     0.640439
    0.407475     0.285767     0.640326
    0.409082     0.285025     0.640215
   0.0692647     0.660945     0.633085
   0.0692353     0.657548     0.633603
     0.10344     0.621054     0.647276
     0.10348     0.619477      0.64741
    0.327624     0.371106     0.644551
    0.328216     0.368652     0.644366
    0.401296     0.288561      0.64059
    0.402901     0.287756     0.640569
    0.404621     0.286951     0.640478
   0.0691411     0.655739     0.633906
   0.0691733     0.655028     0.634002
    0.103416     0.617908     0.647521
    0.103424     0.616154     0.647677
    0.328645     0.366445     0.644147
     0.32869     0.366383     0.644148
    0.396892     0.290751      0.64041
    0.398477     0.289863     0.640476
    0.400103     0.289042     0.640544
    0.493609     0.180154     0.671192
    0.495251       0.1795     0.671196
   0.0691003     0.654283      0.63407
   0.0690982     0.652743      0.63423
    0.103359     0.615422     0.647698
    0.103378     0.614707      0.64774
    0.329053     0.364235     0.643917
    0.329713     0.361803     0.643705
    0.390929     0.293858     0.640217
    0.392526     0.292975      0.64025
    0.394116     0.292098     0.640284
    0.489688     0.181547     0.671144
    0.491356     0.180888     0.671146
    0.492996     0.180216     0.671152
   0.0689973     0.651165     0.634342
   0.0689857     0.649621     0.634496
     0.10326     0.612249      0.64779
    0.103265     0.610671     0.647839
    0.330152     0.359608     0.643482
    0.330651     0.357975     0.643332
    0.385062     0.297164     0.640248
    0.386701     0.296207     0.640185
    0.388242     0.295266      0.64016
    0.389828     0.294377     0.640178
   0.0689211     0.648878     0.634561
   0.0689292     0.648165     0.634645
    0.103199     0.609937     0.647851
    0.103264     0.607338     0.648029
     0.33086     0.356664     0.643175
    0.331329     0.355017     0.643008
    0.331851     0.353382     0.642861
     0.37932     0.300436     0.640448
    0.380891     0.299511       0.6404
    0.382437     0.298579     0.640337
    0.384012     0.297687     0.640275
   0.0688247     0.645536     0.635002
   0.0687829     0.642933     0.635369
    0.103219     0.605784     0.648122
    0.103353     0.605032     0.648218
    0.331646     0.353652     0.642862
    0.332161     0.352002     0.642722
    0.333189      0.34884     0.642482
    0.373109     0.304484     0.640706
    0.375319     0.302967     0.640636
     0.37681     0.301946     0.640544
    0.378336     0.300978     0.640468
   0.0687404     0.642197     0.635437
   0.0686895     0.639793     0.635647
    0.103265     0.604322     0.648248
    0.103483     0.602746     0.648416
    0.333223     0.348364     0.642422
    0.333997     0.345964     0.642183
    0.334594     0.344339     0.642013
    0.366112     0.309213     0.640503
    0.367626     0.308149     0.640572
    0.369133     0.307091     0.640631
    0.371317     0.305619     0.640686
    0.472846      0.18829     0.671596
    0.475219     0.187186     0.671578
   0.0687024     0.640741     0.635586
   0.0686461     0.638343      0.63576
    0.103432     0.601217     0.648493
    0.103639     0.599652     0.648644
    0.335489      0.34151     0.641728
    0.336164     0.339899     0.641615
    0.355433     0.317644     0.640664
    0.357487     0.315951     0.640541
    0.358885     0.314791     0.640464
    0.360283     0.313631     0.640404
    0.362306     0.311998     0.640376
    0.363756     0.310875     0.640401
     0.45475      0.20811     0.617598
     0.45624     0.207406     0.617188
   0.0685822     0.636768     0.635865
   0.0685516     0.635205      0.63602
    0.103558     0.597927     0.648726
    0.103678     0.596354       0.6488
    0.336879     0.337891     0.641447
    0.337936     0.335599      0.64128
     0.33881     0.334004     0.641208
    0.339783     0.332437     0.641172
    0.340891     0.330931      0.64116
    0.343186     0.328431     0.641097
    0.344516     0.327161     0.641014
    0.346418     0.325408     0.640881
    0.347773     0.324191     0.640816
    0.349136     0.322976     0.640782
    0.350507      0.32177     0.640761
     0.35248     0.320079     0.640732
    0.353875     0.318904     0.640705
    0.451751     0.209417     0.618374
    0.453245     0.208689     0.618005
    0.454069     0.208292      0.61779
   0.0684987     0.633425      0.63623
   0.0684689     0.631862     0.636387
    0.103584     0.596486     0.648783
     0.10358     0.593164     0.648821
    0.448322     0.210999     0.619127
    0.449803     0.210227     0.618742
   0.0684435     0.631128     0.636471
   0.0684363       0.6304      0.63656
    0.103396      0.59153     0.648805
    0.103376     0.588916     0.648918
   0.0684113     0.629666     0.636644
   0.0683258     0.626212     0.636958
    0.103195     0.587287     0.648947
    0.103325     0.587465     0.648987
   0.0682947     0.625483     0.637001
    0.068248     0.623906     0.637076
    0.103181     0.586714     0.648991
    0.103279     0.585132     0.649113
     0.43846     0.206942     0.672506
    0.440671     0.205553     0.672384
    0.441525     0.204981     0.672342
   0.0681945     0.622323     0.637156
   0.0681567     0.620746     0.637276
    0.103149     0.583542     0.649162
    0.103299     0.581958     0.649284
    0.343219     0.313247     0.638297
    0.432233     0.211215     0.672903
    0.433107     0.210644     0.672854
    0.434589     0.209593     0.672753
    0.436697     0.208089     0.672611
    0.438193     0.207068     0.672512
   0.0681136     0.618973     0.637468
    0.068102     0.618242     0.637543
    0.103193     0.581237     0.649297
     0.10339     0.578655     0.649479
    0.343303     0.312754      0.63822
     0.34435     0.311342     0.638104
    0.345908     0.309362     0.637902
    0.347043     0.307904     0.637725
    0.348121     0.306493     0.637562
    0.349183     0.305069     0.637413
    0.351033     0.302342     0.637188
    0.351226     0.302149     0.637177
    0.352585     0.299973     0.637053
   0.0680594     0.616667     0.637684
    0.068029     0.615091     0.637822
     0.10336     0.577107     0.649503
    0.103485     0.575503     0.649543
    0.103509     0.575594     0.649559
    0.354439      0.29696     0.636877
    0.355449     0.295475     0.636782
    0.356495     0.294011     0.636669
     0.35848     0.291285     0.636375
    0.358612     0.291119     0.636365
    0.359696     0.289619     0.636141
    0.360719     0.288167     0.635889
    0.370084     0.273918     0.677044
   0.0679857     0.613512     0.637965
   0.0679591     0.611737     0.638125
    0.103527     0.573193     0.649555
    0.103611     0.572461     0.649577
     0.37015     0.273809     0.677036
    0.372008     0.271039     0.676876
    0.373027     0.269529     0.676783
    0.374474     0.267396     0.676643
    0.375513     0.265903     0.676537
     0.37657     0.264421     0.676424
    0.377678     0.262914     0.676299
    0.375684     0.267842     0.633477
    0.339296     0.329549     0.365031
    0.340561     0.328363     0.363908
    0.341612     0.327382     0.363152
    0.342923     0.326216     0.362075
    0.344008      0.32529     0.361281
    0.345326     0.324265     0.360055
    0.346107     0.323783     0.358507
   0.0679291     0.611013     0.638162
   0.0679087     0.609429     0.638233
    0.103538     0.571748     0.649563
    0.103666     0.568275     0.649673
    0.376926     0.266417     0.633217
    0.377604     0.265641     0.633057
    0.379255     0.263758      0.63263
    0.380907      0.26188     0.632212
    0.382153     0.260479      0.63188
     0.38383     0.258609     0.631527
     0.38554     0.256727      0.63129
    0.337407     0.331364     0.366656
     0.33801     0.330778      0.36615
   0.0678487     0.607842     0.638281
   0.0678349     0.606258     0.638352
    0.103565      0.56755      0.64967
    0.103746     0.565103      0.64982
   0.0677731     0.604671     0.638445
   0.0677504     0.602052     0.638662
    0.103635     0.564384     0.649826
    0.103818     0.562791     0.649933
   0.0676842     0.600461     0.638774
   0.0676912     0.598873     0.638927
    0.103721     0.561216     0.649966
    0.103895     0.559621     0.650074
    0.067674     0.599856     0.638847
    0.067684     0.598276     0.638968
    0.103774     0.558895     0.650065
    0.103934     0.557167     0.650161
   0.0675865     0.595643     0.639159
   0.0675703     0.593179     0.639257
    0.103845     0.555577      0.65015
    0.103967     0.553979     0.650169
   0.0674776     0.591578     0.639278
   0.0675128     0.590862     0.639315
    0.103886      0.55238      0.65013
    0.103976     0.552543     0.650161
   0.0674634     0.591006      0.63931
   0.0674817     0.589417     0.639364
   0.0673859     0.587812      0.63941
   0.0674078      0.58519     0.639616
   0.0673403     0.585317     0.639587
   0.0673863      0.58373     0.639723
   0.0672625     0.581262     0.639841
   0.0673156     0.579672     0.639966
    0.103722     0.540254     0.650201
    0.103767     0.538637     0.650256
   0.0672022     0.577897     0.640062
   0.0672558     0.576305     0.640131
     0.06717     0.576449     0.640104
   0.0671848     0.573099     0.640161
    0.103786     0.531317     0.650381
   0.0670955     0.573245     0.640148
   0.0671545     0.571656     0.640184
    0.103699     0.530591     0.650352
     0.10377     0.528977     0.650339
   0.0670195     0.570035     0.640183
    0.067093     0.568447     0.640261
    0.103674     0.528253     0.650304
    0.103783      0.52664     0.650289
   0.0669622     0.566671      0.64034
   0.0670524     0.565085     0.640451
    0.103673      0.52503     0.650223
   0.0669211     0.563472       0.6405
   0.0670233     0.561882     0.640618
   0.0668873     0.560263     0.640684
   0.0670087     0.560424       0.6407
   0.0668397     0.556883      0.64083
   0.0669638     0.557062     0.640849
   0.0668117     0.555438     0.640841
   0.0669051     0.553844     0.640872
   0.0667682     0.553107     0.640843
   0.0668654     0.551511     0.640863
   0.0667169     0.549885      0.64083
    0.066817     0.548288     0.640874
   0.0666774     0.546518     0.640905
   0.0667816     0.544921     0.640999
   0.0666568     0.544181     0.640998
   0.0667569     0.542582     0.641089
   0.0666315     0.540962     0.641116
   0.0667244     0.539359       0.6412
    0.066616     0.538622     0.641203
   0.0666966     0.537016     0.641279
   0.0665802     0.534363     0.641321
    0.066664     0.534537     0.641337
   0.0665552     0.532025     0.641307
   0.0666002     0.530406     0.641297
   0.0665056     0.527892     0.641235
   0.0665613     0.528064     0.641257
   0.0665026     0.526455     0.641227
   0.0665232     0.524824      0.64123
    0.066511      0.52146     0.641301
   0.0665579     0.520719     0.641334
   0.0665019     0.519113     0.641363
   0.0665698      0.51749     0.641421
   0.0664849     0.515873      0.64144
   0.0665702     0.515144     0.641484
   0.0664658      0.51352     0.641493
   0.0665594     0.511774     0.641561
   0.0664447     0.511043     0.641537
   0.0665373     0.508525     0.641554
   0.0664105     0.507794     0.641515
   0.0665111     0.506176     0.641506
   0.0663654     0.504537     0.641434
   0.0664727     0.502918     0.641417
   0.0663364     0.502187     0.641371
   0.0664571     0.500567     0.641361
    0.103715     0.456924     0.648921
    0.103724     0.455269     0.648859
   0.0663241     0.498936     0.641305
   0.0664581     0.497315     0.641326
    0.103646     0.454542     0.648818
   0.0663335     0.496587     0.641292
   0.0664616     0.494847     0.641346
   0.0663519     0.493217     0.641336
   0.0664577      0.49249     0.641369
    0.103444     0.447822     0.648604
   0.0663621     0.490863     0.641361
   0.0664491      0.48833     0.641395
    0.103359     0.446352     0.648555
    0.103278     0.443764     0.648461
   0.0663767     0.486708     0.641393
    0.066441     0.486869     0.641414
    0.103206     0.443948      0.64846
   0.0664024     0.484355      0.64142
   0.0664423     0.482592     0.641434
   0.0664709     0.480937     0.641412
   0.0664345     0.478411     0.641326
   0.0664935     0.478589     0.641346
   0.0664219      0.47788     0.641306
   0.0665062     0.475326     0.641216
   0.0664088     0.474611     0.641167
   0.0665159     0.472974     0.641122
   0.0664007      0.47134     0.641037
   0.0665268     0.469705     0.641015
    0.103408     0.429282     0.647982
   0.0664041      0.46807     0.640953
   0.0665367     0.467347      0.64097
    0.087622     0.443848     0.644992
   0.0862956     0.440644     0.644627
   0.0664116       0.4656     0.640933
    0.066549     0.463966     0.640962
    0.103253     0.422651     0.647542
    0.103348     0.422858     0.647577
   0.0664234     0.462325     0.640923
   0.0665503       0.4616      0.64095
     0.10332     0.417686      0.64722
   0.0664346     0.459959     0.640911
   0.0665583     0.458321     0.640925
     0.10326     0.417915     0.647226
   0.0664651     0.456689     0.640888
   0.0665687     0.455951     0.640911
    0.103215     0.412904     0.646906
    0.103192     0.411222     0.646808
   0.0665086     0.454332      0.64088
   0.0666007     0.452675     0.640884
    0.103169     0.410515     0.646765
    0.103206     0.408839     0.646689
   0.0666411     0.449302     0.640843
   0.0667214     0.447639     0.640808
    0.103182     0.406208     0.646572
    0.103274     0.405469     0.646556
   0.0666696     0.446022     0.640734
   0.0667754     0.444368     0.640684
    0.103194     0.403824     0.646462
    0.103295     0.402161     0.646403
   0.0666692     0.444574     0.640674
   0.0668039     0.441085     0.640529
    0.103191     0.403304     0.646434
    0.103281      0.40071     0.646336
   0.0666787     0.441288     0.640516
   0.0668097     0.439644     0.640458
    0.103158     0.399033     0.646232
    0.103289     0.396454     0.646133
   0.0666826     0.437997     0.640344
   0.0668166     0.437276     0.640335
    0.103157     0.396645     0.646122
    0.103271     0.394057     0.646016
   0.0666911     0.435631     0.640224
   0.0668449     0.433062     0.640139
    0.103092      0.39235     0.645893
    0.103126      0.39068     0.645817
   0.0667233     0.432343     0.640083
   0.0668622     0.430691      0.64006
     0.10297     0.389928     0.645749
    0.103021     0.387317     0.645639
   0.0667482       0.4309      0.64003
   0.0668903     0.427308     0.639993
    0.102908     0.387536      0.64562
    0.103107     0.383962     0.645495
   0.0668164     0.426596      0.63996
   0.0669012     0.424929      0.63994
     0.10298     0.384238     0.645474
    0.103112     0.383497     0.645457
   0.0668786     0.423309     0.639892
   0.0669255     0.421629     0.639856
   0.0670146     0.419034     0.639802
    0.103036     0.382796     0.645401
    0.103134     0.380121     0.645258
   0.0669601      0.41833     0.639772
   0.0670622     0.417586     0.639775
    0.103037      0.37751     0.645065
    0.103079     0.376769     0.645021
   0.0669691     0.416872     0.639737
   0.0671315     0.414292     0.639695
    0.102985     0.373399     0.644759
    0.102952     0.372677     0.644699
   0.0669979     0.414496      0.63967
   0.0671576     0.412842      0.63965
    0.102874      0.37098     0.644556
    0.102789     0.369284     0.644408
   0.0670663     0.410193     0.639543
   0.0672252     0.408538     0.639501
    0.102762     0.368564     0.644347
    0.102727     0.366857     0.644203
   0.0671006     0.407819     0.639439
   0.0672811     0.404304     0.639281
    0.102694      0.36615      0.64414
    0.102782     0.363509     0.643937
   0.0671425     0.405449     0.639321
   0.0673034     0.401927     0.639137
    0.102694     0.363753     0.643943
    0.102881     0.361142     0.643759
   0.0672121     0.402155     0.639136
   0.0673267     0.399551     0.638987
    0.102826     0.358575     0.643535
    0.102951     0.358782     0.643576
   0.0673483     0.397174     0.638831
   0.0674101     0.397359     0.638859
    0.102821     0.356161     0.643335
    0.102951     0.355446       0.6433
   0.0673536     0.395729     0.638737
   0.0674903     0.393126     0.638592
    0.102793     0.353746     0.643132
    0.102886      0.35208     0.643013
    0.446134    -0.035673     0.606079
    0.448293   -0.0368762     0.605574
    0.450006   -0.0377956     0.605044
   0.0673851     0.392415     0.638526
   0.0675588     0.388882     0.638355
    0.102696     0.350344     0.642839
    0.102781     0.349665     0.642801
    0.440103   -0.0326517     0.607674
    0.442518   -0.0338918     0.607026
     0.44402   -0.0346942     0.606635
   0.0674208     0.389098     0.638337
   0.0675645     0.388369     0.638325
    0.102553     0.347898     0.642621
    0.102589     0.346247     0.642502
    0.435007   -0.0299293     0.608858
    0.436726   -0.0308552     0.608392
    0.438221   -0.0317267      0.60806
    0.439749   -0.0325416      0.60773
    0.067486     0.384777     0.638141
   0.0676113     0.385051     0.638167
    0.102392     0.344496     0.642334
    0.102494     0.343814     0.642302
    0.434658   -0.0298216     0.608914
   0.0675064     0.383328     0.638073
   0.0676363     0.382594     0.638063
    0.102358     0.342068      0.64215
    0.102492     0.340398     0.642058
    0.424937   -0.0246006     0.611076
    0.426633   -0.0255551     0.610639
    0.428148    -0.026421     0.610329
   0.0675666      0.38001     0.637937
   0.0676937     0.378332     0.637885
    0.102387      0.33969     0.641985
    0.102541     0.338003     0.641893
    0.419062   -0.0215793     0.612276
    0.420604   -0.0224192        0.612
     0.42233   -0.0233309     0.611581
   0.0676518     0.376701     0.637798
   0.0677539     0.375013      0.63774
   0.0678107     0.374243      0.63772
    0.102514     0.336385     0.641768
    0.102609     0.335614     0.641728
     0.10273     0.333909     0.641625
    0.413226   -0.0184181     0.613358
    0.414762   -0.0192673     0.613058
    0.417141   -0.0206211     0.612557
    0.418701   -0.0214626     0.612314
   0.0678012     0.372626      0.63764
   0.0679378     0.370941     0.637585
    0.102718     0.332292     0.641504
    0.102863     0.330598     0.641408
    0.409603   -0.0165394     0.614068
    0.411317   -0.0174797     0.613696
    0.412869   -0.0183092     0.613405
   0.0678791     0.369309      0.63749
   0.0680193     0.368563     0.637485
     0.10277     0.328941     0.641269
    0.102882     0.327248     0.641165
    0.403755   -0.0133338     0.615032
    0.405446    -0.014313     0.614685
    0.406979   -0.0152061     0.614444
   0.0679309      0.36692     0.637384
   0.0681096     0.365248     0.637339
    0.102749     0.326518     0.641087
    0.102823     0.324833     0.640973
    0.397867    -0.010224     0.616059
    0.399588   -0.0111577     0.615735
    0.401132   -0.0120151     0.615462
   0.0680387     0.362658     0.637209
   0.0681874     0.361921     0.637196
    0.102654     0.323108     0.640807
    0.102744     0.322408     0.640772
    0.391992  -0.00697232     0.616875
    0.393704  -0.00793457     0.616589
    0.394534  -0.00845605     0.616457
    0.068073     0.361208     0.637131
   0.0682508     0.358532     0.637014
    0.102572     0.320679     0.640603
    0.102649     0.318994     0.640484
    0.387805  -0.00477608     0.617531
    0.390777  -0.00638396     0.617042
    0.390925  -0.00648282     0.617032
   0.0681638     0.357827      0.63695
    0.068306     0.355198     0.636804
    0.102488      0.31728     0.640318
    0.102612     0.316569     0.640286
    0.381927  -0.00150554     0.618318
    0.383467  -0.00243791     0.618144
    0.385866  -0.00382151     0.617804
   0.0682679     0.354509     0.636748
   0.0683174     0.353747     0.636703
   0.0684208     0.352051     0.636602
    0.102458     0.315826       0.6402
    0.102595     0.313181     0.640014
     0.37599   0.00167435     0.619105
    0.378271   0.00043965     0.618768
    0.379985 -0.000514107     0.618507
    0.068356     0.351357     0.636539
   0.0685063     0.349674     0.636443
    0.102468     0.311483     0.639854
    0.102594     0.311731       0.6399
    0.369373   0.00530689     0.619966
    0.371657   0.00401444     0.619736
    0.374045   0.00264157     0.619356
   0.0684846     0.346147     0.636165
   0.0686056     0.346352     0.636204
    0.102479     0.309057     0.639656
    0.102537      0.30737     0.639525
     0.36657   0.00682559     0.620194
    0.367411   0.00630863     0.620105
    0.370438   0.00463108     0.619856
    0.068456     0.346582     0.636198
   0.0686393     0.344907     0.636098
    0.102406     0.306616     0.639437
     0.10235     0.303917     0.639199
    0.360678    0.0101035     0.620937
    0.362217   0.00918658     0.620719
    0.363763   0.00827968     0.620498
   0.0685772      0.34232     0.635872
   0.0687216     0.341581     0.635839
     0.10221     0.303168     0.639109
    0.102232     0.301474      0.63897
    0.354009    0.0137404     0.621646
    0.356311    0.0124374     0.621467
    0.358014    0.0114762     0.621247
   0.0686281     0.340883     0.635765
   0.0687687     0.339193     0.635649
    0.102118     0.301722     0.638967
    0.102174      0.29904     0.638751
    0.348107    0.0171187     0.622147
    0.349808    0.0161449     0.621944
    0.351353    0.0151939     0.621797
   0.0687463     0.337562     0.635509
   0.0688328     0.335856     0.635383
   0.0689477     0.333204     0.635185
    0.102063     0.297304     0.638583
    0.102142     0.296584     0.638532
    0.344586     0.019001     0.622525
    0.346151    0.0181049     0.622342
    0.347744    0.0172364     0.622166
   0.0689158     0.331565     0.635044
   0.0690309     0.330821     0.635004
     0.10205     0.294884     0.638366
    0.102092     0.293177     0.638219
    0.338662    0.0223033     0.623127
    0.340218     0.021363     0.622997
    0.342622    0.0199817     0.622715
   0.0689576      0.32917     0.634857
   0.0691297     0.327484     0.634755
    0.102013     0.291492     0.638051
    0.102041     0.289768     0.637896
    0.102038     0.288034     0.637731
    0.333515    0.0251512     0.623376
    0.334372    0.0246474     0.623322
    0.337424    0.0229178     0.623185
   0.0690408     0.325831      0.63461
   0.0692311     0.324147     0.634518
    0.101998     0.286361     0.637562
    0.102041     0.285624     0.637498
     0.32684    0.0288653     0.623973
    0.329144    0.0275549     0.623756
    0.330695    0.0266241     0.623581
    0.332411    0.0256758     0.623425
   0.0691133     0.323441     0.634441
   0.0692976     0.321753      0.63435
    0.101975     0.283936     0.637322
    0.102056     0.284184     0.637359
    0.324053    0.0303898     0.624228
    0.324891    0.0298781     0.624135
    0.326479    0.0289838     0.623989
   0.0692039     0.321053     0.634279
   0.0693967     0.318366     0.634129
     0.10196     0.282487     0.637177
    0.102075     0.280794     0.637031
    0.317392    0.0342089     0.624625
    0.318951    0.0332385     0.624557
    0.320516    0.0322812     0.624476
   0.0693543     0.317681     0.634069
   0.0694512     0.315966     0.633964
   0.0695661     0.314257     0.633859
    0.101955     0.279088     0.636841
     0.10207       0.2774      0.63669
    0.311422    0.0375769     0.624913
    0.313117     0.036604     0.624781
    0.314697     0.035671     0.624697
   0.0695319     0.312614      0.63373
     0.06966     0.311866     0.633699
    0.101931     0.275676      0.63649
    0.102049     0.274977     0.636438
    0.305614    0.0408869     0.625383
     0.30719    0.0399642     0.625253
    0.308744    0.0390127     0.625112
   0.0695841     0.310211     0.633563
   0.0697641     0.308518     0.633474
    0.101902     0.273246     0.636234
    0.102005     0.271556     0.636078
    0.304517    0.0414182     0.625445
   0.0696411     0.307807       0.6334
   0.0698244     0.306116     0.633312
    0.101859     0.269834     0.635876
    0.101986     0.268138     0.635723
   0.0644247     0.317006     0.588475
   0.0699001     0.302756     0.633073
    0.101858     0.267423     0.635628
    0.102018     0.264744     0.635375
   0.0698321     0.301099     0.632931
   0.0699481     0.300348     0.632897
    0.101915     0.264043     0.635284
    0.102025       0.2633     0.635224
   0.0699348     0.298712     0.632765
   0.0700372     0.296989     0.632648
   0.0701648     0.295272     0.632536
    0.101957     0.261617     0.635035
    0.101999     0.259887     0.634859
   0.0648228     0.307106     0.588001
   0.0702808     0.292883      0.63237
    0.101884     0.256431     0.634473
    0.101856     0.255702     0.634391
   0.0649737     0.302819     0.587749
   0.0651691     0.301127     0.587662
     0.10177     0.253973     0.634192
    0.101701     0.252231     0.633993
   0.0650495     0.300426     0.587582
   0.0652438     0.298737     0.587484
    0.101659     0.251517     0.633909
    0.101601     0.249779      0.63371
   0.0651366     0.298039     0.587408
   0.0705814     0.283767     0.631673
    0.101515     0.248045     0.633506
    0.101494     0.247331     0.633424
   0.0652056      0.29661      0.58731
   0.0654502     0.292061     0.587087
    0.101405     0.245587     0.633217
    0.101327     0.243849     0.633013
   0.0707361      0.27799     0.631212
   0.0709317     0.275291     0.631017
    0.101247     0.242108     0.632807
    0.101247      0.24138     0.632727
    0.212053     0.146125     0.414661
   0.0656021     0.287173     0.586893
   0.0657989     0.285478     0.586826
    0.101176     0.239661     0.632525
    0.101209     0.237928     0.632337
    0.206261     0.149785     0.413611
    0.207838     0.148788     0.413809
    0.210111      0.14728     0.414209
    0.211693     0.146275     0.414569
   0.0656814     0.284781     0.586745
   0.0659177     0.282131     0.586543
    0.101148      0.23822      0.63236
    0.101146     0.234479      0.63194
    0.202752      0.15185     0.413305
    0.204323     0.150878     0.413421
    0.205913     0.149918     0.413562
   0.0657656     0.282397     0.586544
   0.0659504     0.280699     0.586408
    0.101038     0.233755     0.631841
    0.101064     0.232025     0.631651
    0.196911     0.155464     0.412441
    0.198473     0.154412     0.412768
    0.200044     0.153387     0.413016
    0.065901     0.279053     0.586245
   0.0659767     0.279266     0.586271
    0.100948     0.231297      0.63155
    0.100996     0.229567     0.631364
    0.191052     0.159048     0.411382
    0.192639     0.158071     0.411573
    0.194217     0.157068     0.411841
   0.0661283     0.274926     0.586069
   0.0663218     0.272252     0.586025
    0.100859     0.227838     0.631146
    0.100981     0.226123     0.630972
    0.218629    0.0906007     0.627449
     0.22023    0.0896412     0.627458
    0.188364     0.160612     0.411089
    0.190702     0.159182     0.411334
   0.0662892     0.270593     0.585947
   0.0664762     0.268882     0.585869
    0.100859     0.225406      0.63087
    0.101033       0.2237     0.630703
    0.214285    0.0930643     0.627347
    0.215885    0.0920999     0.627382
    0.216757    0.0915951     0.627403
   0.0663672     0.268186     0.585785
   0.0665301     0.267449     0.585751
     0.10091     0.222979       0.6306
    0.101089     0.221281     0.630434
    0.208379    0.0965682     0.627166
    0.210703    0.0951236     0.627231
     0.21229    0.0941333     0.627272
   0.0664545     0.265792     0.585587
   0.0666108     0.265052     0.585549
    0.100986     0.219567     0.630219
      0.1011     0.217854     0.630039
    0.203174    0.0995651     0.627016
    0.204789    0.0986108     0.627053
    0.206389    0.0976417     0.627091
   0.0665183     0.264363     0.585468
   0.0667324     0.261687     0.585297
    0.100971      0.21611     0.629814
    0.101048     0.215403     0.629743
    0.197226     0.103085     0.626952
    0.198825     0.102123     0.626955
     0.20045     0.101093     0.626956
    0.202062     0.100135      0.62698
   0.0668978     0.257331     0.584955
     0.06696     0.257551     0.584982
    0.100918     0.213642     0.629514
    0.100919     0.211917     0.629309
    0.193649     0.105118     0.626924
    0.194484     0.104589     0.626919
    0.196104     0.103652      0.62693
   0.0668867     0.256871     0.584899
   0.0670779     0.255155     0.584754
    0.100816     0.211168     0.629204
    0.100798     0.209442     0.628997
    0.186974     0.109021     0.626875
    0.188557     0.108033     0.626877
    0.189389     0.107492     0.626869
   0.0670087     0.253494      0.58457
   0.0671744     0.252754     0.584525
    0.100688     0.207699     0.628774
    0.100692     0.206964     0.628689
    0.181001     0.112428     0.626795
    0.182615     0.111477     0.626813
    0.184986     0.110085     0.626838
   0.0670528      0.25206     0.584431
   0.0673293     0.249368     0.584281
    0.100593     0.203484     0.628263
   0.0671626     0.283214     0.362428
    0.175034     0.115954     0.626631
    0.176647     0.114989     0.626687
    0.179769     0.113065     0.626753
    0.180638      0.11256     0.626773
   0.0673341     0.247754     0.584168
   0.0675679     0.246034     0.584086
    0.067723     0.245183     0.584051
    0.100431     0.200995      0.62794
    0.171443     0.118019     0.626469
    0.173045     0.117041     0.626535
    0.173904     0.116525     0.626571
   0.0676711     0.244569     0.583993
   0.0680768     0.242829     0.583903
    0.165533     0.121571     0.626189
    0.167859     0.120103     0.626293
    0.168698     0.119553     0.626325
   0.0690204      0.23894     0.583638
   0.0696371     0.237247     0.583556
   0.0705524     0.234742     0.583419
    0.159564     0.125053      0.62588
    0.161179     0.124086     0.625959
    0.163549     0.122664     0.626076
   0.0565514     0.269639     0.465055
    0.057245     0.268027     0.464837
   0.0579648     0.266415     0.464647
    0.154389     0.128137     0.625626
    0.154491     0.128067     0.625631
    0.157577     0.126148     0.625769
     0.15996      0.12474     0.625889
   0.0586998     0.264432     0.464424
   0.0593933     0.262792     0.464275
   0.0600851      0.26115     0.464129
    0.149272     0.131101     0.625376
    0.151644     0.129681      0.62548
    0.153264     0.128719     0.625558
   0.0614466     0.257596     0.463793
   0.0618466     0.256742     0.463739
   0.0625446     0.255098     0.463631
    0.147248     0.132206     0.625282
   0.0629235     0.253962     0.463542
   0.0635666     0.252288     0.463416
   0.0642528     0.250642     0.463278
   0.0649027     0.248981     0.463108
    0.138107     0.137687     0.624933
    0.140495     0.136277     0.625039
   0.0649739     0.248641     0.463061
   0.0656783     0.247006     0.462901
   0.0660861     0.246162     0.462827
    0.137747     0.137819     0.624905
   0.0674926     0.242603     0.462544
   0.0681922     0.240953     0.462444
   0.0688937     0.239306     0.462345
      0.1286     0.143314     0.624506
    0.129429     0.142776     0.624535
   0.0699701     0.236519     0.462133
   0.0707202     0.234899     0.462016
   0.0714586     0.233278     0.461892
    0.125005     0.145391     0.624327
    0.125841      0.14485     0.624358
   0.0927312     0.179988     0.624193
   0.0934739     0.178327     0.624105
   0.0941994     0.176662     0.624011
   0.0787648     0.241874     0.337658
   0.0801924     0.241153     0.337166
   0.0953108     0.173816     0.623826
   0.0960481     0.172152      0.62373
   0.0967481     0.170476     0.623625
   0.0745348     0.243971     0.339296
   0.0759627     0.243227     0.338813
   0.0770185     0.242673     0.338272
   0.0784437     0.241966     0.337743
   0.0682991      0.24148     0.395057
    0.068938     0.239824     0.394896
   0.0985102     0.165912     0.623315
   0.0699964     0.237292     0.394611
   0.0692937     0.246659     0.341315
   0.0710362     0.245715     0.340571
   0.0724598     0.244929     0.340098
    0.074219      0.24406     0.339375
   0.0708246     0.235554     0.394453
    0.071756     0.234043     0.394408
   0.0690959     0.246746     0.341378