   0.0178813     0.682953     0.902095
   0.0171216     0.682962     0.902095
   0.0141345        0.683     0.902095
   0.0141206     0.682996     0.902092
   0.0111188     0.683046     0.902089
   0.0111053     0.683038     0.902087
  0.00886373     0.683073     0.902087
  0.00810737      0.68308     0.902085
   0.0445736     0.691104     0.808537
   0.0430687     0.691125     0.808446
   0.0408404     0.691131     0.808294
   0.0400487     0.691105     0.808278
   0.0385096     0.691005     0.808273
   0.0369591     0.690825     0.808331
   0.0346669     0.690465     0.808485
   0.0346242     0.690461     0.808482
   0.0315978      0.68989     0.808697
   0.0300783     0.689578     0.808797
   0.0300447     0.689585     0.808793
   0.0277826      0.68908      0.80895
   0.0420711     0.683179     0.901881
   0.0405616     0.683181     0.901889
   0.0397937      0.68318     0.901896
   0.0375405     0.683161     0.901916
   0.0360295     0.683141     0.901932
   0.0352607     0.683128     0.901943
   0.0330079     0.683088     0.901964
   0.0307556     0.683047     0.901984
   0.0307307     0.683045     0.901988
   0.0284803      0.68301     0.902005
   0.0269724     0.682988     0.902018
   0.0254644     0.682967     0.902033
   0.0239566      0.68295     0.902049
   0.0231916     0.682943     0.902058
   0.0209435     0.682933     0.902079
   0.0194388     0.682936      0.90209
   0.0268814     0.688855      0.80902
   0.0246164     0.688375     0.809199
   0.0230945      0.68808     0.809306
   0.0215731     0.687804     0.809399
   0.0200488     0.687536     0.809498
   0.0177836     0.687131     0.809672
   0.0162599     0.686843     0.809788
   0.0147424     0.686529     0.809885
   0.0610254     0.682943     0.901849
   0.0595121      0.68296     0.901848
   0.0579796     0.682978     0.901848
   0.0564663     0.682996     0.901851
   0.0549528     0.683016     0.901857
   0.0526955     0.683051      0.90187
   0.0526717     0.683042      0.90187
   0.0504172      0.68308      0.90188
   0.0481642     0.683114      0.90188
   0.0481413     0.683113     0.901882
   0.0458889     0.683141     0.901878
   0.0436367     0.683165     0.901877
    0.013112     0.686152     0.809965
   0.0116046      0.68581     0.810011
   0.0108465     0.685648     0.810026
  0.00935641     0.685316     0.810014
  0.00711142     0.684811     0.810016
  0.00636252     0.684636      0.81003
   0.0868485     0.683157     0.901899
   0.0838403     0.683172     0.901869
   0.0823233     0.683167     0.901858
   0.0808054     0.683155     0.901851
   0.0800319     0.683146     0.901849
   0.0777675     0.683119     0.901844
   0.0762487     0.683098     0.901843
     0.07473     0.683075     0.901842
   0.0732115      0.68305     0.901842
   0.0716934     0.683023     0.901843
    0.111249     0.690941     0.808792
    0.068659     0.682975     0.901843
   0.0671423     0.682956     0.901844
   0.0656257     0.682942     0.901846
   0.0633645     0.682929     0.901851
   0.0625944     0.682932      0.90185
 -0.00286483     0.682655     0.827357
 -0.00288049     0.682525      0.82332
 -0.00290206      0.68207     0.818773
    0.102124     0.682911     0.902062
    0.102095     0.682919     0.902061
   0.0998272     0.682954      0.90204
   0.0990534     0.682964     0.902033
   0.0967868     0.682999      0.90201
   0.0952674     0.683019     0.901994
   0.0930021     0.683053     0.901969
     0.09223     0.683059     0.901962
   0.0899658     0.683095     0.901937
   0.0891943     0.683106     0.901928
   0.0869311     0.683141     0.901902
 -0.00291195      0.68179     0.817954
 -0.00295037     0.680719     0.814822
    0.128918     0.683118     0.902059
    0.126635     0.683119     0.902069
    0.124332      0.68311     0.902083
    0.122799     0.683099      0.90209
    0.122762     0.683098     0.902088
    0.119735     0.683063     0.902101
    0.118951     0.683052     0.902101
    0.116673     0.683017     0.902102
    0.115143     0.682991     0.902103
    0.113612     0.682965     0.902105
     0.11283     0.682952     0.902107
    0.110553     0.682919     0.902107
    0.109773     0.682909     0.902106
    0.107499     0.682888     0.902099
    0.105974     0.682881     0.902091
    0.105198     0.682884     0.902086
 -0.00267907     0.675938     0.899965
 -0.00296156     0.679123     0.812802
 -0.00294116     0.679133     0.813004
    0.147413     0.682902     0.901979
    0.145875      0.68292     0.901985
    0.144337     0.682937      0.90199
    0.142799     0.682952     0.901996
    0.139765     0.682994     0.902008
    0.139724     0.682987     0.902012
     0.13669     0.683035     0.902029
     0.13665     0.683026     0.902032
    0.134365     0.683057     0.902044
    0.133578     0.683065     0.902048
    0.132043     0.683084     0.902053
     0.12976     0.683103      0.90206
  -0.0029295     0.644945     0.907418
 -0.00294328     0.675602      0.81174
    0.173705     0.683144     0.901804
    0.171388     0.683153     0.901811
    0.169091     0.683144     0.901822
    0.168296     0.683137     0.901824
     0.16675     0.683119     0.901831
    0.164454     0.683087     0.901842
    0.162908     0.683064     0.901852
    0.161362      0.68304     0.901864
    0.159817     0.683016     0.901877
    0.158272      0.68299     0.901891
    0.156727     0.682965     0.901905
    0.155182     0.682941      0.90192
    0.153638      0.68292     0.901936
    0.152095     0.682904      0.90195
    0.150553     0.682893     0.901962
    0.149012     0.682891     0.901972
 -0.00245305     0.669832     0.902061
 -0.00299079     0.671951     0.812113
    0.190765     0.682883     0.901905
    0.188466     0.682912     0.901886
    0.186167     0.682948     0.901866
    0.186126     0.682946     0.901866
    0.183829     0.682981     0.901846
    0.181533     0.683017     0.901827
    0.180739     0.683024     0.901823
    0.179195     0.683047     0.901817
     0.17765     0.683071     0.901813
    0.176104     0.683096      0.90181
    0.173806     0.683128      0.90181
 -0.00210915     0.676345     0.900922
 -0.00295361     0.676522     0.812526
    0.215662     0.683097      0.90202
     0.21486     0.683105     0.902015
    0.212553     0.683102     0.902005
    0.210998     0.683091     0.901997
    0.210196     0.683083     0.901993
    0.207891     0.683052     0.901979
    0.205585     0.683015     0.901967
    0.204784        0.683     0.901963
    0.202479     0.682963     0.901949
    0.202431      0.68296      0.90195
    0.199376     0.682919     0.901932
    0.198576     0.682909      0.90193
    0.196272     0.682883     0.901926
    0.196223     0.682883     0.901926
    0.193168     0.682864     0.901921
    0.191619     0.682868     0.901913
 -0.00216623     0.674774     0.901222
 -0.00287789     0.681879     0.812197
    0.232856      0.68286     0.902127
    0.232805     0.682866     0.902123
    0.229736     0.682909     0.902105
    0.229687     0.682905     0.902105
    0.227373     0.682937      0.90209
    0.225814     0.682957     0.902082
    0.223502     0.682991     0.902073
    0.221945     0.683011     0.902067
    0.221142     0.683021     0.902063
    0.220339     0.683035     0.902058
    0.218032      0.68307     0.902038
  -0.0022187     0.673609     0.901431
 -0.00296605     0.675487     0.812524
    0.260306     0.683077     0.901954
     0.25873     0.683077     0.901977
    0.256403     0.683062     0.902001
    0.254076     0.683036     0.902019
    0.254012     0.683034     0.902022
    0.251686     0.683003      0.90204
    0.249361     0.682971     0.902056
      0.2493     0.682968     0.902057
    0.246977     0.682935      0.90207
    0.245408     0.682911      0.90208
    0.243839     0.682888     0.902089
     0.24227     0.682865     0.902097
    0.240703     0.682844     0.902103
    0.239137     0.682829     0.902112
    0.236797     0.682818     0.902127
    0.235988     0.682825     0.902128
 -0.00226577     0.672785     0.901566
 -0.00297712     0.674744     0.812575
    0.280781      0.68283     0.901862
    0.277685     0.682861     0.901874
    0.276106     0.682882     0.901889
    0.274528     0.682901     0.901908
    0.272951     0.682919     0.901923
    0.271377     0.682939     0.901928
    0.270561     0.682945     0.901928
    0.268237     0.682982     0.901906
    0.266667     0.683003     0.901896
    0.265095     0.683024     0.901897
    0.263519     0.683045     0.901909
    0.261943     0.683064     0.901929
 -0.00230951     0.672132     0.901664
 -0.00291192     0.679884     0.812316
      0.3069     0.683061     0.901848
    0.304562     0.683071     0.901826
    0.302982      0.68307     0.901816
    0.301401      0.68306     0.901811
    0.299819     0.683045      0.90181
    0.298238     0.683024     0.901811
    0.296656     0.682999     0.901811
    0.295076     0.682973     0.901811
    0.292739     0.682938     0.901811
    0.291159     0.682915     0.901814
    0.289579     0.682893     0.901821
    0.287997     0.682871     0.901832
    0.286415      0.68285     0.901844
    0.284814     0.682832     0.901857
    0.283236     0.682821     0.901864
     0.28166      0.68282     0.901866
 -0.00235248     0.671499     0.901757
 -0.00293447     0.678646      0.81246
     0.32437     0.682834     0.902006
    0.322026     0.682855     0.901983
    0.320441     0.682872     0.901968
    0.319618     0.682879     0.901959
    0.317275     0.682909     0.901931
    0.315694      0.68293     0.901915
    0.314871     0.682937     0.901909
    0.312528     0.682975     0.901893
    0.310945     0.682998     0.901885
    0.310122      0.68301      0.90188
    0.307783     0.683042     0.901859
 -0.00239598     0.670829     0.901859
 -0.00295612     0.677449     0.812591
     0.35142     0.683052     0.902049
    0.349823     0.683056     0.902054
    0.348226     0.683051      0.90206
    0.345109     0.683019     0.902074
    0.345032     0.683017     0.902073
    0.343436     0.682992     0.902079
    0.341082     0.682952     0.902086
    0.338729     0.682908     0.902091
    0.337895      0.68289     0.902091
    0.337062     0.682873     0.902091
    0.333954     0.682825     0.902082
    0.333123     0.682814     0.902079
    0.331535     0.682801     0.902072
    0.328429     0.682795     0.902048
    0.327603     0.682801      0.90204
    0.326017     0.682813     0.902024
 -0.00244121     0.670069     0.901981
 -0.00289946     0.682082     0.812444
     0.37071     0.682787     0.902014
     0.37063     0.682796     0.902015
    0.367503      0.68283     0.902019
      0.3659     0.682852     0.902024
    0.365061      0.68286     0.902027
    0.361937     0.682913     0.902024
      0.3611      0.68292     0.902025
    0.360263     0.682927     0.902026
    0.357137     0.682973     0.902037
      0.3563     0.682983     0.902038
    0.353938     0.683014     0.902048
    0.353103     0.683032     0.902046
 -0.00248566     0.669351     0.902093
 -0.00290986     0.681526     0.812454
    0.398809     0.683012     0.901818
    0.397199     0.683022     0.901819
    0.395589     0.683023      0.90182
    0.393978     0.683018     0.901823
     0.39084     0.682991     0.901851
     0.39075     0.682988     0.901853
    0.387615     0.682944     0.901889
    0.387526      0.68294     0.901893
    0.384396      0.68289     0.901912
    0.383547     0.682875     0.901921
    0.381937     0.682849     0.901935
    0.381088     0.682835     0.901945
    0.378717     0.682803     0.901972
    0.377108     0.682786     0.901991
    0.373979     0.682767     0.902012
    0.373896     0.682771     0.902014
 -0.00252096     0.669067     0.902113
 -0.00298892     0.675477     0.812668
    0.417391     0.682788     0.901869
    0.415013     0.682816     0.901851
    0.414165     0.682828     0.901845
    0.411788     0.682863      0.90183
    0.410175     0.682884     0.901822
     0.40933     0.682891     0.901818
    0.406953     0.682924     0.901804
    0.405344     0.682941     0.901798
    0.403733     0.682957     0.901798
    0.402119     0.682973     0.901805
     0.40127     0.682987     0.901806
 -0.00254178     0.669425     0.901999
 -0.00299677     0.674979     0.812666
    0.444861     0.682991      0.90201
    0.443242     0.682994     0.901993
    0.440857     0.682987     0.901973
    0.440002     0.682982     0.901969
    0.438382     0.682968     0.901963
    0.435233     0.682931     0.901952
    0.435143     0.682927     0.901952
    0.432761     0.682893     0.901939
    0.431144      0.68287      0.90193
    0.428763     0.682838     0.901916
     0.42791     0.682826     0.901913
    0.426294     0.682806     0.901905
    0.423913      0.68278     0.901897
    0.422297     0.682768     0.901893
    0.420681     0.682764     0.901888
    0.419066     0.682769     0.901881
 -0.00255888     0.669853     0.901872
 -0.00300925     0.674246     0.812709
    0.465189     0.682732     0.902117
    0.463559     0.682753     0.902117
    0.461931     0.682771     0.902115
    0.460303     0.682789     0.902111
    0.458677     0.682807     0.902102
    0.457053     0.682829      0.90209
    0.456199     0.682836     0.902083
    0.453805     0.682879     0.902065
    0.451412     0.682918     0.902056
    0.450554     0.682929     0.902055
    0.448931     0.682952     0.902048
    0.446543     0.682976     0.902029
 -0.00259169     0.669411     0.901934
 -0.00302378     0.673409      0.81277
    0.492892     0.682964     0.901941
    0.489717     0.682961     0.901965
    0.488076     0.682954     0.901978
    0.487202     0.682948     0.901988
    0.485561     0.682932     0.902003
    0.483155     0.682901     0.902028
     0.48075     0.682863     0.902048
    0.479113     0.682835     0.902053
    0.478246     0.682818     0.902054
    0.475846     0.682782     0.902054
    0.474213     0.682761     0.902061
     0.47181     0.682733     0.902083
    0.471709     0.682733      0.90208
    0.469308     0.682717     0.902102
    0.466885     0.682716     0.902116
 -0.00263768     0.668299     0.902139
 -0.00303703     0.672634     0.812819
    0.512674      0.68275     0.901885
    0.510257     0.682772     0.901894
    0.508612     0.682789     0.901897
    0.508509     0.682786     0.901898
    0.506096     0.682813     0.901899
    0.505225     0.682818       0.9019
    0.502043     0.682869     0.901897
    0.500401     0.682888       0.9019
    0.498759     0.682905     0.901905
    0.497116      0.68292     0.901912
    0.495474     0.682935     0.901921
    0.493831     0.682952     0.901932
 -0.00268246     0.667269     0.902326
 -0.00305065     0.671841      0.81287
    0.541438     0.682972     0.901866
    0.538247     0.682973     0.901847
     0.53737     0.682968     0.901842
    0.536492     0.682963     0.901837
    0.534844     0.682946     0.901829
    0.533197     0.682925     0.901821
    0.530779     0.682892     0.901814
    0.528363     0.682856     0.901813
    0.526715     0.682829     0.901816
    0.525835     0.682813     0.901819
    0.524187     0.682789     0.901824
    0.522539     0.682767      0.90183
    0.519352     0.682737     0.901848
    0.519243     0.682737     0.901846
    0.516803     0.682729     0.901862
    0.514384     0.682732     0.901879
 -0.00272682     0.666285     0.902503
 -0.00307018     0.670745     0.812976
    0.562872     0.682681     0.902055
    0.559669     0.682715     0.902031
    0.558788     0.682733     0.902022
    0.556361      0.68277     0.901999
    0.554708     0.682793     0.901984
    0.554604     0.682786     0.901986
    0.552178     0.682819     0.901966
    0.548979      0.68287     0.901933
    0.548877     0.682864     0.901934
    0.546454     0.682903     0.901907
    0.544032     0.682936     0.901885
    0.543154     0.682952     0.901878
 -0.00277613     0.665082     0.902725
 -0.00319387     0.645876     0.813451
    0.590206     0.682929     0.902054
    0.587765     0.682923     0.902056
    0.585305     0.682909     0.902063
    0.582866      0.68289     0.902068
    0.581975     0.682881     0.902068
    0.579536     0.682852     0.902078
    0.579416     0.682849     0.902077
    0.576977     0.682811     0.902093
    0.574542     0.682773     0.902101
    0.572109     0.682739     0.902099
     0.57045     0.682718     0.902094
    0.570335     0.682715     0.902094
    0.567905      0.68269     0.902084
    0.565476     0.682673     0.902072
    0.563819     0.682672     0.902062
    0.562163     0.682682     0.902051
  -0.0028252     0.663937     0.902934
 -0.00319936     0.632816     0.813389
    0.610349     0.682688     0.901968
    0.608672     0.682703     0.901977
     0.60777     0.682711     0.901985
    0.605319     0.682735     0.901998
    0.602868     0.682769     0.902009
    0.601194     0.682794     0.902017
    0.601073     0.682786     0.902023
    0.598626     0.682827     0.902029
    0.596178     0.682863     0.902036
    0.594507     0.682883     0.902043
     0.59361     0.682897     0.902046
    0.590389     0.682918     0.902058
  -0.0031448     0.657071     0.903886
 -0.00319493      0.63243     0.813321
    0.639642     0.682931     0.901781
    0.637963      0.68294     0.901778
    0.635506     0.682933     0.901787
      0.6338     0.682916     0.901802
    0.632892     0.682905     0.901809
    0.631208     0.682881     0.901825
    0.628752     0.682843     0.901845
    0.627073     0.682816     0.901853
    0.626168       0.6828     0.901857
    0.623715     0.682761     0.901869
    0.622036     0.682735      0.90188
    0.619581     0.682702       0.9019
    0.617901     0.682685     0.901916
    0.615448      0.68267     0.901936
    0.614543      0.68267     0.901944
     0.61364     0.682673     0.901951
 -0.00319608     0.655675     0.904135
  -0.0031919     0.631975     0.813267
     0.65977     0.682671     0.901921
    0.658084     0.682692     0.901914
    0.656398     0.682711     0.901906
    0.654714      0.68273     0.901897
     0.65225     0.682763     0.901881
    0.650568     0.682783     0.901871
    0.649666      0.68279     0.901867
    0.647984     0.682811     0.901855
    0.646305     0.682833     0.901841
    0.643846     0.682869     0.901815
    0.642168     0.682896     0.901798
 -0.00326281     0.653609     0.904524
 -0.00318156     0.635871     0.813192
    0.689981     0.682894     0.902042
    0.687508     0.682897     0.902031
    0.685814     0.682892     0.902024
    0.683342     0.682872     0.902017
    0.681649     0.682852     0.902016
    0.679178     0.682817     0.902019
    0.677485     0.682789     0.902018
    0.677347     0.682784      0.90202
    0.674885     0.682744     0.902005
    0.671645     0.682694     0.901982
    0.670734      0.68268     0.901978
    0.669047     0.682659      0.90197
    0.667361     0.682645      0.90196
    0.665675     0.682637      0.90195
    0.663211     0.682638     0.901936
    0.662302     0.682646     0.901931
 -0.00379783     0.636934     0.905513
 -0.00316469     0.632116     0.812955
    0.710464     0.682633     0.902097
    0.708759     0.682654     0.902092
    0.707841     0.682667     0.902087
    0.706141     0.682687     0.902077
    0.703658     0.682719     0.902068
    0.701939     0.682738     0.902064
     0.70024     0.682756     0.902059
    0.697757     0.682788     0.902055
    0.696057     0.682808     0.902057
    0.694357     0.682831     0.902058
    0.693441     0.682846     0.902056
    0.690182     0.682883     0.902046
 -0.00380829     0.636495     0.905462
 -0.00315105     0.632146     0.812798
    0.741843     0.682898     0.901806
    0.739348       0.6829     0.901811
    0.738415     0.682898     0.901815
    0.735917     0.682876     0.901833
    0.734202     0.682858     0.901849
    0.732487     0.682839     0.901866
    0.729216     0.682799     0.901898
    0.728278     0.682783     0.901915
    0.727339     0.682767     0.901932
    0.724844     0.682725     0.901973
    0.722352     0.682684     0.902009
    0.720639     0.682659      0.90203
    0.718929     0.682638     0.902047
     0.71644     0.682619     0.902069
     0.71473     0.682614     0.902083
    0.713022     0.682616     0.902092
 -0.00382596     0.635694     0.905484
 -0.00315598     0.635082      0.81288
    0.761601     0.682638     0.901815
    0.759883     0.682658     0.901807
    0.758165     0.682678     0.901804
    0.757235     0.682685     0.901802
     0.75473     0.682718     0.901802
    0.753014      0.68274     0.901802
    0.751297     0.682764     0.901802
    0.747986     0.682818     0.901808
    0.747844     0.682816     0.901805
    0.746128     0.682843     0.901805
     0.74441     0.682872     0.901805
 -0.00373142     0.639301     0.905349
  -0.0031611     0.634114     0.812906
     0.79232     0.682837     0.901965
    0.789811     0.682843     0.901947
    0.788088     0.682841     0.901934
    0.786366     0.682834     0.901922
    0.783861     0.682814     0.901907
    0.782141     0.682793     0.901899
    0.779638     0.682758     0.901886
    0.778701     0.682741     0.901883
    0.776982     0.682714     0.901874
    0.775263     0.682688     0.901865
    0.773545     0.682665     0.901857
    0.771044     0.682637     0.901851
    0.769323     0.682623      0.90185
     0.76682     0.682609     0.901845
    0.765885      0.68261      0.90184
    0.764953     0.682614     0.901835
 -0.00361357     0.645227     0.904917
 -0.00317036     0.632972     0.812972
    0.815501      0.68257     0.902097
    0.812974     0.682584     0.902109
    0.812025     0.682591     0.902111
    0.807929      0.68264     0.902089
    0.806991     0.682652     0.902079
    0.806054     0.682661     0.902071
    0.804327     0.682684     0.902054
     0.80181     0.682721     0.902032
    0.800083     0.682741     0.902018
    0.797567     0.682772     0.902001
     0.79584     0.682794      0.90199
    0.794114     0.682816     0.901979
 -0.00388545     0.632913     0.905707
  -0.0031778     0.631962     0.813023
    0.845829     0.682824     0.901913
    0.843297     0.682836     0.901913
    0.842337     0.682838     0.901917
    0.839803     0.682826     0.901936
    0.838055     0.682812     0.901956
    0.834736     0.682775     0.901993
    0.833775     0.682759     0.902005
    0.832029     0.682731     0.902025
    0.829499      0.68269     0.902048
    0.827757     0.682662      0.90206
    0.825229     0.682624     0.902078
    0.825062     0.682621     0.902074
    0.823323       0.6826     0.902082
    0.820799     0.682577      0.90209
     0.81985     0.682572     0.902088
    0.815732     0.682559     0.902101
 -0.00389942     0.632273     0.905736
 -0.00317857     0.635099     0.813077
    0.867539     0.682569     0.901831
    0.864199       0.6826     0.901848
    0.863236     0.682612     0.901852
    0.860692     0.682641     0.901864
    0.859733     0.682648     0.901868
    0.857192     0.682682     0.901867
    0.855442     0.682704      0.90187
    0.854483     0.682713     0.901874
    0.851147     0.682757     0.901897
    0.849395     0.682776     0.901909
    0.846857     0.682804     0.901914
 -0.00391413     0.631598      0.90577
 -0.00317915     0.634408     0.813066
    0.885109     0.682517     0.901668
    0.884245     0.682544     0.901734
    0.882468     0.682618     0.901795
    0.880704     0.682622     0.901801
    0.878158     0.682599     0.901797
    0.876404     0.682581     0.901798
     0.87386     0.682561     0.901808
    0.873684     0.682561     0.901805
    0.870327     0.682548     0.901826
    0.867781     0.682554     0.901838
 -0.00382475     0.636162     0.905517
 -0.00317992     0.633676     0.813055
    0.889151     0.681858     0.899467
    0.889488     0.682432      0.89748
 -0.00384669      0.63536      0.90559
 -0.00318086     0.632921     0.813045
    0.888026      0.68533     0.899428
    0.889957     0.682101     0.898649
 -0.00382561     0.639211     0.905745
 -0.00318147     0.632193     0.813033
    0.891178     0.672615     0.902169
 -0.00406128     0.624518     0.906027
 -0.00318164     0.631511     0.813017
    0.891478     0.673746      0.90053
 -0.00407319     0.623916     0.905994
 -0.00318682     0.626947      0.81296
    0.889354     0.672641     0.903309
 -0.00399333     0.629557     0.906314
 -0.00318955      0.62619     0.812966
    0.889149      0.67189     0.903576
 -0.00409996     0.622563      0.90595
 -0.00318523     0.629395        0.813
    0.892688     0.670502     0.898726
 -0.00397368     0.631358     0.905676
 -0.00319374     0.624716     0.812964
    0.893278     0.668328     0.897951
 -0.00401796     0.627087     0.905549
 -0.00319532     0.623966     0.812958
    0.893474     0.667549     0.897697
 -0.00398714     0.631258     0.905514
 -0.00320256       0.6195      0.81287
    0.894037     0.665325      0.89696
 -0.00423765      0.61546     0.906221
 -0.00320402     0.618769     0.812857
    0.893865     0.665998     0.897186
 -0.00425132     0.614749      0.90624
  -0.0032051     0.618075      0.81284
    0.894061      0.66522     0.896928
 -0.00426515     0.614029     0.906255
 -0.00320593     0.617403     0.812822
    0.894613     0.663008     0.896192
  -0.0042022     0.617391     0.906188
 -0.00320766     0.616741     0.812814
    0.894806     0.662231     0.895934
 -0.00429052     0.612706      0.90627
 -0.00323621     0.611507     0.812891
    0.895358      0.66001     0.895194
  -0.0043054     0.611933     0.906303
 -0.00323993     0.610785     0.812899
    0.895192      0.66068     0.895417
 -0.00439425     0.607219     0.906386
 -0.00324436     0.610044     0.812916
    0.895744     0.658454     0.894677
 -0.00440711     0.606535     0.906387
 -0.00324893     0.609317     0.812935
    0.896661     0.654791      0.89344
 -0.00426694     0.614118     0.906204
 -0.00325356      0.60861     0.812955
    0.896855     0.654014     0.893174
 -0.00425476     0.614737     0.905941
 -0.00325824     0.607914     0.812977
    0.885334     0.648817     0.909065
 -0.00423362     0.615811     0.905595
 -0.00311852     0.627991     0.812191
    0.885517     0.650007      0.90881
 -0.00422239     0.616382     0.905374
 -0.00331367     0.601094     0.813261
     0.88508     0.647213      0.90941
 -0.00423109     0.615942     0.905373
 -0.00331902     0.600386     0.813289
    0.884952     0.646411     0.909582
 -0.00436172     0.608943     0.905969
 -0.00336888      0.59435      0.81353
    0.884509      0.64363     0.910183
 -0.00438991     0.607499     0.906173
 -0.00332986     0.598953     0.813344
    0.884372     0.642807      0.91036
 -0.00432382     0.611244     0.906066
 -0.00338179     0.592806     0.813606
    0.884238      0.64201     0.910532
  -0.0047102     0.590484     0.907207
 -0.00334108     0.597521     0.813404
    0.884105     0.641206     0.910706
 -0.00472665     0.589626     0.907281
 -0.00339962     0.591052     0.813731
    0.883649     0.638446     0.911305
 -0.00463124     0.594647     0.906904
  -0.0034065     0.590296     0.813774
    0.883191      0.63569     0.911904
 -0.00475891     0.587947     0.907446
  -0.0034118     0.589618     0.813803
    0.883059     0.634887     0.912078
 -0.00477166      0.58728     0.907496
 -0.00336874     0.594477     0.813579
    0.882597     0.632063     0.912693
   0.0284634     0.588984     0.827678
 -0.00342185     0.588258     0.813854
    0.882467     0.631257     0.912867
 -0.00489637     0.580727     0.907892
 -0.00342714     0.587543      0.81388
    0.882339     0.630449     0.913041
 -0.00471924     0.590056     0.907381
  -0.0034326     0.586805     0.813908
     0.88188     0.627685     0.913643
 -0.00473105     0.589428     0.907404
 -0.00343798     0.586055     0.813933
    0.881749     0.626877     0.913817
 -0.00473773     0.589062     0.907377
 -0.00344277      0.58533     0.813953
    0.881617     0.626067     0.913992
   0.0282022     0.585567     0.828325
 -0.00348335     0.579656     0.814112
    0.881485     0.625261     0.914166
 -0.00474737     0.588522     0.907296
 -0.00336766     0.594276     0.813616
     0.88102     0.622507     0.914766
 -0.00476433     0.587637     0.907389
  -0.0034946     0.578129     0.814173
    0.880889     0.621703     0.914941
 -0.00489069     0.581039     0.907901
 -0.00349965     0.577406     0.814198
    0.880427     0.618935     0.915545
 -0.00470114     0.591083     0.907249
 -0.00350447     0.576691     0.814221
    0.880297     0.618127      0.91572
  -0.0050222     0.574222     0.908356
 -0.00350936     0.575967     0.814244
    0.879834      0.61536     0.916326
 -0.00503241     0.573692     0.908376
 -0.00351411     0.575237     0.814266
    0.879702     0.614555     0.916501
 -0.00516842     0.566701     0.908975
 -0.00355233     0.569541     0.814422
     0.87957     0.613756     0.916676
 -0.00517797     0.566212     0.908989
 -0.00355371     0.568937     0.814412
    0.907253     0.612413     0.878474
 -0.00518776      0.56571     0.908992
 -0.00355454     0.568325     0.814395
     0.90744     0.611626      0.87821
 -0.00520027     0.565069     0.909008
 -0.00355502     0.567651     0.814372
    0.907961      0.60935     0.877463
 -0.00521409     0.564361     0.909027
 -0.00355536     0.566972     0.814346
    0.908132     0.608566     0.877214
 -0.00522697       0.5637     0.909035
 -0.00355579     0.566291     0.814322
    0.877916     0.603817     0.918839
 -0.00523675     0.563197     0.909017
 -0.00352833     0.573702      0.81438
    0.908466     0.607021     0.876711
 -0.00535128     0.557336     0.909349
 -0.00354416     0.569001     0.814322
    0.877322     0.600215     0.919618
 -0.00536827     0.556471     0.909433
 -0.00354629     0.568302     0.814313
    0.909022     0.603843       0.8759
 -0.00538119     0.555813     0.909477
 -0.00354925     0.567567     0.814313
    0.909386     0.600671     0.875388
 -0.00539362     0.555179      0.90951
 -0.00353787     0.570923     0.814348
    0.909481     0.599881     0.875252
 -0.00540712      0.55449     0.909546
 -0.00354222     0.570141      0.81436
    0.876479     0.594977     0.920754
 -0.00542115     0.553775     0.909579
 -0.00358773     0.553224     0.814183
    0.909668     0.598319     0.874979
 -0.00552649     0.548378     0.909791
 -0.00358936     0.552496     0.814179
    0.875909     0.591333     0.921548
 -0.00553793     0.547788     0.909788
 -0.00359094     0.551752     0.814173
    0.910071     0.592775     0.874449
 -0.00554934       0.5472     0.909781
 -0.00359252     0.550981     0.814167
    0.875349     0.587666     0.922351
 -0.00556193     0.546551     0.909781
 -0.00354082     0.536749     0.813468
    0.875227     0.586868     0.922526
 -0.00557536      0.54586      0.90979
 -0.00353619     0.536003     0.813436
    0.874791     0.583992     0.923156
 -0.00558814     0.545203     0.909799
 -0.00354716     0.538257     0.813605
    0.874669     0.583194     0.923332
 -0.00559954     0.544616     0.909805
 -0.00353899     0.533911     0.813486
    0.874548     0.582397     0.923508
 -0.00570975     0.538916     0.910095
 -0.00354853     0.536422     0.813621
    0.874115     0.579506     0.924139
 -0.00572168     0.538296     0.910116
   -0.003538     0.532062       0.8135
    0.873996     0.578709     0.924314
 -0.00573312     0.537701     0.910122
 -0.00354886     0.534663     0.813628
    0.873878     0.577911     0.924488
 -0.00574605     0.537027     0.910132
 -0.00354339     0.529918     0.813573
    0.873447     0.575007     0.925118
 -0.00576018     0.536292     0.910147
 -0.00355169     0.532841     0.813658
    0.873329      0.57421     0.925292
 -0.00577471     0.535536     0.910162
 -0.00355117     0.532055     0.813654
    0.872895     0.571307     0.925918
 -0.00585704     0.531207     0.910124
  -0.0035496     0.531322     0.813641
    0.872776      0.57051     0.926091
 -0.00587004     0.530522     0.910115
 -0.00354894     0.530552     0.813636
    0.872657     0.569713     0.926263
  -0.0058838     0.529799      0.91011
 -0.00356541     0.534555     0.813659
    0.910247     0.570198     0.874456
 -0.00589737     0.529085     0.910107
 -0.00356545     0.533898     0.813652
    0.910251     0.569399     0.874461
 -0.00590817     0.528515     0.910091
 -0.00354822     0.528398     0.813634
    0.872302     0.567355     0.926774
 -0.00591591     0.528104     0.910064
 -0.00356891     0.532417      0.81367
     0.91033     0.566306       0.8744
   -0.006034     0.521953     0.910445
 -0.00357781       0.5362     0.813679
    0.910422     0.561704     0.874363
 -0.00604096     0.521583      0.91041
 -0.00357098     0.540447     0.813603
    0.910348     0.562482     0.874451
 -0.00605067     0.521071     0.910384
 -0.00355953     0.540505     0.813477
    0.910364     0.561675     0.874446
 -0.00606296     0.520426      0.91037
  -0.0035576     0.535556     0.813449
      0.8708     0.556933     0.929029
 -0.00607501     0.519793     0.910355
 -0.00354811     0.535541     0.813347
    0.910564     0.554763     0.874251
 -0.00608488     0.519273     0.910339
 -0.00353739     0.535617     0.813235
    0.910503     0.557685     0.874314
 -0.00609449      0.51877     0.910332
 -0.00352319     0.535901      0.81309
    0.910489     0.554754     0.874351
 -0.00610572     0.518185     0.910349
 -0.00351141     0.536083     0.812968
    0.910501     0.553952     0.874337
 -0.00622709     0.511913     0.910751
 -0.00351388     0.535532     0.812982
 -0.00624082     0.511207     0.910799
 -0.00353458     0.534018     0.813168
    0.910617     0.550777     0.874184
 -0.00625412     0.510522     0.910842
 -0.00356478     0.531984     0.813444
    0.910627      0.54998      0.87417
 -0.00626832     0.509792     0.910888
  -0.0035941     0.529966     0.813711
 -0.00628289     0.509041     0.910931
 -0.00358152     0.508084     0.814175
     0.86805     0.539288     0.932887
 -0.00629595     0.508368     0.910956
 -0.00358158     0.507355     0.814189
    0.868252     0.540603       0.9326
 -0.00640989     0.502506     0.911262
 -0.00358162     0.506608     0.814203
    0.910673        0.541     0.874103
 -0.00642974     0.501494     0.911374
  -0.0035815     0.505852     0.814215
    0.867641     0.536935     0.933403
 -0.00644892     0.500517     0.911493
  -0.0035826     0.500603     0.814259
    0.867505     0.536153     0.933574
 -0.00646529     0.499683     0.911592
 -0.00358186     0.499841     0.814269
    0.910773     0.536981     0.873903
 -0.00647904     0.498983     0.911666
   -0.003582     0.499057     0.814287
    0.905679     0.531475       0.8809
 -0.00649302      0.49827     0.911738
 -0.00358225     0.498305     0.814305
    0.905571     0.530673     0.881043
 -0.00650875     0.497468     0.911819
 -0.00358244     0.497587     0.814323
    0.905461     0.529878     0.881184
 -0.00641719      0.50215     0.911555
 -0.00358296      0.49685     0.814343
    0.905351     0.529078     0.881327
   0.0211525     0.495522     0.845422
 -0.00358422     0.496043     0.814371
    0.905242     0.528271     0.881471
   0.0211022     0.494845      0.84555
 -0.00358892     0.490664     0.814437
    0.904812     0.525314     0.882028
   0.0210558     0.494259     0.845662
 -0.00358388     0.490063     0.814409
    0.904734     0.524507      0.88213
 -0.00669861     0.487784     0.912547
 -0.00357906     0.489396     0.814384
    0.904656     0.523698     0.882233
 -0.00671279     0.487063     0.912613
 -0.00357428     0.488704     0.814361
    0.904325     0.520646      0.88265
 -0.00672616     0.486382      0.91267
 -0.00356906     0.488024     0.814333
    0.904259     0.519839     0.882735
 -0.00673996      0.48568     0.912728
 -0.00356308     0.487341     0.814299
    0.904192     0.519031      0.88282
 -0.00675469     0.484931     0.912789
 -0.00355381     0.482517     0.814237
    0.904126     0.518224     0.882905
 -0.00677034     0.484134     0.912852
 -0.00354921     0.481828     0.814214
    0.903847     0.514234     0.883225
 -0.00678659     0.483307     0.912914
 -0.00354482     0.481139     0.814193
    0.903791     0.513428     0.883293
 -0.00689491     0.477771     0.913132
 -0.00354089     0.480422     0.814176
    0.903538     0.510297     0.883591
 -0.00690592     0.477207     0.913121
  -0.0033945     0.459553     0.813519
     0.90349     0.509482     0.883654
 -0.00691822     0.476576     0.913113
 -0.00352227     0.475051     0.814058
    0.903266     0.506293     0.883944
 -0.00693144     0.475899     0.913105
 -0.00339773     0.457938     0.813531
     0.90321     0.504494     0.884025
  -0.0069435      0.47528     0.913085
 -0.00339775     0.457235     0.813522
    0.903182     0.504672     0.884067
 -0.00695109     0.474889     0.913028
 -0.00342452     0.461373     0.813586
    0.903136     0.503874     0.884125
 -0.00707146     0.468721      0.91338
 -0.00341393      0.46116     0.813482
     0.90309     0.503075     0.884184
 -0.00708912     0.467816     0.913475
 -0.00340739     0.460701     0.813416
    0.903043     0.502277     0.884242
  -0.0070984     0.467337     0.913482
   -0.003406     0.459955     0.813399
    0.902833     0.498087     0.884493
 -0.00710809     0.466835     0.913473
  -0.0034054      0.45917     0.813389
    0.902783     0.497297     0.884546
  -0.0071216     0.466136     0.913478
 -0.00340294     0.458479     0.813362
    0.902732     0.496482       0.8846
 -0.00713697     0.465342      0.91348
 -0.00344213     0.461251     0.813557
    0.902683     0.495697     0.884653
 -0.00721201     0.461421     0.913303
 -0.00339943     0.456988     0.813321
    0.902635     0.494918     0.884706
 -0.00722696     0.460641     0.913294
 -0.00343814     0.459686     0.813525
    0.902435     0.491696     0.884984
 -0.00724235     0.459839     0.913306
  -0.0034024      0.45518     0.813342
    0.902396     0.490901     0.885039
 -0.00725624     0.459117     0.913322
 -0.00343434     0.458176     0.813495
    0.902242     0.486528     0.885275
 -0.00726757     0.458527     0.913334
 -0.00343187     0.457473     0.813475
    0.902205     0.485732     0.885326
 -0.00727795     0.457988     0.913352
 -0.00342922     0.456789     0.813453
     0.91063     0.484845     0.873712
 -0.00729245     0.457241     0.913417
 -0.00340247     0.452031     0.813328
    0.902133     0.484139     0.885429
 -0.00741953     0.450677     0.913857
 -0.00340054     0.451345     0.813306
     0.91061     0.481122     0.873761
 -0.00742904      0.45018     0.913855
 -0.00339799     0.450654     0.813278
    0.901921     0.480089      0.88575
 -0.00744078     0.449569     0.913865
 -0.00339393     0.449584     0.813253
    0.910694     0.477733     0.873681
 -0.00745418     0.448873     0.913882
 -0.00339297     0.448908      0.81324
    0.910702      0.47693     0.873681
 -0.00746761     0.448175     0.913899
 -0.00339198     0.448274     0.813227
    0.901718     0.475198     0.886091
 -0.00747883      0.44759     0.913902
 -0.00339044     0.447712     0.813209
    0.901677     0.473221     0.886176
 -0.00748811     0.447106     0.913898
 -0.00338976     0.447147     0.813199
    0.901511     0.469934     0.886453
  -0.0076149     0.440567     0.914323
 -0.00339259     0.446922     0.813208
    0.901477     0.469134     0.886512
 -0.00762475     0.440058     0.914327
  -0.0033966     0.445602     0.813258
    0.901444     0.468334      0.88657
 -0.00763505     0.439525     0.914323
 -0.00340079      0.44477     0.813294
     0.90141     0.467535     0.886629
 -0.00764708     0.438904     0.914326
 -0.00340364     0.444511     0.813305
    0.901255     0.464241     0.886893
 -0.00765948     0.438263     0.914324
 -0.00339778     0.449095     0.813188
    0.901224     0.463441      0.88695
 -0.00767189     0.437622     0.914325
 -0.00338993     0.448904     0.813115
     0.90119     0.461403     0.887027
 -0.00768178     0.437109     0.914315
 -0.00339728     0.442627     0.813248
    0.901041     0.458113     0.887272
 -0.00780416     0.430851      0.91467
 -0.00338797     0.447842     0.813101
    0.901127     0.459805     0.887135
 -0.00781674     0.430209     0.914699
  -0.0034008     0.446559     0.813225
     0.90098     0.456526     0.887367
 -0.00782786     0.429641     0.914708
 -0.00338732     0.450607     0.813163
    0.900952     0.455725     0.887416
 -0.00784057     0.428992     0.914728
 -0.00340869     0.444913     0.813304
    0.900815     0.451113     0.887657
  -0.0078543     0.428291     0.914757
 -0.00340243     0.444653     0.813247
    0.900778     0.451663     0.887703
 -0.00786668     0.427659      0.91478
 -0.00337476      0.44937     0.813066
    0.900753     0.450867     0.887746
 -0.00787695     0.427134     0.914793
 -0.00338818     0.448013     0.813201
    0.900728     0.450069     0.887789
 -0.00802087     0.419814     0.915377
 -0.00340107     0.446667     0.813331
    0.900719     0.447928     0.887819
 -0.00803186     0.419256     0.915405
 -0.00348142     0.424498     0.813921
    0.900694      0.44713     0.887859
 -0.00792433      0.42472     0.915021
 -0.00355165     0.412324     0.814328
    0.900668     0.446334     0.887898
 -0.00794393     0.423721     0.915124
 -0.00355801     0.411528     0.814369
    0.900642     0.445539     0.887938
  -0.0079594     0.422933     0.915181
 -0.00346531     0.427886     0.813819
    0.900425     0.439875     0.888266
 -0.00796658     0.422565     0.915154
 -0.00352935     0.415963     0.814206
    0.900404     0.439087     0.888292
 -0.00796254     0.422767     0.915022
 -0.00356761     0.409616     0.814401
     0.90041     0.436845     0.888275
 -0.00795407     0.423194     0.914856
 -0.00353716     0.414531     0.814248
    0.900387     0.436059     0.888297
 -0.00796423     0.422675     0.914888
 -0.00348434     0.424588      0.81397
    0.900332     0.436691     0.888366
 -0.00799987     0.420864      0.91518
 -0.00347953     0.428386     0.813976
    0.900337     0.434459     0.888339
 -0.00803967      0.41884     0.915503
 -0.00355361     0.412059     0.814352
    0.900202     0.431311     0.888505
 -0.00796093     0.422781     0.915417
 -0.00358277     0.406276     0.814437
    0.900181      0.43052     0.888524
 -0.00797617     0.421998     0.915474
 -0.00365812     0.391122      0.81451
     0.90016     0.429722     0.888545
 -0.00796621     0.422495     0.915273
 -0.00356721     0.409483     0.814422
     0.90014     0.428919     0.888565
 -0.00793826     0.423906     0.914895
 -0.00358787     0.404171     0.814407
     0.90005     0.424338     0.888623
 -0.00791243      0.42521     0.914548
 -0.00365341     0.389622     0.814366
    0.899927     0.421211     0.888761
 -0.00790673     0.425492     0.914414
 -0.00363056     0.393676     0.814341
    0.899913     0.420401     0.888781
 -0.00363177     0.393025      0.81432
    0.899935     0.418111     0.888734
 -0.00363413      0.39232     0.814311
     0.89988     0.418803     0.888818
 -0.00363656     0.391619     0.814303
    0.899896     0.416532     0.888765
 -0.00361966      0.39537     0.814333
    0.899877     0.415733     0.888781
    0.041849     0.391127     0.796062
 -0.00364216     0.390189     0.814294
    0.899858     0.414929     0.888797
   0.0417832     0.390488      0.79617
 -0.00364606     0.389424     0.814301
    0.899715     0.411828     0.888932
 -0.00375838     0.370436     0.814284
    0.899698     0.411019     0.888949
 -0.00372684     0.374174     0.814277
    0.899682     0.410218     0.888966
 -0.00372557     0.373674     0.814238
    0.899605     0.405577     0.889025
 -0.00372154      0.37331     0.814173
     0.89959     0.404767     0.889047
 -0.00373877     0.368976     0.814016
    0.899574     0.403965     0.889068
 -0.00372761     0.368892     0.813888
    0.899557     0.403165     0.889089
 -0.00372128     0.368513     0.813804
     0.89954     0.402367     0.889109
 -0.00370847     0.371431     0.813929
    0.899448     0.397659     0.889195
 -0.00370273     0.374366     0.814082
    0.899391     0.398411     0.889279
 -0.00370998     0.373371     0.814118
    0.899408     0.396071      0.88923
 -0.00374384     0.367618     0.814176
    0.899347     0.396833     0.889314
 -0.00375151     0.366636     0.814222
    0.899251     0.392149     0.889407
 -0.00372448     0.370955     0.814167
    0.899232      0.39136      0.88942
 -0.00372692      0.37028      0.81416
    0.899214     0.390544     0.889435
 -0.00372898     0.369611     0.814149
    0.899163     0.385699     0.889498
 -0.00373072     0.368924     0.814134
    0.899164     0.384888     0.889503
 -0.00373282     0.368257     0.814123
    0.899166     0.384082     0.889509
 -0.00376353     0.362512     0.814175
    0.899167     0.383282     0.889514
 0.000329029      0.34868     0.804119
    0.899167     0.382487     0.889519
 0.000254478     0.347251     0.804398
    0.899168     0.381692     0.889524
  0.00909844     0.344643      0.87407
 0.000188348     0.346178     0.804616
     0.89916     0.378773     0.889557
  0.00903483     0.343213     0.874338
 0.000127477     0.345373     0.804787
    0.899166     0.377977     0.889554
  0.00898467     0.342661     0.874442
 6.63307e-05     0.344516     0.804967
     0.89924     0.375128     0.889473
  0.00894087      0.34268     0.874438
 2.98291e-06     0.343481     0.805177
    0.899253     0.374328     0.889464
  0.00888588     0.342066     0.874554
-5.82744e-05     0.342485     0.805379
    0.899266     0.373532     0.889455
   0.0088171     0.340619     0.874825
-0.000113638     0.341803     0.805527
    0.899271     0.370714     0.889482
  0.00875758     0.339448     0.875045
-0.000165293     0.341365     0.805635
    0.899286     0.369917     0.889472
   0.0087156     0.339482     0.875039
-0.000218689     0.340888      0.80575
    0.899395     0.364913     0.889382
  0.00867877     0.340091     0.874924
-0.000275994      0.34021     0.805899
    0.899411     0.366186     0.889345
  0.00863135     0.340292     0.874886
-0.000335995     0.339355     0.806078
    0.899425     0.363319     0.889359
  0.00857154     0.339806     0.874977
 -0.00039595     0.338443     0.806265
    0.899441      0.36252     0.889348
  0.00850219     0.338594     0.875205
 -0.00045395     0.337592     0.806442
    0.899547     0.359685     0.889236
  0.00842511     0.336479     0.875602
-0.000510042      0.33682     0.806605
    0.899473     0.360923     0.889326
   0.0083433     0.333485     0.876164
 0.000221942     0.347543     0.804557
    0.899579     0.358084     0.889217
  0.00827574     0.330976     0.876635
 -0.00105923     0.329259     0.808159
    0.899595     0.357285     0.889208
  0.00824246      0.33067     0.876692
 -0.00112469     0.328417     0.808356
    0.899599     0.354228     0.889248
  0.00821729     0.331092     0.876613
 7.83261e-05     0.345409     0.804968
    0.899611     0.353433     0.889242
  0.00818036     0.330927     0.876644
 -0.00124534     0.327444     0.808631
    0.899623     0.352636     0.889236
  0.00813837     0.330531     0.876718
-3.12518e-05     0.343393     0.805343
    0.899725     0.349955     0.889123
  0.00809604     0.330239     0.876773
-0.000898105     0.331829     0.807678
    0.899732     0.349158     0.889121
  0.00804908      0.32977     0.876861
-0.000955643     0.331086     0.807838
    0.899739     0.348362      0.88912
  0.00799647     0.328928     0.877019
 -0.00101113     0.330369     0.807992
    0.899692     0.345213     0.889217
  0.00794248     0.327814     0.877228
  -0.0010665     0.329649     0.808146
    0.899781     0.342574     0.889119
  0.00789095       0.3266     0.877456
 -0.00112471     0.328864     0.808313
      0.8997      0.34362     0.889221
  0.00784365     0.325413     0.877679
 -0.00118741     0.328025     0.808491
    0.899781     0.340991     0.889124
  0.00780222     0.324429     0.877863
 -0.00125363     0.327185     0.808672
    0.899781     0.340195     0.889126
  0.00776715     0.323835     0.877975
 -0.00132206     0.326392     0.808848
     0.89971     0.337084     0.889226
  0.00773188     0.323399     0.878057
 -0.00139044     0.325686      0.80901
    0.899706     0.336293     0.889227
  0.00769019     0.322821     0.878165
 -0.00145543     0.325182     0.809138
    0.899776      0.33781     0.889129
  0.00868157     0.336954     0.875517
 -0.00150441     0.325508     0.809125
    0.899698     0.334712     0.889226
  0.00860818     0.334688     0.875943
 -0.00341372     0.361898     0.810132
    0.899758     0.332033     0.889138
  0.00751835     0.320229     0.878651
 -0.00214943     0.315413     0.811409
  -0.0021889     0.315222      0.81148
    0.899688     0.333118     0.889224
 -0.00144501     0.313956     0.810879
    0.899743     0.326189     0.889141
 0.000976218     0.311489     0.809993
 0.000634842     0.311387     0.810061
    0.899743     0.325405      0.88913
  0.00284817     0.310925     0.809834
  0.00139883     0.311391     0.809946
    0.899744     0.324616      0.88912
   0.0124615     0.309566     0.809934
   0.0108806     0.309749      0.80991
   0.0093006     0.309934     0.809886
  0.00690282      0.31023      0.80985
  0.00614858     0.310316     0.809842
  0.00459274      0.31053     0.809828
    0.899745     0.323824      0.88911
   0.0260205     0.308352     0.810078
   0.0244315     0.308506     0.810061
   0.0220202     0.308719     0.810041
   0.0212522      0.30878     0.810037
   0.0204837      0.30884     0.810034
   0.0172522     0.309099     0.809999
   0.0156647      0.30923     0.809979
   0.0157211     0.309225     0.809983
    0.012496     0.309542     0.809935
    0.899705     0.324983     0.889178
   0.0468638     0.307076     0.810196
   0.0460801     0.307081     0.810197
   0.0436445     0.307088     0.810211
   0.0436847      0.30709     0.810208
   0.0420703     0.307098     0.810215
    0.038805     0.307169      0.81022
   0.0388415     0.307171     0.810219
   0.0364143     0.307327     0.810205
   0.0339982     0.307531     0.810183
   0.0332339     0.307593     0.810177
     0.03247     0.307656     0.810171
    0.030882     0.307814     0.810151
   0.0284708     0.308075     0.810115
   0.0268829     0.308251      0.81009
    0.899735     0.320085      0.88909
    0.186787     0.307279     0.810241
     0.18514     0.307283     0.810245
    0.183493     0.307285      0.81025
    0.181015     0.307284     0.810257
    0.179369     0.307283     0.810263
    0.178554     0.307283     0.810267
    0.176908     0.307283     0.810273
    0.174431     0.307283     0.810283
    0.174449     0.307284     0.810285
    0.171142     0.307283     0.810298
     0.17116     0.307283     0.810302
    0.168686     0.307282     0.810312
    0.167043     0.307282     0.810322
    0.164569     0.307281     0.810336
    0.164587     0.307281     0.810338
    0.162114      0.30728     0.810352
    0.160473      0.30728     0.810361
    0.159662     0.307281     0.810365
    0.157192      0.30728     0.810376
    0.155553     0.307278     0.810383
    0.153914     0.307275      0.81039
    0.152275     0.307272     0.810396
    0.151468      0.30727     0.810399
    0.148999     0.307268     0.810412
    0.148192     0.307267     0.810416
    0.144891     0.307263     0.810447
    0.144916     0.307262     0.810442
    0.141599     0.307254     0.810465
    0.141625     0.307254     0.810462
    0.139992     0.307248     0.810464
    0.136699     0.307237      0.81046
    0.136728     0.307237     0.810459
    0.135097     0.307233     0.810454
    0.132636     0.307232     0.810445
    0.131836     0.307232     0.810442
    0.130205      0.30723     0.810438
    0.127746     0.307225     0.810435
    0.127775     0.307225     0.810434
    0.125317     0.307214     0.810431
    0.123689     0.307205     0.810428
    0.121231      0.30719     0.810425
    0.119603     0.307182     0.810424
    0.119634     0.307182     0.810424
    0.116349     0.307172     0.810419
    0.115552     0.307171     0.810418
    0.113927     0.307168     0.810413
    0.112303     0.307164     0.810406
    0.110679     0.307159     0.810398
    0.109056     0.307153     0.810389
    0.108262      0.30715     0.810384
    0.105811     0.307142     0.810368
     0.10419     0.307137     0.810358
    0.102569     0.307134     0.810347
    0.100948     0.307131     0.810337
    0.100156     0.307129     0.810332
   0.0977077     0.307122     0.810318
    0.096088     0.307117      0.81031
   0.0944685     0.307112     0.810302
   0.0928494     0.307109     0.810296
   0.0912302     0.307106     0.810291
   0.0904384     0.307104      0.81029
   0.0888197     0.307099     0.810287
   0.0863744     0.307092     0.810282
    0.085584      0.30709      0.81028
   0.0831401     0.307083     0.810273
   0.0815235      0.30708     0.810268
   0.0815615      0.30708     0.810268
   0.0782924     0.307076     0.810253
   0.0775049     0.307075     0.810248
   0.0767176     0.307074     0.810243
   0.0734511     0.307067     0.810225
   0.0734908     0.307067     0.810225
   0.0710515     0.307062     0.810215
   0.0686136      0.30706     0.810205
   0.0686531     0.307061     0.810205
   0.0662143     0.307064     0.810202
   0.0654272     0.307066     0.810202
   0.0638141     0.307067     0.810203
   0.0613754     0.307062       0.8102
   0.0597649     0.307057     0.810193
    0.058156     0.307053     0.810185
   0.0565478     0.307052     0.810177
   0.0549397     0.307053     0.810172
   0.0541562     0.307055      0.81017
   0.0517221     0.307061     0.810173
   0.0501123     0.307065     0.810179
   0.0484844      0.30707     0.810188
    0.899739      0.31928     0.889074
    0.288092     0.306992     0.810481
    0.288095     0.306995      0.81048
    0.285581     0.307002     0.810474
    0.283069     0.307007     0.810468
    0.281396     0.307009     0.810463
      0.2814     0.307011     0.810463
    0.278891     0.307008     0.810454
    0.277219     0.307005     0.810447
     0.27471     0.307004     0.810438
    0.273877     0.307006     0.810435
     0.27137     0.307015     0.810422
    0.270539     0.307019     0.810416
    0.268872     0.307026     0.810403
    0.267205     0.307033     0.810388
    0.265539      0.30704     0.810374
    0.264711     0.307044     0.810367
    0.262207     0.307052     0.810348
    0.259705     0.307057     0.810333
    0.258039      0.30706     0.810325
     0.25721     0.307061     0.810321
    0.254709     0.307068     0.810308
    0.254717     0.307067     0.810309
    0.252217     0.307077     0.810297
    0.250553     0.307082     0.810289
    0.248054     0.307091     0.810275
    0.247228     0.307092     0.810271
    0.245566     0.307095     0.810263
    0.243905     0.307099     0.810255
    0.241407     0.307106     0.810241
    0.240583     0.307108     0.810237
    0.238923     0.307114     0.810226
    0.237264     0.307119     0.810218
    0.234769     0.307127     0.810208
    0.234781     0.307125     0.810208
    0.232286     0.307133     0.810203
    0.230627     0.307139     0.810198
    0.229804     0.307141     0.810195
    0.227312      0.30715      0.81018
    0.226492     0.307151     0.810174
    0.223167      0.30716     0.810152
    0.222346     0.307161     0.810148
    0.220692     0.307165     0.810143
    0.219036     0.307169     0.810142
    0.218215     0.307171     0.810142
    0.214887     0.307183     0.810159
    0.214065     0.307185     0.810161
    0.211573     0.307196     0.810169
    0.211589     0.307195     0.810166
    0.208249      0.30721     0.810175
    0.207429     0.307213     0.810176
    0.205775     0.307219     0.810182
    0.203286     0.307224     0.810195
    0.201632     0.307225       0.8102
    0.201649     0.307226     0.810198
    0.199163     0.307228     0.810205
    0.197512     0.307232     0.810208
    0.195862     0.307237     0.810212
    0.194212     0.307244     0.810217
    0.193394     0.307248      0.81022
    0.190913     0.307259     0.810229
    0.189264     0.307267     0.810234
    0.188448     0.307273     0.810237
    0.899726     0.316553     0.888969
    0.834347     0.275498    0.0807865
    0.834126     0.275501    0.0807869
    0.829592     0.275513    0.0807856
    0.827647     0.275515    0.0807867
    0.825703     0.275516    0.0807851
     0.82376     0.275516    0.0807833
    0.821818     0.275515    0.0807815
    0.819878     0.275514    0.0807781
     0.81708      0.27551    0.0807653
    0.815143     0.275507    0.0807528
    0.812347       0.2755    0.0807317
    0.810412     0.275496    0.0807166
    0.810196     0.275496    0.0807167
    0.806536     0.275491    0.0807039
    0.804595     0.275491    0.0807092
     0.36982     0.310198     0.880063
    0.368083     0.310208      0.88023
    0.366406     0.310207     0.880165
    0.365594     0.310204     0.880106
    0.363936     0.310198     0.879994
    0.362272      0.31019     0.879905
    0.360603     0.310182     0.879833
    0.358932     0.310176      0.87977
    0.358106     0.310173     0.879739
    0.354745     0.310167     0.879664
    0.353906     0.310166     0.879658
    0.351383     0.310162     0.879652
    0.349698      0.31016     0.879659
    0.348855     0.310159     0.879666
    0.346326     0.310154     0.879696
    0.346322     0.310154     0.879695
    0.343778      0.31015     0.879779
    0.341242     0.310147     0.879915
    0.341214     0.310146     0.879913
    0.338675     0.310143     0.880067
     0.33698     0.310139     0.880131
    0.335294     0.310132     0.880133
    0.333621     0.310124     0.880075
    0.331125     0.310111     0.879936
    0.331151     0.310111     0.879939
    0.328657     0.310103     0.879823
    0.326995     0.310099     0.879779
    0.368461     0.306514     0.797332
    0.521101     0.293726     0.503087
    0.521446     0.293588     0.499958
    0.521022     0.293464     0.497192
    0.367756      0.30599     0.785557
    0.367435     0.305811     0.781584
    0.367243     0.305707     0.779314
     0.36696     0.305563     0.776217
    0.366746      0.30546     0.773985
    0.366465      0.30532     0.770902
    0.366246      0.30522     0.768671
    0.365917      0.30508     0.765558
    0.341207      0.30694     0.808505
    0.338749     0.307002     0.810017
    0.336988     0.307007     0.810254
    0.335277     0.307006     0.810317
    0.333583     0.307002     0.810332
    0.332733        0.307     0.810337
    0.331042     0.306996     0.810345
    0.329352     0.306992     0.810355
    0.328502      0.30699     0.810361
    0.325133     0.306988     0.810377
    0.324285     0.306987     0.810381
    0.321759     0.306984     0.810388
    0.320072     0.306981     0.810393
    0.320066     0.306981     0.810394
    0.317541     0.306979     0.810402
    0.315855     0.306979     0.810408
     0.31417      0.30698     0.810415
    0.311645      0.30698     0.810433
    0.311639      0.30698     0.810431
    0.309114     0.306978     0.810452
     0.30743     0.306977     0.810464
    0.305746     0.306977     0.810472
    0.303209     0.306978     0.810477
    0.301529      0.30698     0.810476
    0.301529      0.30698     0.810474
    0.299008     0.306985     0.810478
    0.297327     0.306988     0.810483
    0.295647      0.30699     0.810488
    0.293969     0.306991     0.810491
    0.292292      0.30699      0.81049
    0.290617     0.306989     0.810487
    0.899685     0.315789     0.888903
    0.953478     0.275156    0.0806662
    0.951497     0.275161    0.0806633
    0.949515     0.275168    0.0806609
    0.947533     0.275179    0.0806606
    0.944682     0.275194    0.0806641
    0.942701     0.275204    0.0806695
    0.935887     0.275224    0.0807102
    0.933907     0.275228    0.0807216
    0.931931     0.275233     0.080724
    0.929089      0.27524     0.080719
    0.927115     0.275245    0.0807167
    0.925142      0.27525    0.0807145
    0.923171     0.275255    0.0807091
      0.8989     0.275339    0.0807075
     0.89693     0.275346    0.0807198
    0.894963     0.275349    0.0807287
    0.891269     0.275354    0.0807302
    0.890172     0.275355    0.0807302
    0.887342     0.275363    0.0807339
    0.886244     0.275365     0.080736
    0.883419     0.275374    0.0807348
    0.880595     0.275383    0.0807257
    0.878636      0.27539    0.0807205
     0.87581     0.275402    0.0807178
     0.87385     0.275408    0.0807199
    0.871889     0.275412    0.0807253
    0.869929     0.275414    0.0807331
     0.86797     0.275416    0.0807427
    0.866012     0.275418    0.0807509
    0.863194     0.275421    0.0807538
    0.861241     0.275425    0.0807487
    0.858425     0.275432    0.0807383
    0.856471     0.275437    0.0807353
    0.853653     0.275442    0.0807374
    0.853426     0.275443    0.0807381
    0.851473     0.275444    0.0807414
     0.84952     0.275446    0.0807448
    0.844756     0.275457    0.0807492
    0.842803     0.275465     0.080757
    0.838261     0.275481     0.080788
    0.836312     0.275489    0.0807896
    0.899625     0.314828     0.888812
     1.03554     0.284373     0.287968
     1.03862     0.284017     0.279606
     1.04058       0.2838     0.274497
    0.898405     0.311793     0.887447
     1.00877     0.287435      0.35998
     1.01171     0.287109     0.352323
     1.01456     0.286773     0.344436
     1.03346     0.284612      0.29363
    0.897052     0.310613     0.885995
    0.896531     0.310463      0.88545
    0.894758     0.310139     0.883433
    0.894234     0.310112     0.882785
    0.893333     0.310059     0.881779
    0.901999     0.309401     0.866762
     0.89094     0.309901     0.878405
    0.890456     0.309868     0.877727
    0.889592     0.309808     0.876486
     0.88835     0.309728      0.87486
    0.887545     0.309665     0.873534
    0.894689     0.309087      0.86034
    0.893514     0.309048     0.859488
    0.891906     0.308991      0.85824
    0.890236     0.308943     0.857215
    0.889819     0.308938     0.857133
    0.888008     0.308897     0.856291
    0.886412     0.308872     0.855803
    0.884769     0.308849     0.855365
    0.882909     0.308826     0.854913
    0.881209     0.308809     0.854589
    0.879523     0.308791     0.854251
     0.87793     0.308767     0.853812
    0.877166     0.308751     0.853517
     0.87552     0.308694     0.852435
    0.874882     0.308669     0.851962
    0.873532     0.308589      0.85035
    0.865901     0.307738      0.83196
    0.865414     0.307657     0.830163
    0.864941     0.307574     0.828346
    0.862125     0.307052     0.817169
    0.861943     0.307001     0.816029
    0.861379     0.306839     0.812359
    0.861198     0.306788     0.811214
    0.860836     0.306694     0.809116
    0.860528     0.306604     0.807128
    0.860249     0.306514     0.805109