  0.980575     0.3176   0.152798
  0.974299   0.317085   0.166588
  0.977948   0.316834   0.156294
  0.978233   0.316452   0.157884
  0.980804   0.316075   0.147775
  0.991965   0.316721   0.115667
   0.99528   0.316816   0.108252
   0.99204   0.316255   0.115019
  0.995571   0.316498   0.108425
  0.993896   0.316629    0.10503
  0.993889   0.316768   0.102537
  0.996466   0.317034   0.098075
  0.968517   0.318027   0.183701
  0.978276   0.317867   0.155171
  0.978256   0.318043   0.157034
  0.980178   0.317899   0.150659
  0.971197   0.318018   0.176324
  0.975946   0.317827   0.164661
  0.958434   0.317729    0.21434
  0.988353   0.317858   0.129522
  0.988845   0.317974   0.128865
  0.955453   0.317233    0.22062
  0.990001   0.317967   0.124756
  0.993732   0.317963   0.114508
  0.991118   0.317646   0.117887
  0.986057   0.317676   0.135877
  0.958276   0.317975    0.21246
  0.958348   0.317868   0.209868
  0.948166   0.318327   0.239828
  0.960504   0.317924    0.20553
  0.962324   0.317764   0.200248
  0.941904    0.31761   0.254578
  0.943146   0.317447   0.249828
   0.96609    0.31791   0.190273
  0.946347   0.317421   0.241389
  0.969517   0.318075   0.181322
  0.943419   0.317742   0.256483
  0.942364   0.317873   0.258356
  0.195188   0.285447   0.626505
  0.195753   0.285501   0.625866
  0.195174   0.285439   0.626981
  0.194644   0.285461   0.626712
  0.980966   0.317441    0.15152
  0.939273   0.317745   0.261512
  0.939787   0.317763   0.260144
  0.940297   0.317741   0.258412
  0.939065   0.318007   0.265782
  0.195786   0.285525   0.625895
  0.194793   0.285483   0.627091
  0.194276   0.285523   0.626962
  0.195013   0.285561   0.626651
  0.195188   0.285552   0.626902
  0.195717   0.285567   0.626647
  0.195159   0.285539   0.627122
  0.193861   0.285546   0.627133
  0.194094   0.285534   0.627236
   0.19462   0.285546   0.626984
  0.194839   0.285538   0.627188
  0.194395   0.285572   0.626848
  0.194359   0.285578   0.626817
   0.19382    0.28551   0.627769
  0.194804   0.285543   0.626942
  0.194118    0.28555   0.626748
  0.193848   0.285509   0.627356
   0.19473   0.285567    0.62616
  0.920887    0.31765   0.312608
  0.958245   0.318034    0.21504
  0.923134   0.317549   0.306138
  0.924595    0.31756   0.302378
  0.950249   0.318261    0.23461
  0.951589   0.318226   0.230589
  0.951073   0.318146   0.233147
  0.951086   0.317953     0.2323
  0.915048    0.31798   0.331789
  0.916037   0.318033   0.329751
  0.918182   0.317979   0.323372
  0.920295   0.317808   0.315661
  0.921581   0.317653   0.310172
  0.921334   0.317632   0.310858
  0.923384   0.317894   0.310361
  0.909054   0.317968   0.350874
  0.909412    0.31797   0.349315
  0.910998   0.317893   0.341565
  0.918414   0.318149   0.323345
  0.919463   0.318105   0.319878
  0.919694   0.318062   0.319771
  0.921742   0.317769   0.313156
  0.905129   0.317641   0.357752
  0.905719   0.317272   0.352437
  0.906236   0.317189   0.350063
  0.906672   0.317371   0.350458
  0.912177   0.317528   0.337406
  0.899503   0.317987   0.377157
  0.910477   0.318091   0.342369
   0.89367   0.318043   0.388871
  0.902668   0.318336   0.365514
  0.896996   0.318261   0.382161
  0.905881   0.318322   0.356792
  0.917614   0.318233   0.324293
   0.89986   0.318002   0.375958
  0.902728   0.317311   0.364979
  0.904273   0.317497   0.367572
  0.904533   0.317325    0.36485
  0.897855   0.316928   0.373289
  0.902738   0.317481   0.365344
  0.896701   0.317943   0.385379
  0.883959   0.318037   0.414651
  0.884769    0.31835   0.413484
  0.878567   0.318444   0.432696
  0.888357   0.318836   0.410349
  0.882098   0.318499   0.423873
  0.883704   0.318239   0.417122
  0.905774   0.317866   0.356054
  0.893065   0.317678   0.396458
  0.887405   0.316666   0.402841
  0.900718   0.317062   0.379206
  0.900891    0.31734   0.380996
  0.892848   0.317068   0.391156
  0.887647   0.317912   0.410443
  0.880009   0.319373    0.45123
  0.858629   0.318325   0.484314
   0.86045   0.318707    0.48317
  0.862377   0.318859   0.479529
  0.864288   0.318808    0.47398
   0.86607   0.318518   0.466475
  0.867615    0.31789   0.456359
  0.670145   0.308397   0.823894
  0.902237   0.319097   0.408223
  0.896641   0.316949   0.396096
  0.896877   0.316998   0.395507
  0.896887   0.318134   0.405883
  0.879471   0.318133   0.441109
  0.676899   0.309902   0.836866
  0.674724   0.309424   0.832818
  0.675145   0.309553   0.834409
  0.673726   0.309253    0.83131
  0.672441   0.309043   0.829954
  0.672723   0.309086   0.829836
  0.670565   0.308586   0.825509
  0.674191   0.310425    0.84164
  0.677641   0.310581    0.84312
  0.674426   0.309753   0.835945
  0.673789   0.309527    0.83397
  0.675071   0.309637   0.834451
  0.677073   0.310051   0.838647
  0.677384   0.310062   0.838233
  0.748278   0.313909   0.871861
   0.74824   0.313902   0.871823
   0.74866   0.313923   0.871365
  0.748314   0.313901    0.87202
  0.751429   0.314005    0.87276
  0.750492    0.31399   0.872627
  0.748536   0.313927   0.872228
  0.738552   0.313633   0.869609
  0.739991   0.313686   0.869261
  0.737374   0.313608   0.868884
  0.738584   0.313638   0.869947
  0.722739   0.313179   0.865414
  0.737452   0.313652   0.869536
  0.722345    0.31316   0.865336
   0.72061    0.31311   0.864414
  0.718949   0.313044   0.864384
  0.718011   0.313012    0.86414
   0.71479   0.312904   0.862646
  0.713147   0.312835   0.862567
  0.711436   0.312777   0.861553
  0.711314   0.312765   0.862005
  0.712028   0.312798   0.862091
  0.711137   0.312767   0.861793
  0.711552   0.312786   0.862412
  0.711403   0.312801   0.861989
  0.711659   0.312832   0.862067
  0.711468   0.312848   0.861822
  0.710896   0.312833   0.863235
  0.704671    0.31277   0.862515
   0.67441   0.310615   0.843564
  0.893982   0.318254   0.874616
  0.893855   0.318244   0.876353
  0.893975   0.318251   0.874534
  0.894204   0.318252   0.869289
  0.894469   0.318311   0.873654
  0.894652   0.318297    0.87152
  0.876726   0.316898   0.902359
  0.875754   0.316675   0.900871
  0.876056   0.316566   0.895499
  0.860226   0.316055   0.890376
  0.870888     0.3162   0.892051
   0.85361   0.316049   0.890691
  0.858467   0.316103   0.890242
  0.860356   0.316106   0.890387
  0.853565   0.316058   0.890531
  0.851042   0.316039   0.890426
   0.84778   0.316034   0.889817
   0.84751   0.316018   0.890162
  0.847796   0.316035    0.88974
  0.849688   0.316043   0.889857
  0.849409   0.316036   0.890156
  0.834401   0.315929   0.889563
  0.836369   0.315942   0.889601
  0.834573   0.315936   0.889107
  0.834361   0.315922   0.889375
  0.834655   0.315943   0.889017
  0.834355    0.31593   0.889401
   0.83432   0.315933   0.889448
  0.836523   0.315986   0.889416
  0.834398    0.31595   0.889428
  0.832713    0.31594   0.888824
  0.828695   0.315846   0.889165
  0.826519   0.315826   0.888327
  0.826688   0.315808    0.88892
  0.815525   0.315633   0.886846
  0.813672   0.315607   0.886407
  0.817894   0.315675   0.887555
  0.808756   0.315522   0.885585
  0.813685   0.315622   0.886595
  0.815509   0.315657   0.887304
  0.808705   0.315524   0.885873
  0.808713   0.315532   0.885929
  0.809137   0.315572   0.885539
  0.808189    0.31557   0.885504
  0.796927   0.315276   0.883536
  0.794435   0.315208   0.883098
  0.791848   0.315147    0.88191
  0.784253   0.314915   0.880302
  0.783984    0.31492   0.879978
  0.783172   0.314888   0.880404
  0.782227   0.314867   0.880193
  0.780429   0.314828   0.879606
  0.778816   0.314782    0.87945
  0.779215   0.314808   0.879015
   0.77756   0.314755   0.879018
  0.776004    0.31471   0.878778
  0.779293   0.314822   0.879377
  0.777603   0.314773   0.879524
  0.770159   0.314538   0.877401
     0.758   0.314135   0.873386
  0.760034   0.314211    0.87415
  0.759882    0.31421    0.87446
  0.758111   0.314172     0.8739
   0.75116   0.314004   0.872401
  0.759815    0.31422   0.874091
  0.751505   0.314005   0.872779
   0.75121   0.313999   0.872508
   0.75112   0.313992   0.872584
  0.749273    0.31394   0.872089
   1.00201   0.346513  0.0843044
  0.893551   0.319866   0.891403
  0.893359   0.318109   0.884731
  0.893939   0.317515   0.872665
  0.893836   0.318264   0.878148
    0.8939   0.318276   0.876652
   1.00207   0.348393  0.0841113
  0.893598    0.32023   0.891744
  0.893679   0.322871   0.894655
  0.893605   0.324304   0.895242
  0.893595   0.326708   0.895525
 -0.024818   0.314744   0.811167
  0.893651   0.330002   0.895484
  0.894668   0.328783   0.848432
   0.71164   0.323216   0.951483
  0.707091   0.322927   0.949673
  0.706314   0.323004   0.950309
  0.697093   0.322684   0.947307
  0.707595   0.323179   0.951554
  0.705034   0.323157   0.951479
  0.703053   0.323205   0.951454
  0.898964   0.335607   0.657873
-0.0247618   0.317648   0.811111
  0.893661   0.329413   0.895444
  0.894707   0.331077   0.846303
  0.895664   0.350323    0.80377
  0.905026   0.308128   0.388497
  0.723161   0.326861   0.983589
-0.0247906   0.317729   0.811139
  0.893614   0.333908   0.895527
  0.894765   0.332908   0.845907
  0.719143    0.30796   0.820468
  0.718731   0.309844   0.836637
  0.720576   0.308196   0.822941
  0.724922   0.309299   0.831684
-0.0247872   0.318752   0.811135
  0.893665   0.334211   0.895443
  0.894724   0.335948   0.846087
  0.895635   0.350535   0.805063
  0.895639   0.350035   0.806323
  0.719306   0.308754   0.827296
-0.0248258   0.323571   0.811179
  0.893601   0.335719   0.895548
  0.894699   0.339013   0.846805
  0.721617   0.308759   0.826719
  0.895457   0.352394   0.812934
  0.883231   0.343719   0.669408
 -0.024783   0.323957   0.811135
  0.893595   0.336625    0.89556
  0.894707    0.34082   0.847279
  0.881874   0.344406   0.671426
 -0.024776   0.324981   0.811131
  0.893589   0.341113   0.895575
   0.89476   0.339483   0.846677
  0.701125   0.305254    0.79671
  0.695659   0.306016   0.804265
  0.698419   0.305815   0.802639
-0.0248074   0.326641   0.811174
  0.893661    0.34082   0.895459
  0.894699   0.342527   0.847231
  0.895524   0.352303   0.809994
  0.895728   0.350347   0.800907
  0.722479   0.308342   0.824043
-0.0248049   0.329245   0.811192
  0.893655   0.343217   0.895464
  0.894752   0.342794   0.847086
  0.895614   0.352071   0.806074
  0.895638   0.351872   0.804975
  0.895577   0.352105   0.807676
-0.0247544    0.33121   0.811156
  0.893659   0.341144   0.895473
  0.894673    0.34492   0.847279
  0.895503   0.351897   0.810773
  0.895683   0.351025   0.802793
  0.895738    0.35135   0.803301
-0.0247205   0.336973   0.811177
    0.8936   0.344139   0.895553
  0.894698   0.346731    0.84722
  0.895714   0.349413   0.802034
  0.895725   0.349429   0.801528
  0.895626   0.349925   0.805946
   0.89554   0.351349   0.810394
-0.0247875   0.337053   0.811242
  0.893591   0.345644   0.895558
  0.894673   0.346735   0.847239
  0.702092   0.306238   0.806077
  0.895676   0.349017   0.803703
  0.895586   0.349489   0.807709
    0.8956   0.349531   0.807109
  0.895634    0.34951   0.805596
  0.895667     0.3495   0.804103
-0.0247431   0.337439   0.811192
  0.893668   0.351315   0.895406
  0.894684   0.350664    0.84708
  0.894965   0.349361   0.835345
  0.895538   0.350968   0.809342
  0.895527   0.349643   0.810309
   0.92988   0.356681   0.659145
  0.899329   0.357271   0.677159
-0.0247781   0.339099   0.811234
  0.893607    0.35133   0.895506
  0.894755   0.350358   0.846947
  0.899116   0.358382   0.679361
  0.899044   0.358801   0.678654
-0.0247336   0.341063   0.811187
   0.89366   0.351637   0.895424
   0.89469   0.352474   0.846993
  0.922902   0.357511    0.68197
  0.594743   0.347148    1.15803
-0.0247949   0.343362   0.811254
  0.893662   0.355523   0.895388
  0.894663   0.357917   0.847082
  0.925581   0.361285   0.715605
 -0.024772   0.345325   0.811226
  0.893609   0.355539   0.895478
  0.894755   0.357612   0.846937
  0.931753   0.359812   0.683841
  0.975535    0.36592   0.612243
  0.898214   0.362348   0.700444
-0.0247331   0.347288   0.811176
  0.893661   0.355847   0.895394
  0.894693   0.359723   0.847068
  0.976906   0.367323   0.608903
  0.976914   0.367363   0.608729
-0.0248023   0.349587   0.811243
  0.893675    0.35973   0.895318
  0.894757   0.359413   0.846956
    0.8975   0.366437    0.72838
-0.0247514    0.35407   0.811179
  0.893582   0.363312   0.895429
  0.894723   0.361522   0.847042
  0.897604   0.366845   0.727118
-0.0247604   0.354151   0.811195
  0.893621   0.363632   0.895368
   0.89493    0.36333   0.846751
  0.897641   0.367822    0.72574
  0.901389   0.374916   0.568728
-0.0247446   0.356117   0.811186
  0.893666    0.36394   0.895294
  0.895001   0.364229   0.846652
  0.897714   0.372127   0.722534
-0.0247416   0.357141   0.811188
  0.893739   0.366346   0.895158
  0.896072   0.366072   0.845002
  0.896473   0.369991   0.776701
  0.897697   0.371448   0.723129
   0.89771   0.371701   0.722757
-0.0247832   0.359436   0.811246
  0.893767   0.367254   0.895106
  0.895543   0.373031   0.846149
  0.896402   0.370448    0.77542
  0.897802    0.37341   0.722027
-0.0247421     0.3614   0.811208
  0.893891   0.368742   0.894897
  0.894961   0.374522   0.847124
  0.896256   0.371245   0.775635
  0.897849   0.375773   0.721133
     1.002   0.391677   0.084672
-0.0247871   0.363062   0.811262
  0.894894   0.370572   0.893274
  0.894877   0.376325   0.847283
  0.897784   0.375712   0.721235
   1.00202   0.392412  0.0842269
 -0.024731   0.366601   0.811204
  0.894484   0.377423   0.893939
  0.894815   0.377825   0.847373
  0.896094   0.377357   0.793608
  0.896617   0.376748   0.771471
  0.897891   0.379046   0.720426
   1.00198   0.393985  0.0839735
-0.0247355   0.367624   0.811211
  0.893885   0.378912   0.894901
  0.894829   0.378722   0.847328
  0.897844   0.380475   0.719962
   1.00195   0.396682  0.0849138
 -0.024785   0.369286   0.811267
   0.89385   0.379815   0.894953
  0.894941   0.382029   0.847088
  0.897862   0.381512   0.719217
   1.00194    0.39733  0.0852669
-0.0247264   0.372825   0.811209
  0.893815    0.38072   0.895007
  0.894879   0.382027   0.847185
  0.897879   0.382299   0.718524
   1.00177   0.401447  0.0894855
   1.00179   0.401137  0.0890038
 -0.024771    0.37291   0.811259
  0.893748   0.383114   0.895104
  0.894948   0.382321   0.847075
  0.896896   0.387186   0.764743
   1.00179   0.401987  0.0890356
-0.0247769    0.37551    0.81127
  0.893812   0.383426   0.895001
  0.894885   0.382313   0.847162
   0.89723   0.386599   0.748175
  0.898217   0.387848   0.710688
  0.898257   0.387968   0.709141
-0.0247297   0.377473    0.81122
  0.893817   0.384332    0.89499
  0.894964   0.389255   0.847019
  0.897376   0.388302   0.745429
  0.898285    0.39026   0.707918
 -0.024766   0.379133    0.81126
  0.893811   0.387323   0.894989
  0.894959   0.388639   0.847035
-0.0247702   0.383309   0.811262
  0.893888   0.389116    0.89486
  0.894964   0.389537   0.847035
-0.0247334   0.383697   0.811222
  0.893903    0.38854   0.894838
  0.895027   0.392857   0.846959
  0.896722   0.392387     0.7732
  0.896763   0.392041    0.77331
-0.0247574   0.385356   0.811252
  0.893883   0.394502   0.894855
  0.894968   0.392849   0.847052
  0.896307   0.393533    0.79324
  0.896764   0.392952   0.773829
    1.0018   0.408413  0.0887236
-0.0247216   0.387319   0.811222
  0.893941   0.394816   0.894761
  0.895001   0.396769    0.84699
  0.896371   0.396192    0.79007
  0.896393   0.396444   0.789098
   1.00181    0.40913  0.0884034
 -0.024783   0.389616   0.811308
  0.893887   0.394825   0.894847
  0.895074   0.397061   0.846876
  0.896409   0.401066   0.786645
  0.896833   0.398978   0.767649
    1.0019   0.412869  0.0879182
-0.0247313    0.39158   0.811268
  0.893886   0.397222   0.894845
  0.895012   0.397056   0.846962
  0.896339   0.401026   0.787004
  0.896832    0.39995   0.766435
   1.00183   0.414384  0.0883303
-0.0247648   0.394816   0.811321
  0.893999   0.402591   0.894662
  0.895102   0.398852   0.846821
  0.896317   0.401881    0.78674
  0.896339   0.403001   0.786022
  0.896822   0.402196   0.762467
-0.0247242   0.396777   0.811278
  0.894026     0.4029   0.894616
  0.895089   0.400357   0.846864
  0.896314   0.403803    0.78552
 -0.024761   0.398437   0.811316
  0.894045   0.403807   0.894583
  0.894986   0.405814   0.847205
  0.896189   0.405908   0.785289
 -0.024723   0.400399    0.81127
  0.893989   0.403823   0.894673
  0.894976   0.407606   0.847241
  0.896235   0.407738   0.785557
-0.0247258   0.402999   0.811273
     0.894   0.406213   0.894644
  0.894845   0.410023   0.847401
-0.0247639   0.404659    0.81132
     0.894    0.40712   0.894637
  0.894841   0.410021   0.847386
  0.898749   0.414123   0.682559
-0.0247197   0.406621    0.81128
   0.89387   0.411014   0.894824
  0.894907   0.413926   0.847071
  0.898817   0.414363   0.682504
-0.0247209   0.409221   0.811293
  0.893839    0.41192   0.894868
  0.894933   0.414219   0.847028
   0.89879   0.415872   0.682661
-0.0247561    0.41088   0.811337
  0.893732   0.416397   0.895029
    0.8949   0.413612   0.847106
  0.898862   0.417716   0.682796
  -0.02471   0.412841   0.811288
  0.893845   0.417599   0.894843
  0.894926   0.419037   0.846921
  0.895996    0.41821   0.799677
  0.898839   0.417619   0.682494
-0.0247686   0.415137   0.811352
  0.893785   0.420591   0.894928
  0.894886    0.41903   0.846997
     0.896   0.419728    0.79982
  0.896555   0.419782   0.777423
  0.897965   0.422169   0.721389
-0.0247457     0.4171   0.811329
  0.893785   0.420611   0.894925
  0.894918   0.421436   0.846929
  0.896073   0.423123   0.800484
  0.896706   0.421651   0.775633
 -0.024701   0.419062   0.811285
  0.893805   0.420916   0.894889
  0.894895   0.421428   0.846968
  0.896096   0.423955   0.800402
  0.896745   0.422471   0.775109
  0.896638   0.421785   0.775964
-0.0247683   0.421358    0.81137
  0.893844   0.422711   0.894818
  0.894942    0.42383   0.846891
  0.896167   0.424198   0.800278
  0.896847    0.42621   0.769992
-0.0247347   0.423321   0.811344
  0.893908   0.426595   0.894706
  0.895016   0.423529    0.84677
  0.896093   0.424104   0.800431
  0.896805   0.427082   0.770008
  0.896669   0.428496   0.769811
-0.0246966   0.425282   0.811315
  0.893926   0.427502   0.894676
  0.895016   0.426536   0.846778
  0.896107   0.428087   0.800777
  0.896899    0.42654   0.769293
-0.0247596   0.427579   0.811397
  0.893943   0.428409   0.894646
  0.895133   0.428344   0.846599
   0.89601   0.431444   0.801065
 -0.024718    0.42954   0.811358
  0.893883   0.429009   0.894743
  0.895144   0.430745   0.846628
  0.895931   0.433617    0.80154
  0.896691   0.431364   0.770635
-0.0246933   0.431501   0.811333
  0.893988   0.432295   0.894585
  0.894971   0.434679   0.847015
  0.895995   0.433256   0.801455
   0.89665    0.43438    0.77034
  0.896649   0.434533   0.770294
-0.0247551   0.433797   0.811401
  0.893993   0.434696   0.894587
  0.894946   0.437704   0.847115
  0.896628   0.434527   0.770673
-0.0247578    0.43482   0.811404
  0.893971   0.435601   0.894624
  0.894899   0.437698   0.847168
  0.896673   0.437618   0.767917
  0.896754   0.438669   0.765967
-0.0247453   0.437416   0.811389
  0.894058   0.435903   0.894485
  0.894878   0.440102   0.847196
  0.897681   0.438162   0.724071
-0.0247016   0.439378   0.811342
  0.893927   0.437418   0.894698
  0.894859   0.437983    0.84725
  0.897744   0.440609   0.723892
-0.0247015   0.441975   0.811347
  0.893893   0.442187   0.894757
  0.894859   0.441894   0.847183
  0.897035    0.44442   0.754827
  0.896993   0.443708   0.754672
-0.0247378   0.443635   0.811393
  0.893849   0.442212   0.894826
  0.894868   0.445202    0.84706
  0.897328   0.445714   0.741464
   0.89856   0.447322    0.68829
-0.0247335   0.444658   0.811393
  0.893877      0.444   0.894779
  0.894834   0.445193   0.847115
  0.897461    0.44692   0.739433
  0.898581   0.447571   0.688261
-0.0247394   0.447256   0.811409
   0.89384   0.447892   0.894828
  0.894834   0.447602   0.847039
  0.897488   0.447683   0.738598
   1.00208   0.452677  0.0846093
-0.0247279   0.449852   0.811402
  0.893787   0.449395   0.894907
  0.894899   0.447291   0.846935
-0.0246819   0.451812   0.811351
   0.89375   0.450898   0.894958
  0.894924   0.450906   0.846835
  0.897497   0.453084     0.7349
-0.0247465   0.454107   0.811417
  0.893764   0.451805    0.89493
  0.894943   0.451804   0.846794
  0.897463   0.453035    0.73496
  0.897955   0.452979   0.715851
-0.0247485   0.455131   0.811415
  0.893917   0.454486   0.894669
  0.895035    0.45451   0.846615
  0.897542   0.455833   0.735409
-0.0246931   0.454882   0.811354
  0.893892   0.457474   0.894697
  0.894981   0.456608   0.846688
  0.897507   0.457359   0.735848
  0.898146   0.457577   0.711592
-0.0247275   0.459687    0.81137
  0.893901   0.460465   0.894674
  0.895028   0.459324   0.846631
  0.898121   0.459079   0.711534
-0.0247584   0.466063   0.811405
  0.893919   0.460772   0.894644
  0.894965   0.460835   0.846763
  0.898171   0.460916   0.711859
-0.0247124    0.46488   0.811357
  0.893905   0.461678   0.894663
  0.894923   0.462341   0.846864
  0.897577   0.462488   0.738044
  0.898074    0.46401   0.712044
-0.0247156   0.465903   0.811364
  0.893927   0.463471   0.894624
  0.894932   0.463238   0.846871
  0.897584   0.461832   0.739397
-0.0247188   0.466926   0.811371
  0.893913   0.464377   0.894643
  0.895073   0.465938   0.846668
-0.0247398   0.467012   0.811399
  0.893826   0.464994   0.894781
  0.895024   0.465933   0.846763
-0.0247049   0.472117   0.811356
  0.894036   0.470644   0.894452
  0.895064    0.46984   0.846574
-0.0247683   0.478492   0.811418
  0.893968   0.472753   0.894568
  0.895023   0.471344   0.846565
-0.0247064   0.477309   0.811351
  0.893974   0.473058   0.894558
  0.894975   0.474649   0.846496
-0.0247552   0.478969   0.811404
  0.893967   0.476336   0.894576
  0.894953   0.474652    0.84654
 -0.024758   0.479992   0.811405
  0.893919   0.476359   0.894651
  0.894965   0.476449   0.846483
  0.896143   0.477051   0.795031
-0.0247181    0.48038   0.811359
  0.893893   0.476379   0.894693
  0.894989   0.476734   0.846432
  0.896209   0.480338   0.794181
  0.896242    0.47839   0.794545
-0.0247491   0.480467   0.811389
  0.893882   0.478172   0.894709
  0.895066   0.480655   0.846323
  0.896172   0.480436   0.793702
-0.0247469   0.486839   0.811394
  0.893928   0.481457   0.894635
  0.895026   0.480655   0.846385
  0.896211   0.482183   0.792854
-0.0247387   0.489433   0.811381
  0.893974    0.48384   0.894566
  0.894975   0.483674   0.846542
  0.896155   0.483667   0.792427
  0.898813   0.485588   0.678177
-0.0247269   0.491393   0.811357
  0.893891   0.485944   0.894707
  0.894877   0.487601    0.84684
   0.89621   0.484861   0.792028
  0.897005   0.486053   0.754723
  0.898738   0.486129   0.678373
 -0.024692   0.491792   0.811312
  0.893953   0.487143   0.894613
  0.894923   0.486983   0.846746
  0.898783   0.486449   0.678416
 -0.024737   0.495021   0.811337
   0.89387   0.487756   0.894749
  0.894927   0.488789   0.846793
  0.896577   0.489883   0.775683
 -0.024703   0.496978    0.81129
  0.893884   0.489552   0.894737
  0.894966   0.492703   0.846772
  0.896573   0.490775   0.775948
-0.0247702   0.499271   0.811367
   0.89388   0.494324   0.894775
    0.8949   0.492693    0.84686
-0.0247609   0.501864   0.811369
  0.893857   0.493749   0.894809
  0.894952    0.49239   0.846785
-0.0247236   0.502254   0.811329
  0.893862   0.495246   0.894815
  0.894936   0.494486    0.84677
 -0.024701   0.504214   0.811308
   0.89384   0.498235   0.894874
  0.894988   0.497794   0.846597
   0.89709    0.49797   0.761803
-0.0247117   0.504303   0.811323
  0.893914   0.499429   0.894759
  0.894977   0.499298   0.846566
  0.897053   0.497935   0.761766
-0.0247329   0.511609   0.811321
  0.893904   0.500933   0.894779
  0.895015   0.499598    0.84649
  0.896495   0.501006   0.786694
  0.897031    0.50098    0.76102
-0.0247702   0.511697   0.811356
  0.894037   0.504802   0.894565
  0.895192   0.502902   0.846114
  0.896447   0.502537   0.786501
  0.900729    0.50301   0.584712
   1.00199   0.501142  0.0856068
-0.0247749    0.51272    0.81135
  0.894083   0.505118   0.894492
  0.895148   0.504398   0.846145
  0.896466   0.506702   0.784237
  0.898207   0.506661   0.698071
  0.900732   0.503887   0.583713
-0.0247251    0.51468   0.811277
  0.894048   0.506614   0.894552
  0.895137   0.506187   0.846135
   0.89643   0.508207   0.784144
-0.0247275   0.517271   0.811262
  0.894141   0.506929   0.894402
  0.894987   0.508323   0.846366
  0.896414   0.508488   0.784218
-0.0247798     0.5227   0.811313
  0.893958   0.510796   0.894714
  0.895024   0.511006   0.846317
  0.896258   0.510624   0.784057
-0.0247597    0.52466   0.811302
  0.893868   0.512912   0.894868
  0.894943   0.511624   0.846449
  0.896209   0.511505   0.783899
-0.0247707   0.524747   0.811318
  0.893927    0.51261   0.894773
  0.894751   0.516447   0.846817
   0.89623    0.51329   0.783267
-0.0247568   0.525137   0.811304
  0.893738   0.517095   0.895091
  0.894741   0.516442   0.846843
  0.896327   0.516182   0.779716
 -0.024749   0.524592   0.811298
  0.893648   0.520078   0.895249
  0.894788   0.516727   0.846776
  0.896613   0.517283   0.773174
-0.0247006    0.52969    0.81125
  0.893734   0.520397   0.895112
  0.894985   0.521551   0.846588
  0.896663   0.518758   0.772344
-0.0247274   0.535424   0.811245
  0.893824     0.5222   0.894976
  0.894959   0.523639   0.846657
  0.896761    0.52055   0.771695
-0.0247212    0.53331    0.81125
  0.893919    0.52458   0.894834
  0.895003   0.521846   0.846558
   0.89677   0.522628   0.771392
-0.0247295   0.537472   0.811215
  0.893949   0.525486    0.89479
  0.895269   0.527242   0.846165
   0.89688   0.526071   0.772314
  -0.02475   0.537559   0.811237
  0.894048   0.527869   0.894646
  0.895101   0.525736   0.846426
  0.896888   0.526317   0.772606
-0.0247284   0.539518   0.811196
  0.894005   0.527884   0.894715
  0.895129   0.530261   0.846409
  0.896879   0.526229   0.772489
-0.0247453   0.542741   0.811195
  0.894051   0.530861   0.894657
  0.895081   0.532055   0.846512
   0.89665   0.530319   0.775622
-0.0247777   0.547536   0.811222
  0.894044   0.531768   0.894674
  0.895047    0.53206   0.846569
  0.896643   0.530577   0.775843
  0.896949   0.530851   0.760936
-0.0247358   0.547925   0.811182
  0.894086   0.532971    0.89461
  0.895026   0.533853   0.846622
  0.896977   0.533176   0.758161
-0.0247928   0.551152   0.811251
  0.894065   0.533878    0.89465
  0.895016   0.534139   0.846647
  0.896893   0.534757   0.758915
-0.0247214    0.55311   0.811172
  0.893848   0.537468   0.895011
  0.894911   0.539277   0.846756
   0.89689   0.535552   0.758963
-0.0247823   0.553199   0.811237
  0.893875   0.539261    0.89497
  0.894907   0.537164   0.846797
-0.0247758   0.557358   0.811223
  0.893905    0.54313   0.894924
  0.894948   0.538961   0.846692
-0.0247716   0.555246   0.811223
  0.893904   0.544036   0.894928
  0.894998   0.544374   0.846552
 -0.024771   0.559406   0.811223
  0.893904   0.544943   0.894934
   0.89494   0.544375   0.846645
  0.896569   0.544147   0.774251
 -0.024774   0.561063    0.81123
  0.893896   0.547333    0.89496
  0.894989   0.546169   0.846548
-0.0247703   0.563022   0.811228
  0.893883   0.549721   0.894993
  0.894907   0.549183   0.846628
  0.896629   0.547377    0.77042
-0.0247803   0.563112   0.811241
  0.893829   0.549747   0.895082
   0.89496   0.550975   0.846521
  0.896744   0.549176   0.768378
   1.00195   0.539594  0.0868717
-0.0247932   0.567269   0.811248
  0.893809   0.552138   0.895122
  0.894905   0.550976   0.846606
  0.896665   0.549126   0.768736
   1.00189     0.5411  0.0868251
-0.0247644   0.569228   0.811212
  0.893808   0.553045   0.895126
     0.895   0.554278    0.84649
  0.896803   0.552931   0.765102
  0.896809   0.553023   0.764874
   1.00196   0.541095  0.0867345
-0.0247438   0.571186   0.811185
  0.893841   0.555425   0.895084
  0.895029   0.556679    0.84653
  0.896908   0.554756   0.763232
  0.898249   0.551868   0.704167
   1.00187   0.544487  0.0869926
-0.0247691   0.572843   0.811208
  0.893907   0.555738   0.894982
  0.894974   0.558185   0.846691
   1.00186   0.545233  0.0869613
-0.0247679   0.575434   0.811189
  0.893871   0.558715   0.895057
  0.894948   0.559084   0.846771
-0.0248171   0.577092   0.811226
  0.893914   0.560516   0.894994
  0.894922   0.559984   0.846853
  0.897229   0.559983   0.741628
-0.0247756   0.579049   0.811159
  0.893681    0.56499    0.89537
  0.894847   0.563288   0.847051
  0.897013   0.560132    0.74846
-0.0247649   0.579441   0.811143
  0.893696   0.565896   0.895351
  0.894786   0.563298   0.847153
  0.897065   0.565117    0.75231
  0.897646   0.562935   0.724855
-0.0247663   0.582662   0.811122
   0.89371   0.566802   0.895333
   0.89475   0.564198   0.847216
-0.0247676   0.585252   0.811119
  0.893724   0.567708   0.895315
   0.89491   0.567496   0.846962
  0.897148   0.568393   0.752229
-0.0248066   0.586909   0.811164
  0.893739   0.568614   0.895298
  0.894895   0.568991   0.846989
  0.897086    0.56835   0.752172
-0.0247617     0.5873   0.811116
  0.893919   0.573361   0.895043
  0.894947   0.571395   0.846895
  0.897105   0.569243   0.752062
-0.0248033   0.588957   0.811169
  0.893926   0.574268   0.895036
  0.894964   0.572293   0.846858
  0.897128   0.570125   0.751739
-0.0247858    0.59468   0.811167
  0.893938   0.576654   0.895027
  0.894972   0.576203   0.846783
-0.0247547   0.596638   0.811131
   0.89394    0.57608   0.895021
  0.895017   0.576492    0.84671
  0.897091   0.576036   0.753382
-0.0247942   0.596729   0.811175
  0.893914   0.578469   0.895075
  0.894968   0.578895   0.846794
  0.897056    0.57684   0.754036
-0.0247512    0.59712   0.811128
  0.893796   0.581457   0.895279
  0.894943   0.579794   0.846844
  0.896999   0.577869   0.755333
  0.897012   0.576651    0.75382
-0.0247991   0.600974   0.811174
  0.893861   0.583251   0.895179
  0.894918   0.580693   0.846899
-0.0247453   0.600733   0.811115
  0.893899   0.585635   0.895118
  0.894941   0.585208   0.846972
  0.896319   0.584977     0.7874
-0.0248128   0.604589    0.81119
  0.893839   0.587136   0.895215
  0.894927   0.586107    0.84702
-0.0248058   0.607177   0.811189
  0.893869   0.588926   0.895169
  0.894896   0.588511   0.847146
  -0.02478   0.609135   0.811167
   0.89381   0.588952   0.895263
  0.894959   0.590312   0.847112
-0.0247563   0.611093   0.811145
   0.89391   0.593703   0.895141
  0.894967   0.593317    0.84719
-0.0247717   0.612749   0.811161
  0.893925   0.594609   0.895124
  0.894987   0.592112   0.847127
-0.0247545   0.613141   0.811145
  0.893893   0.596108   0.895186
  0.895046   0.596014    0.84705
-0.0247759   0.617927   0.811147
  0.893899   0.597014    0.89518
  0.894988   0.596015   0.847139
-0.0247639   0.620515   0.811125
  0.893877   0.599403   0.895225
  0.894966   0.598418   0.847104
-0.0248124   0.622172   0.811171
  0.893897   0.601193   0.895196
  0.894988   0.600212      0.847
 -0.024772   0.624128   0.811111
  0.893874   0.602101   0.895234
  0.894853   0.602339   0.847141
     1.002   0.585747  0.0853777
-0.0248147   0.625784   0.811143
  0.893719    0.60509   0.895493
  0.894815   0.603238   0.847176
   1.00196   0.584564  0.0857553
-0.0247769   0.627739   0.811083
   0.89376   0.608049   0.895433
  0.894836   0.606518   0.847082
  0.901519   0.601288   0.551159
  0.987172   0.592892   0.403168
-0.0247849   0.630329    0.81107
  0.893877   0.609267   0.895245
  0.894902   0.606814   0.846977
   0.98699   0.595502   0.406943
-0.0248201   0.631984     0.8111
    0.8939   0.610173   0.895212
  0.894914   0.608309   0.846948
-0.0247741   0.633941   0.811042
  0.893862   0.611666   0.895278
  0.895023   0.613107   0.846804
  0.901067   0.607014   0.577368
  0.901652   0.604256   0.552815
-0.0248346   0.636229   0.811105
  0.893909   0.614934   0.895219
  0.894955   0.613114   0.846918
  0.896488   0.609704   0.782471
  0.898319   0.608623   0.698453
-0.0248113   0.638185   0.811079
  0.893854   0.614963   0.895308
  0.894991   0.614906   0.846888
  0.896479   0.613643   0.781371
-0.0247706   0.640141   0.811035
  0.893848    0.61587   0.895322
  0.894943   0.614912   0.846965
  0.896402   0.615154   0.781543
  0.901649   0.607406   0.551854
  0.986807   0.604119   0.412607
-0.0248391   0.642429   0.811109
   0.89381   0.619734   0.895383
  0.894961   0.616705   0.846963
  0.896368   0.616661   0.781584
  0.901666   0.610892   0.551775
  0.986769   0.605619   0.412295
-0.0248053   0.644385   0.811067
  0.893842   0.621522   0.895331
  0.894872   0.620323   0.847173
  0.896389   0.618476   0.781313
  0.901102   0.615096   0.572534
-0.0247746   0.646341   0.811026
  0.893807   0.621549   0.895387
  0.894859   0.621222   0.847216
  0.896389   0.621373   0.777941
  0.899969   0.615178   0.622179
  0.986735   0.607259   0.413277
-0.0248449   0.648629   0.811093
  0.893702   0.626315   0.895567
  0.894779   0.624525    0.84745
  0.986442   0.610944   0.420368
-0.0247923   0.649953   0.811029
  0.893716   0.627221   0.895549
  0.894805   0.624816   0.847415
  0.896463   0.623862   0.772731
  0.900371   0.618392   0.606136
-0.0248187   0.650046   0.811059
  0.893709    0.62871   0.895567
  0.894725   0.626921   0.847595
  0.896404   0.625408   0.772976
-0.0248101   0.654196   0.811032
  0.893742   0.629615   0.895519
  0.894814   0.628724   0.847475
  0.896234   0.627711   0.784117
  0.896255    0.62759   0.782984
  0.896446   0.627473   0.774524
  0.896492   0.626565   0.773131
  0.988176    0.61558   0.382708
-0.0248546   0.655852   0.811078
  0.893732   0.634076   0.895553
  0.894877   0.631732   0.847372
  0.896253   0.631091   0.790241
  0.896187   0.628929   0.786234
   0.89645   0.628848   0.774684
  0.900752   0.623627   0.580383
-0.0248373   0.658438   0.811054
  0.893796   0.635268   0.895449
   0.89487    0.63263   0.847379
   0.89613    0.63178   0.791725
  0.896198   0.630809   0.789437
  0.896585   0.631167   0.771796
  0.898341   0.629312   0.694236
-0.0248406   0.661027   0.811052
  0.893836   0.633808   0.895383
  0.894819    0.63503   0.847449
  0.895993   0.635319   0.795876
  0.896251   0.631172   0.790406
   0.89744   0.630832   0.734935
  0.986988   0.621549   0.406959
-0.0248003   0.662982   0.811002
  0.893796   0.637673   0.895447
  0.894867   0.636821   0.847371
  0.896691   0.634521   0.764557
  0.896861      0.633   0.761644
  0.899478   0.629425   0.647286
-0.0248385   0.664637   0.811038
  0.893879    0.64065   0.895313
  0.894819   0.636827   0.847447
  0.895597   0.636152   0.812997
  0.896724   0.634673   0.764133
  0.898275   0.635005   0.695676
  0.899392   0.631565   0.647034
  0.986405   0.624248   0.420668
  0.986426   0.624355   0.420239
-0.0248381   0.667224    0.81103
  0.893875   0.641557    0.89532
  0.894964   0.640114   0.847221
  0.896704   0.637918   0.767395
  0.896707   0.637593   0.766738
  0.897479   0.636383   0.732565
   0.89831   0.635863   0.695442
  0.986394   0.625786   0.419706
-0.0248417   0.668248   0.811033
  0.893895   0.641866   0.895288
  0.894956   0.640104   0.847236
  0.896751   0.639638   0.768318
  0.899982   0.637969   0.625198
  0.986416   0.626559   0.419363
-0.0248284   0.667708   0.811015
   0.89392   0.643656   0.895248
  0.894844   0.645523    0.84741
  0.896827   0.639791   0.768207
   0.89796   0.639543   0.715059
  0.986505   0.629094   0.417556
-0.0248396   0.672489   0.811035
  0.893733   0.647238   0.895555
  0.894896   0.644925   0.847327
  0.898612   0.640888    0.68869
  0.986538   0.629861   0.416782
-0.0247847   0.672251   0.810978
  0.893789   0.648428   0.895465
  0.894887   0.647609   0.847314
  0.986556   0.630672   0.416353
-0.0248331   0.677031   0.811023
  0.893733   0.649935    0.89556
  0.894777   0.649722   0.847466
-0.0248014   0.678986   0.810983
  0.893661    0.65144   0.895683
  0.894761   0.650621   0.847486
  0.898428   0.645621   0.690227
-0.0248694   0.681272   0.811058
   0.89359   0.655297    0.89583
   0.89482   0.651814   0.847385
  0.986498   0.636549   0.417843
-0.0248186    0.68323   0.811008
  0.893669   0.655615   0.895703
  0.894697   0.653921    0.84758
  0.896632   0.651449     0.7673
  0.896503   0.652357    0.76859
   0.98655   0.638405   0.417982
-0.0247205   0.685224    0.81091
  0.893772   0.657994   0.895551
  0.894679   0.654821    0.84761
  0.896582   0.652443   0.768667
  0.896537   0.652771   0.768553
  0.986475   0.638203   0.418173
-0.0246595   0.686243   0.810848
   0.89394   0.660368   0.895283
  0.895019   0.659605   0.847089
  0.986541   0.641752   0.418339
-0.0245981   0.687262   0.810787
  0.894007   0.660686   0.895173
  0.895035   0.660502   0.847067
  0.896298   0.658786   0.784614
  0.896313   0.657187   0.783227
-0.0245374   0.688281   0.810724
  0.893973   0.662179   0.895226
  0.895056   0.662011    0.84704
  0.896524    0.66122   0.783678
  0.893989   0.663085   0.895197
  0.895021   0.662913   0.847103
  0.896954   0.660971   0.762744
  0.893568   0.668449   0.895884
  0.894649   0.666817    0.84773
  0.896221   0.665431   0.784979
  0.896455   0.663422   0.783901
  0.900885   0.656441   0.579725
  0.986989   0.647124   0.407563
  0.893604   0.669353   0.895823
  0.894643   0.667717    0.84775
  0.896179   0.666251   0.785248
  0.899605   0.660688   0.645534
   0.90082   0.656953   0.579781
  0.987105   0.648882   0.406466
  0.987086   0.647337   0.406923
  0.893641   0.670256    0.89576
  0.894637   0.668616   0.847768
  0.896185   0.666458   0.785149
  0.897654   0.665304    0.72257
  0.897736   0.665366   0.720593
  0.897771   0.664923   0.718913
   0.89962   0.661548   0.645554
  0.987056   0.648797   0.406326
  0.893677   0.671158   0.895696
  0.894631   0.669515   0.847785
   0.89604   0.668563   0.785563
  0.896851   0.667228    0.75373
  0.899634    0.66241   0.645587
  0.987126   0.652335    0.40571
  0.893791   0.674111    0.89549
  0.894625   0.670415   0.847802
  0.896113   0.670342   0.785729
  0.896855   0.670694   0.753127
  0.901013   0.663242   0.584868
  0.901378    0.66258   0.567387
  0.987045   0.653845   0.406144
  0.893867   0.673859   0.895366
  0.894875   0.674286   0.847436
  0.896107   0.671826   0.786057
  0.900859   0.664758   0.584871
  0.893909   0.676816   0.895279
  0.894948   0.674595   0.847326
  0.893927   0.677716   0.895249
  0.894995   0.676996   0.847273
  0.970051   0.673396    0.77219
  0.895013   0.677904   0.847246
  0.970092   0.677429   0.771398
  0.896021   0.686002   0.889671
   0.89537    0.68647   0.889878
  0.894595    0.68695   0.890247
  0.893165   0.687881   0.890792
  0.892037   0.687527   0.896054
  0.891316   0.688967    0.88834
  0.843461   0.689831   0.852512
  0.836555   0.689879   0.849261
  0.834305   0.689895   0.847885
  0.836423   0.689892   0.849618
  0.826981   0.689937   0.842779
  0.836739    0.68986   0.848764
  0.839025   0.689845   0.849592
  0.838963   0.689858   0.849277
  0.841435   0.689822   0.849635
  0.836684   0.689857   0.847545
  0.836679   0.689856   0.847913
  0.839178    0.68981   0.849149
  0.834375   0.689853   0.847099
  0.834461    0.68985   0.846912
  0.833724   0.689852   0.846203
  0.832098   0.689862   0.845435
  0.812658   0.690035   0.836158
  0.811914   0.690036   0.835646
  0.811182   0.690037   0.835142
  0.810463   0.690038   0.834689
  0.810154   0.690079   0.835767
  0.810282   0.690059   0.835949
  0.798136   0.690186   0.825079
  0.809299   0.690107   0.836769
  0.799736   0.690185   0.826937
  0.799677   0.690131   0.825274
  0.798018   0.690169   0.824211
  0.797768   0.690206   0.824971
  0.795086   0.690199   0.821865
  0.812981   0.690044   0.830526
  0.792447   0.690236   0.821399
  0.792696   0.690196   0.820899
  0.794499   0.690145   0.822419
  0.785368   0.690303   0.815907
  0.785997   0.690272    0.81448
  0.785556   0.690288   0.813054
  0.781675   0.690372   0.798773
  0.784328   0.690298   0.808197
  0.783284   0.690371   0.808545
  0.783463   0.690316   0.806472
  0.784609    0.69029    0.80775
  0.784617   0.690319   0.808207
  0.784098   0.690327   0.807139
  0.775675    0.69046   0.795264
  0.890293   0.689221   0.889664
  0.890814   0.689476   0.863862
  0.890714   0.689399   0.870703
  0.889779   0.689446   0.876584
  0.890884   0.689361   0.870448
  0.891031   0.689344   0.869157
  0.891289   0.689328   0.865995
  0.892074   0.689191   0.859454
  0.872751   0.689729   0.858795
  0.884418   0.689727   0.865968
  0.880324   0.690212   0.878917
  0.894065     0.6887   0.862336
  0.878886   0.690353   0.875743
   0.86384   0.689912   0.852326
  0.881869   0.689801   0.857628
  0.877855   0.689809   0.857353
  0.876869   0.689805   0.857196
  0.875885     0.6898   0.857058
  0.874905   0.689796   0.856928
  0.874271   0.689843    0.85761
  0.872955   0.689788   0.856619
  0.874858   0.689792   0.856572
  0.870991    0.68978     0.8563
  0.870005   0.689774   0.856412
  0.869032   0.689764   0.856892
  0.868094   0.689751   0.857706
  0.844593   0.689846   0.852875
  0.853311   0.689823   0.855503
  0.850907   0.689839   0.854768
  0.848019   0.689899   0.854613
  0.850821   0.689825   0.854348
  0.848282   0.689852   0.853733
   0.84298   0.689854   0.851844
  0.848213   0.689823    0.85347
  0.847355   0.689819   0.853645
   0.78968   0.690202   0.814634
  0.785143   0.690275   0.808511
  0.784675   0.690275   0.808509
  0.783301   0.690362   0.810731
  0.783835   0.690255   0.810474
  0.783465    0.69024   0.811988
   0.78311    0.69023    0.81294
  0.772455   0.690553   0.788338
  0.773183   0.690519   0.789952
   0.77285    0.69052   0.789676
  0.772548   0.690515   0.789986
  0.773514   0.690478   0.797728
   0.77242     0.6905   0.795499
  0.764697   0.690841   0.760142
  0.764415   0.690858   0.758181
  0.764143   0.690878   0.756003
  0.762315   0.690992   0.741447
  0.763106   0.690952   0.742157
  0.764811   0.690832   0.753955
   0.76268   0.691011   0.735889
   0.76448   0.690862   0.750944
  0.764343   0.690879   0.749266
  0.764211     0.6909   0.747125
  0.764067   0.690917   0.745338
  0.763916   0.690933   0.743799
  0.763774   0.690944   0.742662
  0.762281   0.691091   0.733323
  0.762117   0.691134   0.728879
  0.762382   0.690996    0.74304
  0.763136   0.691165    0.71987
  0.763291   0.691154   0.721016
  0.767915   0.691407   0.691705
  0.766898   0.691419   0.700439
  0.769398    0.69143    0.69476
  0.770257   0.691449   0.692357
  0.771177   0.691448    0.69201
  0.787278   0.691806   0.645331
  0.788149   0.691824   0.643879
  0.789026   0.691863    0.64033
  0.789937   0.691917   0.635129
  0.774879    0.69159   0.681177
  0.774689   0.691581   0.682249
  0.774939   0.691549   0.682187
  0.775159   0.691499   0.681932
  0.781596   0.691759   0.657254
  0.784009   0.691821   0.649655
  0.782673   0.691788    0.65403
  0.789786   0.691996    0.63274
  0.789765   0.692013    0.63269
  0.788986   0.692014   0.634374
  0.791059   0.692021   0.628833
  0.791228   0.692056    0.62875
   0.78983    0.69197    0.63529
  0.792121    0.69203    0.62798
   0.79028   0.691976   0.634747
  0.788234   0.691944   0.640386
  0.788683   0.691925   0.636662
  0.792828    0.69218   0.618934
  0.791765   0.692221    0.61968
  0.791421   0.692168   0.620388
  0.792584   0.692069   0.619108
  0.793224   0.692184   0.618541
  0.792737   0.692114   0.626873
  0.791922   0.692134   0.633997
  0.796672   0.692232   0.619422
   0.79715   0.692262   0.616407
  0.796577   0.692211   0.615367
  0.817538   0.692895    0.54032
   0.81861   0.692929   0.537284
  0.841318   0.693441   0.473102
  0.841101   0.693458   0.473511
  0.816729   0.692827   0.542937
  0.823941   0.693054   0.522013
  0.824167   0.693056   0.521729
  0.809403   0.692457   0.576389
  0.816372   0.692666   0.555308
  0.813259   0.692711   0.565231
   0.82672   0.693111   0.514491
  0.824005   0.693038   0.522299
  0.540205   0.696185   0.190728
  0.881653   0.691128   0.388298
  0.883209    0.69105   0.388631
  0.893452   0.690302    0.37253
  0.894631   0.690303   0.368754
  0.894673   0.690365   0.365443
  0.539092    0.69624   0.193343
  0.539811     0.6962   0.191974
  0.900374   0.690254   0.346381
  0.897195   0.690454   0.348037
  0.827769   0.693157   0.522069
   0.82853    0.69304   0.521787
  0.900471   0.690428   0.336887
  0.899946   0.690431   0.342346
  0.540829   0.696347   0.192026
  0.901223   0.690383   0.343977
  0.914459   0.690147   0.315148
  0.912004   0.690117   0.322263
  0.913069   0.690132    0.31851
  0.906512   0.690388   0.330406
  0.908568   0.690328   0.323115
  0.905482   0.690557   0.326806
  0.906342    0.69055   0.323216
  0.907136   0.690533   0.320929
  0.907998   0.690506   0.319406
  0.909077   0.690468   0.317874
  0.913483   0.690317   0.309254
  0.914529   0.690309   0.306911
  0.913508   0.690338   0.308955
  0.914869   0.690303   0.305704
  0.917727   0.690298   0.298346
   0.91799   0.690295    0.29786
  0.919381   0.690359    0.29318
  0.921624    0.69029   0.287425
  0.922238   0.690296   0.285185
  0.920975   0.690292   0.289005
  0.925507   0.689762   0.283265
   0.92835   0.689606   0.276361
  0.944282   0.690342   0.225942
  0.949982   0.690264   0.213421
  0.935683   0.689179   0.260957
  0.938053   0.689023   0.257672
   0.94092   0.688812   0.255965
  0.942574   0.688674   0.256473
  0.943836   0.688569   0.256877
  0.945039   0.688499   0.254436
   0.94645    0.68845   0.248233
  0.948236    0.68839   0.240146
  0.951097   0.688261    0.23053
  0.953393   0.688145    0.22398
  0.955549   0.688025   0.218934
  0.957653   0.687894   0.215362
  0.959767    0.68774   0.213889
  0.942128   0.689583   0.242374
  0.942868   0.689515    0.24577
  0.943515   0.689471   0.247048
  0.944251   0.689462   0.244265
  0.945202   0.689483    0.23725
   1.00058   0.687929  0.0978391
   0.91436   0.691751   0.129992
  0.913165   0.691768    0.13048
  0.912472   0.691829   0.131587
  0.910835   0.691798   0.131665
   1.00371   0.687991  0.0920884
   1.00329   0.688112  0.0928838
  0.999977   0.688244  0.0995335
   1.00266   0.688382  0.0900692
   0.99988   0.688484  0.0945356
  0.952676   0.691045    0.11803
  0.945823   0.691241   0.120429
  0.950339   0.691079   0.117866
  0.937762   0.691405   0.122416
  0.941995   0.691321   0.120599
  0.940699   0.691347    0.12077
   0.93391    0.69138   0.122035
  0.932999   0.691462   0.123186
  0.931816   0.691474   0.123655
  0.921874   0.691649   0.126794
  0.920654   0.691667   0.127113
  0.919422   0.691686   0.127462
  0.918177   0.691703   0.127935
  0.912959   0.691908   0.131051
  0.915662   0.691735   0.129321
  0.999868   0.688513  0.0939523
  0.972035   0.690623   0.142131
   0.95445   0.690171   0.211143
  0.955163   0.690135   0.218292
   0.96358   0.690236   0.195785
  0.973036   0.690251   0.170731
  0.999057    0.68863   0.104708
  0.999511   0.688611  0.0973673
    1.0019    0.68854   0.094241
   1.00253   0.688412  0.0907436
   1.00315   0.688266  0.0881298
   1.00376   0.688114  0.0859699
  0.948957   0.691147   0.121429
  0.951434   0.691114   0.121065
  0.951005   0.691227   0.122403
   0.95186   0.691115   0.120851
  0.951059   0.691202   0.121843
  0.951211   0.691167   0.121304
  0.950635   0.691237   0.122144
  0.949289   0.691192   0.121259
  0.948698   0.691262    0.12213
  0.948948   0.691215   0.121474
  0.951031   0.691215    0.12167
  0.941844    0.69138   0.122722
   0.93885   0.691438   0.123252
  0.939642   0.691415   0.122995
  0.952983   0.691038   0.118218