 0.924616  0.245209  0.529889
 0.925735  0.246297  0.529627
 0.927991  0.248492  0.529109
 0.930245  0.250691  0.528593
 0.932487   0.25288  0.528066
 0.934753  0.255097  0.527509
 0.935817  0.256146  0.527236
 0.922184  0.242969  0.472475
 0.923176  0.243913  0.471276
 0.924263  0.244957  0.470176
 0.925224  0.245883  0.468954
 0.925673  0.246316  0.468437
 0.926736  0.247345  0.467326
 0.927693  0.248268  0.466106
 0.928751  0.249288  0.464979
 0.929716  0.250217  0.463771
 0.930161  0.250646  0.463255
 0.931208  0.251655  0.462116
 0.932183  0.252593  0.460919
 0.933211  0.253591  0.459775
 0.934192  0.254559  0.458563
 0.934098   0.25447  0.458721
 0.935605  0.255978  0.456903
 0.936556  0.256938  0.455711
 0.936982  0.257365  0.455194
 0.938487  0.258874   0.45337
  0.93943  0.259815   0.45215
 0.939855  0.260234  0.451631
 0.940843  0.261214  0.450501
 0.941266   0.26163  0.449981
 0.923858  0.285726  0.590873
 0.923889  0.285734  0.590872
 0.924705  0.286654  0.591155
 0.924525  0.287679  0.591635
 0.864861  0.229196  0.637063
 0.866424  0.230381  0.636958
 0.854837  0.221991  0.637781
 0.857936  0.224242  0.637563
 0.859508   0.22544  0.637459
 0.921722  0.289602  0.592908
 0.921583  0.289626  0.592939
 0.846323   0.21587  0.638302
 0.849456  0.218177  0.638138
 0.852565   0.22046  0.637945
 0.924033  0.290669   0.59303
 0.929725  0.279724  0.351957
 0.837429   0.20934  0.638587
 0.842109  0.212844  0.638463
  0.84551  0.215386  0.638355
  0.92616  0.293999  0.594234
 0.928657  0.279575  0.351459
 0.828614  0.202953  0.638843
 0.833287  0.206397  0.638708
 0.836528  0.208786  0.638622
 0.925769  0.294846  0.594636
  0.92761  0.279425  0.350951
 0.816524   0.19433  0.639326
 0.824479  0.200049  0.638979
   0.8277  0.202407  0.638886
 0.925774   0.29572  0.594989
 0.924688  0.279045  0.349517
 0.812424  0.191514  0.639573
 0.812478  0.191632  0.639586
 0.818698  0.195973  0.639214
 0.925933  0.296586  0.595315
 0.923637   0.27891   0.34904
 0.803725  0.185549    0.6401
 0.806862  0.187765  0.639929
  0.80999  0.189974  0.639741
 0.925876  0.296622  0.595383
 0.920883  0.278603  0.347796
 0.796418  0.180537  0.640367
 0.802787  0.185041  0.640164
 0.926506  0.297866  0.595837
 0.919823  0.278479  0.347321
 0.785822  0.173093  0.640515
 0.793575  0.178632  0.640426
 0.926595  0.298939  0.596298
 0.927015  0.298913  0.596223
 0.915245  0.278007  0.345096
  0.78272  0.170942  0.640572
 0.784492  0.172284  0.640571
 0.926686  0.299788  0.596659
 0.776736  0.166905  0.640702
 0.783041  0.171301  0.640563
 0.926778  0.300866  0.597121
 0.761772  0.157071  0.641379
  0.76942  0.162176  0.641055
 0.923785  0.301185  0.597497
 0.924286   0.30108   0.59738
 0.762023  0.157296  0.641364
 0.762159   0.15749  0.641378
 0.923641  0.302132  0.597902
  0.74784  0.147748  0.641387
 0.755733  0.153162  0.641426
  0.82463  0.216857  0.641175
 0.826102  0.218662  0.641158
 0.922493   0.30293  0.598209
  0.74647  0.146936  0.641439
 0.746568  0.147118  0.641435
 0.831529  0.225459  0.641005
 0.833651  0.228112  0.640939
 0.922112  0.303793  0.598569
 0.922362  0.303679  0.598492
 0.736966  0.140919  0.641568
 0.740108  0.142877  0.641473
 0.743622  0.145221  0.641466
 0.835047  0.230164  0.640925
 0.837961  0.233884  0.640886
 0.922027  0.304504  0.598833
 0.732672  0.138368  0.641739
 0.735757   0.14029  0.641626
 0.839535  0.236171  0.640925
 0.841653  0.238816  0.640934
 0.922199  0.305316  0.599094
 0.726594  0.134876  0.641956
 0.729683  0.136806  0.641888
 0.843214  0.241094  0.640977
 0.845954  0.244695  0.641004
 0.921854  0.306077  0.599381
 0.721763  0.132007   0.64196
 0.725279  0.134288  0.642017
 0.848299  0.248103  0.641066
 0.848655   0.24846   0.64107
 0.715562  0.128425  0.641973
 0.718644  0.130356  0.641997
 0.850235  0.250825  0.641112
 0.853611  0.255457  0.641153
 0.711081  0.125907  0.641985
 0.712392  0.126838  0.642032
 0.855848  0.258886  0.641145
 0.856026   0.25899  0.641128
 0.704357  0.122297  0.642029
  0.70743  0.124048  0.642001
 0.858137  0.262351  0.641077
 0.861021  0.266678  0.640952
 0.703005  0.121776  0.642101
 0.862263  0.268913  0.640917
 0.862415  0.268955  0.640906
 0.700787  0.120626  0.642158
 0.864913  0.273286  0.640833
 0.865072  0.273358   0.64082
 0.700966  0.120425  0.642069
 0.699563  0.120181  0.642228
 0.866334  0.275558  0.640796
 0.869047    0.2799  0.640758
 0.697203   0.11866  0.642231
 0.699898  0.120067  0.642131
 0.869097  0.280006   0.64075
 0.693621  0.117414  0.642473
 0.870451  0.282328  0.640757
 0.873281  0.286725  0.640761
 0.692185  0.116571  0.642493
 0.873267  0.286901  0.640781
 0.875313  0.290063   0.64077
 0.688001  0.114763  0.642663
 0.691251   0.11631  0.642563
  0.87719  0.293453  0.640793
 0.677478  0.110529  0.642805
 0.879098  0.296737  0.640816
 0.678593  0.110676  0.642714
 0.880259  0.299072  0.640856
 0.881426   0.30098  0.640862
 0.674362  0.108762   0.64272
 0.677612   0.11045  0.642782
  0.88198  0.302222  0.640892
 0.673672  0.108474  0.642729
 0.883795  0.305774  0.640953
 0.884226  0.306459  0.640946
 0.672886  0.107767  0.642635
 0.676576  0.109495  0.642668
 0.885712  0.309809  0.640978
 0.672443  0.107611  0.642649
 0.886681  0.312041  0.640973
 0.887124   0.31275  0.640951
 0.675009   0.10702  0.642153
 0.673366  0.107389  0.642468
 0.888017   0.31494  0.640937
 0.670902   0.10608  0.642453
 0.889922  0.318957  0.640857
 0.670443   0.10558  0.642373
 0.890786  0.321121  0.640831
 0.670538  0.105566  0.642357
 0.892612  0.325099  0.640751
  0.57939 0.0681216  0.638566
 0.893463  0.327286  0.640727
 0.571865 0.0677969  0.639286
 0.894745  0.330116  0.640673
  0.57095 0.0683791  0.639824
 0.571555 0.0678391  0.639357
 0.895104  0.331224   0.64067
 0.569457 0.0679773  0.639727
 0.897221   0.33618  0.640588
 0.540951 0.0676545  0.642957
 0.556643 0.0680736  0.641238
 0.898516  0.339472  0.640564
 0.543087 0.0665468  0.641701
 0.899697  0.342253  0.640544
 0.677212  0.099205  0.639838
 0.549897 0.0664501  0.640746
 0.900001  0.343323  0.640556
 0.650087 0.0999597  0.643548
 0.901162  0.346671  0.640599
 0.901442  0.347172   0.64059
 0.546742 0.0658091  0.640626
 0.902156  0.349342  0.640624
  0.55259 0.0646926  0.638849
 0.902848  0.351488  0.640658
 0.564049 0.0651202  0.637727
 0.904272  0.355291  0.640688
 0.551069 0.0645523  0.638903
 0.554725 0.0644902  0.638378
 0.904549  0.356333  0.640713
 0.547015 0.0644978  0.639363
 0.905537  0.359561  0.640753
 0.905758  0.360003  0.640751
 0.557671 0.0649363  0.638356
 0.906481  0.362173   0.64077
 0.555598 0.0643032  0.638082
 0.907093  0.364326    0.6408
 0.550341  0.063765  0.638152
 0.907637  0.366451  0.640833
 0.546433 0.0637014  0.638583
 0.548478 0.0636644  0.638287
 0.908966   0.37111  0.640882
 0.544293 0.0636217  0.638775
 0.909013  0.371072  0.640872
 0.545958 0.0634819  0.638425
 0.909791  0.373242   0.64087
 0.910644  0.374912  0.640834
 0.544666  0.062836  0.638015
 0.911448    0.3771  0.640824
 0.545171 0.0626693  0.637785
  0.91142  0.377089  0.640823
 0.912421  0.379731  0.640808
 0.547515 0.0630294  0.637777
 0.913423  0.383015  0.640818
 0.540088 0.0623933  0.638156
 0.913648  0.384022  0.640824
 0.538346 0.0622622  0.638246
 0.914437  0.386529  0.640813
 0.538423 0.0621073  0.638083
 0.915025  0.388642  0.640806
 0.545569 0.0628995  0.637965
 0.915564  0.390728    0.6408
 0.544413 0.0627071  0.637922
 0.916723  0.395358  0.640777
 0.543305 0.0624988  0.637856
 0.916609  0.395192  0.640786
  0.52725 0.0604953   0.63789
 0.916829  0.397174  0.640805
 0.529024 0.0608611  0.637959
 0.917091  0.399172  0.640815
 0.532312 0.0610597  0.637819
 0.917615  0.401487  0.640795
 0.945845  0.428002  0.637691
 0.539576 0.0623388  0.638113
 0.531031  0.060905  0.637827
 0.918346  0.404647   0.64076
  0.94604   0.42755  0.637661
 0.534825   0.06161  0.638052
 0.918284  0.404534  0.640766
 0.945139  0.429154  0.637792
 0.536062 0.0618787  0.638109
 0.919564  0.409172  0.640676
 0.944788  0.429689  0.637842
 0.523607 0.0598164  0.637614
 0.919698  0.410104  0.640672
 0.943737  0.431248  0.637989
 0.525706 0.0600116  0.637616
 0.920029  0.412118  0.640658
 0.942747  0.432822  0.638128
 0.511218 0.0579223  0.637405
 0.920437  0.414404  0.640639
 0.941841  0.434414  0.638257
 0.513218 0.0582623  0.637412
 0.920557   0.41531  0.640637
  0.94156  0.434985  0.638297
 0.519758 0.0594114  0.637775
 0.920958  0.418375   0.64063
 0.941268  0.435566  0.638339
 0.509933 0.0577838  0.637362
 0.921089  0.419296  0.640627
 0.939937  0.438237  0.638532
 0.511233 0.0578981   0.63738
 0.921482  0.420577  0.640597
 0.940134  0.437769  0.638503
 0.512586 0.0582145   0.63743
 0.921894  0.422631  0.640575
 0.938488  0.440381  0.638736
 0.509207 0.0573738  0.637124
 0.922639   0.42578  0.640524
 0.922461   0.42505  0.640538
 0.938074  0.440905  0.638793
 0.493542 0.0548467  0.636582
 0.924774  0.429725  0.640308
 0.937719  0.441434  0.638844
 0.492374 0.0546055  0.636494
 0.937371   0.44198  0.638893
 0.490583 0.0543493   0.63647
 0.936414  0.443569  0.639032
 0.486848 0.0535336  0.636208
 0.936077  0.444111   0.63908
 0.490103 0.0541613  0.636416
 0.934918  0.445621  0.639244
 0.488802 0.0538524  0.636279
 0.934343  0.446044  0.639321
 0.477485 0.0516802  0.635582
 0.477921 0.0517182  0.635564
 0.933271  0.447587  0.639476
 0.476113   0.05143  0.635511
 0.933031  0.448216  0.639514
 0.472084 0.0507789  0.635316
 0.932622  0.449976  0.639593
  0.47074 0.0505104  0.635223
 0.932241  0.451751   0.63967
 0.475575   0.05153  0.635675
 0.932065  0.452437  0.639702
 0.465027 0.0493529  0.634875
 0.931518  0.454149    0.6398
 0.459287 0.0480863  0.634349
 0.930941  0.455875  0.639902
 0.457831 0.0477532  0.634202
 0.930754  0.456603  0.639935
 0.453646 0.0470274  0.633944
 0.454047 0.0470722  0.633938
 0.930375  0.458375  0.640011
 0.452212 0.0467681  0.633867
 0.930129  0.460183  0.640066
 0.453484 0.0468633  0.633868
 0.930049  0.460936  0.640083
 0.451892 0.0465758  0.633783
  0.92986  0.462762  0.640125
 0.452043 0.0468202  0.633948
 0.929513  0.465648  0.640196
 0.929535  0.465316  0.640188
 0.929319  0.467134  0.640232
 0.929183  0.468972  0.640266
 0.929184  0.470984  0.640285
 0.929193  0.471802  0.640291
 0.929208  0.473695  0.640307
 0.929257  0.475596  0.640318
 0.929343  0.477509  0.640325
 0.441539 0.0677237  0.639775
 0.929414  0.478355  0.640324
 0.929458  0.479596   0.64033
 0.440743 0.0678718  0.639745
  0.92945  0.480387  0.640339
  0.43998 0.0680181  0.639712
 0.929294  0.482211  0.640374
 0.435906 0.0687289  0.639657
 0.929196  0.482941  0.640393
 0.438168  0.068333  0.639666
 0.928909  0.484729  0.640441
 0.437209 0.0684844  0.639656
 0.928621  0.487613  0.640493
 0.436034 0.0686422   0.63967
 0.928654  0.488404  0.640495
 0.431245 0.0693478  0.639746
 0.928886   0.49053   0.64048
 0.430319  0.069486  0.639749
 0.928977  0.491397  0.640475
 0.429388 0.0696252  0.639753
 0.929062  0.492243  0.640471
 0.424951 0.0701872  0.639784
 0.929256  0.495236   0.64046
 0.426771 0.0699335  0.639839
 0.929255  0.497119  0.640465
 0.425606 0.0700981  0.639852
 0.929148  0.499097  0.640479
 0.419064 0.0714775  0.639764
 0.929077   0.49984  0.640488
 0.418166  0.071685  0.639744
 0.928866  0.501647  0.640511
 0.417258 0.0718874  0.639728
 0.928712  0.503469  0.640526
 0.413893 0.0723962  0.639677
 0.928662  0.504237   0.64053
 0.409214 0.0733635  0.639795
  0.92867  0.506114  0.640523
  0.40816 0.0735466  0.639826
 0.928832  0.508215  0.640495
 0.407274 0.0737317  0.639831
 0.929003  0.511207  0.640461
 0.406417 0.0739177  0.639832
 0.928987  0.512009  0.640461
 0.405456 0.0741033  0.639848
 0.928969  0.512798   0.64046
 0.399126 0.0753609  0.639835
 0.928952  0.514662  0.640456
 0.403144 0.0745411  0.639891
 0.928936  0.516668   0.64045
 0.402158 0.0747678  0.639884
  0.92885  0.518513  0.640452
 0.396698 0.0760505  0.639755
 0.928807  0.519279  0.640454
 0.395813 0.0762868  0.639736
 0.928779  0.522215   0.64044
 0.394942 0.0765146  0.639719
 0.928813  0.523013  0.640431
 0.390907 0.0775628  0.639748
 0.929048   0.52514  0.640388
 0.389928 0.0777629  0.639763
 0.929216   0.52706  0.640352
 0.389045 0.0779664  0.639762
 0.929244  0.527873  0.640342
 0.388157 0.0781721   0.63976
 0.929362  0.529778  0.640312
 0.381588   0.07936  0.639758
 0.929551  0.531879  0.640272
 0.380723 0.0795522  0.639746
 0.929669  0.533784  0.640242
 0.379597  0.079777  0.639748
 0.929706  0.534598   0.64023
 0.378634 0.0799915  0.639735
 0.929884  0.536511  0.640189
 0.374828  0.081053  0.639657
 0.930134  0.538661  0.640133
 0.376728  0.080451  0.639684
  0.93022  0.541617  0.640083
  0.37296 0.0814573  0.639564
 0.930132  0.542365  0.640082
 0.372031 0.0816576  0.639519
 0.930061  0.543098   0.64008
 0.371139 0.0818506  0.639475
 0.929909  0.544906  0.640072
 0.370144 0.0820558  0.639434
 0.929888  0.546749  0.640046
 0.929949  0.546951  0.640036
 0.366222 0.0820228  0.639161
 0.930365  0.549976  0.639935
 0.365281 0.0821443  0.639112
 0.930306  0.549738  0.639944
 0.930965  0.552059   0.63982
 0.347256 0.0714986  0.635411
 0.931381  0.554035   0.63973
 0.355305 0.0792513  0.637835
 0.931796  0.556015  0.639641
 0.932091  0.557213  0.639581
  0.93295  0.560344  0.639421
 0.631363  0.316479  0.642519
   0.6365  0.320176  0.642457
 0.640486  0.323223  0.642433
 0.647854  0.329152  0.642105
   0.6499  0.330916  0.642025
 0.654379  0.334835  0.641863
  0.65779   0.33794  0.641836
 0.933935  0.562805  0.639259
 0.621196  0.309948  0.642721
 0.626868  0.313522  0.642616
 0.630557  0.315985  0.642539
 0.659481  0.339535  0.641868
 0.665028  0.344872  0.641986
  0.66915  0.348975  0.642018
 0.934512  0.564835  0.639152
 0.616472  0.307324  0.642896
 0.620028  0.309441  0.642793
 0.672451  0.352682  0.641948
  0.67467  0.355145  0.641865
 0.935076  0.566115  0.639059
 0.612749  0.305285  0.643045
  0.61606  0.307062   0.64292
 0.619732  0.309169  0.642816
 0.676289  0.357294  0.641823
  0.67903  0.360664  0.641717
 0.935717  0.569181  0.638921
 0.611297  0.304272  0.643063
 0.611855   0.30479  0.643079
 0.681321  0.363899  0.641658
  0.68155   0.36404  0.641647
 0.936258   0.57119  0.638812
 0.936524  0.571574  0.638771
 0.333972 0.0863219  0.637623
 0.607903  0.302678  0.643212
 0.683831  0.367304    0.6416
 0.684788  0.368444  0.641565
  0.93702   0.57356  0.638665
 0.333482 0.0870344  0.637771
 0.607706   0.30198  0.643103
 0.607578  0.302326  0.643189
  0.68631  0.370684  0.641545
 0.688844  0.374021  0.641542
 0.937592  0.575566  0.638546
 0.332512  0.089049  0.638205
 0.591512  0.295999  0.643738
 0.595299  0.297538  0.643602
 0.689687  0.375288  0.641557
   0.9384  0.577963  0.638385
 0.331868 0.0895983  0.638309
 0.589618  0.295345  0.643822
   0.5936  0.296815   0.64364
 0.691968  0.378714  0.641618
 0.693419   0.38071  0.641624
 0.929809  0.570106  0.639612
 0.938566   0.57882   0.63834
  0.33037 0.0912163  0.638589
 0.588618  0.295112  0.643899
 0.695381   0.38405  0.641661
 0.695415  0.383872  0.641655
 0.925063  0.568927  0.640207
   0.9393  0.581169  0.638187
 0.328646 0.0927583  0.638822
 0.594804  0.295801  0.643176
 0.599341   0.29791  0.643239
 0.698643  0.389316  0.641639
 0.923755  0.570409  0.640331
 0.939736  0.583136  0.638081
 0.328101 0.0932201  0.638862
 0.531353  0.270339  0.640701
 0.699242  0.390505  0.641648
 0.700545   0.39242  0.641631
 0.922891  0.571983  0.640398
 0.939935  0.583991  0.638033
 0.940466  0.585509  0.637929
 0.327542 0.0936845  0.638905
 0.700469  0.392508  0.641635
 0.923013  0.571502  0.640395
 0.941234  0.588586  0.637752
 0.325723 0.0951226  0.639067
  0.54662  0.270812  0.637844
 0.702314  0.395888  0.641618
 0.703836  0.398688  0.641543
 0.921806  0.574148  0.640473
 0.941376  0.589405   0.63771
 0.323793 0.0965873  0.639195
 0.532394  0.270247  0.639789
 0.703733  0.398705  0.641554
 0.921555   0.57476  0.640487
 0.941776  0.590638  0.637626
 0.323213 0.0970459  0.639215
 0.504576  0.268743  0.642466
 0.706024  0.403581  0.641445
 0.921118  0.576465  0.640493
  0.94238  0.593669  0.637462
 0.323792  0.096597  0.639176
 0.524095  0.269537  0.639835
 0.705936  0.403585  0.641451
 0.920946   0.57712  0.640495
  0.94276  0.595609  0.637358
 0.942914  0.595949   0.63733
 0.321991 0.0980022  0.639259
 0.525802  0.269601  0.639517
 0.707768   0.40787  0.641401
  0.70813  0.408429  0.641378
 0.920584  0.578848  0.640491
 0.943063  0.596777  0.637288
 0.319873 0.0995147   0.63932
  0.53698  0.270339  0.638912
    0.709  0.410576  0.641357
 0.920468  0.579612  0.640483
 0.943447  0.598716  0.637189
  0.31923 0.0999928  0.639339
 0.535838  0.270249  0.638945
 0.710298  0.413787  0.641331
 0.711039  0.415348   0.64131
 0.919979  0.581301  0.640495
 0.944213  0.601102  0.637033
 0.317246  0.101373  0.639397
 0.533108   0.27009  0.639182
 0.534131  0.270134   0.63905
  0.71102  0.415376  0.641313
 0.919357   0.58408  0.640494
 0.944765  0.603071  0.636912
 0.316556  0.101834   0.63942
 0.523631  0.269488  0.639425
 0.712068  0.418516  0.641292
 0.919245   0.58477  0.640488
 0.945678  0.605521  0.636728
 0.315856  0.102285  0.639446
 0.530341  0.269865  0.639243
 0.712428  0.419561  0.641274
 0.713005  0.421047  0.641231
 0.918891  0.586512  0.640481
 0.946219  0.607465  0.636598
  0.31359  0.103669  0.639537
 0.529381  0.269769  0.639214
 0.529604  0.269782  0.639196
 0.713649  0.423115  0.641191
 0.918985  0.586111  0.640481
 0.947051  0.609881   0.63641
 0.312823  0.104085  0.639574
 0.519923  0.269313  0.639537
 0.714623  0.426228  0.641157
 0.918173  0.588841  0.640497
 0.947571  0.611822  0.636274
 0.308947  0.106334   0.63975
 0.518962  0.269266  0.639545
 0.715537  0.428755  0.641157
 0.918239  0.588423  0.640502
  0.94814  0.613784   0.63613
  0.94837  0.614212  0.636087
 0.308188  0.106733  0.639776
  0.51674  0.269168   0.63972
 0.715466  0.428722   0.64116
 0.917603    0.5912  0.640494
 0.948846   0.61615  0.635955
 0.307475  0.107134  0.639795
 0.515407  0.269104  0.639752
 0.716479  0.431889  0.641195
 0.917503  0.591901  0.640484
 0.917543  0.592026  0.640475
 0.949037  0.616978  0.635903
 0.949612  0.618546  0.635771
 0.308394  0.106641  0.639747
 0.506474  0.268867  0.639864
 0.717901  0.435554  0.641187
 0.917307  0.593791  0.640452
 0.949791  0.619373   0.63572
 0.307624  0.107055  0.639778
 0.504706  0.268824  0.639961
 0.718578  0.437655  0.641193
 0.917186  0.594484  0.640446
 0.950352  0.621329  0.635579
 0.950995  0.622916  0.635442
 0.303656  0.109229  0.639906
 0.503636  0.268807  0.639978
 0.719529  0.440803  0.641208
 0.916924  0.597356    0.6404
 0.951211  0.623746  0.635387
 0.300752    0.1107  0.639948
 0.502674  0.268796  0.639971
   0.7202  0.443215  0.641223
 0.916835  0.598074  0.640391
 0.952168  0.626217  0.635184
 0.298463  0.111983  0.639967
 0.500956  0.268758  0.640051
 0.501463  0.268774  0.640005
 0.720162  0.443141  0.641227
 0.916501  0.599801  0.640384
 0.952808  0.628172  0.635038
 0.299298   0.11152  0.639959
 0.499788  0.268742  0.640056
  0.72079  0.446181  0.641258
 0.916313  0.600429  0.640388
 0.297075  0.112818   0.63996
 0.498847  0.268737  0.640018
 0.720742  0.446124  0.641267
  0.72175  0.449593  0.641258
 0.915463  0.603145  0.640403
 0.296367  0.113248  0.639956
 0.491297  0.268724  0.640069
 0.722105  0.450642  0.641262
 0.915615  0.602743    0.6404
 0.915619  0.602828  0.640396
 0.292887  0.115464  0.639953
 0.489631   0.26872  0.640155
 0.722702  0.452718  0.641277
 0.914722  0.605526  0.640405
 0.293566   0.11501  0.639944
 0.488674  0.268742  0.640153
 0.723017   0.45376  0.641289
 0.914867  0.605108  0.640406
 0.292858  0.115448  0.639936
 0.484404   0.26895  0.640248
 0.723939  0.457133   0.64133
 0.913978  0.607815  0.640407
 0.289339   0.11764  0.639918
 0.483082  0.268992  0.640268
 0.724455  0.460179  0.641405
 0.913755  0.608429  0.640411
 0.288606  0.118074  0.639917
 0.482011  0.269048  0.640246
 0.724552  0.461088  0.641426
 0.913546  0.609021  0.640414
 0.287867  0.118501  0.639918
  0.48093  0.269113  0.640211
 0.724802   0.46304  0.641445
 0.912764  0.610613  0.640444
 0.285157  0.119941  0.639912
 0.475644    0.2694  0.640026
 0.725211  0.465255  0.641416
 0.912459  0.611185   0.64046
 0.284271  0.120387  0.639933
 0.474557  0.269488  0.640025
 0.725559  0.467231  0.641378
 0.911741  0.612813  0.640481
 0.283507  0.120794  0.639947
 0.473203  0.269574  0.640049
 0.725682  0.468144  0.641367
 0.910919  0.615556  0.640469
 0.282776  0.121204  0.639955
 0.468623  0.270066  0.640103
 0.726277  0.471188  0.641347
 0.910789  0.616213  0.640461
 0.280468  0.122495  0.639994
  0.46776  0.270182  0.640082
 0.726731  0.473427  0.641362
  0.91065  0.616879  0.640453
 0.278196   0.12379  0.640036
 0.466758  0.270295  0.640078
 0.726717  0.473267  0.641352
 0.910522  0.617556  0.640444
 0.275903  0.125076  0.640069
 0.462251  0.270714  0.640037
  0.72688  0.475185    0.6414
 0.910311  0.619445  0.640398
 0.278252  0.123744   0.64002
 0.461258  0.270851  0.640035
 0.726962  0.477072  0.641436
 0.910063  0.621186  0.640364
 0.274444  0.125897  0.640074
 0.460332  0.270993  0.640024
 0.727152  0.480004  0.641439
 0.909668  0.622887   0.64035
 0.273666  0.126309  0.640083
 0.459425  0.271129  0.640014
 0.727466  0.482171  0.641412
 0.909462  0.623501  0.640353
 0.270771  0.127773  0.640065
 0.458138  0.271265  0.640044
 0.458435  0.271248  0.640026
 0.727574  0.483066  0.641403
 0.908795  0.625124  0.640376
   0.2685  0.129039  0.640047
 0.457084  0.271383  0.640063
 0.728279  0.487168  0.641406
 0.908508  0.625717   0.64039
 0.267758  0.129456  0.640036
 0.450357  0.272397  0.640132
 0.728578  0.489148  0.641417
 0.907968  0.627393  0.640396
 0.268473  0.129043  0.640054
 0.451827  0.272308  0.640155
 0.728717  0.490239  0.641408
 0.907634  0.629116  0.640375
 0.264888  0.131178  0.639989
 0.448535  0.272749  0.640115
 0.728765  0.490071  0.641404
 0.907388  0.630861  0.640342
 0.264156  0.131609   0.63997
 0.442284  0.274288  0.640062
 0.728793  0.491894  0.641411
 0.907292   0.63166  0.640325
 0.260152  0.133921  0.639849
 0.443893  0.273834  0.640074
 0.728603   0.49365  0.641407
  0.90689  0.633353  0.640312
 0.261337  0.133346  0.639899
 0.443008  0.274071  0.640047
 0.728149  0.496401  0.641366
 0.906288  0.634995  0.640323
 0.258731  0.134803  0.639804
 0.439845  0.275063  0.639996
 0.728173  0.496138  0.641382
 0.905608  0.636616  0.640346
 0.258011  0.135244  0.639782
 0.438986  0.275309  0.639985
 0.727873  0.499988  0.641267
 0.727903  0.500151   0.64126
 0.905401  0.637219  0.640349
  0.25591  0.136536   0.63973
 0.438198  0.275537  0.639974
 0.727972  0.502013  0.641216
 0.905508  0.636794  0.640351
 0.255176  0.136969   0.63971
 0.432662  0.276694  0.640088
 0.432967  0.276663  0.640062
 0.727993  0.502848  0.641208
 0.904998  0.638469  0.640352
  0.92356  0.654114  0.610694
  0.25444    0.1374  0.639691
 0.431672  0.276899  0.640138
 0.728118  0.505773   0.64119
 0.904524  0.640141  0.640348
 0.923767  0.654884  0.610623
 0.924455   0.65653  0.610437
 0.252305  0.138678  0.639649
 0.430838   0.27712  0.640163
 0.728072   0.50556  0.641193
 0.903909  0.641777  0.640363
 0.250039  0.139924  0.639595
  0.42715  0.278109  0.640318
 0.728101  0.507423   0.64119
 0.903141  0.643375  0.640398
 0.925697  0.659751  0.610075
 0.249182  0.140351  0.639579
  0.42898  0.277574  0.640232
 0.727989  0.510409  0.641192
 0.902861  0.643945   0.64041
 0.925914  0.660515  0.609997
 0.248392  0.140747  0.639564
 0.425531  0.278665  0.640341
  0.72801  0.510159   0.64119
 0.902573  0.644518  0.640424
 0.927902  0.665294  0.609337
 0.247623  0.141144  0.639546
 0.422912  0.279787  0.640325
 0.727748  0.512979  0.641211
 0.901476  0.647162  0.640459
 0.928424  0.666561  0.609155
 0.244541  0.142529  0.639451
 0.422226  0.280135  0.640295
 0.727651  0.513735  0.641221
 0.901301   0.64777  0.640457
 0.928977  0.668421  0.608908
 0.929302  0.668935  0.608817
 0.243764  0.142917  0.639429
 0.419174  0.281508  0.640146
 0.727356  0.516547  0.641258
 0.901134  0.648404  0.640453
 0.929869  0.670797  0.608563
 0.241388  0.144148   0.63939
 0.418378   0.28186  0.640117
 0.727367  0.516286  0.641256
 0.900346    0.6512  0.640445
 0.930493  0.672674  0.608298
 0.930758  0.673166  0.608212
 0.236625  0.146408  0.639282
 0.415765  0.283005  0.640063
 0.727177  0.519114  0.641258
  0.90003  0.651762  0.640462
 0.931242  0.675009   0.60796
 0.931513  0.675482  0.607872
 0.238216  0.145764  0.639326
 0.416774  0.282516  0.640077
 0.727097   0.52107  0.641232
 0.899716  0.652286  0.640479
 0.932029   0.67733    0.6076
  0.23507  0.147167  0.639226
 0.413839  0.283598  0.640086
 0.727042  0.521839  0.641222
 0.899352  0.652799  0.640503
 0.932516  0.679155  0.607314
 0.932442  0.678516  0.607397
 0.236629  0.146557  0.639289
 0.415302  0.283081  0.640055
  0.72687  0.523628  0.641204
 0.898413   0.65437  0.640556
 0.933257  0.681438  0.606911
 0.233463  0.147931  0.639175
 0.411871   0.28414  0.640133
   0.7267  0.525422  0.641195
 0.897826  0.656035  0.640564
 0.933702   0.68263  0.606698
 0.231045  0.149127  0.639107
 0.408499  0.285177  0.640227
 0.726568  0.527229  0.641193
 0.897406  0.657732  0.640552
 0.934146  0.684423  0.606393
 0.934479  0.685037  0.606275
 0.230193  0.149498   0.63908
 0.407683  0.285442  0.640243
 0.726521  0.528013  0.641195
 0.897014  0.659432  0.640537
 0.226314  0.143745  0.355762
 0.227664  0.150686  0.638977
 0.406849  0.285706  0.640261
  0.72644   0.52984  0.641201
 0.726444  0.529944  0.641201
  0.89708  0.659025  0.640543
 0.935159  0.687571  0.605891
 0.935835  0.689209  0.605637
 0.226825  0.151057  0.638938
 0.402809  0.286919  0.640349
 0.726295  0.531744  0.641221
 0.896672  0.660722   0.64053
 0.226269   0.14757  0.354361
 0.936744  0.691593  0.605298
 0.225985  0.151433  0.638896
 0.404523  0.286267  0.640368
 0.725936  0.534558  0.641269
 0.896075  0.663479  0.640497
 0.937396  0.693455   0.60505
  0.22514  0.151813  0.638854
 0.401144  0.287616  0.640378
 0.725962  0.534257  0.641262
 0.895942  0.664132  0.640486
 0.937611  0.694177   0.60496
 0.226631  0.153597  0.352113
 0.220313  0.153959  0.638547
 0.397632   0.28971  0.640353
 0.725636  0.535986  0.641281
 0.895819  0.664798  0.640473
 0.226541  0.154312  0.351888
 0.226744  0.154839  0.351666
 0.219482  0.154328   0.63849
 0.398284  0.289275  0.640349
 0.725228  0.537689  0.641282
 0.895451  0.666582   0.64044
  0.22669  0.155564   0.35143
 0.218649  0.154698  0.638432
 0.396379  0.290574  0.640309
 0.725039  0.538374  0.641278
 0.894947  0.668247  0.640425
 0.226954  0.158697  0.350202
 0.215177  0.156028  0.638159
 0.395718  0.291003  0.640293
 0.724557  0.540042   0.64124
 0.894711  0.668844  0.640426
 0.227083  0.161099  0.349345
 0.227302  0.161608  0.349112
 0.214285  0.156351  0.638083
 0.393677  0.292268  0.640262
 0.724048  0.541753   0.64118
 0.894486  0.669417  0.640426
 0.227208  0.162317  0.348871
  0.22739  0.162833  0.348643
 0.213389  0.156675  0.638007
 0.391007  0.293672  0.640196
 0.723555  0.543425  0.641119
 0.893629  0.670963  0.640456
 0.227564  0.165493  0.347659
 0.212494     0.157   0.63793
   0.3903  0.294064  0.640178
 0.723384  0.544196  0.641096
 0.893311  0.671471   0.64047
   0.2277  0.167054  0.347123
 0.227888  0.167608  0.346889
 0.216925  0.167028  0.640031
 0.388056  0.295284  0.640132
 0.722826  0.546917  0.641047
   0.8922  0.672949  0.640532
 0.227817  0.169347  0.346193
  0.22811  0.170738  0.345645
  0.21651  0.167714  0.640075
 0.387274  0.295658  0.640123
 0.722869  0.546639  0.641052
 0.891806   0.67344  0.640556
 0.228031  0.171413  0.345402
 0.215477  0.169605  0.640215
 0.386474  0.296017  0.640121
 0.722666  0.548418  0.641036
 0.890794  0.674958  0.640604
 0.946819  0.717951  0.600949
 0.214007  0.171087  0.640232
 0.385586  0.296393  0.640125
 0.722584   0.54917  0.641032
  0.88963  0.677578  0.640616
 0.946916  0.718594  0.600825
 0.213402  0.171628  0.640229
 0.384837  0.296727  0.640123
 0.722245  0.551963  0.641017
  0.88982  0.677166  0.640614
 0.947279  0.719712  0.600588
 0.228775  0.179817  0.342255
 0.212795   0.17217  0.640226
 0.382247  0.297901  0.640161
 0.721909  0.553701  0.641007
 0.888973  0.679862   0.64058
 0.228734  0.180519  0.342004
 0.212185  0.172711  0.640223
 0.379719  0.299083  0.640192
  0.72151  0.555415  0.640999
   0.7215  0.555472  0.640998
 0.889105  0.679432  0.640588
 0.228812  0.182052   0.34145
 0.228987  0.182591  0.341208
 0.210593  0.174112  0.640213
 0.380708  0.298599  0.640163
 0.721322  0.556161  0.640998
 0.888412  0.681024  0.640588
 0.229016  0.184116  0.340666
 0.229243  0.185719  0.339963
 0.209961  0.174639  0.640208
 0.376521  0.300634  0.640219
 0.720844  0.557846  0.641007
 0.887448  0.682545   0.64062
 0.229182  0.186418  0.339729
 0.208375  0.176048   0.64021
 0.375447  0.301167  0.640237
  0.72065  0.558519  0.641014
 0.887098  0.683053  0.640634
 0.229439  0.188503  0.338985
 0.206769  0.177488  0.640225
 0.374674  0.301551  0.640264
 0.720156  0.560198   0.64104
 0.886127  0.684566  0.640661
  1.01238  0.778568  0.619656
 0.206127  0.178016  0.640232
 0.372513  0.302849  0.640313
 0.719642  0.561871  0.641071
 0.885859  0.685129  0.640661
  1.01305  0.780423  0.619397
  1.01288  0.779795   0.61949
 0.204594  0.179443  0.640259
 0.371853  0.303299  0.640327
 0.719101  0.563539  0.641105
 0.885214  0.686792  0.640629
 0.229868  0.196265  0.335948
 0.203093   0.18087  0.640285
 0.370115   0.30465  0.640355
 0.718876  0.564195  0.641117
 0.884999  0.687396  0.640618
 0.229897  0.196964  0.335699
   0.2301  0.197523  0.335462
 0.202518  0.181435  0.640296
 0.367531  0.306922  0.640385
 0.718317  0.565855  0.641142
 0.884344  0.689008  0.640585
 0.230061  0.198217  0.335229
 0.201039  0.182868  0.640318
 0.367017  0.307431  0.640375
 0.718089  0.566507  0.641149
  0.88409  0.689588  0.640578
 0.200474  0.183439  0.640327
 0.365542  0.308845  0.640365
 0.717866  0.567159  0.641156
 0.883293  0.691159  0.640562
 0.198812  0.184985  0.640342
 0.365914  0.308472  0.640361
 0.716844  0.569784  0.641161
  0.88253  0.692734  0.640543
 0.198238  0.185547  0.640348
 0.364407  0.309871  0.640344
 0.716976  0.569426  0.641167
 0.881784   0.69431  0.640522
  0.19575  0.187823  0.640368
 0.363836   0.31038  0.640334
 0.716332  0.571048   0.64115
 0.881435  0.694876  0.640522
  0.19611  0.187515  0.640363
 0.362167  0.311732  0.640312
 0.715768  0.572694   0.64111
 0.881095  0.695388  0.640525
 0.192789  0.190665  0.640398
  0.36156    0.3122  0.640305
 0.715017  0.575471  0.641004
 0.880748  0.695874  0.640531
 0.192236  0.191241  0.640405
 0.359306  0.313603  0.640281
 0.714812  0.576128  0.640976
 0.879604   0.69733   0.64056
 0.192534  0.190934  0.640393
 0.358623  0.314026  0.640281
 0.714255  0.577772  0.640923
 0.878604  0.698834   0.64057
 0.191121  0.192394  0.640421
 0.356477  0.315271  0.640289
 0.713987  0.578396  0.640908
 0.878311  0.699397  0.640562
 0.189738  0.193858  0.640452
 0.354284  0.316564  0.640308
  0.35436  0.316527  0.640307
 0.713314   0.58001  0.640882
 0.877084  0.702006  0.640523
  0.18836   0.19532  0.640481
 0.353583  0.316973  0.640309
 0.713036  0.580629  0.640873
 0.876754   0.70255  0.640519
 0.187808  0.195908  0.640491
 0.352886  0.317399  0.640305
  0.71209  0.583267  0.640839
 0.876391  0.703062   0.64052
  0.18641  0.197357  0.640508
 0.351012  0.318712  0.640296
 0.711873   0.58392  0.640831
 0.876033  0.703542  0.640524
 0.186685   0.19709  0.640513
 0.351528   0.31828  0.640287
 0.711653  0.584573  0.640822
 0.875623     0.704  0.640535
  0.18441  0.199369  0.640518
 0.348569    0.3205   0.64028
 0.710702  0.587213  0.640803
 0.874373  0.705443  0.640574
 0.182801  0.200902  0.640505
 0.346815  0.321834  0.640272
 0.710848  0.586855  0.640803
 0.873416   0.70697  0.640572
 0.182211   0.20147  0.640504
 0.346226  0.322332  0.640277
 0.710608  0.587485    0.6408
 0.872815  0.708592  0.640519
 0.180694  0.202899  0.640488
 0.345664  0.322817   0.64028
 0.709114  0.591119  0.640796
 0.872643   0.70922  0.640488
 0.921922  0.744989  0.516556
 0.924982  0.747206  0.516122
   0.1792  0.204316   0.64047
 0.345094  0.323285  0.640287
 0.708873  0.591751  0.640794
 0.872162  0.710879  0.640417
 0.177712  0.205734  0.640453
 0.341966  0.325611  0.640411
 0.708619  0.592377  0.640793
 0.871937  0.711469  0.640396
 0.177109  0.206289  0.640444
 0.341374  0.326113  0.640438
 0.707426  0.594949  0.640805
 0.871728  0.712027  0.640376
 0.175675  0.207724  0.640431
 0.339897  0.327528  0.640494
 0.707087  0.595538  0.640817
 0.870801  0.713537  0.640366
 0.175897  0.207407  0.640426
 0.338631  0.328995  0.640527
 0.707303  0.595151  0.640812
 0.869685     0.715   0.64038
 0.173788   0.20978  0.640426
 0.338835  0.328688  0.640524
 0.705924  0.597679  0.640845
 0.869296  0.715481  0.640389
 0.172555  0.211275  0.640437
 0.337012  0.331085  0.640532
 0.705619  0.598272  0.640851
  0.86816  0.716938  0.640405
 0.171374  0.212783  0.640454
 0.337247  0.330793  0.640533
 0.705315  0.598868  0.640857
  0.86717  0.718428    0.6404
  0.17015  0.214379  0.640475
 0.336067  0.332274  0.640522
 0.704462  0.600472  0.640859
 0.867438  0.717977  0.640413
 0.169676  0.215025  0.640486
 0.334756  0.333699  0.640509
 0.703043     0.603  0.640857
   0.8666  0.719525   0.64039
 0.168522  0.216536  0.640503
 0.333335  0.335104  0.640492
 0.702701  0.603569  0.640856
  0.86582  0.721151   0.64036
 0.168728  0.216321  0.640507
 0.331888   0.33651   0.64046
 0.702936  0.603183  0.640865
 0.865083  0.722729  0.640334
 0.166869  0.218681  0.640522
 0.330417  0.337911  0.640415
 0.701487  0.605686  0.640831
 0.864807  0.723293  0.640328
  0.16506  0.221059  0.640546
 0.329855  0.338449  0.640405
 0.701169  0.606269   0.64082
 0.864537  0.723843  0.640323
 0.164582  0.221703  0.640554
 0.328157  0.339936  0.640375
  0.70087  0.606856  0.640806
 0.863655  0.725373   0.64032
 0.164105  0.222347  0.640562
 0.327574  0.340457  0.640374
 0.699994  0.608389  0.640769
 0.863339  0.725909  0.640321
 0.163007  0.223872  0.640585
 0.326089  0.341854  0.640368
 0.699036  0.609903   0.64075
 0.862457  0.727445  0.640322
 0.161283  0.226279  0.640619
 0.324742  0.343282  0.640357
 0.698673  0.610447  0.640746
 0.862162  0.727989  0.640321
 0.160798  0.226915  0.640621
 0.323503  0.344736  0.640342
 0.697663  0.611951   0.64075
 0.861288  0.729522  0.640324
 0.160312  0.227554  0.640624
 0.323742  0.344418  0.640337
 0.697291  0.612496  0.640752
 0.860988  0.730044  0.640325
 0.159152  0.229054  0.640624
 0.322522   0.34589  0.640328
 0.696318  0.614017  0.640768
 0.859983  0.731529  0.640348
 0.157962  0.230544  0.640616
 0.321276  0.347356  0.640332
 0.694785  0.616507  0.640799
 0.858926  0.733001  0.640379
 0.156759  0.232027  0.640603
 0.320766   0.34792  0.640333
 0.694448  0.617071  0.640803
 0.857939   0.73449    0.6404
 0.155488  0.233611  0.640592
  0.31946  0.349369  0.640342
  0.69411  0.617638  0.640807
 0.857653  0.735023    0.6404
 0.155017   0.23426  0.640595
 0.318144   0.35081  0.640338
 0.693774  0.618207  0.640811
 0.856887  0.736588  0.640391
 0.153906  0.235766  0.640599
 0.316829   0.35225  0.640318
 0.692878  0.619742  0.640822
 0.857085  0.736167  0.640392
 0.152832  0.237287  0.640612
 0.316332  0.352827  0.640311
 0.691402  0.622239  0.640842
 0.855995  0.738772   0.64036
  0.15237  0.237942  0.640616
 0.314966  0.354361  0.640289
 0.691632  0.621844  0.640838
 0.855722  0.739333  0.640357
 0.151279  0.239459  0.640624
 0.314483  0.354948  0.640288
 0.690758   0.62339  0.640846
 0.854838  0.740862  0.640367
  0.15018  0.240977  0.640627
 0.312642  0.357309  0.640299
 0.689908  0.624941  0.640851
 0.854499  0.741377  0.640375
 0.149073  0.242494  0.640628
 0.311639  0.358829  0.640312
 0.689019  0.626482  0.640863
 0.854152   0.74188  0.640384
 0.149218  0.242261  0.640623
 0.311262  0.359477  0.640316
 0.688661  0.627046  0.640873
 0.852439  0.744339  0.640432
 0.147459  0.244644  0.640623
 0.310338  0.361033  0.640328
 0.688307    0.6276  0.640883
 0.852088  0.744844   0.64044
   0.1463  0.246144  0.640616
 0.309371  0.362585  0.640343
 0.686675  0.630056  0.640923
 0.851732  0.745345  0.640449
 0.145791  0.246767  0.640608
 0.309537   0.36232  0.640339
 0.686347  0.630612  0.640925
 0.850616  0.746799  0.640483
 0.144586  0.248247  0.640589
 0.309131  0.362949  0.640347
 0.686012  0.631179  0.640926
 0.850222  0.747275  0.640496
 0.143351  0.249717   0.64056
 0.306754  0.366228   0.64039
 0.685051   0.63276  0.640915
 0.849056  0.748711  0.640529
 0.142087  0.251172  0.640524
 0.305669  0.367729  0.640402
 0.684709  0.633321  0.640912
 0.848675  0.749204  0.640538
 0.141476  0.251901  0.640508
 0.305235  0.368344  0.640404
 0.683656  0.634801  0.640899
 0.848291  0.749721  0.640545
 0.140311   0.25339  0.640489
 0.304799  0.368964  0.640405
  0.68253  0.636266  0.640893
 0.846818  0.752199  0.640513
 0.139225  0.254895  0.640483
 0.303754  0.370479   0.64041
  0.68212  0.636786  0.640892
 0.846526  0.752744    0.6405
 0.138202  0.256417  0.640486
 0.302711  0.371995  0.640416
 0.681709  0.637304  0.640891
 0.845543  0.754329  0.640463
 0.137768  0.257092  0.640491
 0.302894  0.371724  0.640413
 0.680538   0.63875  0.640882
 0.845196   0.75485  0.640456
 0.136827  0.258649  0.640511
 0.301284  0.374161   0.64044
 0.679355  0.640195  0.640874
 0.844861  0.755356  0.640449
 0.136419  0.259343  0.640522
 0.300351  0.375714  0.640464
 0.678924  0.640696   0.64087
 0.843677  0.756772  0.640434
 0.135569  0.260939  0.640562
 0.298966  0.378184  0.640505
 0.676932  0.643074  0.640863
 0.843273  0.757227  0.640437
 0.134266  0.263407  0.640622
 0.299103  0.377947  0.640501
 0.677275  0.642629  0.640857
 0.842847  0.757683  0.640441
 0.134363  0.263252  0.640621
 0.297627  0.380445  0.640521
 0.676839  0.643126  0.640851
 0.841608  0.759096  0.640433
 0.133473  0.264811  0.640647
 0.297267  0.381103  0.640517
 0.675602  0.644549  0.640837
 0.840434  0.760536  0.640419
 0.109478   0.25391  0.342451
 0.110453  0.253902  0.342233
 0.132501   0.26634  0.640655
 0.296899  0.381773  0.640513
 0.674334  0.645962  0.640816
 0.840035  0.761024  0.640412
 0.108543  0.254103  0.342656
 0.130851  0.268706  0.640641
  0.29554  0.384231   0.64047
 0.673032  0.647365  0.640785
 0.838911  0.762473  0.640392
  0.10348  0.255069  0.343766
 0.104289  0.255068  0.343585
 0.129765   0.27021  0.640625
 0.294629   0.38579  0.640451
  0.67168  0.648749  0.640742
 0.837878  0.763942   0.64036
 0.103134  0.255312  0.343842
 0.129314  0.270873  0.640622
 0.294761  0.385539  0.640453
 0.671206  0.649226  0.640729
 0.837537  0.764445  0.640342
 0.101617  0.255559   0.34418
 0.102533  0.255551  0.343975
 0.128862  0.271537  0.640619
 0.293151  0.387949   0.64045
 0.670735  0.649701  0.640717
   0.8365  0.765919  0.640308
 0.104442  0.255042  0.343555
 0.127428  0.273993   0.64064
  0.29211  0.389457  0.640456
 0.670264  0.650174  0.640705
 0.836087  0.766394  0.640301
 0.095883  0.256768  0.345455
 0.100236  0.256014  0.344486
 0.127504  0.273805  0.640634
 0.292269   0.38919  0.640452
 0.668773  0.651641  0.640662
 0.834799  0.767793  0.640299
0.0953497  0.257021  0.345575
 0.126685   0.27543  0.640668
 0.290751  0.391621  0.640466
 0.667486  0.653038   0.64063
 0.834344  0.768229    0.6403
0.0904341  0.258006  0.346676
0.0946432  0.257237  0.345733
 0.124843  0.278808  0.640714
 0.290866  0.391363  0.640459
  0.66707  0.653548  0.640622
 0.832994   0.76961  0.640303
0.0901271  0.258283  0.346745
 0.124421  0.279491  0.640715
 0.289503  0.393841  0.640492
 0.665907  0.654988  0.640599
 0.832588  0.770073  0.640295
0.0888806  0.258553  0.347024
 0.122807  0.281899  0.640693
 0.288708  0.395424  0.640516
 0.665502  0.655509  0.640594
 0.831428  0.771501  0.640267
0.0884026  0.258846  0.347132
 0.122946   0.28169  0.640695
 0.287985  0.397026   0.64053
 0.664348  0.656953  0.640587
 0.831035  0.771976  0.640259
0.0868721  0.259125  0.347475
 0.121273  0.284058  0.640653
 0.287684  0.397731  0.640528
  0.66393  0.657463  0.640589
 0.830642   0.77244  0.640252
0.0862759   0.25941  0.347609
 0.120799  0.284705  0.640639
  0.28665  0.400262  0.640503
 0.663517  0.657964  0.640591
 0.829358  0.773825  0.640243
0.0818928  0.260457  0.348593
 0.120326  0.285353  0.640624
 0.286327  0.400962  0.640489
 0.662259  0.659378  0.640612
 0.828931  0.774278  0.640244
 0.081284  0.260743   0.34873
  0.11816  0.288608  0.640591
 0.285539  0.402551  0.640465
 0.661015  0.660796  0.640637
 0.828477  0.774741  0.640248
0.0731464  0.262498  0.350556
 0.117709  0.289267  0.640579
 0.285692  0.402335  0.640462
 0.659856  0.662237  0.640654
 0.827253  0.776255   0.64022
0.0727242  0.262773   0.35065
 0.117258  0.289928  0.640568
 0.284249  0.404766  0.640447
 0.659463  0.662763  0.640654
 0.826235  0.777728  0.640191
0.0715766  0.263045  0.350906
 0.116255  0.291456  0.640544
 0.283854   0.40543  0.640444
 0.658383  0.664228  0.640654
  0.82589  0.778239  0.640184
0.0711316  0.263343  0.351005
 0.115292  0.292994  0.640527
 0.282489  0.407942  0.640419
 0.657241  0.665679  0.640654
 0.824761  0.779679  0.640182
0.0695741  0.263625  0.351353
 0.114437  0.294563  0.640531
 0.282189  0.408653  0.640413
 0.656789  0.666176  0.640654
 0.824349  0.780146  0.640188
0.0717834  0.263147  0.350858
 0.114101  0.295303  0.640544
 0.281137  0.411162  0.640406
 0.656346  0.666668  0.640653
 0.823092  0.781546  0.640212
0.0700155  0.263429  0.351254
 0.113422   0.29694  0.640581
 0.280849  0.411886  0.640414
 0.655038  0.668059  0.640645
 0.822675  0.782004  0.640221
0.0667873  0.264514  0.351975
  0.11249  0.299465  0.640653
 0.279864  0.414402   0.64045
 0.654573  0.668539  0.640639
 0.821327  0.783376  0.640263
0.0653776  0.264828   0.35229
 0.112199  0.300231  0.640669
 0.279662  0.415153  0.640455
 0.653178  0.669902  0.640615
 0.819815  0.784706  0.640329
 0.064744  0.265133  0.352431
 0.111537   0.30186  0.640697
 0.279065  0.417779  0.640458
 0.651498  0.671327  0.640579
 0.819352  0.785122  0.640348
0.0581747  0.267012    0.3539
0.0588394  0.266959  0.353751
 0.110803  0.303523  0.640711
 0.279091  0.417645  0.640454
 0.650939  0.671757  0.640578
 0.818905   0.78555  0.640364
0.0575267  0.267329  0.354044
 0.109676  0.306037  0.640724
 0.278929  0.418454  0.640449
 0.650388  0.672177  0.640577
  0.81843  0.785989  0.640382
0.0562407  0.267678  0.354331
0.0568866  0.267632  0.354187
  0.10976  0.305907  0.640722
 0.278353  0.421066  0.640406
 0.648591  0.673458   0.64057
 0.817144  0.787387   0.64042
0.0555778  0.267972  0.354479
 0.109012  0.307509  0.640721
 0.277787  0.422717  0.640398
 0.648011  0.673862  0.640571
 0.815971   0.78881  0.640442
0.0537907  0.268312  0.354878
0.0546537  0.268266  0.354685
 0.107776  0.309964  0.640705
 0.276682  0.425216  0.640427
 0.647464  0.674266  0.640569
 0.815579  0.789288  0.640448
 0.874276  0.828509  0.629626
 0.107864  0.309822  0.640707
 0.277154  0.424117  0.640412
 0.645608  0.675499   0.64058
 0.815187  0.789763  0.640453
  0.86963  0.829198   0.63002
 0.106196  0.313109  0.640678
 0.276115   0.42665  0.640455
 0.643694  0.676723  0.640602
  0.81402   0.79118  0.640472
  0.87264  0.828778  0.629768
 0.105881  0.313859   0.64068
 0.275607  0.428311  0.640473
 0.643114  0.677107  0.640599
 0.812797  0.792585  0.640495
 0.105562  0.314611  0.640682
 0.275008   0.43092  0.640481
 0.641323  0.678359  0.640594
 0.811563   0.79399  0.640514
 0.105241  0.315365  0.640685
 0.275062   0.43088  0.640475
 0.639642  0.679629  0.640561
 0.811945  0.793522   0.64051
 0.104361  0.317908  0.640719
 0.274518  0.433512  0.640485
 0.640209  0.679187  0.640567
 0.810795  0.794952  0.640514
 0.103751   0.31955  0.640734
 0.274129  0.435211    0.6405
 0.639678  0.679604  0.640549
 0.809629   0.79637  0.640512
 0.103117  0.321184  0.640744
 0.273686  0.436895  0.640522
 0.637971  0.680865  0.640524
 0.809211  0.796827  0.640515
 0.102486  0.322818  0.640753
 0.273197  0.438565  0.640552
 0.636107  0.682084  0.640512
 0.807818  0.798198  0.640528
 0.857495  0.830335  0.631203
 0.101873  0.324457  0.640764
 0.273234  0.438409   0.64055
 0.635442  0.682498  0.640517
 0.807346   0.79863  0.640536
 0.853319  0.830996  0.631587
 0.101266  0.326098  0.640773
 0.272489  0.440995  0.640603
 0.633355  0.683824  0.640516
 0.805795  0.800045  0.640536
 0.855727  0.830596  0.631367
 0.100286  0.328601  0.640766
 0.271815  0.443602  0.640642
 0.632774  0.684226  0.640522
 0.805336  0.800476  0.640538
 0.100319  0.328484  0.640768
  0.27184  0.443447  0.640639
 0.631039  0.685486  0.640537
 0.804878  0.800907  0.640539
 0.850587  0.831326  0.631851
0.0996384  0.330096  0.640755
 0.271388  0.445123  0.640651
 0.630504  0.685915  0.640541
  0.80343  0.802235  0.640521
0.0989638  0.331713  0.640745
 0.270651  0.447702  0.640662
 0.628968  0.687232   0.64055
 0.802147  0.803611  0.640485
 0.845455  0.832171   0.63233
0.0979748   0.33421  0.640744
 0.270181  0.449373   0.64067
 0.628466  0.687689  0.640551
 0.801773  0.804087  0.640462
0.0980208    0.3341  0.640742
 0.270224  0.449228  0.640669
 0.627975  0.688147   0.64055
 0.800667  0.805519  0.640399
0.0977334  0.334863  0.640741
   0.2698  0.450917  0.640672
 0.626505  0.689479  0.640557
 0.800262  0.805994  0.640376
0.0970892   0.33648  0.640731
 0.269425  0.452693  0.640664
 0.624931  0.690781  0.640572
 0.799866  0.806459  0.640353
 0.094902  0.340637  0.640626
 0.268927  0.455329  0.640639
 0.624381    0.6912  0.640577
 0.798512  0.807818  0.640321
0.0945975  0.341391  0.640623
 0.268777  0.456122   0.64063
 0.622645  0.692454  0.640596
 0.797024  0.809141  0.640308
0.0942896  0.342143  0.640621
  0.26845  0.457839  0.640625
 0.621984  0.692885  0.640604
 0.796541  0.809556    0.6403
0.0936786  0.343774  0.640633
  0.26819  0.459583  0.640629
 0.620188  0.694111  0.640603
 0.795088  0.810881   0.64028
0.0931584  0.345438  0.640669
 0.268058    0.4623  0.640634
 0.619592  0.694505    0.6406
 0.794614  0.811304  0.640273
0.0923308  0.347995  0.640724
 0.268095  0.464127  0.640634
 0.617335  0.695815  0.640558
 0.794143  0.811719  0.640266
0.0920206  0.348746  0.640729
 0.268145  0.465962  0.640625
 0.616698  0.696181   0.64055
 0.793681  0.812121  0.640259
0.0917101  0.349498  0.640734
  0.26815  0.467928  0.640602
 0.616082  0.696542  0.640541
 0.790886   0.81426  0.640271
0.0913988  0.350248  0.640739
 0.268062  0.468761  0.640595
 0.613837  0.697645  0.640515
 0.790479  0.814699  0.640261
 0.823974  0.835722  0.634347
0.0895491   0.35442  0.640742
 0.267767  0.470477   0.64059
 0.613161  0.697975  0.640506
 0.790059  0.815173  0.640249
 0.820212  0.836451  0.634682
0.0892283  0.355164  0.640745
 0.267377  0.472166  0.640592
 0.612456  0.698297  0.640502
 0.789692  0.815669  0.640228
 0.819599   0.83664  0.634727
0.0885522  0.356767  0.640753
 0.266987  0.473854  0.640597
 0.608553  0.700195  0.640475
 0.608641  0.700158  0.640476
 0.787589  0.818075  0.640151
 0.818438  0.836801  0.634835
0.0882556  0.357526   0.64076
 0.266816  0.474637  0.640599
 0.607858  0.700518  0.640461
  0.78702  0.818484  0.640168
 0.814929  0.837587  0.635122
0.0876714  0.359161  0.640781
 0.266644  0.475425  0.640602
 0.607163  0.700847  0.640445
 0.786507  0.818879  0.640181
  0.81427  0.837773   0.63517
0.0876606  0.359049  0.640774
 0.266208  0.478072  0.640607
 0.604936  0.701941  0.640388
 0.784835  0.820185  0.640222
 0.813145  0.837947  0.635269
0.0866977  0.363448  0.640924
 0.265953  0.479808  0.640617
 0.604268  0.702283  0.640371
 0.784341  0.820586  0.640234
 0.809815   0.83877  0.635512
0.0863227  0.365194  0.640978
 0.265758  0.481562  0.640633
 0.603603  0.702629  0.640353
 0.783852  0.821011  0.640243
 0.809126  0.838959   0.63556
0.0860469  0.365962  0.640979
 0.265598  0.484368  0.640659
 0.601095   0.70388  0.640275
  0.78255  0.822384  0.640247
 0.807967  0.839127  0.635661
0.0857738  0.366732  0.640978
 0.265633  0.484308  0.640654
 0.600455  0.704245   0.64026
 0.781338  0.823781  0.640244
 0.804083  0.839967  0.635927
0.0855025  0.367506  0.640978
  0.26556  0.486103   0.64067
 0.598446  0.705403  0.640227
 0.780925  0.824251  0.640242
  0.80344  0.840155  0.635966
0.0843649  0.369918  0.640909
 0.265481  0.487893  0.640682
 0.597785  0.705761  0.640223
 0.780521  0.824717   0.64024
 0.802383  0.840353  0.636047
0.0832215  0.372388  0.640821
 0.265414  0.489687  0.640689
 0.595554   0.70693  0.640241
 0.779238  0.826089  0.640248
 0.799131  0.841191  0.636257
0.0826422  0.373994  0.640776
 0.265386  0.491491  0.640691
 0.594825  0.707253  0.640254
 0.778833  0.826536  0.640247
 0.801065  0.840762  0.636125
0.0824539   0.37481  0.640771
 0.265436  0.494247  0.640681
 0.594165  0.707579  0.640259
 0.777394  0.827866  0.640273
 0.797125  0.841522  0.636411
0.0824206  0.374696   0.64076
 0.265514  0.496085  0.640669
 0.265535  0.496219  0.640666
 0.591764  0.708641  0.640309
 0.775888   0.82918    0.6403
 0.796443  0.841701  0.636453
0.0820354  0.376436  0.640769
 0.265595  0.498049  0.640654
 0.591068  0.708948  0.640318
 0.775464  0.829609  0.640298
 0.795291  0.841871  0.636544
 0.795706  0.841864  0.636503
0.0814444   0.38092  0.640859
 0.265613  0.500795  0.640649
 0.590319  0.709244  0.640334
 0.775031  0.830031  0.640298
 0.791823  0.842645  0.636787
 0.081217  0.381722  0.640854
 0.265596  0.500737  0.640655
 0.587622  0.710274  0.640366
 0.774493  0.830443   0.64031
 0.791186  0.842858  0.636817
0.0809877  0.382524  0.640849
 0.265561  0.502535  0.640664
 0.586849  0.710569  0.640373
 0.773066  0.831797  0.640299
 0.790493  0.843067  0.636853
0.0801368  0.385017  0.640783
 0.265512  0.504328  0.640679
 0.583836   0.71171  0.640303
 0.772459  0.833437  0.640146
 0.786856  0.843901  0.637104
0.0791813  0.387441  0.640696
 0.265474  0.506122  0.640691
  0.58311  0.712013  0.640283
 0.786125  0.844083  0.637148
0.0792432  0.387393  0.640712
 0.265493  0.507932  0.640691
 0.265537  0.509019  0.640687
 0.580664  0.713028   0.64023
 0.785427  0.844269  0.637187
0.0784163  0.389946  0.640659
 0.265694  0.510871  0.640671
 0.579903  0.713312  0.640208
 0.781781  0.845095  0.637436
0.0782173  0.390753   0.64065
 0.265885   0.51273  0.640661
 0.579128  0.713588  0.640189
 0.781155  0.845324  0.637461
0.0780142  0.391621  0.640638
 0.265838  0.512702  0.640667
 0.576376  0.714577  0.640151
 0.780494   0.84557  0.637487
 0.077175  0.394099  0.640592
 0.266191  0.515534  0.640669
  0.57557  0.714839  0.640137
 0.777377  0.846525  0.637655
 0.777647  0.846498  0.637632
0.0765451  0.395705  0.640552
 0.266413  0.517411  0.640673
 0.572097  0.715893  0.640042
 0.776508  0.846694  0.637716
0.0762594  0.396461  0.640538
 0.266696  0.520382  0.640666
 0.571272  0.716152  0.640037
  0.77309  0.847482  0.637925
0.0759706  0.397212  0.640525
 0.266725  0.521263  0.640662
 0.570489    0.7164  0.640031
 0.772402   0.84768  0.637966
0.0747755  0.399606  0.640443
  0.26666  0.523987  0.640657
 0.567431  0.717251   0.64006
 0.771338  0.847875  0.638046
0.0739421  0.401151  0.640384
 0.266543   0.52575  0.640653
 0.566369  0.717502  0.640081
 0.770641  0.848095  0.638084
 0.073578  0.401862  0.640363
 0.266528  0.525656  0.640657
 0.565541  0.717743  0.640083
  0.76738   0.84907  0.638249
0.0726041  0.403351  0.640273
 0.266417  0.528363  0.640649
 0.562792  0.718671   0.64008
 0.766282  0.849289  0.638334
0.0714564  0.404781   0.64014
 0.266459  0.530176  0.640647
 0.562015  0.718936  0.640065
 0.765501  0.849474   0.63839
0.0709295  0.405391  0.640077
 0.266713  0.532203  0.640644
 0.559224  0.719823  0.640022
 0.764819  0.849692  0.638431
 0.784156   0.86784  0.363985
 0.267026  0.534112  0.640655
 0.558158   0.72008   0.64002
 0.558353  0.720049  0.640015
 0.761523  0.850594  0.638653
 0.761733  0.850563  0.638635
 0.782478  0.867504  0.363513
 0.267696  0.537013  0.640672
 0.556327  0.720423  0.639978
 0.758995  0.851579  0.638798
 0.778177  0.866623  0.362331
 0.268264  0.539031  0.640675
 0.555516  0.720636  0.639965
 0.758432  0.851881  0.638821
 0.771732   0.86528  0.360557
  0.26825  0.539018  0.640667
 0.268698  0.540326  0.640654
 0.552056  0.721353  0.639961
 0.757816   0.85218   0.63885
 0.772441  0.865443  0.360746
 0.269241  0.542279  0.640638
 0.551154  0.721527  0.639958
 0.755365  0.853209  0.638994
 0.768463  0.864645  0.359654
  0.26972  0.545121   0.64063
 0.549898  0.721706   0.63998
 0.756318  0.852755   0.63894
 0.766805  0.864324  0.359203
 0.269917  0.546982   0.64064
 0.548935  0.721886  0.639979
 0.753651  0.853725  0.639115
 0.757862  0.862559  0.356738
 0.762774  0.863534  0.358111
 0.270205  0.548867   0.64066
 0.545753  0.722649  0.639948
    0.753  0.853987  0.639153
  0.75621  0.862237  0.356267
 0.270836   0.55106  0.640677
 0.544871  0.722853  0.639923
 0.750359  0.854967  0.639325
 0.754532   0.86191   0.35578
 0.271177  0.552108  0.640692
 0.540302  0.723681  0.639778
 0.747774  0.856029  0.639479
 0.750633  0.861182  0.354652
 0.272536  0.556075   0.64073
 0.539034  0.723852  0.639782
 0.747205  0.856338    0.6395
 0.746757  0.860535   0.35355
  0.27317  0.558081   0.64073
 0.538154  0.724014  0.639764
 0.746615  0.856658  0.639522
 0.745228  0.860309  0.353125
 0.273621  0.559368  0.640718
 0.534446   0.72461  0.639785
 0.744464  0.857762  0.639609
 0.743705  0.860083  0.352706
 0.274088  0.561309  0.640717
 0.533463  0.724727  0.639779
 0.743842  0.858075  0.639632
 0.739696  0.859562  0.351678
 0.274617  0.564165  0.640738
 0.532065  0.724847  0.639796
 0.743032  0.858418   0.63967
 0.735841  0.859075  0.350723
 0.274586  0.564161  0.640748
 0.531061  0.724985  0.639781
 0.742423  0.858732  0.639691
 0.734399  0.858894  0.350358
0.0572185  0.431689  0.638076
 0.275291  0.567068  0.640768
 0.525421  0.725565  0.639566
 0.740145  0.859791  0.639764
 0.730472  0.858382  0.349389
0.0578653  0.433775  0.638318
 0.276515  0.570354  0.640779
 0.524352  0.725654  0.639531
 0.739526  0.860094  0.639782
  0.72898  0.858181  0.349016
0.0582937  0.435762  0.638509
 0.277308  0.572394  0.640811
 0.522941  0.725719  0.639523
 0.738851  0.860381  0.639808
 0.724969  0.857608  0.348017
0.0585929  0.437688  0.638667
 0.278158  0.574535  0.640848
 0.518891  0.726005  0.639495
 0.735923   0.86151  0.639877
0.0587375  0.438707  0.638748
 0.279619  0.577923  0.640876
 0.517838  0.726051  0.639458
 0.735238  0.861809  0.639893
0.0589865  0.440604  0.638885
 0.279971  0.578956  0.640882
 0.516212  0.726054   0.63946
 0.733056  0.862891  0.639903
0.0593866  0.443402   0.63908
  0.28059  0.580931  0.640889
 0.515049  0.726096  0.639427
 0.730994  0.864012  0.639907
0.0597217   0.44541  0.639215
 0.281229  0.582911  0.640878
 0.510747  0.726035  0.639154
 0.730374   0.86434  0.639902
0.0600379  0.447325  0.639325
 0.282503  0.586232  0.640826
 0.507207  0.726128  0.639023
 0.729743  0.864662  0.639899
0.0605688  0.450258  0.639473
 0.282833  0.587249   0.64082
 0.505504  0.726054  0.638996
 0.729097  0.864976    0.6399
0.0607822  0.451302  0.639526
  0.28392  0.590229   0.64078
 0.504376  0.726031  0.638939
 0.726809  0.866096  0.639924
 0.061264  0.454113  0.639657
 0.284983  0.592627  0.640734
 0.498683  0.725576  0.638652
  0.72616  0.866402  0.639926
0.0612924  0.454263  0.639677
 0.285343  0.593657  0.640733
 0.496787  0.725423  0.638599
 0.723916   0.86747  0.639955
 0.062178  0.458872  0.639902
  0.28709  0.597684  0.640716
 0.495489   0.72534   0.63851
 0.723284   0.86778  0.639957
0.0626201  0.460849  0.640024
 0.288542  0.600248  0.640682
 0.720985  0.868828  0.639982
0.0630409  0.462887  0.640138
 0.289037  0.601335  0.640687
 0.720339  0.869142  0.639991
0.0633216  0.464804  0.640214
 0.290863  0.604594  0.640716
 0.291243  0.605075  0.640703
 0.717816  0.870364  0.639996
0.0634184  0.465878  0.640239
 0.293042  0.608241  0.640755
 0.717214  0.870707  0.640001
 0.063465  0.468582  0.640309
 0.293677  0.609408    0.6408
 0.716617   0.87106  0.640005
0.0633955   0.47036  0.640353
 0.296169  0.613174  0.640871
 0.714748  0.872229  0.640007
 0.063315  0.472134  0.640406
 0.298217  0.616403  0.640955
 0.714194  0.872605  0.640007
0.0632755   0.47303  0.640438
 0.299676  0.618723  0.641002
 0.300133  0.619255  0.640983
 0.712453  0.873814   0.64001
0.0632184  0.474812  0.640501
 0.301368  0.621404  0.640998
 0.711904  0.874197  0.640009
 0.063165  0.476594  0.640559
 0.302529  0.623512  0.641007
 0.303629  0.625107  0.640977
 0.710146  0.875401  0.640021
0.0631076  0.478372  0.640602
 0.305631  0.628283  0.640944
  0.70956  0.875767  0.640026
0.0630595  0.480152  0.640626
 0.306898    0.6304  0.640927
 0.707606   0.87697  0.640053
0.0630723  0.482065   0.64063
 0.308824  0.633177  0.640855
 0.706988  0.877318   0.64006
0.0631454  0.484769  0.640628
 0.310131  0.635297  0.640842
 0.311476   0.63699  0.640826
 0.706398  0.877674  0.640064
0.0631284  0.484799   0.64063
 0.313349  0.639421  0.640896
 0.704454  0.878817  0.640075
0.0633437   0.48842  0.640641
 0.315072  0.641689  0.640983
 0.316737  0.643516  0.641005
 0.702414  0.879931   0.64007
0.0635237  0.491151  0.640657
 0.318595  0.645814  0.641078
 0.703266  0.879521  0.640074
0.0636027   0.49298  0.640668
 0.320525  0.648108  0.641161
 0.322747  0.650315  0.641242
 0.700933  0.880745  0.640046
0.0635989  0.493012  0.640669
 0.324698  0.652611  0.641334
 0.326624  0.654585  0.641326
 0.700304  0.881092  0.640041
 0.063704  0.494952  0.640669
 0.328482  0.656805  0.641322
 0.698263  0.882194  0.639989
0.0637026   0.49674  0.640675
 0.332354  0.661008  0.641221
 0.614201  0.799157  0.661147
  0.69757  0.882569  0.639976
0.0636258  0.498503  0.640684
 0.334682  0.663406  0.641237
 0.337181   0.66566  0.641251
 0.695616  0.883699  0.639925
0.0634181   0.50113  0.640695
 0.339534  0.667871  0.641304
 0.342378  0.670291  0.641344
 0.345454  0.672851  0.641397
 0.693675  0.884836  0.639879
0.0632362  0.502862  0.640697
 0.348265  0.675235  0.641482
 0.351551  0.677828  0.641458
 0.693063  0.885184  0.639856
0.0632269  0.502834  0.640703
 0.353826  0.679749  0.641469
 0.359485  0.683949  0.641625
 0.363629  0.686885  0.641745
 0.692454  0.885538  0.639832
 0.062864  0.506317  0.640684
 0.370867  0.691914  0.642007
 0.376805  0.695809  0.642029
 0.382327  0.699262   0.64227
 0.389021  0.703308  0.642586
 0.392829  0.705571  0.642927
 0.398178  0.708793  0.643731
 0.690604  0.886696  0.639764
 0.062794  0.507174  0.640676
 0.690021  0.887067  0.639736
0.0627141  0.508936  0.640653
 0.688172  0.888219  0.639648
0.0627262  0.510855  0.640615
 0.687596  0.888597  0.639624
0.0627316  0.512644  0.640581
 0.686744   0.88911  0.639581
0.0627417  0.514432  0.640543
 0.684983  0.890292  0.639503
0.0627829  0.517111  0.640474
 0.684428  0.890691  0.639481
0.0627885  0.518894  0.640429
 0.682852  0.891935  0.639413
0.0627868  0.521569  0.640367
 0.681351  0.893199  0.639349
0.0628321  0.521703  0.640358
 0.680827  0.893615  0.639326
0.0626848  0.524338  0.640323
 0.680265  0.894047  0.639303
0.0625078  0.526064    0.6403
  0.67871  0.895292  0.639241
0.0622606  0.527765  0.640268
 0.677132  0.896524  0.639158
0.0619656  0.529448   0.64022
 0.676608  0.896934  0.639124
0.0616703  0.531126  0.640158
  0.67608  0.897347  0.639089
0.0615487  0.531939   0.64012
 0.674184  0.898697  0.638915
0.0613763  0.533791   0.64002
 0.672592  0.899916   0.63877
0.0612165   0.53551   0.63992
 0.672054   0.90032  0.638714
0.0610315  0.537215  0.639811
 0.671515  0.900728  0.638657
0.0608177  0.538907   0.63969
 0.670971  0.901143  0.638598
0.0607149  0.539726  0.639631
 0.669527  0.902403  0.638426
0.0600582  0.543161  0.639319
 0.668136  0.903674  0.638242
0.0601356  0.543223  0.639308
 0.667665  0.904117  0.638171
 0.059659  0.544818  0.639163
  0.66599  0.905543  0.637922
0.0591199  0.546403  0.639029
 0.665519  0.905995  0.637859
0.0585619  0.547985  0.638899
 0.665053  0.906445  0.637796
0.0580263  0.549575  0.638767
 0.663726  0.907737  0.637624
0.0575545  0.551184  0.638628
 0.662438  0.909046  0.637475
0.0570258  0.553839  0.638374
 0.661143  0.910353  0.637329
0.0567559  0.555499  0.638207
  0.66067    0.9108  0.637269
0.0566149  0.556297  0.638134
 0.659326  0.912081  0.637095
0.0561386  0.558886  0.637852
  0.65885  0.912526  0.637025
0.0561385  0.558806  0.637862
 0.657141  0.913947  0.636739
0.0558692    0.5606   0.63765
 0.656667  0.914388  0.636653
0.0552094  0.563053  0.637384
 0.641384  0.907173  0.639805
 0.656185  0.914831  0.636566
0.0546576  0.564619  0.637213
  0.64097  0.907459  0.639777
 0.654881  0.916103  0.636321
0.0540079  0.566152  0.637032
 0.640034  0.907655  0.639815
 0.654401  0.916544  0.636227
0.0536785  0.566844  0.636946
 0.636886  0.908399  0.639914
 0.653085  0.917814  0.635989
0.0529036  0.568318  0.636714
   0.6357  0.908581  0.639969
 0.651686  0.919048  0.635734
0.0519982  0.570046  0.636374
 0.631854  0.909427  0.640004
 0.650883  0.919719  0.635565
0.0510005  0.572372  0.635945
 0.631107  0.909653  0.639999
 0.650741  0.919995   0.63554
0.0509469  0.572211  0.635962
 0.630268  0.909873  0.640003
 0.649209  0.921473  0.635211
 0.050009  0.574548  0.635532
 0.627357   0.91076  0.639996
 0.648044  0.922788  0.634979
0.0492972  0.576183  0.635218
 0.626568  0.911011  0.639982
  0.64757  0.923239  0.634894
 0.072642   0.59227   0.64059
 0.625814  0.911268  0.639964
 0.646294  0.924515  0.634667
0.0738258  0.594512  0.640814
  0.62309  0.912128  0.639954
 0.645794  0.924952  0.634579
0.0746187  0.596585  0.640956
 0.622282  0.912351   0.63995
 0.644027  0.926362  0.634215
0.0748421  0.597578  0.640986
 0.619079  0.913162  0.639959
 0.643538  0.926796  0.634109
0.0752516  0.599471   0.64101
 0.618282  0.913393  0.639956
 0.643062  0.927236  0.634001
0.0758336  0.602474   0.64094
 0.616847   0.91375  0.639928
 0.641733  0.928538  0.633675
0.0759864  0.603407  0.640907
 0.613847  0.914528  0.639947
 0.640496  0.929799  0.633371
0.0765372  0.606191  0.640834
 0.612745  0.914765  0.639972
 0.612994  0.914726  0.639963
 0.640012  0.930236  0.633253
0.0770445  0.608099  0.640826
 0.609969  0.915603      0.64
 0.638217  0.931635  0.632824
0.0781244  0.611042   0.64089
0.0778828  0.610332  0.640857
 0.609235   0.91586  0.639989
 0.637705  0.932061  0.632716
0.0785842  0.612326  0.640913
 0.606706  0.916766  0.639969
 0.637197  0.932485  0.632608
0.0791117  0.614266   0.64096
 0.605928  0.917023  0.639955
 0.635794  0.933688  0.632319
0.0795836  0.616222  0.641003
 0.604913  0.917302  0.639952
 0.605116  0.917267  0.639947
 0.634462  0.934907  0.632031
0.0804925   0.61912  0.641092
 0.604127  0.917525  0.639949
 0.633968  0.935337  0.631909
0.0809413  0.620202  0.641124
0.0814832  0.621411  0.641156
 0.600105   0.91833  0.639928
 0.632169  0.936822  0.631369
0.0823515   0.62345  0.641205
 0.599263  0.918527  0.639924
 0.631715  0.937269  0.631215
0.0830383  0.625428  0.641218
  0.59807  0.918719  0.639947
 0.598304  0.918697  0.639937
 0.630584  0.938505  0.630817
0.0835101  0.627328  0.641172
 0.595054  0.919472  0.639924
 0.629409  0.939713  0.630411
0.0839412   0.62921  0.641098
0.0840419  0.629449  0.641083
 0.594228  0.919708  0.639899
 0.628368  0.940361  0.630086
0.0844643  0.631331  0.641045
 0.591521  0.920542  0.639841
 0.627814  0.940859  0.629898
0.0848602  0.633207   0.64104
 0.590688  0.920759  0.639821
 0.626388  0.941985  0.629495
0.0852838  0.635094  0.641048
  0.58958   0.92097  0.639822
 0.625832  0.942381  0.629347
0.0858273   0.63702  0.641057
 0.585056  0.921648  0.639826
 0.624444  0.943514   0.62897
0.0866758  0.639269  0.641048
 0.584193  0.921819  0.639828
 0.623868  0.943902  0.628814
0.0874029  0.641252  0.641056
 0.583276  0.921972  0.639839
 0.621688  0.945177   0.62817
0.0882264  0.643263  0.641086
 0.579546  0.922624  0.639896
 0.621058  0.945635  0.627952
0.0896473  0.646373   0.64115
0.0898288  0.646665  0.641145
 0.578697  0.922815  0.639889
 0.619719   0.94673  0.627503
0.0906137   0.64865  0.641165
  0.57564  0.923537   0.63989
 0.618394  0.947342  0.627068
0.0914547  0.651503  0.641171
 0.574447  0.923749  0.639891
 0.574747   0.92372  0.639883
 0.617789  0.947709  0.626874
0.0919591  0.653406  0.641164
 0.573525  0.923925  0.639888
 0.615537  0.949352  0.626067
0.0922716  0.654399  0.641158
 0.569271  0.924675  0.639779
 0.614821  0.949781  0.625794
0.0932006  0.656686  0.641134
 0.568375  0.924858  0.639756
 0.613196  0.950314  0.625267
0.0947461  0.660577  0.641107
 0.567443  0.925025  0.639741
  0.61163  0.951223  0.624765
0.0954966   0.66255  0.641097
 0.566212  0.925191  0.639744
 0.610899  0.951517  0.624539
0.0961163  0.663896  0.641075
  0.56279  0.925781  0.639729
 0.608213  0.952552  0.623635
0.0968803  0.665878   0.64109
 0.559289  0.926336   0.63972
 0.607381  0.952916  0.623305
0.0980898  0.668912  0.641157
 0.557902  0.926454  0.639739
 0.606625  0.953193   0.62305
0.0988851  0.670901  0.641182
 0.556914  0.926577  0.639735
 0.603811  0.954144  0.622066
 0.099907  0.673209  0.641139
  0.55458  0.926772  0.639671
 0.603017  0.954399  0.621794
 0.100258  0.674213  0.641125
 0.553555    0.9269  0.639667
 0.601089  0.955089  0.621097
 0.100952  0.676146  0.641073
 0.549758  0.927465  0.639625
 0.599112  0.955595   0.62044
 0.103049  0.680487  0.641057
  0.54664  0.928106   0.63956
 0.597239  0.956173  0.619826
  0.10418  0.682587  0.641145
 0.545683  0.928267  0.639527
 0.595236  0.956672  0.619151
 0.105806  0.685666  0.641281
 0.544729  0.928409  0.639503
 0.594449  0.956917   0.61886
 0.594287  0.956997  0.618771
 0.106936  0.687839  0.641338
 0.543446  0.928535    0.6395
  0.59263  0.957624   0.61812
 0.107749  0.689278   0.64132
 0.537661  0.928893   0.63945
 0.590753  0.958157  0.617416
 0.108662  0.691283  0.641314
  0.53662  0.928971  0.639444
 0.589065   0.95878   0.61678
 0.109594    0.6933  0.641292
 0.535109  0.929029  0.639465
 0.586982  0.959382  0.616004
 0.110876  0.695715  0.641258
 0.531211  0.929411  0.639478
 0.585183  0.959983  0.615392
 0.112737  0.699687  0.641285
 0.529658  0.929457  0.639495
 0.530158  0.929483  0.639467
 0.584328  0.960215  0.615118
 0.113667  0.701706  0.641289
 0.526581   0.92951  0.639422
 0.582312  0.960715  0.614444
  0.11494  0.704113  0.641224
 0.522374  0.929763   0.63941
 0.580601  0.961338   0.61381
 0.580448  0.961418  0.613723
 0.115806  0.706092  0.641169
 0.520777  0.929784  0.639425
 0.521239  0.929796  0.639409
 0.578601  0.961956  0.613013
 0.116215  0.707088  0.641139
  0.51972  0.929848  0.639404
 0.577793  0.962203   0.61272
 0.118004  0.710487  0.641055
 0.518647  0.929921  0.639378
 0.575031  0.963107  0.611669
  0.11994  0.713723  0.641174
 0.514282  0.930201  0.639359
 0.514746  0.930215  0.639346
 0.573187  0.963816  0.610927
 0.121456  0.715927  0.641308
 0.513189  0.930257  0.639332
 0.571318   0.96435  0.610233
 0.123433  0.718616  0.641405
  0.50971  0.930222  0.639196
 0.570518  0.964599  0.609943
 0.125213  0.721701   0.64142
 0.507972  0.930197  0.639215
 0.568915  0.965243  0.609288
 0.568743  0.965344   0.60918
 0.126304  0.723737  0.641381
 0.126648  0.724168  0.641354
 0.503794  0.930378  0.639208
  0.56705  0.965922  0.608459
 0.477766  0.928128  0.321614
 0.127715  0.726194  0.641336
  0.50269  0.930412  0.639172
 0.566284  0.966184  0.608161
 0.128976  0.728399  0.641364
 0.498239   0.93028  0.639071
 0.563725  0.967139  0.607092
 0.478494  0.930837  0.322789
 0.130699  0.730983   0.64135
 0.497165  0.930306  0.639031
 0.561971  0.967895  0.606345
 0.479353  0.933037  0.323803
 0.131952  0.733072  0.641361
 0.491928  0.930236  0.639061
 0.492639  0.930307  0.639021
 0.560086  0.968421  0.605646
 0.479666  0.933928  0.324196
 0.133258   0.73517  0.641365
  0.13371  0.735664  0.641345
 0.490801   0.93023  0.639033
  0.55851  0.969082  0.605011
 0.480006  0.935566  0.324889
 0.135534  0.738727  0.641317
 0.489666   0.93023     0.639
 0.557682  0.969477  0.604582
 0.480876  0.937764  0.325908
  0.13656  0.740736  0.641273
 0.555276  0.970461  0.603491
 0.481169  0.939523  0.326652
  0.13865   0.74423  0.641125
 0.480333  0.929968  0.638859
 0.554539  0.970731  0.603185
 0.482141   0.94176  0.327662
 0.139868  0.746268  0.641109
 0.478486  0.929894  0.638844
 0.479143  0.929948  0.638823
 0.552671  0.971405  0.602307
 0.482594  0.943447  0.328337
 0.141638  0.748637  0.641184
 0.142249  0.749227  0.641189
 0.477309  0.929881  0.638802
 0.551151  0.972076  0.601666
 0.483669  0.945726  0.329338
 0.143167  0.750449  0.641261
    0.473  0.929807  0.638711
 0.549325  0.972595  0.600931
 0.484175  0.947433  0.330019
 0.146995  0.754851  0.641599
 0.147753  0.755529  0.641626
 0.471059  0.929683   0.63873
 0.547718  0.973396  0.600146
 0.485037  0.948909   0.33071
 0.150799  0.759072  0.641818
 0.466315  0.929432  0.638662
 0.545943  0.973924  0.599397
 0.485491  0.950586  0.331402
  0.15221  0.761185  0.641803
 0.152711  0.761735  0.641761
 0.460746  0.929113  0.638721
 0.545188  0.974188  0.599086
 0.486411  0.952926  0.332475
   0.1546  0.764793  0.641611
 0.459532  0.929066  0.638698
 0.543572  0.974981  0.598295
 0.486719  0.954552  0.333153
 0.155126  0.765786  0.641582
 0.457437   0.92888  0.638761
 0.541708  0.975487  0.597555
 0.487601  0.956753  0.334161
 0.157031  0.768425  0.641466
 0.456342  0.928844  0.638733
 0.539055  0.976386  0.596474
 0.487913  0.958381  0.334837
 0.159397  0.771588  0.641483
 0.450213  0.928348  0.638806
 0.538181  0.976766  0.596028
 0.488198   0.95925  0.335221
 0.163424  0.775858  0.641681
 0.445379   0.92811  0.638824
 0.536663  0.977415  0.595356
 0.489087  0.961577  0.336299
 0.489058  0.961438  0.336233
 0.164448  0.777091  0.641764
 0.166136  0.778833  0.641783
 0.443054  0.927873  0.638924
 0.535917  0.977678  0.595039
 0.489914  0.963767  0.337266
  0.16797  0.781041  0.641813
 0.441964  0.927827  0.638906
 0.533322  0.978742  0.593771
 0.490481  0.965477  0.337976
   0.1705  0.784252  0.641796
 0.171214  0.784922  0.641749
 0.435194  0.927177  0.639091
 0.531633    0.9793   0.59303
 0.491023  0.967184  0.338663
 0.171949  0.785975   0.64174
 0.433197  0.927002   0.63915
 0.434181  0.927139  0.639071
 0.530935  0.979578  0.592704
 0.530062  0.980098  0.592179
 0.492065   0.96945  0.339643
   0.1747  0.789345  0.641713
 0.175488  0.790064  0.641681
  0.42771  0.926603  0.639298
 0.528486  0.980691   0.59143
 0.492662  0.971172   0.34035
 0.178255  0.793301  0.641714
 0.425318  0.926333  0.639429
 0.426465  0.926514  0.639317
 0.527752  0.980963  0.591112
 0.493467  0.972619  0.341024
  0.18135  0.796383  0.641785
 0.424286  0.926285  0.639419
 0.526149  0.981748  0.590268
 0.493856   0.97439  0.341761
 0.183768  0.798884   0.64192
 0.185859  0.800809  0.641927
  0.42212  0.926043  0.639536
 0.524458  0.982318  0.589545
 0.494713  0.976574  0.342763
 0.187848  0.803008  0.641964
  0.42002  0.925821  0.639637
  0.42114     0.926  0.639523
 0.522914  0.982941  0.588855
 0.522729   0.98307  0.588713
 0.494969  0.978179  0.343429
 0.192006  0.807138   0.64198
 0.419198  0.925804  0.639608
 0.521185  0.983678  0.587965
 0.495239  0.979026  0.343797
 0.195632  0.810755  0.642088
 0.196694  0.811626  0.642049
 0.411442  0.924916  0.639978
 0.519694  0.984306  0.587254
 0.495479  0.979864   0.34417
 0.198645  0.813772  0.642036
 0.199658  0.814634  0.641987
 0.409888  0.924735  0.640069
 0.410976  0.924928   0.63994
 0.518054  0.985073  0.586358
 0.496842  0.983363  0.345795
 0.201541  0.816728  0.641909
 0.409201  0.924693  0.640072
 0.410189  0.924878  0.639946
 0.515697  0.986033  0.585246
 0.497328  0.985158  0.346569
  0.20419  0.819565  0.641681
 0.408772  0.924681   0.64006
 0.409943  0.924911  0.639901
 0.514966  0.986305  0.584926
 0.498391  0.987418  0.347576
  0.20543  0.821363  0.641362
 0.406905   0.92438  0.640251
 0.409098  0.924813  0.639949
 0.513301  0.987066   0.58403
 0.498826  0.988361  0.347983
 0.389622  0.921577  0.642105
 0.405132  0.924099  0.640428
 0.511854  0.987706   0.58332
  0.50055    0.9915  0.349397
 0.387511  0.921264  0.642294
 0.389032  0.921537  0.642112
 0.510237  0.988477  0.582385
 0.510443  0.997617  0.353643
 0.386369  0.921123   0.64237
 0.508839  0.989124  0.581675
 0.502262  0.994436  0.350752
 0.204372  0.828339  0.635818
 0.185487   0.81929  0.630427
 0.378464  0.920272  0.642694
 0.384644  0.920867  0.642525
 0.507271    0.9897  0.580887
 0.507106  0.989849  0.580717
 0.511633   0.99985  0.354657
 0.221494  0.838918  0.638729
 0.223642  0.840335  0.638883
 0.506399  0.990119  0.580381
 0.233522  0.846693  0.640408
 0.236254   0.84843  0.640644
 0.503378  0.991396  0.578865
  0.23918   0.85039  0.641054
 0.243209  0.853071  0.641342
 0.247362  0.855819  0.641582
 0.502435  0.991774  0.578333
 0.252705  0.859392  0.641901
 0.259813  0.863841  0.642218
  0.26264  0.865564  0.642313
 0.501608  0.992002  0.577987
 0.270786  0.870536  0.642482
 0.278281   0.87495  0.642396
 0.280763  0.876377   0.64234
 0.285362  0.879052  0.642216
   0.4989  0.992843  0.576557
 0.290383  0.881995   0.64209
 0.295786  0.885121   0.64203
 0.300292  0.887742   0.64183
 0.304732   0.89033  0.641541
 0.309117  0.892895  0.641139
 0.310881  0.893936  0.640914
  0.31487  0.896316  0.640249
 0.496329  0.993021  0.575573
 0.475338  0.990636  0.385393
 0.475367  0.990644   0.38368
 0.475374  0.990646  0.384001
 0.475405  0.990654  0.382287
 0.475448  0.990665  0.380574
 0.475505  0.990681  0.378861
 0.427472  0.966315  0.358353
  0.42917  0.967171  0.358285
 0.433366  0.969283  0.358009
 0.436554  0.970893   0.35803
 0.440759  0.973014  0.357804
 0.442447  0.973869  0.357742
 0.446637  0.975975  0.357497
 0.476145  0.990882  0.365295
 0.475863  0.990749  0.365457
 0.459519  0.982447  0.357288
 0.475623  0.990612  0.363011
 0.459303   0.98234  0.357208
 0.475276   0.99043   0.36147
 0.475111  0.990342  0.360704
  0.31644  0.897272  0.639914
 0.320131  0.899483  0.638938
 0.323627   0.90159  0.637738
 0.324825  0.902297  0.637359
 0.326019  0.903001  0.636982
  0.32961  0.905129  0.635808
 0.333243  0.907271  0.634699
 0.334537  0.908054  0.634164
 0.335668   0.90873  0.633778
 0.338949  0.910708  0.632545
 0.476711  0.991072  0.429437
 0.476731  0.991069  0.427734
 0.476726  0.991063  0.426029
 0.476718  0.991059  0.425331
 0.476678  0.991049  0.423624
 0.476626  0.991039  0.421916
 0.476604  0.991034  0.421213
 0.476542  0.991021  0.419504
 0.476471  0.991004  0.417795
 0.476439  0.990995  0.417088
 0.476359  0.990971  0.415377
 0.476274  0.990942  0.413666
 0.476185  0.990913  0.411954
 0.476148  0.990902  0.411245
 0.476065  0.990877  0.409533
 0.476073   0.99088  0.409828
 0.475967   0.99085  0.407114
   0.4758  0.990797  0.403401
 0.475815  0.990805   0.40369
 0.475708  0.990767  0.401978
 0.475576   0.99072  0.400237
 0.475527  0.990703  0.399522
 0.475403  0.990658  0.397805
 0.475362  0.990644  0.397092
 0.475276  0.990614  0.395379
 0.475226  0.990598  0.393667
 0.475222  0.990597  0.392965
 0.475227    0.9906  0.391255
 0.475253  0.990608  0.389543
 0.475283   0.99062   0.38783
 0.475305  0.990626  0.387133
 0.340091  0.911412   0.63211
 0.343677  0.913566  0.630952
 0.344708  0.914196  0.630543
 0.348181  0.916311  0.629206
 0.349258  0.916957  0.628806
  0.37299  0.929312  0.633513
 0.375079  0.930617  0.632438
 0.376962  0.931814  0.631295
 0.379095  0.933131   0.63022
 0.379923  0.933646  0.629764
 0.381825  0.934838   0.62861
  0.47635  0.991111   0.45984
 0.476386  0.991122  0.458142
 0.476404  0.991126  0.457452
 0.476417  0.991126  0.455751
 0.476421  0.991119  0.454051
 0.476415  0.991108  0.452351
 0.476403  0.991099  0.451655
 0.476402   0.99108  0.448946
 0.476396  0.991073  0.448251
 0.476386  0.991064  0.447558
 0.476408   0.99106  0.445856
 0.476442  0.991062  0.444154
 0.476443  0.991059  0.443465
  0.47649  0.991068  0.441763
  0.47658  0.991088  0.439048
 0.476506  0.991068  0.440385
 0.476612  0.991089  0.436658
 0.476591  0.991083  0.436976
 0.476634  0.991081  0.433255
  0.47663  0.991078  0.433568
 0.476651  0.991074  0.431865
 0.476672  0.991073  0.431172
  0.38407  0.936199  0.627501
 0.384906  0.936708   0.62705
 0.386864  0.937898  0.625885
 0.387711  0.938402  0.625436
 0.389983  0.939733  0.624356
 0.391997  0.940923  0.623183
 0.392858  0.941423  0.622735
  0.39633  0.943444   0.62092
 0.397184  0.943941  0.620472
 0.398038  0.944437  0.620025
 0.398889  0.944933  0.619579
 0.401173  0.946253  0.618491
 0.404618  0.948258  0.616665
 0.404039   0.94793  0.616864
 0.406305  0.949239  0.615772
 0.408314  0.950426  0.614592
 0.410523   0.95172  0.613497
 0.411343  0.952209  0.613051
  0.41469  0.954196  0.611221
 0.477575  0.991513  0.501085
 0.477587  0.991513  0.499392
 0.477584  0.991505  0.497699
  0.47756   0.99149  0.496006
 0.477527  0.991475  0.494312
 0.477517  0.991471  0.493621
 0.477475  0.991458  0.491927
 0.477428  0.991447  0.490214
  0.47741  0.991444  0.489521
 0.477347  0.991429  0.487825
 0.477279  0.991413  0.486128
 0.477205  0.991393  0.484431
 0.477177  0.991387  0.483735
 0.477101  0.991366  0.482037
 0.477024  0.991345  0.480339
 0.476992  0.991336  0.479642
 0.476914  0.991314  0.477944
 0.476842  0.991291  0.476246
 0.476815  0.991283   0.47555
  0.47676  0.991265  0.473852
 0.476705  0.991245  0.472153
 0.476637  0.991221  0.470454
   0.4766  0.991207  0.469753
 0.476503  0.991173  0.468051
 0.476409  0.991138  0.466351
 0.476376  0.991125  0.465649
 0.476325  0.991105  0.463952
 0.476316    0.9911  0.463257
 0.476322  0.991102  0.461564
 0.476348  0.991111  0.459867
 0.415537  0.954709  0.610753
 0.416347  0.955196  0.610308
 0.418359  0.956404  0.609143
 0.420507  0.957681  0.608039
 0.421327  0.958171  0.607595
 0.422152  0.958661  0.607151
 0.425484  0.960662  0.605333
 0.426311  0.961152   0.60489
 0.428354  0.962377  0.603737
 0.430488  0.963643  0.602626
 0.431314   0.96413  0.602184
 0.433389  0.965363  0.601031
 0.435518  0.966619   0.59991
 0.436339  0.967102  0.599471
  0.43846  0.968352  0.598322
 0.439275  0.968833  0.597885
 0.441418  0.970089  0.596737
 0.443571  0.971349  0.595614
  0.47654  0.991217  0.530155
 0.476601  0.991235  0.528472
 0.476662  0.991253  0.526788
 0.476693  0.991262  0.526112
 0.476758  0.991283  0.524426
 0.476838  0.991309  0.522739
 0.476808    0.9913  0.523081
 0.476969  0.991349  0.520381
 0.477065  0.991378  0.518695
 0.477089  0.991387  0.518023
 0.477161   0.99141  0.516335
 0.477216  0.991427  0.514649
 0.477223   0.99143   0.51397
 0.477258  0.991438  0.512282
 0.477321  0.991447  0.509581
 0.477272  0.991441  0.510927
 0.477329   0.99145  0.509237
 0.477395  0.991462  0.507547
 0.477455  0.991477  0.505856
 0.477496  0.991489  0.504166
 0.477526    0.9915  0.502476
  0.47755  0.991507  0.500789
 0.444419  0.971848  0.595162
 0.446557  0.973097  0.594008
 0.447375  0.973575  0.593576
 0.449573  0.974845  0.592454
 0.451718  0.976083  0.591286
 0.452542  0.976556  0.590855
 0.454781  0.977832  0.589736
 0.456898  0.979046  0.588539
 0.457716  0.979512  0.588106
 0.459967  0.980788  0.587004
 0.460775  0.981248  0.586569
   0.4628  0.982415  0.585324
 0.465019   0.98367  0.584253
 0.465793  0.984112   0.58381
 0.467677  0.985206  0.582486
 0.468412  0.985626  0.582033
 0.470408  0.986753  0.581007
  0.47206  0.987725  0.579595
 0.472663  0.988078  0.579105
 0.473266  0.988431  0.578614
 0.475264  0.989632  0.576704
  0.47566  0.989886  0.576154
 0.476057   0.99014    0.5756
 0.476667  0.990607  0.573972
 0.476866   0.99077  0.573366
 0.476984   0.99097  0.571651
 0.476946  0.991055  0.569943
 0.476721  0.991115  0.559193
 0.476701  0.991124   0.55683
 0.476711  0.991139  0.555149
 0.476727  0.991155  0.553469
 0.476731  0.991169   0.55179
 0.476699  0.991171   0.55043
 0.476684  0.991172  0.549746
 0.476639  0.991172  0.548063
  0.47659   0.99117   0.54638
 0.476546  0.991168  0.544697
 0.476547  0.991166  0.545011
  0.47651  0.991165  0.543328
 0.476482  0.991166  0.541645
 0.476466  0.991171  0.539963
 0.476459  0.991177  0.538279
 0.476459  0.991184  0.536596
 0.476461  0.991187  0.535914
 0.476467  0.991193   0.53423
  0.47648    0.9912  0.532546
  0.47651   0.99121  0.530862