  0.989444   0.317052    0.11533
  0.989149   0.317033    0.11613
  0.991113   0.317063   0.110659
  0.991979   0.317066    0.10823
  0.993782   0.317136   0.103158
  0.995866   0.317294   0.096556
   0.99652   0.317372  0.0934793
  0.358028   0.272713   0.837704
  0.977342   0.317255    0.14906
  0.982417   0.317161   0.135014
  0.983689    0.31713   0.131371
  0.984498   0.317128   0.129107
  0.985692   0.317095   0.125537
  0.987697   0.317061   0.119971
  0.357361   0.272718   0.837779
  0.355394   0.272728    0.83787
  0.352768   0.272736   0.837952
  0.352803   0.272734   0.838022
  0.898147   0.314641   0.135577
  0.339115     0.2728    0.83816
  0.338751   0.272807   0.838041
   0.33665   0.272811   0.838127
  0.334735   0.272821   0.838086
  0.334937    0.27281   0.838127
  0.329555   0.272865   0.837902
  0.327456   0.272873   0.837992
  0.324805   0.272885   0.838089
   0.32061   0.272902   0.838252
  0.319389   0.272907   0.838211
  0.317485    0.27292   0.838127
  0.314883   0.272936   0.838032
  0.312095   0.272937   0.838123
  0.309447   0.272937   0.838194
  0.307476   0.272937   0.838254
  0.304717   0.272948   0.838278
   0.30212   0.272975   0.838161
  0.299506   0.273001   0.838099
  0.296711   0.273013   0.838212
  0.294046   0.273017     0.8383
  0.292062   0.273017   0.838374
  0.967002   0.317106   0.177905
  0.967059    0.31708   0.177428
  0.969172   0.317121   0.171786
  0.970084   0.317148   0.169333
  0.974345   0.317251   0.157638
  0.975574   0.317265   0.154027
  0.977601   0.317275   0.148473
  0.289947   0.273017   0.838402
   0.29009   0.273016    0.83848
  0.284044   0.273033   0.838162
  0.281935   0.273029   0.838232
  0.279274   0.273023   0.838291
  0.276606   0.273015   0.838367
  0.273834   0.273012   0.838331
   0.27192   0.273014   0.838229
  0.269301   0.273013   0.838118
  0.266499   0.273001   0.838184
  0.263836   0.272993   0.838229
  0.847356   0.315793   0.119067
  0.259068   0.272984   0.838293
  0.256454   0.272988   0.838159
  0.253826   0.272982    0.83807
  0.251707   0.272965   0.838127
  0.249031    0.27294   0.838177
  0.246361   0.272915   0.838219
  0.243582   0.272897    0.83817
  0.240969   0.272891   0.837997
  0.239036   0.272886   0.837909
  0.236217    0.27287    0.83797
  0.233535   0.272854   0.838028
  0.230702   0.272835   0.838129
  0.228745   0.272827   0.838094
  0.226124   0.272823   0.837935
  0.223487   0.272816   0.837812
  0.826614    0.31642   0.105735
  0.825165   0.316463   0.104838
  0.213708   0.272762   0.838013
  0.211097   0.272771   0.837843
  0.210537   0.272773   0.837845
  0.204102   0.272772   0.837986
  0.203693   0.272782   0.837875
  0.200767   0.272777   0.838067
  0.198783   0.272783   0.838034
  0.198891   0.272787   0.838042
  0.957251   0.317324   0.205274
   0.95925   0.317273   0.199652
  0.960052   0.317255   0.197332
  0.961613   0.317233   0.193061
  0.963597   0.317188   0.187502
  0.965238   0.317131   0.182598
  0.196231   0.272795    0.83795
  0.191356   0.272802   0.837856
  0.190015   0.272805   0.837913
  0.187302    0.27281   0.837995
  0.184455   0.272817   0.838102
  0.181787   0.272833   0.838037
  0.179134   0.272853   0.837916
  0.176308   0.272866   0.837952
  0.174271   0.272873    0.83803
  0.172904   0.272876     0.8381
  0.168702   0.272901   0.838219
  0.166035   0.272925   0.838128
  0.163372    0.27295   0.838019
  0.161368    0.27296   0.838023
  0.160051   0.272966    0.83803
  0.154206   0.272976   0.838338
  0.151515   0.272989   0.838251
  0.150244   0.272996   0.838199
   0.14757   0.273015   0.838104
  0.145406   0.273023   0.838164
  0.145702   0.273027    0.83804
  0.139924   0.273047   0.838382
  0.137079   0.273066   0.838421
  0.134406   0.273095   0.838297
  0.131717   0.273121   0.838239
  0.128836   0.273137   0.838374
  0.943743   0.317198   0.242616
   0.94569   0.317183   0.237101
  0.947342   0.317216   0.232759
  0.948278    0.31724   0.230225
  0.949618   0.317276   0.226472
  0.952748   0.317349   0.217957
  0.954769   0.317373   0.212424
  0.126041   0.273154    0.83848
  0.123153   0.273159   0.838583
  0.120461   0.273164   0.838476
  0.118488   0.273165   0.838367
  0.115788   0.273159   0.838297
   0.11291   0.273144   0.838387
  0.110848   0.273134   0.838452
  0.107276   0.273118   0.838515
  0.105291   0.273116   0.838422
  0.102609   0.273115   0.838266
 0.0997432   0.273106   0.838279
  0.097678   0.273096   0.838345
 0.0949328   0.273084   0.838402
  0.092067    0.27307   0.838449
 0.0893745   0.273065   0.838322
 0.0866833   0.273062    0.83817
 0.0846612   0.273055   0.838135
  0.081059   0.273033   0.838242
 0.0789909    0.27302   0.838294
 0.0761167   0.273002   0.838335
 0.0734228   0.272992   0.838189
 0.0707216   0.272977   0.838041
 0.0678349   0.272949   0.838073
   0.06508   0.272922   0.838108
 0.0630108   0.272904   0.838152
   0.06229   0.272893   0.838207
 0.0567387   0.272888   0.837949
 0.0561497   0.272887    0.83793
 0.0562106   0.272883   0.838018
 0.0490454   0.272864   0.838022
 0.0469661   0.272854    0.83808
 0.0447883   0.272846   0.838098
  0.044834   0.272838   0.838188
 0.0385051   0.272847    0.83787
 0.0357181   0.272844   0.837955
 0.0329398   0.272844   0.838019
 0.0307307   0.272845   0.838083
 0.0272996    0.27286   0.837962
  0.935252   0.317433   0.266968
  0.936458   0.317394   0.263316
  0.938458   0.317358   0.257755
  0.940431   0.317313   0.252206
  0.941974    0.31728   0.247928
 0.0245286   0.272876    0.83786
  0.597249   0.311613    0.18766
  0.595381    0.31163   0.187586
   0.59354   0.311654   0.187454
  0.591707   0.311678   0.187307
  0.587446   0.311723   0.187123
  0.586983   0.311718   0.187253
   0.58145   0.311722   0.187844
  0.581214   0.311726   0.187776
  0.580866   0.311725   0.187772
  0.578972   0.311734     0.1878
  0.576366   0.311757   0.187616
  0.574518   0.311769   0.187486
  0.568467   0.311787   0.187547
  0.568955   0.311787   0.187454
  0.566188   0.311788   0.187603
  0.564877   0.311787   0.187661
  0.564662   0.311784   0.187646
   0.56188   0.311796   0.187631
  0.558447   0.311829   0.187424
  0.555544   0.311841   0.187507
  0.556261   0.311843    0.18737
  0.551668   0.311863   0.187614
  0.549713   0.311894   0.187717
  0.920059   0.317297   0.308752
  0.921671   0.317288    0.30439
   0.92483   0.317332   0.295842
  0.925759   0.317359   0.293278
  0.925671   0.317365    0.29354
  0.927949   0.317417   0.287016
  0.931085   0.317478   0.278478
  0.935272   0.317478   0.266927
  0.544851   0.312363   0.188529
  0.543538    0.31265   0.188956
  0.540867   0.313328   0.190048
  0.910354    0.31751   0.336216
  0.912688   0.317454   0.329506
  0.914658   0.317415   0.323978
   0.91558    0.31741   0.321422
   0.91794   0.317352   0.314694
  0.919528   0.317319   0.310343
   0.53872   0.314019   0.191493
  0.901936   0.317565   0.363669
  0.902255   0.317541   0.361914
  0.902306   0.317549   0.361757
  0.903259   0.317488   0.356793
  0.907198   0.317546   0.344854
  0.907192   0.317538   0.344875
  0.909238   0.317548   0.339315
  0.901013   0.318649   0.382449
  0.901056   0.318543   0.381001
  0.901223   0.318228   0.376118
  0.901346   0.318036   0.372983
  0.901478   0.317859   0.369902
  0.901646   0.317701   0.366885
   0.53049    0.31754   0.198614
  0.900671   0.319722   0.406323
  0.900762   0.319563   0.403221
  0.900817   0.319435   0.400175
   0.90083    0.31931   0.396855
  0.900866   0.319207   0.393839
  0.900861   0.319228   0.394103
  0.900962   0.318791   0.384175
  0.527049   0.319604   0.202323
  0.900264   0.320535   0.418665
  0.900269   0.320513   0.418849
  0.900354   0.320314    0.41572
  0.900398   0.320238   0.414308
   0.90064   0.319826   0.407715
  0.900678   0.319754   0.406323
   0.52582   0.320369   0.203686
   0.59328     0.2997   0.877802
  0.588168   0.298865   0.876353
  0.587994   0.298842    0.87628
   0.58615   0.298597    0.87601
  0.586007   0.298584   0.875876
   0.58057   0.297866   0.875125
  0.579595   0.297725   0.874894
  0.900256   0.320564   0.418915
  0.522344   0.322464   0.207522
  0.601053   0.301157   0.879776
  0.598738   0.300736   0.879213
   0.59709   0.300443   0.878839
  0.596127   0.300281   0.878629
  0.595161   0.300096   0.878387
  0.593426   0.299741   0.877864
  0.520947   0.323218   0.209065
  0.615088   0.303199   0.882812
  0.612752   0.302858   0.882361
  0.610242   0.302529   0.881981
  0.609257   0.302408    0.88178
  0.609053   0.302394   0.881755
  0.603957   0.301677   0.880463
  0.602981   0.301513   0.880224
  0.518121   0.324738   0.212187
  0.627855   0.305522   0.886337
  0.626231   0.305246   0.885973
  0.625264   0.305098   0.885802
  0.618787   0.303836   0.883655
  0.617184   0.303563   0.883256
   0.61688   0.303518   0.883233
   0.51814   0.324735   0.212167
    0.6418   0.307521   0.889308
  0.638707   0.307064    0.88866
  0.635747   0.306647   0.887863
  0.636124   0.306711   0.888012
  0.631667    0.30611   0.887038
  0.629329   0.305784   0.886616
  0.628325   0.305622   0.886426
  0.514574   0.326741   0.216104
  0.659237   0.309602   0.892298
   0.65751   0.309447   0.892144
  0.655805   0.309289   0.891958
  0.652027   0.308889   0.891286
  0.651046   0.308784   0.891081
   0.64728   0.308321   0.890296
   0.64561   0.308105   0.890005
  0.644594   0.307969   0.889856
  0.642937    0.30772   0.889543
  0.510561   0.329267    0.22054
  0.729603   0.312666   0.896846
  0.729788   0.312667   0.896889
  0.725335    0.31253   0.896704
  0.724922   0.312516    0.89669
  0.720617   0.312382   0.896284
  0.717462   0.312271   0.896175
  0.716992   0.312253   0.896203
  0.713776    0.31214   0.896193
  0.712698   0.312105   0.896136
  0.712376   0.312094   0.896115
   0.70732   0.311932   0.895631
  0.706246   0.311893   0.895562
  0.703705   0.311798   0.895514
  0.701944    0.31173   0.895476
  0.699532   0.311636   0.895409
  0.698443   0.311594   0.895363
  0.697353   0.311552   0.895318
  0.691523   0.311316   0.894723
  0.689781    0.31124   0.894644
   0.68802   0.311162   0.894588
  0.686254   0.311085    0.89454
  0.685794   0.311065   0.894556
  0.684681   0.311017   0.894541
  0.682213    0.31091   0.894356
  0.677122    0.31068   0.893792
  0.675379   0.310597   0.893706
  0.673622   0.310511   0.893634
  0.671205   0.310388   0.893534
  0.670758   0.310367   0.893535
  0.669657   0.310312   0.893507
  0.666584   0.310133   0.893126
  0.661497   0.309796    0.89245
  0.661056   0.309754   0.892438
  0.507651    0.33091    0.22376
  0.876479    0.31697   0.903111
  0.874819   0.316831   0.902994
  0.872524   0.316647   0.902805
  0.870121   0.316452   0.902587
   0.86914   0.316377   0.902468
  0.864242   0.315979   0.901623
  0.864005   0.315977   0.901606
  0.862209   0.315864     0.9015
  0.859876   0.315747   0.901403
  0.857528   0.315667    0.90136
  0.855041   0.315619   0.901337
  0.853364   0.315607   0.901234
  0.851689   0.315601   0.901124
  0.848575   0.315586   0.901072
  0.847489   0.315575   0.901094
  0.844471   0.315546   0.901138
  0.844015   0.315539   0.901173
  0.842293   0.315522   0.901183
  0.837924   0.315499    0.90098
  0.835598   0.315487   0.900877
  0.834527   0.315477   0.900869
  0.832659   0.315457   0.900925
  0.830916   0.315437   0.900965
  0.828548   0.315408   0.900977
   0.82671   0.315382   0.900978
  0.823743   0.315342   0.900761
   0.82141   0.315304    0.90062
  0.819556   0.315268   0.900631
  0.817184   0.315221   0.900623
  0.813999   0.315153   0.900669
  0.813729   0.315149   0.900607
  0.811902   0.315111    0.90056
  0.807657    0.31503   0.900189
   0.80725   0.315022   0.900171
  0.802808   0.314927   0.900124
  0.803003    0.31493   0.900155
  0.801906   0.314906   0.900172
  0.798122   0.314817   0.900114
  0.796431   0.314779   0.899995
  0.793457    0.31471   0.899729
  0.791614   0.314662    0.89969
  0.789237   0.314599   0.899665
   0.78684   0.314531   0.899661
    0.7864   0.314519   0.899667
   0.78392   0.314444   0.899596
  0.779667    0.31431   0.899143
  0.777227   0.314226   0.898997
  0.776774   0.314211   0.899025
   0.77504   0.314153   0.898994
  0.771999   0.314054    0.89895
  0.771565   0.314041   0.898938
  0.769078   0.313968   0.898863
  0.767388    0.31392   0.898722
   0.76298   0.313786   0.898381
  0.763352     0.3138    0.89835
  0.760147    0.31369   0.898339
  0.757762   0.313606   0.898284
  0.755902   0.313539   0.898252
  0.754205   0.313477   0.898123
   0.75058   0.313341   0.897703
  0.748739   0.313272   0.897628
  0.747654   0.313234   0.897597
  0.745894   0.313172   0.897589
   0.74205   0.313053    0.89756
  0.741758   0.313045   0.897508
  0.736704   0.312905   0.897066
  0.734868   0.312846   0.896983
  0.734565   0.312835   0.896945
  0.730052   0.312682     0.8969
   0.99766    0.34657  0.0899345
  0.504852   0.332458   0.226854
  0.890371   0.319211   0.895438
  0.890467   0.318555   0.892517
  0.890519   0.318232   0.889377
  0.879285   0.317246   0.903505
  0.876909   0.317023    0.90319
  0.997711   0.348194  0.0897889
  0.501893   0.334098   0.230121
  0.890361   0.319313   0.895758
  0.499931   0.335312   0.232285
  0.883731    0.32181   0.910472
  0.499318   0.335651   0.232959
  0.890301    0.32406   0.900578
  0.497419   0.336871   0.235054
  0.890306   0.324175   0.900668
  0.494736   0.338538   0.238021
  0.890258   0.328458   0.900944
  0.850421   0.326923   0.917754
  0.739671   0.325181   0.915333
  0.738037   0.325074   0.915076
  0.734948   0.324882   0.914751
  0.733887   0.324845   0.914724
  0.731514   0.324766   0.914662
  0.729763   0.324745   0.914683
     0.728   0.324751   0.914739
   0.72675   0.324725   0.914729
  0.890232   0.330147   0.900988
  0.891261   0.331398   0.851632
  0.747743   0.326496   0.917148
  0.746873   0.326378   0.917025
  0.745987   0.326231   0.916859
  0.743774    0.32577   0.916246
   0.74139   0.325383   0.915719
  0.724383   0.325113   0.915166
  0.723179   0.325173   0.915198
  0.895522   0.338869   0.652054
  0.679175   0.323053   0.912022
  0.663206    0.32436   0.913852
  0.649565   0.323585   0.912769
  0.890212   0.330266   0.901021
  0.891227   0.333138   0.851525
  0.894339   0.337868   0.709126
  0.754359   0.328553   0.920317
  0.752916   0.328138   0.919617
  0.751486   0.327693   0.918884
  0.895532   0.338924   0.652562
  0.672954   0.328204   0.919907
  0.655947   0.326606   0.917518
  0.890186   0.332747   0.901065
   0.89122    0.33319   0.851458
  0.760527   0.330369   0.922927
  0.759741   0.330126    0.92261
  0.759563   0.330089     0.9226
  0.756677   0.329252   0.921425
  0.671658   0.329089   0.921188
  0.654617   0.327362   0.918592
  0.477281   0.348381   0.257294
  0.890151   0.334596   0.901123
  0.891198   0.337721   0.852141
  0.766448   0.332394   0.925853
  0.765038   0.331941    0.92513
  0.763487   0.331444   0.924426
  0.714353   0.331262   0.924389
  0.669386   0.331003   0.923923
  0.650264   0.330442   0.922903
   0.47442   0.350013   0.260455
  0.890171   0.336271   0.901093
  0.891214   0.338587   0.852279
  0.773271   0.334321   0.928809
  0.771791   0.333913   0.928252
  0.769532   0.333323   0.927388
  0.768074   0.332958   0.926774
  0.712063   0.333065   0.926979
  0.668545   0.331944   0.925258
  0.649676   0.330824   0.923424
  0.473163   0.350806   0.261848
  0.890274   0.339438    0.90093
  0.891231     0.3394   0.852333
  0.779583   0.335878   0.930941
  0.777374   0.335294     0.9301
  0.776501   0.335121   0.929886
  0.774968   0.334807   0.929468
  0.895438   0.345892   0.651052
  0.666923   0.334801   0.929341
  0.644657   0.334591   0.929276
  0.472597   0.351166   0.262476
  0.890305   0.341112    0.90088
  0.891275   0.341131   0.852518
  0.785328   0.337679   0.933872
   0.78533   0.337708   0.933894
  0.781849   0.336618   0.932145
  0.895407   0.347698   0.650954
  0.642389   0.336496   0.932072
  0.471945   0.351541   0.263197
  0.890288   0.342958   0.900904
  0.891308   0.342835   0.852597
  0.895429   0.349359   0.650887
  0.641303    0.33739   0.933332
  0.624229   0.335569    0.93052
  0.466498   0.354952   0.269242
  0.890314   0.342929   0.900865
  0.891312   0.344527   0.852629
  0.892477   0.347934   0.790019
  0.895445   0.350208    0.65086
   0.46439   0.356125   0.271582
  0.890261   0.344773   0.900942
   0.89125   0.347974   0.852728
  0.804489   0.343938   0.942907
  0.802291   0.343592   0.942462
  0.892385   0.348503   0.795405
  0.892414   0.348357   0.793803
  0.892468   0.348053   0.790519
  0.895492   0.351866   0.650871
  0.462241   0.357297   0.273963
   0.89022   0.347242   0.900994
  0.891229   0.348848   0.852672
  0.891811   0.350037   0.824208
  0.891926   0.349497   0.818154
  0.813227   0.345028   0.944683
  0.809671   0.344512   0.943749
  0.808729   0.344418   0.943565
  0.806474   0.344213   0.943219
  0.895553   0.355382    0.65135
  0.462186   0.357338   0.274027
  0.890196   0.348929   0.901026
  0.891206   0.350519   0.852621
  0.891581   0.349992   0.838971
  0.891661   0.350828   0.834956
  0.891717   0.350647   0.830699
  0.891761   0.350398    0.82769
  0.733809   0.345265   0.944879
  0.731442   0.345434   0.945183
  0.728913   0.345732   0.945711
  0.727167   0.345973   0.946008
  0.724794   0.346443   0.946563
  0.895559   0.355278   0.651285
  0.457245   0.360113   0.279487
  0.890161   0.350772   0.901077
  0.891185   0.350643   0.852629
  0.740626   0.346882    0.94732
  0.738315   0.347166   0.947604
  0.453972   0.362225   0.283099
  0.890168   0.352448   0.901058
   0.89117   0.353256   0.852606
  0.450419   0.364273   0.287018
  0.890267   0.355591   0.900873
  0.891171   0.354153   0.852602
  0.759433   0.352018   0.954939
  0.448874   0.365072   0.288722
  0.890304   0.358171   0.900779
  0.891261   0.357372   0.852507
  0.890314   0.358158   0.900765
  0.891307   0.360756   0.852484
  0.893057   0.361921   0.766397
  0.766632   0.355401   0.959747
  0.764776   0.355316   0.959633
  0.893086   0.362878   0.761748
  0.729056   0.354259   0.958279
  0.626931   0.357394   0.962661
   0.89029   0.359987   0.900782
  0.891328   0.360709    0.85245
  0.892348    0.36275   0.803911
  0.892381   0.363191   0.801586
  0.625985   0.359299    0.96546
  0.890258   0.361672   0.900816
  0.891275   0.363359   0.852592
   0.89239   0.363878   0.799538
  0.892424   0.364383   0.796257
  0.892409   0.364289   0.795822
  0.892428    0.36467    0.79369
   0.62678   0.357937   0.963472
   0.89021     0.3649   0.900865
  0.891285   0.363452   0.852572
  0.892713   0.367804    0.78629
  0.612855   0.358539   0.964357
  0.890208   0.365033    0.90087
  0.891236   0.366754   0.852759
  0.892708   0.368079   0.786271
  0.892769   0.369388    0.78276
  0.890187   0.366716   0.900893
  0.891215   0.368456   0.852859
   0.89275   0.369597   0.782843
  0.892761   0.370825    0.78069
  0.890226   0.370792   0.900813
  0.891185   0.371106   0.853022
  0.890218   0.370961   0.900829
  0.891188   0.371219   0.853021
  0.890209   0.371124   0.900845
   0.89124   0.373676   0.853021
  0.892533   0.375161   0.794629
  0.997757   0.394497  0.0892468
  0.890307   0.374269    0.90069
  0.891287    0.37534   0.852979
  0.892446    0.37637   0.799079
  0.892855   0.377307   0.777157
  0.997799   0.392521  0.0892221
 -0.031068   0.370122   0.818199
  0.890311   0.375937   0.900683
  0.891325   0.377761   0.852921
  0.893894   0.379538   0.726432
    0.9978   0.393913  0.0890017
-0.0310945   0.370391   0.818229
  0.890251   0.378551   0.900772
  0.891328   0.378664    0.85291
   0.89402   0.382892   0.723977
  0.895325   0.384076   0.656778
-0.0310823   0.372172    0.81822
  0.890228   0.380229   0.900804
  0.891264   0.381264   0.852961
  0.894017   0.384994   0.723071
-0.0310702   0.373953    0.81821
  0.890204   0.381908   0.900836
  0.891239   0.382934   0.852972
   0.61545   0.376588   0.990992
  0.997473   0.400295  0.0937834
-0.0311052    0.37602   0.818252
  0.890178    0.38359   0.900871
  0.891215   0.383831   0.852999
  0.893348   0.386845   0.753513
-0.0310645   0.377797   0.818209
   0.89017   0.385406   0.900877
   0.89116   0.387214   0.853079
-0.0310764   0.379858   0.818221
  0.890208   0.387059    0.90081
  0.891215   0.389624   0.853014
  -0.03107   0.382393   0.818212
  0.890287   0.389443   0.900677
  0.891211   0.389775   0.853023
 -0.031084   0.384176   0.818229
  0.890318   0.391098   0.900623
  0.891294   0.392173   0.852907
 -0.031095    0.38624   0.818248
  0.890297   0.392925   0.900653
  0.891315   0.393073   0.852875
  0.997354   0.407985  0.0945995
-0.0310486   0.390564   0.818228
  0.890271   0.394603    0.90069
  0.891304   0.396427   0.852885
  0.892475   0.395461   0.796783
  0.892462   0.396041   0.795459
  0.997553   0.411845   0.093518
-0.0310646   0.390836   0.818249
  0.890251   0.396278    0.90072
  0.891285   0.397326   0.852916
  0.892412   0.399229   0.793707
   0.99757   0.412652  0.0935619
-0.0310513   0.392614   0.818248
  0.890234   0.397952   0.900747
  0.891229   0.400571   0.853031
  0.892463   0.401303   0.792903
  0.997582   0.413384  0.0936404
-0.0310869   0.394676   0.818296
  0.890185   0.400546   0.900824
  0.891216   0.401477   0.853083
  0.892499   0.402158   0.792517
  0.892552   0.402949   0.791915
-0.0310469   0.396448   0.818253
  0.890217   0.402942   0.900771
  0.891157     0.4041   0.853261
  0.892618   0.404326   0.791034
-0.0310622   0.398504   0.818267
  0.890215   0.403111   0.900773
  0.891224   0.406514   0.853229
  0.892636   0.405979   0.790843
 -0.031073   0.400282   0.818275
  0.890286   0.405491   0.900648
  0.891217   0.406648   0.853224
  0.892633   0.406883   0.790993
-0.0311023   0.403091   0.818307
   0.89028   0.405666   0.900656
  0.891241   0.407552   0.853188
-0.0310762   0.404864   0.818284
  0.890304   0.410478   0.900588
  0.891329   0.410651   0.852951
  0.589652   0.403801    1.03104
-0.0310333   0.406636   0.818245
  0.890289   0.410619   0.900611
  0.891308   0.412444   0.852889
  0.895396    0.41662   0.652168
  0.588106    0.40601    1.03442
  0.573447   0.361921   0.969516
-0.0310662   0.408695   0.818292
  0.890256   0.413057   0.900654
  0.891338   0.412449   0.852846
  0.895442   0.416529   0.652137
   0.58865   0.403119    1.03001
-0.0310533   0.410468   0.818283
  0.890235   0.413198   0.900685
  0.891343   0.413336   0.852782
  0.895404   0.418389   0.652298
-0.0310797   0.413271   0.818315
  0.890193   0.416405   0.900745
  0.891243   0.415893   0.852853
  0.892282   0.417564   0.805463
   0.89339    0.41863   0.755224
  0.895423   0.420054   0.652326
 -0.031043   0.415039   0.818274
  0.890178   0.418216   0.900763
  0.891201   0.419088   0.852869
  0.892237   0.420995   0.805928
  0.893357   0.420273    0.75479
  0.893954     0.4203   0.727333
  0.895467   0.421704   0.652299
  0.894459   0.491864   0.701488
-0.0310233   0.416811   0.818254
  0.890215    0.41986   0.900696
  0.891202   0.421636   0.852851
  0.892168   0.423037   0.806629
  0.892766   0.421742   0.781566
  0.893336    0.42181   0.754402
  0.895514   0.423361   0.652307
-0.0310629   0.418866   0.818303
  0.890298   0.422226   0.900551
  0.891202   0.421795   0.852853
  0.892184   0.423638   0.806545
  0.893325   0.423232   0.753626
  0.895545   0.425034   0.652374
-0.0310471   0.420638   0.818294
   0.89032   0.423133    0.90051
   0.89128   0.424176   0.852729
   0.89219    0.42366   0.806498
  0.893313   0.426143   0.752026
  0.895511   0.427712    0.65258
-0.0310549   0.423437   0.818318
  0.890322   0.425684     0.9005
  0.891338   0.427487   0.852647
  0.892248   0.428694   0.806918
  0.892963   0.428901   0.775511
  0.893337   0.426951   0.751639
  0.893741   0.428464   0.734634
  0.895546   0.427596   0.652514
-0.0310098   0.425205    0.81828
  0.890296   0.427358    0.90054
  0.891354   0.427464   0.852623
  0.892235   0.428772   0.806904
   0.89343   0.429029   0.750756
  0.893715   0.429361   0.735251
   0.89547   0.430219   0.652608
-0.0310396   0.427258   0.818324
  0.890277   0.428264    0.90057
  0.891363   0.428359   0.852612
  0.892282   0.430436   0.806899
  0.893508   0.431146   0.749963
  0.893674   0.431293   0.735961
  0.895448   0.431867    0.65259
-0.0310251   0.429027   0.818315
  0.890227   0.431466   0.900661
   0.89131   0.430183   0.852727
  0.892279   0.430505   0.806832
  0.892912   0.432764   0.776556
  0.893489     0.4336    0.74957
  0.893693    0.43404   0.734714
  0.895426   0.432739   0.652605
-0.0310148   0.430795   0.818307
  0.890177   0.433291   0.900749
  0.891231   0.434218   0.852966
  0.892273   0.434212    0.80769
  0.892897    0.43426   0.776208
  0.892894   0.434414   0.776168
  0.893489    0.43371   0.749552
   0.89367   0.433817   0.734969
-0.0310132   0.433584   0.818305
  0.890182   0.434198   0.900744
  0.891229   0.434333   0.852971
  0.892885   0.434816   0.776218
  0.893432   0.436479   0.750345
-0.0309952   0.435351   0.818285
  0.890233    0.43658   0.900668
  0.891212   0.436014   0.853031
  0.893397   0.438292   0.750888
  0.895547   0.440782   0.651946
  0.896442   0.455234   0.614272
-0.0310363     0.4374    0.81833
  0.890287   0.438215   0.900582
  0.891202   0.436923   0.853064
   0.89315   0.445264   0.758983
 -0.031025   0.439165   0.818318
  0.890339   0.440603     0.9005
  0.891264   0.440215   0.852947
  0.895562   0.442567   0.651997
   0.89712   0.443605   0.591592
-0.0310634   0.441215   0.818364
  0.890314   0.442421   0.900541
  0.891336   0.442567   0.852779
  0.895524   0.446067   0.652255
  0.898287   0.446022   0.587838
-0.0310004   0.443717   0.818303
  0.890346   0.442418   0.900486
  0.891322   0.445105   0.852715
  0.895493   0.447755   0.652409
  0.899682   0.446858   0.585234
 -0.031034   0.445765   0.818349
  0.890269   0.444996   0.900607
  0.891308   0.446004   0.852707
  0.893601     0.4468   0.745495
  0.895479   0.447788   0.652422
  0.902775    0.44837   0.579053
-0.0310203   0.450024   0.818347
  0.890194   0.448326   0.900718
  0.891283   0.448405   0.852677
  0.893619   0.447571    0.74465
  0.895465   0.447822   0.652434
  0.920408   0.394357   0.438605
  0.997767   0.452809  0.0902938
-0.0309866   0.451785   0.818309
  0.890182   0.449976   0.900729
  0.891262   0.448554   0.852709
  0.895434   0.451169   0.652727
  0.929548    0.45241   0.511703
-0.0310022   0.452072   0.818323
   0.89024   0.452333   0.900623
  0.891243   0.450963   0.852701
  0.893564   0.451251   0.741086
  0.895424    0.45111   0.652639
  0.932904   0.454209   0.505131
-0.0310261   0.452365    0.81835
  0.890237    0.45252   0.900626
  0.891229   0.451863   0.852713
  0.893549   0.453845   0.741168
  0.895414    0.45482   0.653421
-0.0310626   0.457626    0.81837
  0.890292   0.454148   0.900528
  0.891222   0.453521   0.852702
  0.893545   0.453874    0.74119
  0.894611    0.45749   0.689878
  0.894621   0.457524   0.689613
  0.897796   0.457641   0.558262
-0.0310152   0.457633   0.818316
   0.89034   0.455778   0.900442
   0.89129   0.456782   0.852572
  0.892444    0.45698   0.797952
  0.893667   0.459211   0.742341
-0.0310262   0.458659   0.818321
   0.89036   0.456684   0.900403
  0.891337   0.458419   0.852506
  0.892557   0.458863   0.795804
  0.895475   0.459421   0.655157
  0.938932   0.460664   0.499291
-0.0310347   0.463184   0.818326
  0.890301   0.459981   0.900491
  0.891342   0.460987   0.852541
  0.892563   0.461586   0.792903
  0.893613   0.463821   0.745325
  0.895494   0.461207    0.65561
  0.941939   0.462447    0.49415
 -0.030996   0.463194   0.818283
  0.890247   0.463148   0.900571
  0.891371   0.460967   0.852496
  0.892474   0.463818   0.791335
  0.893629   0.463017   0.744051
  0.894847   0.463098   0.684974
  0.895448   0.463973   0.656106
  0.929837   0.463989   0.530393
  0.947269   0.464815   0.483416
-0.0310214   0.465971   0.818321
  0.890249     0.4633   0.900566
  0.891301   0.463562   0.852664
  0.892519   0.464127   0.791497
   0.89363   0.464834   0.742799
  0.893622    0.46452   0.742686
  0.894832   0.464498   0.684207
  0.894832   0.465327   0.683959
  0.895432   0.464817   0.656137
  0.922785   0.465618   0.552783
  0.935037    0.46601   0.519382
  0.949226   0.465827   0.479412
 -0.030992    0.47021   0.818299
  0.890227   0.464962   0.900598
  0.891274   0.465984   0.852724
   0.89481   0.466973   0.683942
  0.895403   0.466469   0.656156
  0.925617   0.467194   0.547509
  0.937166   0.467539   0.515972
  0.952628   0.467489   0.472896
-0.0310058   0.470499   0.818311
  0.890218   0.465869   0.900613
  0.891254   0.466882   0.852749
  0.894783   0.468667   0.684111
  0.895381    0.46734   0.656157
  0.928553   0.469005   0.542613
  0.939476   0.468995   0.512121
  0.955343     0.4691   0.468084
 -0.031001   0.471525   0.818303
  0.890215   0.467676   0.900618
  0.891237   0.468531    0.85273
  0.893805   0.469928   0.733898
  0.894776   0.469424   0.684187
   0.89536   0.468962   0.656097
  0.931368   0.471137   0.538133
  0.941937   0.470381   0.507617
  0.941987   0.470392   0.507497
  0.957946   0.470834   0.463643
  0.958102   0.470882    0.46328
-0.0310798    0.47604   0.818383
  0.890315   0.470762   0.900464
  0.891228   0.469432   0.852707
  0.894748   0.472325   0.685075
  0.895351   0.470591   0.656042
  0.933211   0.472203   0.534932
  0.945808   0.472512   0.500443
  0.960543   0.472665   0.459416
  -0.03103   0.476054   0.818328
  0.890354   0.473136   0.900408
  0.891282    0.47264   0.852466
  0.894373   0.473194   0.708111
  0.894761   0.473224    0.68522
   0.89534   0.472385   0.656015
  0.935867   0.473936   0.530254
  0.948871   0.474033   0.494297
-0.0310379    0.47708   0.818335
  0.890319   0.474952   0.900468
  0.891273   0.472814   0.852453
  0.894415   0.474621   0.707299
  0.894393   0.475427   0.706791
  0.938973   0.475652   0.524809
  0.951378   0.475038    0.48884
-0.0309975   0.482311   0.818288
  0.890296   0.476611   0.900505
  0.891368   0.476608   0.852214
  0.892413   0.476149   0.800668
  0.893838   0.476995   0.729486
  0.941718   0.477283   0.519848
  0.957226    0.47753   0.477011
-0.0310288   0.482607   0.818322
  0.890274   0.478267    0.90054
  0.891332   0.478418    0.85226
  0.892398   0.476592   0.801169
  0.892456   0.478653   0.800414
  0.893825   0.478983   0.727801
   0.89487   0.479475   0.683962
-0.0310138   0.484362   0.818306
  0.890253   0.479174   0.900573
  0.891319   0.479317   0.852282
   0.89248   0.478901   0.800229
  0.894854   0.480375   0.683923
-0.0310364   0.484658   0.818331
  0.890207   0.482466   0.900648
  0.891226   0.483429   0.852501
  0.892413   0.481059    0.79934
  0.894826   0.482759   0.683848
-0.0310022   0.488877   0.818292
  0.890237   0.484099   0.900603
  0.891241   0.484187    0.85251
  0.892389   0.483779   0.798304
  0.893967    0.48387    0.72733
  0.894804   0.483613   0.683933
  0.898965   0.484218   0.650357
  0.897082   0.484677   0.587132
-0.0309963   0.489902   0.818282
  0.890259   0.485007   0.900572
  0.891226    0.48524   0.852574
  0.892382    0.48662   0.797282
  0.894315   0.485315    0.70666
  0.894784   0.484419   0.684006
  0.901045   0.485755   0.647261
-0.0310345   0.492669   0.818304
  0.890249   0.485188   0.900587
  0.891233   0.486902   0.852625
  0.894355   0.486988    0.70682
  0.894736   0.488169   0.684772
  0.903482   0.487582   0.643659
-0.0310269   0.494419   0.818279
  0.890346   0.489885   0.900455
    0.8913   0.489281   0.852584
  0.894741   0.488213   0.684759
  0.905481    0.48915   0.640706
  0.897163   0.489965   0.586748
-0.0310402   0.497172   0.818281
  0.890371   0.489898   0.900415
  0.891366   0.491644   0.852503
   0.89277   0.489331   0.781352
  0.894384   0.490829   0.708704
  0.894801   0.490611   0.684783
   0.90753   0.490697   0.637675
  0.897256   0.490917   0.585921
  0.897283   0.490921   0.585383
  -0.03104   0.499926   0.818287
   0.89033   0.491701   0.900492
  0.891375   0.492538    0.85248
  0.894931   0.493045   0.684899
  0.910179   0.492633   0.633745
-0.0310585    0.50341   0.818325
  0.890282   0.494112   0.900589
  0.891385   0.492713   0.852466
  0.894269   0.495707   0.712792
  0.895077   0.494681   0.684928
  0.912245   0.494169   0.630678
-0.0310156   0.503434   0.818274
  0.890251    0.49652   0.900661
  0.891314   0.496713    0.85249
  0.893066   0.496351   0.768685
  0.895207   0.495556   0.684763
    0.9146   0.496023   0.627191
-0.0310305   0.503733   0.818291
  0.890214   0.498323   0.900732
  0.891265   0.499092   0.852497
  0.893046   0.498538   0.767967
  0.896137   0.497985   0.682827
   0.91665    0.49756   0.624166
-0.0310091   0.508932   0.818261
  0.890284   0.501392    0.90063
  0.891253   0.499999   0.852483
  0.892479   0.499721   0.792989
   0.89301    0.50018   0.767841
  0.894252   0.499534   0.709671
  0.897943   0.499655   0.679568
  0.918955   0.499435   0.620778
 -0.031032   0.509233   0.818281
  0.890278   0.501584   0.900639
  0.891242   0.500897   0.852469
  0.893019   0.501016    0.76727
  0.897428   0.499749   0.680373
  0.920968   0.500981     0.6178
-0.0310358   0.510983   0.818273
  0.890269   0.501776   0.900652
  0.891225    0.50268   0.852444
  0.892595   0.503463    0.79202
  0.924003   0.503186   0.613248
-0.0310721   0.513728   0.818289
  0.890341   0.506457    0.90054
   0.89129   0.505012   0.852287
   0.89266   0.505499    0.79089
  0.925386   0.504345   0.611154
-0.0310428   0.517186   0.818229
  0.890364    0.50647   0.900504
  0.891366   0.507346   0.852142
  0.892639   0.507816   0.790197
  0.927827   0.506149   0.607449
-0.0310134   0.517215   0.818197
  0.890304   0.509019   0.900611
  0.891367   0.507518   0.852134
  0.892623   0.508061   0.790232
  0.893876    0.50736   0.729869
  0.895019   0.507072   0.702826
  0.929808   0.507703   0.604456
-0.0310578   0.519237    0.81824
  0.890299   0.509183   0.900619
  0.891395    0.50914   0.852091
  0.892597   0.510327   0.789869
  0.893834    0.51076   0.728679
   0.89577   0.511183   0.655647
-0.0310705   0.522704   0.818258
  0.890206   0.513945   0.900788
  0.891289   0.513947   0.852294
  0.892581   0.511869    0.78949
  0.893851   0.513002   0.727856
  0.895766   0.512028   0.655592
 -0.031041   0.522734   0.818226
  0.890258   0.516282   0.900712
  0.891282   0.514095    0.85231
  0.892569   0.512743   0.789181
  0.893895   0.513922   0.727485
  0.895722   0.515221   0.655285
-0.0310503   0.524755   0.818245
  0.890254   0.516477   0.900718
  0.891238   0.516512   0.852427
   0.89405   0.515861   0.726254
   0.91843   0.515593    0.64983
  0.895709   0.515386   0.655251
-0.0310461   0.527496   0.818251
  0.890332   0.518809   0.900601
  0.891264    0.51977   0.852475
  0.892873    0.51769   0.778797
  0.920889   0.517933   0.646619
  0.895754   0.515359   0.655096
-0.0310225   0.529965   0.818224
  0.890361   0.521324   0.900566
  0.891261   0.519938   0.852483
  0.892883   0.517896   0.778517
  0.921291   0.518094   0.646004
  0.895679   0.517776   0.654716
  0.899552   0.517399   0.568644
-0.0310661   0.531984   0.818262
  0.890376   0.521346   0.900543
  0.891284   0.520838   0.852467
  0.900784   0.521008    0.70782
  0.923916   0.520305   0.642325
  0.895682   0.520714   0.654103
-0.0310116   0.536142   0.818163
  0.890345    0.52314   0.900602
  0.891363   0.523183   0.852372
  0.902547   0.521972    0.70459
  0.925641   0.521497   0.639727
   0.89566   0.522407   0.653828
-0.0310049   0.535464   0.818161
  0.890336   0.524049    0.90062
  0.891362   0.523365   0.852377
   0.90559   0.524033   0.699595
   0.92774   0.522982   0.636422
  0.895693   0.523975   0.653545
-0.0310336   0.538192   0.818164
    0.8902   0.528817   0.900868
  0.891367     0.5266   0.852381
  0.907668   0.525512   0.696306
   0.93199   0.525914    0.62932
  0.895683   0.524146   0.653572
-0.0310385   0.539935   0.818154
  0.890246   0.528836   0.900795
  0.891361   0.527498   0.852394
  0.910113   0.527244   0.692459
  0.932644   0.526409   0.628199
  0.895803   0.526391   0.653094
-0.0310639   0.541947    0.81817
  0.890233   0.529745    0.90082
  0.891305   0.530647   0.852512
  0.912367    0.52883   0.689058
  0.934859   0.527832   0.624546
-0.0310287   0.543685   0.818125
  0.890239    0.53226   0.900823
  0.891283   0.531548    0.85256
  0.892848   0.531076   0.781597
-0.0310579   0.546419   0.818156
  0.890318   0.534584   0.900705
  0.891238   0.534099   0.852662
  0.893094   0.532345   0.764298
  0.916414   0.532593   0.684214
-0.0310688   0.549866   0.818172
  0.890341   0.535492   0.900671
  0.891257   0.535727   0.852631
  0.893124   0.535058   0.764914
  0.917223   0.496597   0.620995
-0.0310861   0.550178   0.818191
  0.890365     0.5364   0.900637
  0.891275    0.53663   0.852597
-0.0310236   0.552629   0.818122
   0.89031   0.541103   0.900732
   0.89135   0.538946   0.852436
  0.893104   0.538198    0.76843
   0.98154   0.536255   0.424433
-0.0310575   0.554642   0.818158
  0.890286   0.542011   0.900771
  0.891379    0.54128   0.852351
   0.98154   0.535917   0.424531
-0.0310422   0.556381    0.81814
  0.890259   0.543655   0.900817
   0.89138   0.542179   0.852338
  0.893078   0.538062   0.768837
  0.981435   0.538253    0.42671
-0.0310698   0.556694   0.818169
  0.890231   0.545303   0.900869
  0.891381    0.54308   0.852332
  0.895609    0.54335   0.654884
  0.981366   0.539386   0.427911
-0.0310268   0.560844   0.818127
  0.890228   0.547076   0.900885
  0.891286   0.547074    0.85244
  0.895621   0.544215   0.654864
  0.981283   0.541286   0.429058
-0.0310591   0.562856   0.818165
  0.890269   0.548694   0.900829
   0.89125    0.54871   0.852468
  0.981261   0.542107   0.429251
-0.0310549   0.564596   0.818161
  0.890322   0.550306    0.90075
  0.891238   0.549752    0.85247
  0.895242   0.549594    0.68538
  0.863159   0.548119   0.635893
  0.997644   0.540888   0.092356
-0.0310605      0.569   0.818157
  0.890382    0.55263   0.900661
  0.891272   0.552088   0.852399
   0.89989   0.551327   0.761732
  0.895182   0.550408   0.685169
  0.893544   0.549263    0.59192
  0.997583   0.543427   0.092541
-0.0310539   0.569051   0.818151
  0.890362   0.554411   0.900699
  0.891323   0.553701   0.852337
  0.900334   0.551535    0.76083
  0.900585   0.551591   0.760233
  0.893201   0.550112   0.592892
  0.997569   0.544188  0.0926183
-0.0310242   0.570787   0.818115
  0.890334   0.556056   0.900755
  0.891371   0.556957   0.852366
  0.857503   0.553599   0.646596
  0.997571   0.544071  0.0926128
 -0.031061   0.572792    0.81815
  0.890314   0.556966   0.900793
  0.891362    0.55786   0.852427
  0.894531    0.55245   0.708177
  0.997554   0.544811  0.0925927
-0.0310479   0.575238    0.81812
  0.890272   0.560073   0.900876
  0.891339    0.55952   0.852538
 -0.031074    0.57485   0.818158
  0.890233   0.561858   0.900942
  0.891316   0.561172   0.852635
  0.893846   0.560035   0.746862
  0.886521   0.557385   0.603582
 -0.031036   0.578965   0.818068
  0.890251   0.563478   0.900914
  0.891294   0.562817   0.852707
  0.893482   0.568267   0.764345
  0.893298    0.58133   0.767738
-0.0310793   0.580969   0.818097
  0.890294   0.565089   0.900846
  0.891272    0.56446   0.852757
  0.893618    0.56401   0.757004
  0.893973   0.566531   0.734542
  0.981423    0.55692   0.426934
-0.0310791   0.582701   0.818087
  0.890341   0.566697   0.900775
  0.891249   0.566237   0.852797
  0.893618   0.564797   0.757181
  0.981265    0.55649    0.42991
-0.0310965   0.583019   0.818103
   0.89037   0.569031   0.900743
    0.8913   0.568564   0.852717
  0.893622   0.566519   0.757521
  0.980888   0.560516   0.437744
-0.0310769   0.588829   0.818084
  0.890371    0.56994   0.900749
  0.891349   0.570171   0.852639
-0.0310828   0.589144   0.818094
  0.890318    0.57173    0.90085
  0.891368   0.571073   0.852605
-0.0310607   0.591589    0.81808
  0.890244    0.57556   0.900992
  0.891387   0.573399   0.852545
-0.0310649   0.593327   0.818091
  0.890241   0.576468      0.901
  0.891334   0.575906    0.85259
  0.980666   0.567254   0.441357
-0.0310735   0.595323   0.818102
  0.890227   0.578236    0.90103
   0.89131   0.577536   0.852618
  0.980583   0.568242   0.442974
-0.0310373   0.597052   0.818061
  0.890228   0.578428    0.90103
  0.891287   0.578435   0.852656
  0.893491   0.576791   0.759363
  0.980506   0.569212   0.444432
-0.0310679   0.599757    0.81809
  0.890313   0.581453   0.900907
  0.891269    0.58007   0.852703
   0.89342   0.579507   0.762221
  0.893437    0.57905   0.761434
  0.981789   0.572741   0.419661
-0.0310637   0.601487   0.818084
  0.890359   0.583059   0.900838
  0.891255   0.580968   0.852741
  0.894016   0.580415   0.729035
  -0.03107   0.602514   0.818091
   0.89038   0.584673   0.900805
  0.891299   0.584199   0.852747
  0.893705   0.586543   0.744516
  0.893921   0.582004   0.733335
-0.0310394   0.605918   0.818061
  0.890327   0.587171   0.900889
  0.891329   0.585095    0.85272
  0.893752   0.585911   0.741269
-0.0310696   0.607915     0.8181
  0.890302   0.589526   0.900935
  0.891426   0.586696   0.852611
  0.893779   0.585334   0.740641
  0.893381   0.584954   0.701191
  0.979885   0.578129   0.456386
-0.0310529   0.609645   0.818087
  0.890284   0.590436   0.900971
  0.891584   0.588288   0.852413
  0.893732   0.587692   0.742639
-0.0310914   0.611642   0.818133
  0.890265   0.592071   0.901014
  0.891863   0.589864   0.852032
   0.89373   0.589547   0.743644
-0.0310392   0.614068   0.818072
   0.89026   0.594551   0.901044
  0.892784   0.591933   0.850635
  0.893747   0.591284   0.744268
  0.884559   0.608836   0.751312
-0.0310624   0.616762   0.818087
  0.890304   0.596156   0.900985
  0.898464   0.595962   0.841599
  0.893753   0.592329   0.744525
   0.89375   0.592119   0.744556
  0.893963   0.592647   0.703213
  0.893973   0.592394   0.702681
-0.0310305   0.616121   0.818056
  0.890326   0.597064   0.900955
   0.89875   0.596215    0.84113
  0.893886   0.594363   0.703209
  0.893891   0.594236   0.703105
   -0.0311   0.620482   0.818116
  0.890379   0.600078   0.900877
  0.902562   0.598767   0.834964
-0.0310602   0.622203   0.818065
  0.890393   0.600274   0.900856
  0.903158   0.599287   0.833993
  0.893647   0.595781   0.749974
  0.893615   0.594656   0.688603
  0.793316   0.601899    0.73776
-0.0310823   0.622536   0.818092
  0.890324   0.602767   0.900972
  0.904882   0.600416   0.831196
  0.893444   0.601173   0.703389
  0.793438    0.60177   0.737566
  0.997588   0.583548  0.0916427
-0.0310743   0.625912    0.81805
  0.890308   0.603677   0.901002
  0.997537   0.586161  0.0918659
-0.0310967   0.628595   0.818049
  0.890269   0.606745   0.901072
  0.764255   0.609106   0.751593
-0.0310762   0.630316   0.818013
  0.890239   0.609222   0.901124
  0.892021   0.608992   0.851556
-0.0310467   0.632036    0.81797
  0.890283   0.610821   0.901058
  0.891692   0.610711   0.852087
 -0.031078   0.634723   0.817994
  0.890275   0.611036   0.901071
  0.891672   0.611615    0.85213
  0.760544   0.613007   0.759005
-0.0310682    0.63645   0.817981
  0.890406   0.613315   0.900871
  0.891652   0.612516   0.852172
  0.757932   0.614859   0.762362
-0.0310948   0.636776   0.818011
  0.890453   0.614222   0.900801
   0.89164   0.616449   0.852252
  0.820343   0.615374   0.763451
  0.757145   0.615397   0.763368
-0.0310329   0.639444   0.817944
  0.890824   0.616439   0.900209
  0.891638   0.617348   0.852268
  0.852038   0.621228   0.774505
  0.818426   0.616838   0.766333
  0.754558   0.617181   0.766674
  0.893285   0.619885   0.896232
   0.89164   0.616811   0.852255
   0.81576   0.618894   0.770331
   0.89684   0.622104   0.890486
  0.891596   0.622218   0.852436
  0.972333   0.616697   0.613301
   0.85211   0.617046   0.766575
  0.813343   0.620948   0.774057
  0.761267   0.623257   0.778446
  0.900082    0.62432   0.885252
  0.891578   0.623851   0.852523
  0.866588   0.636068   0.802881
  0.867067   0.626665   0.785126
  0.811606   0.622476   0.776832
  0.980814   0.614636    0.43915
  0.900347   0.624582   0.884825
  0.891563   0.624754   0.852577
  0.972288   0.615812   0.614246
   0.86467   0.627786   0.786963
  0.811218   0.622728   0.777291
  0.901822   0.625668   0.882446
  0.891543   0.624929   0.852614
  0.972229   0.616687   0.615341
  0.905005   0.627877   0.877313
   0.89154   0.627281   0.852675
  0.972172   0.617644   0.616354
  0.802512   0.631062   0.793309
  0.981037   0.616565   0.435777
  0.905343   0.628125   0.876769
  0.891526    0.62891   0.852718
   0.82817   0.631657    0.79441
  0.802741   0.630664   0.792552
  0.980704   0.616793   0.442125
  0.909657   0.630955   0.869812
  0.891528   0.631364   0.852715
  0.884544   0.639942   0.820842
    0.8004   0.632755   0.796428
  0.980765   0.617557   0.441265
  0.891004   0.635495    0.89996
   0.89152   0.631562   0.852728
  0.884777   0.644896   0.829439
  0.797235   0.635341   0.801233
  0.979309   0.622079   0.467002
  0.980831   0.619509   0.439254
  0.890677   0.637207   0.900489
  0.891573    0.63316   0.852633
  0.892589   0.630106   0.795206
  0.890861   0.638755   0.808001
  0.795922   0.636311   0.803087
  0.890657   0.638116   0.900519
  0.891786   0.637656   0.852282
  0.892288    0.63344   0.768894
   0.79269    0.63866   0.807613
  0.747514   0.635877   0.802374
  0.890612   0.639747   0.900593
   0.89175   0.638559   0.852342
  0.789883   0.640604   0.811481
  0.890604   0.641488   0.900606
  0.891577    0.64168   0.852624
  0.789801   0.640687   0.811632
  0.890617   0.642395   0.900586
  0.891539   0.642582   0.852686
  0.878226   0.641791   0.765729
  0.829596   0.646865   0.823292
  0.784773    0.64446   0.818523
  0.890634   0.645395   0.900561
  0.891501   0.643485   0.852746
  0.878632   0.640501   0.763274
  0.782058   0.646459   0.822398
  0.890627   0.647007   0.900574
  0.891463    0.64439   0.852806
  0.846098   0.647063    0.82344
  0.845077   0.646362   0.822176
  0.845883    0.64907   0.827245
  0.831646   0.644423   0.747732
  0.890571   0.648787   0.900666
  0.891435   0.646883   0.852829
  0.849528   0.653833   0.836132
  0.846449   0.647461   0.824162
  0.830193   0.646088   0.749841
  0.980425   0.632371   0.445212
  0.890548   0.650403   0.900708
  0.891483   0.649164   0.852727
  0.878707   0.653075   0.787756
  0.829158   0.652867   0.834627
  0.827323   0.652626   0.834164
  0.980386   0.634424   0.446848
  0.890541   0.652719   0.900733
  0.891525   0.651456    0.85264
  0.890493    0.65518   0.900831
   0.89159   0.653894    0.85253
  0.850546   0.653167   0.834957
  0.786578   0.653752   0.709184
  0.890521   0.657462   0.900802
  0.891561   0.654798    0.85258
  0.850335   0.656099   0.840506
  0.850483   0.655696   0.839753
   0.89056   0.658364   0.900741
  0.891532   0.655701   0.852631
  0.849468   0.661378   0.850487
  0.849262   0.658898   0.845773
  0.890641   0.659935   0.900613
  0.891503   0.656604   0.852682
  0.853994   0.659627   0.847582
   0.84849   0.658416   0.844748
  0.849863   0.661591   0.850897
  0.784815   0.657769    0.71201
  0.890639   0.660174   0.900616
  0.891064   0.658277   0.853389
  0.784975   0.655223   0.707834
  0.890785   0.663086   0.900378
  0.889895   0.663624   0.855273
   0.83572   0.660753    0.84948
  0.836453    0.66013   0.848288
  0.974278   0.650939   0.573234
  0.974308   0.650503   0.572735
  0.890799   0.663993   0.900354
  0.890043   0.664515   0.855047
  0.869438   0.662674   0.803531
  0.833855   0.661682   0.851357
  0.791583   0.664899   0.740513
  0.890549   0.667942   0.900762
  0.890849   0.667156   0.853788
  0.974167   0.653413   0.574629
  0.813149   0.666882   0.775287
  0.791627   0.664945   0.740826
  0.890443   0.669732   0.900932
  0.890914   0.668755   0.853701
  0.974223   0.652657   0.573324
  0.974196    0.65273   0.574038
  0.812507   0.667818   0.776415
  0.791093   0.665759   0.741359
   0.66119   0.676401   0.879334
  0.660789   0.676595   0.879675
  0.890429   0.672015   0.900944
  0.890897   0.669656   0.853736
  0.972697    0.65835   0.606302
  0.972896   0.658207   0.603081
  0.842211   0.670345   0.806174
  0.839327    0.66916   0.801597
  0.973282   0.657265   0.595889
  0.831073   0.659681   0.776934
   0.83047   0.673718   0.803757
  0.811151   0.669762   0.778583
  0.789639   0.668673   0.744135
  0.657646   0.678822   0.883713
  0.890441   0.672919   0.900915
   0.89088   0.670558   0.853771
  0.856776   0.671642   0.815584
   0.97281   0.658661   0.604691
  0.831876   0.671377   0.800358
  0.830298   0.654468   0.766172
  0.810468   0.670722   0.779641
  0.789284   0.676971   0.759162
  0.890453   0.673825   0.900887
  0.890784   0.673061   0.853945
  0.856882   0.671601   0.815563
  0.808677   0.673177   0.782387
  0.788271   0.673771   0.751076
  0.784389   0.672937   0.739099
  0.890506   0.676092   0.900786
  0.890749   0.673965   0.854009
  0.852742   0.674856   0.819853
  0.806237   0.676909   0.786851
  0.787761   0.674756   0.751787
  0.783127   0.677623   0.743897
  0.890536   0.677682   0.900726
  0.890715   0.674871   0.854074
  0.806233   0.677035   0.786978
  0.890538   0.677904   0.900728
  0.890425   0.679637   0.854569
  0.533574   0.670153   0.194984
  0.890571   0.680305   0.900663
  0.890309   0.680544   0.854712
  0.535009   0.670667   0.193401
  0.890498   0.682066   0.900727
  0.889943   0.682345   0.854365
  0.537655   0.671672    0.19048
  0.890173   0.684727   0.900471
  0.541488   0.673183   0.186258
  0.889066   0.687447   0.899544
  0.889051   0.687539    0.89911
   0.54336   0.673868   0.184198
   0.88937   0.688118   0.897342
  0.890125   0.689013   0.891495
  0.890143   0.689282   0.887104
  0.843312   0.689447   0.843892
  0.841963   0.689444   0.843046
  0.838242    0.68945   0.840281
  0.838098   0.689451   0.840186
  0.837356   0.689456    0.83968
  0.836006   0.689465   0.838779
  0.832921   0.689458   0.836381
  0.831031   0.689437   0.834727
  0.829678    0.68943   0.833804
  0.828933   0.689426   0.833297
  0.828189   0.689424   0.832794
  0.827443   0.689423    0.83229
  0.825539   0.689416   0.830835
   0.82539    0.68942   0.830792
  0.822429    0.68939   0.828085
  0.819968    0.68935   0.825502
  0.819913   0.689349   0.825401
  0.817516    0.68931   0.822741
  0.816249   0.689306   0.821625
  0.816161   0.689308   0.821534
  0.813694   0.689317   0.819423
   0.81364   0.689317   0.819292
   0.81175   0.689324   0.817219
  0.811141   0.689326   0.816509
  0.810533   0.689329     0.8158
  0.808805   0.689338   0.813878
  0.808768   0.689335   0.813759
  0.806341   0.689347   0.810981
  0.804676    0.68934   0.808957
  0.804636    0.68934   0.808883
  0.803591   0.689304   0.807372
  0.802914   0.689247   0.806114
  0.801917   0.689163   0.804389
  0.800884   0.689105   0.802749
  0.799162   0.689117   0.800086
  0.797436   0.689187   0.797513
    0.7974   0.689183   0.797353
  0.795691    0.68927   0.794746
  0.795336   0.689294    0.79441
  0.793532   0.689348   0.791071
   0.79257   0.689369    0.78945
  0.791459   0.689374    0.78716
  0.790515   0.689382   0.785516
  0.789859   0.689376   0.783955
   0.89016   0.689348   0.883746
  0.890143   0.689351   0.883381
  0.890133   0.689379   0.880432
  0.890013   0.689436   0.874611
  0.889952   0.689456   0.871699
  0.889811   0.689476   0.868922
  0.889794   0.689478   0.868591
  0.889274   0.689511   0.865683
  0.887369   0.689409   0.860635
  0.885465   0.689389   0.859538
  0.885754   0.689428   0.859828
  0.884886   0.689488   0.859491
  0.883213   0.689686   0.859425
  0.880956   0.689848   0.859229
  0.878093   0.689894   0.858893
  0.877133   0.689897   0.858761
   0.87378   0.689835   0.857694
  0.872925   0.689821    0.85738
  0.869581   0.689753   0.856177
  0.867446   0.689713    0.85539
  0.867269   0.689711    0.85527
  0.864067   0.689608   0.853489
  0.863857    0.68961   0.853443
  0.862442    0.68957   0.852717
   0.86099    0.68954   0.852085
  0.859518   0.689519   0.851506
  0.857456     0.6895   0.850625
  0.857208   0.689496   0.850559
  0.852776   0.689489   0.848329
  0.851952   0.689488   0.847948
  0.852382   0.689486   0.848115
  0.849082   0.689477   0.846592
  0.848884   0.689472    0.84649
   0.84682   0.689457   0.845529
  0.845358   0.689449   0.844896
  0.787882   0.689386   0.779938
  0.786865   0.689384   0.777374
  0.786894   0.689381    0.77706
  0.786515   0.689383   0.776024
  0.785574   0.689386   0.773284
  0.785417   0.689393   0.773129
  0.784016   0.689411   0.768638
   0.78348   0.689415    0.76653
  0.783158    0.68942   0.765409
  0.782385    0.68943   0.762415
  0.781833   0.689444   0.760563
  0.781406   0.689446   0.758185
  0.780736   0.689467   0.755155
  0.780316   0.689476    0.75271
  0.779728   0.689497   0.749599
  0.779211   0.689517   0.746515
   0.77905   0.689518   0.745164
  0.778818   0.689523   0.742397
  0.778657   0.689527   0.739494
  0.778583   0.689532   0.739582
  0.778668   0.689515   0.730241
  0.778809   0.689502   0.725651
   0.77884    0.68951    0.72535
   0.77896   0.689501   0.722205
  0.779112   0.689486   0.719028
  0.779209   0.689477   0.717327
  0.779849   0.689421   0.709672
  0.779923   0.689416   0.709239
  0.780485   0.689386   0.704488
  0.780766    0.68937   0.702525
  0.781838   0.689325   0.697227
  0.783199   0.689277   0.691828
  0.784537   0.689253   0.686946
  0.786808   0.689189   0.680603
  0.561643   0.679428   0.164027
  0.786639   0.689218   0.680799
  0.789308   0.689198   0.673454
  0.791235   0.689213   0.667848
  0.793936    0.68921   0.660514
  0.795782   0.689195   0.655672
  0.799856   0.689267   0.643858
  0.563134   0.679666   0.162378
  0.800858    0.68927    0.64128
  0.802809   0.689253    0.63564
  0.804833   0.689206    0.62993
  0.806765   0.689168   0.624295
  0.808546   0.689168   0.618773
  0.810499   0.689181   0.613135
   0.57296   0.682186   0.151532
  0.810725   0.689193   0.612553
  0.810978    0.68922   0.611516
  0.815653   0.689204   0.599416
  0.817664   0.689228   0.593755
  0.820137   0.689222   0.587341
  0.577303   0.682969   0.146742
  0.822343   0.689276   0.581199
   0.82456   0.689298   0.574559
  0.827036   0.689223   0.568062
   0.83045   0.689187   0.557634
  0.830559    0.68917    0.55748
  0.834134   0.689144   0.547319
  0.583696   0.684221   0.139695
  0.835388    0.68919   0.543917
  0.835448   0.689181   0.543775
  0.839653   0.689212   0.532465
  0.842047   0.689216   0.526077
  0.844129   0.689233   0.520385
  0.586886   0.684609   0.136185
  0.846456    0.68925   0.514115
  0.850095   0.689239   0.503131
  0.850267   0.689208   0.502859
  0.852314   0.689148   0.497148
  0.854446   0.689094    0.49134
  0.856057   0.689087   0.486799
  0.592759   0.685598   0.129755
  0.858968   0.689124    0.47881
  0.859897   0.689136   0.476116
  0.862035   0.689214   0.469512
  0.863676   0.689228   0.464973
  0.865859   0.689246   0.459172
    0.6044    0.68747   0.117527
  0.867079   0.689265   0.455766
  0.867185   0.689268   0.455756
  0.870708   0.689238   0.445561
   0.87285   0.689171   0.439777
  0.874959   0.689113    0.43398
  0.876611   0.689082   0.429424
  0.605559    0.68755   0.116566
  0.878701   0.689123   0.423332
   0.88064    0.68917   0.417723
  0.882655   0.689199   0.412077
  0.884377   0.689198   0.407483
  0.886485   0.689215   0.401766
  0.631105   0.689315   0.093638
  0.631741   0.688228   0.090622
  0.889145   0.689246   0.394439
  0.892576   0.689181   0.385066
  0.892861   0.689168   0.384138
  0.895011    0.68909   0.378322
  0.896703   0.689033   0.373721
  0.898623   0.689023   0.368066
  0.644612    0.68894  0.0932896
  0.642849    0.68892  0.0931059
  0.637162   0.688934  0.0930099
  0.637443    0.68894  0.0931081
  0.635538   0.688941  0.0931736
  0.633708   0.688881  0.0931066
  0.610205   0.691559   0.120915
   0.63642   0.692856  0.0978447
  0.900805   0.689064   0.361943
  0.902509   0.689075   0.357404
  0.904475   0.689118   0.351783
  0.906543   0.689145    0.34611
  0.910783   0.689137   0.335128
  0.671426   0.689178  0.0933715
  0.669472   0.689172  0.0935023
  0.667406   0.689174   0.093772
  0.669452   0.689164  0.0935952
   0.66759   0.689156  0.0936546
  0.665727   0.689145  0.0936969
  0.663872   0.689134  0.0937326
  0.661838   0.689126  0.0938373
  0.657081   0.689018  0.0932344
  0.656063   0.689013  0.0931995
   0.65504   0.689007  0.0931604
  0.653008   0.689001  0.0932412
   0.65114   0.688991  0.0932761
  0.648523   0.688974  0.0933072
  0.646464   0.688964  0.0934142
  0.911078   0.689163   0.334079
  0.912746   0.689128   0.329531
  0.914694   0.689085   0.323824
  0.916355   0.689027   0.319273
  0.918379   0.688982   0.313528
  0.919567   0.688995   0.309871
   0.71907   0.688877  0.0930531
  0.717345   0.688856  0.0928483
  0.715552   0.688853  0.0927829
  0.712684    0.68889  0.0930759
   0.71078   0.688916  0.0932303
  0.708887   0.688945  0.0933779
   0.70685   0.688979   0.093549
  0.703574   0.689001  0.0933128
  0.701801   0.689014  0.0932102
  0.701561   0.689019  0.0932103
  0.697872   0.689073  0.0934774
  0.694431   0.689124  0.0937397
   0.69232    0.68916   0.093956
  0.690508   0.689175  0.0939032
  0.688735   0.689183   0.093776
  0.686954    0.68919   0.093669
  0.685118   0.689203  0.0936758
  0.684898     0.6892   0.093604
  0.685447   0.689208  0.0936875
  0.679215    0.68925   0.094126
  0.922174   0.689012   0.302911
  0.923819   0.689054   0.298024
  0.925454   0.689061   0.293547
  0.927475   0.689088   0.287874
  0.929191   0.689096   0.283354
  0.748707    0.68918  0.0937494
  0.746205   0.689144  0.0935008
  0.743411   0.689137  0.0936571
  0.743107   0.689139  0.0936775
  0.741194    0.68914  0.0938439
   0.73935    0.68913  0.0939135
  0.737597   0.689108  0.0938718
  0.732835   0.688981    0.09314
  0.731875   0.688971  0.0930608
  0.729905   0.688956   0.093055
  0.727287   0.688947  0.0931618
  0.725427   0.688941  0.0932476
  0.723576   0.688934   0.093335
  0.721594    0.68892  0.0933788
  0.929712   0.689126   0.281728
  0.931509   0.689105   0.277125
  0.933577    0.68907   0.271364
  0.935153    0.68903   0.266893
  0.937072   0.688995   0.261193
  0.939122   0.688963   0.255452
  0.789654    0.68885  0.0928965
  0.787816    0.68886  0.0929951
  0.785226   0.688876  0.0931195
  0.783183   0.688896  0.0933137
  0.781419   0.688899  0.0932544
  0.779697   0.688896  0.0931011
  0.777204   0.688901  0.0929184
  0.775181   0.688935  0.0930923
  0.773295    0.68897  0.0932789
  0.770673   0.689017  0.0934851
  0.768595    0.68906  0.0937443
  0.768406   0.689064  0.0937362
  0.762864   0.689095  0.0933896
  0.763322     0.6891  0.0934962
  0.760573   0.689126  0.0935002
  0.757942   0.689162  0.0937072
  0.756069   0.689185   0.093841
  0.754201   0.689204  0.0939763
  0.749928   0.689208  0.0938629
   0.74825   0.689183  0.0936481
  0.940197   0.688986   0.252529
  0.940368    0.68899   0.251945
   0.94432    0.68914   0.240045
  0.946369   0.689194   0.234053
  0.945388   0.689158   0.236895
  0.819805   0.689105   0.093634
  0.817976   0.689107   0.093738
   0.81542   0.689107  0.0938247
  0.811138   0.689069  0.0936361
   0.81172   0.689086  0.0937993
  0.809308   0.689027  0.0933796
   0.80764    0.68899  0.0931481
  0.805721    0.68897  0.0931377
  0.803925   0.688958  0.0931859
  0.802121   0.688946  0.0932286
  0.799559   0.688927  0.0932832
  0.797593   0.688917  0.0933259
  0.795887   0.688891  0.0931505
  0.794197   0.688864  0.0929314
  0.792486    0.68884  0.0927531
  0.948566   0.689202   0.228361
  0.952031   0.689131   0.219196
  0.952462   0.689109    0.21803
  0.954076   0.689074   0.213131
  0.955284   0.689022   0.209938
   0.95814   0.689001   0.201567
  0.860209   0.688826  0.0930741
  0.858235   0.688831  0.0931931
  0.856525   0.688822  0.0930814
  0.854843   0.688812  0.0929042
  0.853149   0.688808  0.0927458
  0.850415   0.688833  0.0928651
  0.849351   0.688847  0.0929439
  0.844957   0.688928  0.0934711
  0.843934   0.688944   0.093503
  0.842158   0.688968  0.0935241
  0.840439   0.688984  0.0934178
  0.838728   0.688997  0.0932863
  0.836188   0.689028  0.0932945
  0.834147   0.689068   0.093548
  0.833037   0.689089  0.0936787
   0.83046   0.689121  0.0938485
  0.826961   0.689145  0.0939582
  0.825273   0.689131  0.0937588
  0.825086    0.68913   0.093781
  0.824832   0.689131  0.0938539
  0.959479    0.68902   0.198045
  0.962576   0.689086   0.189164
  0.962674   0.689084   0.188737
  0.963092   0.689066   0.187685
  0.966565   0.689091   0.178471
   0.88996   0.689067  0.0936867
  0.888034   0.689061  0.0937574
  0.885614   0.689027  0.0934895
  0.883961   0.689003   0.093275
  0.882272   0.688985  0.0931482
  0.880312   0.688986  0.0932717
  0.878518   0.688984  0.0933658
  0.876009   0.688966   0.093392
  0.874227   0.688959  0.0934631
  0.872334    0.68894  0.0934282
  0.870676   0.688909  0.0932149
  0.869025   0.688876  0.0929746
  0.866562   0.688846   0.092804
  0.860276   0.688868  0.0934368
  0.860194   0.688855  0.0933169
  0.968887   0.689109   0.172272
  0.970677   0.689063   0.167694
  0.972782   0.689007   0.161892
  0.974397   0.688958   0.157413
  0.974785   0.688961   0.155989
  0.976671   0.688971   0.150298
  0.928104   0.688735  0.0925553
  0.926407   0.688724  0.0924725
   0.92369    0.68874  0.0926629
   0.92191   0.688753  0.0927622
  0.920114   0.688773  0.0928987
  0.918138   0.688804  0.0931057
  0.916424   0.688819  0.0930763
   0.91615   0.688829  0.0931499
  0.912301   0.688847  0.0927837
  0.910325   0.688885  0.0929608
  0.907757   0.688934  0.0931815
  0.905935   0.688971  0.0933485
  0.903934   0.689013   0.093589
  0.902175   0.689038  0.0936502
  0.899738   0.689047  0.0934738
  0.898047   0.689048  0.0933572
  0.896308   0.689054  0.0933484
  0.894312   0.689072  0.0935486
  0.891792   0.689074  0.0936274
  0.978408   0.689003   0.145455
  0.981251   0.689039   0.137621
  0.983718   0.689107   0.130415
  0.984002    0.68909   0.129655
  0.985858   0.689179   0.123604
  0.957419   0.689015   0.093253
  0.955711   0.688999   0.093197
   0.95144   0.688996  0.0934942
  0.950457   0.688989  0.0935173
  0.948543    0.68898  0.0936064
   0.94689   0.688952  0.0934586
  0.945277   0.688915  0.0932054
  0.943664   0.688879  0.0929434
  0.941232   0.688844  0.0927671
  0.939297   0.688845  0.0929049
  0.934106   0.688839  0.0932788
  0.934005   0.688837  0.0932274
  0.930198   0.688762  0.0926529
   0.92996   0.688769  0.0927472
    0.9298   0.688763  0.0927666
  0.985931   0.689198   0.123292
  0.986301   0.689241   0.121596
   0.98669   0.689208   0.121055
  0.987018   0.689293   0.118256
  0.996782   0.688404   0.102336
  0.996725   0.688473   0.101262
  0.994926   0.688736   0.094966
  0.993735   0.688763  0.0940347
  0.991371   0.688815  0.0936422
  0.991925   0.688757  0.0936874
  0.991079   0.688758  0.0935365
  0.988758   0.688747  0.0930738
  0.987915   0.688742  0.0929332
  0.987073   0.688737  0.0927926
  0.986228   0.688731  0.0926517
  0.985382   0.688727   0.092511
  0.976757   0.688861   0.093235
  0.975851   0.688871  0.0931847
  0.973553   0.688883  0.0929363
  0.973292   0.688894  0.0930073
  0.968358   0.688982  0.0933662
  0.967342      0.689  0.0934436
  0.966327   0.689017  0.0935158
  0.966083   0.689018  0.0935048
  0.964309   0.689043  0.0936449
  0.961648   0.689063  0.0937125
  0.959276   0.689044  0.0934256
  0.958368   0.689033  0.0933489