  0.936698    0.25752   0.575153
  0.928768   0.251725   0.579287
  0.930385   0.252728   0.578329
  0.931171   0.253298    0.57795
  0.932687     0.2544   0.577276
  0.934335     0.2556   0.576339
   0.93441   0.255056   0.561903
  0.934343   0.254986   0.561188
  0.934225   0.254859   0.559399
   0.93433   0.254954   0.557614
   0.93436   0.254983   0.556935
  0.934431   0.255043   0.555073
  0.934437   0.255041   0.554384
  0.934429   0.255006   0.552525
  0.934377    0.25491   0.549951
  0.934336   0.254841    0.54807
  0.934324   0.254819   0.547372
   0.93431   0.254779   0.545498
  0.934309   0.254767   0.544804
  0.934331   0.254762    0.54295
  0.934366   0.254777   0.541111
  0.934384   0.254787   0.540424
  0.934427   0.254813   0.538593
  0.934446   0.254824   0.537906
  0.934484   0.254843   0.536073
  0.934516   0.254858   0.534238
  0.934527   0.254866    0.53355
  0.934549   0.254883   0.531718
  0.934558   0.254893   0.531031
  0.934577   0.254915   0.529201
  0.923462   0.248826   0.582416
  0.924893   0.249672   0.581678
  0.926478   0.250473   0.580573
  0.934592   0.254941   0.527341
  0.934597   0.254957   0.526655
  0.934602   0.254981   0.524824
    0.9346   0.255002   0.522992
  0.934597   0.255009   0.522299
  0.934587   0.255025   0.520467
  0.934583   0.255028   0.519771
  0.934566   0.255036   0.517937
  0.934541    0.25503   0.516095
  0.934529    0.25502   0.515394
  0.934488   0.254995   0.513547
  0.934473   0.254982   0.512844
  0.934435   0.254967   0.511007
  0.934419   0.254979   0.509191
  0.934419   0.254988   0.508496
  0.934448   0.255046   0.506604
  0.934461   0.255069   0.505915
  0.934514   0.255139   0.504109
  0.934562   0.255199   0.502308
  0.934575   0.255222    0.50162
  0.918177   0.245856   0.585623
  0.918875   0.246245   0.585202
  0.920254   0.247084   0.584411
  0.921678   0.247975   0.583674
  0.934596   0.255261    0.49978
  0.934596   0.255276   0.497956
   0.93459   0.255275   0.497258
  0.934569   0.255257   0.495417
  0.934559   0.255245   0.494716
   0.93453   0.255205   0.492864
  0.934502   0.255158   0.491009
  0.934493   0.255139   0.490305
  0.934469   0.255088   0.488448
   0.93446   0.255069   0.487744
  0.934437   0.255025    0.48589
  0.934418   0.254986    0.48404
  0.934413   0.254973   0.483337
  0.934405    0.25494    0.48149
  0.934405   0.254929   0.480788
  0.934412   0.254905   0.478945
  0.934428    0.25489   0.477107
  0.934438   0.254889   0.476409
   0.93446   0.254892    0.47458
  0.934483   0.254902   0.472754
   0.93449   0.254906   0.472056
  0.934508   0.254914   0.470228
  0.934512   0.254915   0.469528
  0.934525   0.254915   0.467697
  0.934534   0.254911   0.465865
  0.934535   0.254908   0.465163
  0.934545   0.254903   0.463329
  0.934546   0.254901   0.462628
  0.934561   0.254907   0.460742
  0.913314   0.243326   0.588679
  0.913995   0.243681   0.588251
  0.916319   0.244913   0.586803
  0.917022   0.245305   0.586391
  0.934568   0.254924   0.458898
  0.934564   0.254934   0.458197
  0.934552   0.254954   0.456381
  0.934525   0.254965   0.454561
  0.934511   0.254964   0.453856
  0.934474   0.254958   0.452027
   0.93444    0.25495   0.450198
   0.93443   0.254947   0.449491
  0.934409   0.254948   0.447668
  0.934406   0.254949   0.446962
    0.9344   0.254961   0.445145
  0.934398   0.254979   0.443331
    0.9344   0.254985   0.442627
  0.934397   0.255003   0.440813
  0.934392   0.255015   0.438997
  0.934392    0.25502   0.438293
  0.934393   0.255031   0.436476
  0.934396   0.255042   0.435776
   0.93441   0.255071   0.433968
  0.907716   0.240225   0.592069
  0.909324   0.241063   0.590968
  0.911673   0.242444   0.589608
  0.912377    0.24284   0.589184
  0.934431   0.255112   0.432133
  0.934442   0.255133   0.431436
  0.934466   0.255166   0.429629
  0.934486   0.255188   0.427815
  0.934492   0.255192   0.427113
  0.934509   0.255196   0.425295
   0.93453   0.255198   0.423479
  0.934539   0.255198   0.422775
  0.934575   0.255208   0.420962
  0.934588   0.255211   0.420258
  0.934634   0.255229   0.418364
  0.934671    0.25524    0.41655
  0.934681   0.255239   0.415845
  0.934701   0.255235   0.414025
  0.934704   0.255218     0.4122
    0.9347   0.255205   0.411489
  0.934681   0.255168   0.409655
  0.934671    0.25515    0.40894
  0.934641   0.255096   0.407098
  0.934612   0.255039   0.405254
  0.934603   0.255019   0.404538
  0.934584   0.254977   0.402701
  0.934571    0.25495   0.400871
  0.934567   0.254943    0.40016
  0.934558   0.254931   0.398337
  0.934545   0.254922   0.396517
  0.934538   0.254921   0.395807
  0.934518   0.254915    0.39399
  0.903109   0.237882   0.594932
  0.905423   0.239058   0.593455
  0.906091   0.239437   0.593041
  0.907502   0.240179   0.592238
  0.934491   0.254916   0.392144
  0.934479   0.254921   0.391434
  0.934453   0.254921   0.389622
  0.934444   0.254922    0.38891
  0.934424   0.254919   0.387096
  0.934407   0.254917   0.385282
  0.934403   0.254917   0.384568
  0.934391   0.254925   0.382759
  0.934383   0.254942   0.380956
  0.934382   0.254947   0.380244
   0.93438   0.254974   0.378447
  0.934381   0.255005   0.376652
  0.934382   0.255012    0.37594
  0.934387   0.255035   0.374139
  0.934391   0.255047   0.372331
  0.934391   0.255048   0.371618
   0.93439   0.255055   0.369806
  0.934387   0.255064   0.367955
  0.934382   0.255066   0.367242
  0.934372    0.25507   0.365448
  0.899131   0.235729    0.59734
  0.900535   0.236529   0.596549
  0.902173   0.237439   0.595515
  0.903612   0.238252   0.594754
  0.934333    0.25505   0.363637
  0.934283   0.255013   0.362902
  0.933918   0.254685    0.36081
  0.933369   0.254219   0.359017
  0.922412   0.243761   0.352282
  0.926725   0.248279   0.353404
  0.929671   0.251378   0.354244
  0.894418   0.233327   0.600146
  0.895884   0.234155   0.599409
  0.897494   0.234936   0.598306
  0.934957   0.272984   0.584122
  0.889661   0.230747    0.60289
  0.890405   0.231173   0.602481
  0.892568   0.232474   0.601394
  0.894185   0.233276   0.600317
  0.934645   0.274277   0.585016
  0.884583   0.228145   0.605807
  0.886226   0.228942   0.604766
  0.887752   0.229858   0.604084
  0.889221   0.230653   0.603323
  0.934928   0.274055   0.584643
  0.879659   0.225453    0.60841
  0.881166   0.226305   0.607686
  0.882845   0.227236   0.606714
  0.884336   0.228096   0.605986
  0.934859   0.277288   0.586314
  0.934933   0.277026   0.586123
  0.876121   0.223552   0.610188
   0.87781   0.224441   0.609236
  0.879389   0.225385   0.608585
  0.934897   0.277995   0.586599
  0.935715    0.26637   0.354871
  0.870241   0.220227   0.612915
  0.871884   0.221272   0.612318
  0.873581   0.222216   0.611403
  0.934943   0.278759   0.586902
  0.935772   0.267478   0.354852
  0.900526   0.234508    0.59485
  0.900098   0.233598   0.594338
  0.934874   0.279882    0.58748
  0.860581   0.214896   0.617248
  0.862998   0.216413   0.616394
  0.864019   0.216956    0.61584
  0.934747   0.283827   0.589274
  0.854438   0.211479   0.619794
  0.856819   0.212845   0.618855
  0.858571   0.213802   0.618022
  0.934859   0.286865    0.59066
  0.934767   0.284588   0.589598
  0.850592     0.2093   0.621326
  0.851621   0.210002   0.621036
  0.854129   0.211419   0.619989
  0.934889   0.287632   0.590972
  0.844256   0.205698    0.62367
  0.845918   0.206664   0.623062
   0.84846   0.208094   0.622025
  0.934936   0.288402   0.591269
  0.839496   0.202958    0.62534
  0.841356   0.204201     0.6249
  0.843185   0.205244   0.624183
  0.934873   0.289521   0.591831
  0.834652   0.200219   0.626942
  0.836379   0.201258   0.626377
  0.934919   0.290204   0.592089
  0.828104   0.196539   0.629144
  0.829985   0.197731   0.628705
  0.831083   0.198485   0.628456
   0.93461   0.294685   0.594256
   0.93467   0.294349   0.594049
  0.822895   0.193354   0.630388
  0.824847   0.194518   0.629811
  0.826854   0.195873   0.629459
  0.934786     0.2973   0.595336
  0.817303   0.190271   0.632233
  0.819168   0.191332   0.631589
  0.821736   0.192855   0.630842
  0.934836   0.298057   0.595609
  0.812061   0.187051    0.63328
  0.814163     0.1885   0.633006
  0.816856   0.190173   0.632449
  0.934809   0.299203   0.596128
  0.806058    0.18358   0.634762
  0.808747   0.185227   0.634136
  0.810772   0.186426   0.633623
  0.934685    0.30114   0.596904
  0.801029   0.180871   0.636192
    0.8038   0.182478   0.635483
  0.805628   0.183538   0.635007
  0.934721   0.301938   0.597206
  0.794425   0.176596    0.63696
  0.796694   0.178174   0.636775
   0.79823   0.179287   0.636683
  0.934788    0.30492   0.598492
   0.93461   0.292935   0.354333
  0.790186   0.174272   0.637905
  0.793118   0.176043   0.637333
  0.934915    0.30757   0.599559
  0.934414   0.294769   0.354259
  0.784997   0.171526   0.639213
  0.786334   0.172421   0.639009
  0.934864   0.308683   0.600076
  0.934918   0.308367   0.599887
  0.934401   0.295783   0.354197
  0.778411   0.167467   0.639984
  0.782441   0.170249   0.639805
  0.934634   0.310767   0.601001
  0.934497   0.297622   0.354228
  0.773626   0.164423   0.640304
  0.774245    0.16501   0.640383
  0.934769   0.313432   0.602099
  0.934493   0.299502   0.354208
  0.767134    0.16071   0.641327
  0.770041   0.162531   0.640964
  0.934736   0.314477   0.602555
  0.934628   0.312361   0.601661
  0.934551   0.300387   0.354207
  0.934578   0.302645   0.354188
   0.76459   0.159497   0.641901
  0.765751    0.16028   0.641776
  0.934756   0.315294   0.602862
  0.934536   0.303468   0.354179
  0.755989   0.154372   0.642733
  0.762009   0.158276    0.64246
  0.829243   0.221247   0.642604
  0.832403   0.224883   0.642784
  0.934789    0.31614   0.603164
  0.934488   0.304294   0.354186
  0.747295   0.148553     0.6426
  0.752141   0.152182   0.642954
  0.837186   0.230831   0.642773
  0.839314   0.233464   0.642737
  0.934757   0.320112   0.604677
  0.934784   0.319837   0.604539
  0.934264   0.307011   0.354152
  0.743155   0.146023    0.64275
  0.745376   0.147466   0.642715
  0.748053   0.149417   0.642859
  0.841527   0.236328   0.642949
  0.844059   0.239603   0.642859
  0.934762    0.32096   0.605004
  0.934163   0.307767   0.354109
  0.933914   0.309204   0.353969
  0.740842   0.144493   0.642754
  0.742808   0.145894   0.642781
  0.844829    0.24078   0.642921
  0.848014   0.244886   0.642911
  0.934938   0.323497   0.605931
  0.933835   0.309963   0.353911
  0.737046   0.142892   0.643512
  0.739023   0.144266   0.643518
  0.850163   0.247844   0.643055
  0.934965   0.324318   0.606216
  0.933655   0.311948   0.353813
  0.730848    0.14033    0.64456
  0.737459   0.143354    0.64363
  0.855592    0.25546    0.64299
  0.934774   0.326627   0.607106
  0.933585   0.313461   0.353776
  0.727422   0.139153   0.645262
  0.729427   0.140422   0.645247
  0.857157   0.257695   0.643103
  0.858668   0.259889   0.642991
  0.934808   0.327472   0.607388
  0.933512   0.314413   0.353691
  0.633958  0.0583552   0.622266
  0.646809  0.0696208   0.625512
  0.860695   0.262888   0.643057
  0.862194    0.26506   0.642942
   0.93491   0.331154   0.608671
   0.93333   0.316391   0.353624
  0.631484  0.0585794   0.623313
  0.864242   0.268103   0.643036
  0.865652   0.270232   0.642901
   0.93487   0.332276   0.609137
  0.935038   0.330747   0.608525
  0.933437   0.318317   0.353727
  0.674832   0.103845   0.639821
  0.866988    0.27237   0.642956
   0.86837   0.274536   0.642835
  0.934861   0.333053   0.609436
  0.933554   0.320258   0.353833
  0.870277   0.277536   0.642947
  0.871654   0.279759   0.642838
  0.934849   0.335719   0.610508
  0.934145   0.323257   0.354122
  0.934183   0.323482   0.354112
  0.675588  0.0923429   0.631426
  0.872896   0.281805   0.642874
  0.874186   0.283996   0.642769
   0.93477   0.336808   0.611003
  0.934816   0.336507   0.610837
  0.934282   0.324419   0.354151
  0.676833  0.0998082   0.636197
  0.675182   0.095103   0.633418
  0.875491   0.286061   0.642792
  0.934845   0.339356   0.611958
  0.673007   0.100433   0.637712
  0.876807   0.288455   0.642735
  0.878496   0.291103   0.642681
  0.934732   0.341406   0.612631
  0.673727   0.101864   0.638506
   0.87928   0.292696   0.642658
  0.880987   0.295329   0.642632
  0.934759   0.342261   0.612898
  0.663619  0.0981208   0.639026
   0.67158   0.100172      0.638
   0.88178   0.296945   0.642619
  0.934931   0.344905     0.6138
  0.662511  0.0970447   0.638586
  0.884609   0.302004   0.642569
  0.934766   0.347032   0.614514
  0.659054  0.0962184   0.639041
  0.885872   0.304283   0.642696
  0.886953   0.306253   0.642629
  0.934781   0.347854   0.614774
  0.655531    0.09526   0.639363
  0.657982  0.0950414   0.638546
   0.88817   0.308527   0.642756
  0.934918   0.350311   0.615604
  0.653839  0.0944227   0.639242
  0.889489   0.311141   0.642797
  0.890421   0.312738   0.642837
  0.934786    0.35265   0.616411
  0.651589  0.0938373   0.639474
  0.647765  0.0929388    0.63967
  0.891653   0.315057   0.642994
  0.934892   0.352209   0.616272
  0.933765   0.341292   0.353848
  0.648833  0.0928905   0.639479
  0.892903   0.317645   0.643059
   0.89332    0.31834   0.643028
  0.934791   0.354309   0.616951
  0.934021   0.342383    0.35397
  0.645234  0.0927822   0.640223
  0.644993  0.0924757   0.640007
  0.895107   0.321872   0.643161
   0.93484   0.356762   0.617772
   0.93447   0.345604   0.354164
  0.642411  0.0920779   0.640312
  0.897389   0.326118   0.643242
  0.934851   0.359442   0.618719
    0.9345   0.346495    0.35421
  0.636211  0.0908368    0.64083
   0.89802   0.327414   0.643318
  0.934848   0.360262   0.618985
  0.934422   0.348559   0.354243
  0.633114  0.0899446   0.640839
  0.900859   0.332616   0.643493
  0.934757   0.362376   0.619623
  0.934404   0.349395   0.354258
  0.628123  0.0888892   0.641171
  0.902107    0.33494   0.643662
  0.934775   0.363224   0.619864
  0.934246   0.352416    0.35415
  0.628079  0.0885598    0.64095
  0.904312   0.339134    0.64378
  0.934916   0.365583   0.620583
  0.934184   0.353201   0.354121
  0.622506  0.0866106   0.640905
   0.62478  0.0872797   0.640813
  0.905514   0.341775    0.64388
  0.934743   0.367922   0.621316
  0.934001   0.355842   0.354007
  0.620767  0.0857286   0.640682
   0.93489   0.370269   0.622026
  0.933923   0.356611   0.353967
  0.615225   0.083967   0.640685
  0.620785  0.0857333   0.640672
  0.934902   0.371098   0.622254
  0.933664   0.358831   0.353814
  0.611872   0.083103   0.640668
  0.910513   0.352272   0.644104
  0.934909   0.371956   0.622496
  0.933829   0.360549   0.353931
  0.610319  0.0829658   0.640836
  0.610693  0.0828008   0.640637
  0.934764   0.374094    0.62309
  0.933891   0.361465   0.353993
  0.609174   0.082725   0.640848
  0.912437   0.357151   0.644309
  0.912652   0.357603   0.644277
  0.934879   0.376576   0.623846
  0.933997   0.363493   0.354061
  0.607945  0.0824163    0.64082
   0.91315   0.359274   0.644286
  0.934867   0.377403   0.624098
  0.934546   0.365789   0.354267
  0.602744  0.0819307   0.641259
  0.913994   0.361407   0.644394
  0.934678   0.379631   0.624781
  0.934932   0.368622   0.354419
  0.599641   0.081218   0.641204
  0.934747    0.38199   0.625518
  0.934976   0.370675   0.354429
  0.594974  0.0799519   0.641166
  0.598119   0.080776   0.641147
  0.934593   0.384194   0.626166
  0.935128   0.372541   0.354471
  0.591546  0.0787651   0.640977
  0.917314   0.370708    0.64456
  0.934582   0.385162   0.626439
  0.935083   0.373334   0.354461
  0.591067    0.07857   0.640898
  0.917721   0.372369   0.644506
  0.934588   0.386027   0.626661
  0.934918   0.375389   0.354452
  0.588386  0.0780351   0.640992
  0.918471   0.374482   0.644599
  0.934731   0.388242   0.627188
  0.935038    0.37736   0.354567
  0.586179  0.0774596   0.640898
  0.918876   0.376211   0.644602
  0.934699   0.390345    0.62764
  0.935195    0.37917   0.354656
  0.935137   0.378483   0.354605
   0.58093  0.0770535   0.641188
  0.582267  0.0771014   0.641039
  0.919981   0.379601   0.644701
  0.934809   0.392554   0.628157
   0.93542   0.380395   0.354729
  0.579848   0.076946   0.641225
  0.920758   0.382265   0.644672
  0.934739   0.394754   0.628706
  0.936638    0.38457   0.355275
  0.577696  0.0765765   0.641212
  0.921046    0.38327   0.644653
  0.921299   0.384284   0.644447
  0.934816   0.394222   0.628564
  0.936773   0.385532   0.355345
  0.575147  0.0763322   0.641365
  0.921973   0.386231   0.644413
  0.934687   0.396567    0.62923
  0.934716   0.397919   0.629612
     0.937   0.388646   0.355394
  0.571763  0.0755784   0.641252
  0.922367   0.387912   0.644308
  0.922801   0.389216   0.644248
  0.934687   0.398854   0.629881
  0.936961   0.389443   0.355385
   0.56851  0.0746423   0.641034
  0.923356   0.391158   0.644235
  0.934631   0.401021   0.630401
  0.565106  0.0742562   0.641141
  0.923681    0.39289   0.644189
  0.934647   0.401879   0.630578
  0.564789  0.0740536   0.641053
  0.924409     0.3959   0.644085
  0.934747   0.404014   0.631002
   0.56079   0.073954   0.641252
  0.924977   0.397843   0.644089
  0.934774    0.40487   0.631157
  0.559384  0.0740194   0.641423
  0.925183   0.398815   0.644085
  0.934758   0.406986   0.631588
   0.55618  0.0734914   0.641344
  0.925846   0.401791   0.643971
  0.934784    0.40917   0.632113
  0.552852  0.0729388   0.641235
  0.926059   0.403564   0.643944
  0.934764   0.410022   0.632332
  0.550292  0.0725453   0.641246
  0.926494   0.405543    0.64404
  0.934668   0.412265   0.632873
  0.548153  0.0721908     0.6412
  0.926958   0.408365   0.644086
  0.934738   0.414431   0.633319
  0.934155   0.403768   0.354138
  0.543963  0.0720619   0.641332
  0.927187   0.409525   0.644046
  0.934708   0.416545   0.633668
  0.934129   0.404577   0.354148
  0.540722  0.0719784   0.641454
  0.543919  0.0721321   0.641368
  0.927684   0.412259   0.643974
  0.934723    0.41742   0.633817
  0.934118   0.405576   0.354114
  0.540521  0.0719271   0.641428
  0.927961   0.414027   0.643881
  0.934821   0.419495   0.634207
  0.934343   0.408657   0.354194
  0.536309  0.0714741   0.641322
  0.934821   0.420338    0.63437
  0.934448   0.409588   0.354253
  0.535994   0.071448   0.641309
  0.928692   0.417927   0.643698
  0.934807   0.423761   0.635057
  0.934882   0.412584   0.354429
  0.531596  0.0709272   0.641312
  0.929026   0.419788   0.643689
  0.934803   0.424601   0.635217
  0.934993   0.414638   0.354453
  0.530478  0.0708221   0.641289
  0.929489   0.422822   0.643647
  0.934687   0.426758   0.635598
  0.935255   0.416661   0.354624
  0.528248  0.0709291   0.641391
  0.929614   0.423726   0.643646
  0.934688   0.427609   0.635749
   0.93524   0.418552   0.354677
  0.524923  0.0708943   0.641511
  0.929809   0.425587   0.643634
  0.934816   0.429664   0.636127
   0.93529   0.419421   0.354718
   0.52173  0.0708171    0.64149
  0.930112   0.427433   0.643633
  0.934699     0.4318   0.636462
  0.935576   0.421564   0.354814
  0.521648  0.0706397   0.641409
  0.930377   0.429451   0.643466
  0.934698    0.43265   0.636611
  0.935836   0.424451   0.354908
  0.518295  0.0703177   0.641307
   0.93076   0.432152   0.643322
  0.934812   0.434707   0.637017
  0.935687   0.424333   0.354863
  0.513672  0.0702628   0.641408
  0.931112   0.433913   0.643249
  0.931187   0.434138   0.643161
  0.934635   0.436919   0.637439
  0.936143   0.428201   0.355048
  0.513649  0.0702494   0.641384
  0.931546   0.435678   0.642613
  0.934614   0.437759   0.637611
  0.936013   0.428338   0.354955
  0.511634  0.0702992   0.641424
  0.934708   0.439826   0.638032
  0.936162   0.431336    0.35509
  0.509329  0.0703876   0.641537
  0.934694   0.440659   0.638185
   0.93617   0.432178   0.355127
  0.507238  0.0703545   0.641533
  0.934596   0.444105   0.638857
  0.936276   0.435111   0.355202
  0.503886  0.0701973   0.641437
  0.934564     0.4449   0.639029
  0.936319   0.436121   0.355165
  0.501759  0.0700154   0.641344
  0.934495   0.445754   0.639277
  0.936309   0.438075   0.355138
  0.500411  0.0700459   0.641379
  0.500666  0.0700079   0.641343
   0.93431   0.448037   0.639746
  0.936452   0.439839   0.355194
  0.497218   0.070349   0.641495
  0.934295   0.448912   0.639893
  0.936334   0.441862   0.355111
  0.936479   0.440836   0.355156
  0.495178  0.0703617   0.641497
  0.934367   0.452069   0.640233
  0.936387   0.443562   0.355131
  0.492879  0.0705852   0.641571
  0.934381   0.452919   0.640315
  0.936333   0.444345   0.355138
  0.490559  0.0706044    0.64161
  0.934325   0.455041   0.640541
  0.936042   0.446447   0.355062
   0.48751  0.0705355   0.641529
  0.934412   0.456976   0.640813
  0.935944    0.44717   0.355021
  0.935927   0.447343   0.354991
   0.48615    0.07067   0.641515
  0.934406   0.457805   0.640921
  0.935484   0.449399   0.354754
  0.497769  0.0691874   0.641332
  0.934284   0.459999   0.641156
  0.935322   0.450079   0.354686
  0.496603   0.068193   0.640819
  0.496837  0.0682864   0.640886
   0.93443   0.461893   0.641372
  0.934813   0.452089   0.354415
  0.479532  0.0710507   0.641544
   0.93444   0.462741   0.641439
  0.934203   0.454482   0.354082
  0.477478  0.0710515   0.641526
  0.934352   0.464773   0.641533
  0.934039   0.455164   0.354026
  0.475432  0.0710671   0.641511
  0.934515   0.466608   0.641678
  0.933874   0.455848   0.353981
  0.473146  0.0714587   0.641617
  0.934446   0.468646   0.641777
  0.933423   0.457944   0.353824
  0.470912  0.0716212   0.641645
  0.934454   0.469481   0.641833
  0.933112   0.460028   0.353642
  0.468864   0.071665   0.641576
  0.934531   0.472519   0.642024
  0.933131   0.461742   0.353626
  0.466514  0.0718874   0.641527
  0.934544   0.473337   0.642057
  0.933154   0.462582   0.353647
   0.46445  0.0718639   0.641431
  0.934513   0.475457   0.642073
  0.933183   0.463412    0.35366
  0.461923  0.0722706   0.641504
  0.461119  0.0722874   0.641469
  0.934535   0.476287   0.642085
  0.933405   0.465544   0.353706
  0.459959   0.072517   0.641556
  0.934698   0.478047   0.642153
  0.457968  0.0726824   0.641567
  0.934629   0.480009   0.642126
  0.455651  0.0731409    0.64166
  0.934806   0.481737   0.642168
  0.452616  0.0733069   0.641646
  0.934763   0.483697    0.64212
  0.934769   0.483842   0.642112
  0.935856   0.476051   0.354965
  0.451454  0.0734943   0.641687
  0.934784   0.484636   0.642118
  0.936061   0.477027   0.355056
  0.449111  0.0739009   0.641686
  0.934829   0.487642   0.642271
  0.936644   0.480084   0.355308
  0.447121  0.0740426   0.641605
  0.934819   0.488457   0.642327
    0.9366   0.480853   0.355288
  0.446126  0.0741578    0.64157
  0.934697   0.490543   0.642434
  0.936564   0.481772   0.355223
  0.442776  0.0746061   0.641525
  0.934825   0.492301   0.642553
  0.936051   0.483814   0.355025
  0.442632  0.0747958   0.641601
  0.934829   0.493108   0.642571
  0.935493   0.485912   0.354826
  0.440662  0.0749655   0.641586
  0.934911   0.496069   0.642484
   0.93531   0.486791   0.354754
  0.437325  0.0756699   0.641704
  0.934935   0.496873   0.642455
  0.934764   0.488974   0.354437
  0.435392  0.0760054    0.64174
  0.934919   0.498816   0.642379
  0.934619   0.489646   0.354366
  0.434466  0.0761996   0.641774
  0.934931   0.499616    0.64237
  0.934152   0.491677   0.354128
  0.431927  0.0767781   0.641862
  0.934888   0.501616    0.64235
  0.934039   0.492383   0.354075
  0.934018   0.492546    0.35404
  0.429945  0.0769862   0.641805
  0.934995   0.503451   0.642414
  0.933911   0.493231   0.353978
  0.427592  0.0774436   0.641756
  0.934848    0.50551   0.642462
  0.933662   0.496078   0.353924
  0.425593  0.0776007    0.64165
  0.934832   0.506306   0.642496
  0.933455    0.49609   0.353848
  0.423243  0.0780442   0.641605
   0.93493    0.50803   0.642597
  0.933647   0.497687   0.353967
  0.422236  0.0781799   0.641589
  0.934829   0.510056   0.642599
  0.420066  0.0784001   0.641576
  0.934824   0.510851   0.642599
  0.417732   0.078952   0.641639
  0.934901   0.513827   0.642515
  0.414737  0.0793343   0.641634
  0.934902   0.514606   0.642491
  0.414786  0.0793348   0.641621
  0.934912   0.517433   0.642442
  0.411395   0.079929   0.641653
  0.934781    0.51736   0.642413
  0.409238   0.080198   0.641634
    0.9348   0.520252   0.642423
  0.407858  0.0805844   0.641639
  0.934794   0.521157   0.642408
  0.404876  0.0808503   0.641478
  0.934703    0.52321   0.642413
  0.403482  0.0812321    0.64145
  0.934782   0.524866   0.642462
  0.400502  0.0815143   0.641285
  0.934646   0.526864   0.642413
  0.934519   0.518502   0.354296
  0.400523  0.0816299   0.641311
  0.934639   0.527634   0.642396
  0.934346   0.519308    0.35417
  0.397009  0.0823636   0.641296
  0.934762   0.529389   0.642336
  0.934078   0.522065   0.354087
  0.395064  0.0827031   0.641298
  0.934708   0.531337   0.642216
   0.93411   0.522903   0.354138
  0.393703   0.083228   0.641366
  0.934702   0.532113   0.642192
  0.934145   0.523737   0.354183
  0.391782  0.0836269    0.64137
  0.934621    0.53408   0.642083
  0.389851  0.0839758   0.641359
  0.934734   0.535808   0.642029
  0.387472  0.0847178   0.641422
  0.934608    0.53777   0.641908
  0.386437  0.0850219   0.641456
  0.934594    0.53854   0.641881
  0.384527   0.085402   0.641411
  0.934638   0.541277   0.641738
  0.935626   0.535164   0.354817
  0.382143  0.0860658   0.641362
   0.93464   0.542211   0.641656
  0.935573   0.535922   0.354817
  0.380261  0.0864808   0.641282
  0.934515   0.544171   0.641546
  0.935517   0.536679   0.354825
  0.378855   0.087024   0.641269
  0.934492   0.544923   0.641538
   0.93513    0.53918   0.354699
  0.376954  0.0873771   0.641179
  0.934432   0.547842   0.641577
  0.934955   0.539971   0.354575
  0.374579  0.0882012   0.641178
  0.934403   0.548597   0.641581
  0.934489   0.542065   0.354328
   0.37358  0.0885409   0.641211
  0.934302    0.55062   0.641525
  0.934309   0.550773   0.641492
  0.934355   0.542749   0.354275
  0.371716  0.0890111   0.641217
  0.934405   0.552278   0.641411
  0.933936   0.544809   0.354052
  0.370342  0.0897225   0.641308
  0.934404   0.553038    0.64134
  0.933814   0.545658   0.353958
  0.368491   0.090227   0.641318
  0.934367    0.55502   0.640939
  0.933705    0.54635   0.353923
  0.366095  0.0912275   0.641424
  0.933388   0.549162   0.353844
  0.365269  0.0915318   0.641445
  0.934452    0.55831   0.640522
  0.933303   0.549161   0.353814
  0.362742  0.0925291    0.64153
  0.362859  0.0924794   0.641521
  0.934405    0.56031   0.640125
  0.933045   0.552062   0.353648
  0.360917  0.0930565    0.64151
  0.934541    0.56172   0.639942
  0.933008   0.552818   0.353635
  0.359117  0.0936212   0.641472
  0.934583   0.563627   0.639401
  0.933118   0.555762   0.353656
  0.357693  0.0942901   0.641474
  0.934588   0.564371   0.639295
  0.933207   0.556614   0.353693
  0.933241   0.556815   0.353684
   0.35684  0.0945833   0.641447
  0.934736   0.567007   0.638749
  0.933331   0.557642   0.353714
   0.35501  0.0950425   0.641358
  0.934722   0.567756   0.638684
  0.933882   0.560731   0.354041
  0.352631  0.0959974   0.641326
  0.934659   0.569532   0.638337
  0.934693   0.569732   0.638219
  0.934461   0.562915    0.35437
  0.351805  0.0963156   0.641316
  0.934718   0.564695   0.354514
  0.348438  0.0976139   0.641323
  0.934804   0.572899    0.63769
  0.934995   0.565867   0.354608
   0.34753  0.0980372   0.641379
  0.934781   0.574851    0.63719
  0.345108  0.0991541   0.641475
   0.93478   0.575569   0.637088
  0.344324  0.0995009   0.641495
  0.932607   0.575707   0.642875
  0.934894   0.578234   0.636572
  0.343542  0.0998409   0.641508
  0.934816   0.580025   0.636241
  0.341131   0.100999   0.641602
  0.932204   0.579899   0.643558
  0.934937   0.581391   0.636052
  0.934962   0.581628   0.635945
  0.339394   0.101714   0.641632
  0.932121   0.580657    0.64367
  0.934959   0.582326   0.635841
  0.337939   0.102515     0.6417
  0.932038   0.581424   0.643778
  0.934904   0.584104   0.635521
  0.336091   0.103186   0.641694
  0.931748    0.58367   0.643941
  0.934871   0.586145   0.635099
  0.335296   0.103544   0.641697
  0.931727   0.585269    0.64405
  0.934966   0.587538   0.634961
  0.333859   0.104407   0.641727
  0.931669   0.586011   0.644089
  0.934957   0.588234   0.634862
   0.93488   0.589582   0.634579
  0.332108   0.104987   0.641658
  0.931481   0.588188   0.644165
  0.934869   0.590279   0.634481
  0.330664   0.105848   0.641667
  0.931422   0.589013   0.644187
   0.93482   0.592109   0.634185
   0.32893   0.106457   0.641596
  0.931156   0.591212   0.644296
  0.934939    0.59367   0.633861
  0.327464    0.10727   0.641595
  0.931096   0.591959   0.644336
  0.934867   0.595383   0.633464
  0.325757   0.107962   0.641553
  0.931104   0.593556   0.644419
  0.324061   0.108687   0.641532
  0.930892   0.595709   0.644461
  0.934977   0.598645   0.632707
  0.322497   0.109576   0.641582
  0.934919   0.600606   0.632155
   0.32078   0.110271   0.641589
  0.934906   0.601271   0.632037
  0.318354   0.111503   0.641656
  0.930572   0.600277   0.644749
  0.934998   0.603876   0.631429
  0.316888   0.112486   0.641751
  0.930514   0.601012   0.644778
  0.934983   0.604559   0.631321
    0.9352   0.600331   0.354686
  0.315176   0.113183   0.641757
  0.930282   0.603138    0.64478
  0.930285   0.603228   0.644755
  0.934895   0.606286   0.630922
  0.934918    0.60653     0.6308
  0.935188   0.601762   0.354735
  0.314437   0.113571    0.64177
  0.930234   0.603954    0.64476
  0.935026   0.601759   0.354671
  0.312967   0.114564   0.641857
  0.934975   0.609539   0.630184
     0.935     0.6098   0.630048
  0.934657   0.604646   0.354472
  0.311281   0.115296   0.641867
  0.930056   0.607609   0.644783
  0.934927    0.61147   0.629602
  0.934547   0.605312   0.354409
   0.30972   0.116318   0.641948
  0.930007   0.608342   0.644779
   0.93502   0.612692   0.629343
  0.935052   0.612973   0.629187
   0.93443   0.605995   0.354362
  0.308055   0.117065   0.641936
  0.935049   0.614646   0.628756
  0.934041   0.608023   0.354133
  0.307301   0.117465   0.641937
  0.935056   0.615279   0.628597
   0.93508   0.615559   0.628464
   0.93378    0.61032   0.353968
    0.3058   0.118371   0.641946
  0.935106   0.617861    0.62795
  0.933701   0.611035   0.353959
  0.304155   0.119132   0.641902
  0.935104   0.618502   0.627802
  0.935083   0.619847   0.627421
  0.933629   0.612419   0.353974
  0.302633   0.119984    0.64188
  0.935062   0.620513    0.62731
  0.933344   0.614536   0.353885
  0.301012   0.120785   0.641833
  0.934962   0.622246   0.626911
  0.934976   0.622503   0.626801
  0.933314   0.615423    0.35383
  0.299394   0.121586   0.641784
  0.935035   0.623792   0.626617
  0.933278   0.618347   0.353773
  0.297871    0.12245   0.641759
  0.934963   0.625557   0.626251
  0.934983   0.625807   0.626124
   0.93325   0.619094   0.353766
  0.296245   0.123233   0.641715
  0.934971   0.626454   0.625987
  0.933229   0.619826   0.353742
  0.933235   0.620001   0.353713
  0.293848   0.124531   0.641693
  0.934891   0.628128   0.625539
  0.934916   0.628395   0.625386
  0.933045    0.62196    0.35361
  0.293988   0.124572   0.641724
  0.934999   0.629596   0.625129
  0.932997   0.622689    0.35361
  0.292296   0.125428   0.641732
  0.934961    0.63124   0.624651
  0.934985   0.631518   0.624493
   0.96848   0.653175   0.370508
  0.289893    0.12682   0.641782
  0.934905   0.633151   0.624014
  0.968281   0.653767   0.370425
  0.967773   0.655276   0.370167
  0.289169   0.127242   0.641796
  0.934993   0.634313   0.623737
  0.935014   0.634616   0.623586
  0.967582   0.655845   0.370054
  0.287651   0.128261   0.641853
  0.934977   0.636284   0.623145
  0.967382   0.656442   0.369968
  0.286041   0.129086   0.641861
     0.935   0.637181   0.622835
  0.966731   0.658376   0.369642
   0.28532   0.129508   0.641868
  0.935017   0.639406   0.622261
  0.966538    0.65895   0.369534
  0.966495   0.659078   0.369491
  0.282913   0.130945    0.64192
  0.935033   0.640296   0.621957
  0.965825   0.661068   0.369209
  0.282188   0.131375   0.641932
  0.934988   0.641967   0.621506
  0.934946   0.643251      0.621
  0.965623   0.661669   0.369147
  0.279786   0.132805   0.641967
  0.934937   0.643856    0.62084
  0.964942   0.663686   0.368894
    0.2782   0.133881   0.642012
  0.251243   0.113198   0.584794
  0.934925   0.644468   0.620689
  0.935039   0.645295   0.620397
  0.964748   0.664263   0.368801
  0.964702   0.664398   0.368755
   0.27747   0.134316   0.642018
  0.935016   0.646938   0.619919
  0.964053    0.66631   0.368401
  0.275877   0.135125   0.641984
  0.250073   0.114186   0.585039
  0.934976   0.648817   0.619234
  0.936898   0.646728   0.355487
  0.274354   0.136146   0.641984
  0.248559   0.115212   0.585255
  0.934957   0.649443   0.619101
  0.936788   0.647405    0.35544
  0.272777   0.136953   0.641931
  0.935035   0.651908    0.61833
   0.93667   0.648206   0.355332
   0.27125   0.137976   0.641913
  0.935012   0.652533   0.618194
  0.934967   0.653797   0.617661
  0.936098   0.650169   0.355089
  0.269692   0.138796   0.641852
  0.934955     0.6544   0.617497
  0.935888   0.650771   0.355022
  0.268156   0.139813   0.641821
  0.935067   0.656792   0.616645
  0.935108    0.65265   0.354712
  0.266616    0.14066   0.641761
  0.935052   0.657406     0.6165
   0.93502   0.658666    0.61595
  0.934164   0.654483   0.354219
  0.265893   0.141097   0.641738
  0.935009   0.659269   0.615792
  0.933905   0.655008   0.354077
  0.264343   0.142102   0.641707
   0.93508   0.661749   0.615031
  0.933637   0.655559   0.353957
  0.261972    0.14354   0.641651
  0.935054   0.662361   0.614901
  0.932808   0.657445   0.353528
  0.261254   0.143986   0.641639
  0.934948   0.663986   0.614408
  0.934968   0.664272   0.614239
  0.932561   0.658159   0.353375
  0.259699   0.145028   0.641628
  0.934945   0.664872   0.614099
  0.932036   0.660312   0.353179
  0.258162   0.145904   0.641599
  0.935037    0.66726   0.613236
  0.931954   0.661014   0.353174
  0.256566   0.147046   0.641622
  0.934977   0.668778   0.612658
  0.935009   0.669068   0.612452
  0.931703   0.663072   0.353093
  0.255016   0.147903   0.641606
     0.935   0.669644   0.612283
  0.931902   0.664912   0.353131
   0.25431    0.14836   0.641612
  0.935009   0.671483   0.611527
  0.931736   0.664739   0.353066
  0.252774   0.149513   0.641649
  0.935065   0.672584   0.611244
   0.93503   0.673837   0.610652
  0.931842   0.667695   0.353091
  0.251217   0.150344   0.641626
  0.935007   0.674423   0.610494
  0.931857   0.668453   0.353097
  0.250518   0.150794   0.641625
  0.934955   0.675971   0.609919
  0.934973   0.676267   0.609746
  0.931892   0.669357    0.35307
  0.248124   0.152343   0.641643
  0.935033   0.677384   0.609478
  0.935054   0.677663   0.609305
  0.931974   0.672433   0.353177
  0.246593    0.15354   0.641687
  0.934994   0.679255   0.608766
  0.931972   0.673194   0.353209
  0.245039   0.154355   0.641655
  0.934979    0.67984   0.608608
  0.934951   0.681117   0.608037
  0.931975   0.673959   0.353236
  0.243504   0.155558   0.641693
  0.935015   0.682208   0.607749
  0.954765   0.694714   0.363998
  0.241968   0.156391   0.641661
     0.935   0.684055   0.606996
  0.954578    0.69531    0.36391
  0.242107   0.156489     0.6417
  0.934977   0.684633   0.606842
  0.934931   0.685896   0.606252
  0.953954   0.697267    0.36358
  0.239725   0.158044   0.641692
  0.934909   0.686479   0.606099
   0.95377   0.697852   0.363481
  0.953729   0.697983   0.363435
   0.23817   0.158943   0.641658
  0.934989   0.688852    0.60523
  0.953081   0.700006   0.363156
  0.236608   0.160071   0.641649
  0.934971   0.689431    0.60508
  0.934938   0.690695   0.604473
   0.95289   0.700614   0.363101
  0.235906   0.160535   0.641634
  0.934929    0.69125   0.604302
  0.952698   0.701222   0.363048
  0.233542   0.162049   0.641564
   0.23726   0.159185   0.357011
  0.935023   0.693589   0.603395
  0.952044   0.703264   0.362784
   0.23284   0.162511    0.64154
     0.935    0.69416   0.603243
  0.935026   0.694456   0.603036
   0.95182   0.703979   0.362641
  0.231292   0.163658   0.641507
  0.934952    0.69595    0.60243
  0.951193   0.705943   0.362311
  0.229782   0.164486   0.641426
  0.934965   0.697745   0.601617
  0.951006    0.70654   0.362227
  0.228251   0.165678   0.641396
  0.935032   0.698786   0.601292
  0.935065    0.69906   0.601073
   0.95034   0.708643   0.361846
  0.226731   0.166473   0.641305
  0.935009   0.700564   0.600471
  0.935037   0.700862   0.600264
  0.950155   0.709232   0.361765
  0.226028   0.166938   0.641275
  0.935009   0.702345   0.599643
  0.934431   0.700257   0.354379
  0.224501   0.168143   0.641242
   0.93509   0.703338   0.599305
  0.935113   0.703658    0.59909
  0.934885    0.70135   0.354622
  0.222988   0.168945   0.641151
  0.935057   0.705137    0.59849
  0.935081   0.705446   0.598264
  0.935364   0.702439    0.35485
  0.935502    0.70271   0.354895
  0.222287   0.169413   0.641123
  0.935004    0.70692   0.597652
  0.935991   0.703824   0.355129
  0.219965   0.170997   0.641039
  0.935008   0.707759   0.597263
   0.94827   0.715218   0.360944
  0.219267   0.171469   0.641013
  0.935056   0.709762   0.596529
  0.935083   0.710043    0.59632
  0.947652   0.717198    0.36062
  0.217701   0.172627    0.64097
  0.935061   0.710615   0.596162
  0.935029   0.711852   0.595517
  0.947391   0.718015   0.360452
  0.215348   0.174178   0.640877
  0.935017   0.712392   0.595336
   0.94674    0.72005    0.36018
  0.214654   0.174655   0.640852
  0.935104   0.714655   0.594356
  0.946543    0.72065   0.360121
  0.213105   0.175882   0.640823
  0.935082   0.715192   0.594191
  0.935047   0.716419   0.593511
  0.946347   0.721246   0.360056
  0.212412   0.176362   0.640802
  0.935023   0.716963   0.593345
  0.945646   0.723376   0.359705
  0.210921   0.177188   0.640727
  0.934995    0.71877   0.592544
  0.945452   0.723957    0.35961
  0.209347   0.178482   0.640722
  0.935049   0.719813    0.59224
   0.93503   0.721051   0.591603
  0.944799   0.725909   0.359272
  0.207851   0.179317   0.640663
  0.935012   0.721606   0.591435
  0.935034   0.721919   0.591231
  0.944603   0.726491   0.359179
  0.206298   0.180581   0.640662
   0.93508   0.723819   0.590423
  0.943893   0.728587   0.358796
  0.204831   0.181466   0.640609
  0.935072   0.724321   0.590226
  0.935094   0.724638   0.590004
  0.943694   0.729175   0.358723
  0.203248   0.182667   0.640584
  0.935059   0.726101    0.58938
  0.935086   0.726392   0.589142
  0.943493   0.729767   0.358659
  0.202562    0.18315   0.640565
  0.934999    0.72785   0.588511
  0.935017    0.72816   0.588297
  0.942805   0.731791    0.35838
  0.200977   0.184365   0.640538
  0.935003   0.728667   0.588104
  0.942094   0.733872   0.357991
  0.199524    0.18525   0.640478
  0.935049   0.730619   0.587347
  0.935072   0.730926    0.58713
  0.941899   0.734445   0.357893
  0.197966   0.186549   0.640469
  0.934989   0.732408   0.586522
  0.935018   0.732702   0.586291
    0.9417   0.735033   0.357809
  0.196497   0.187387     0.6404
  0.934999   0.733237   0.586122
  0.935012     0.7345   0.585457
  0.941032   0.736989   0.357467
  0.194942   0.188698    0.64039
  0.935084   0.735426   0.585082
  0.940794   0.737691   0.357328
  0.194264   0.189186   0.640369
  0.935071   0.735928   0.584887
  0.935049   0.737151   0.584186
  0.940098   0.739738   0.357067
   0.19191   0.190822   0.640297
  0.935023   0.737678   0.584017
  0.934994   0.738912   0.583329
  0.939897   0.740331   0.357008
  0.191231    0.19131   0.640275
  0.934968   0.739446   0.583166
  0.935052   0.740215   0.582812
  0.939206   0.742352   0.356726
  0.190551   0.191799   0.640253
  0.935039   0.740724   0.582618
  0.938975    0.74302    0.35656
  0.188951   0.193018   0.640218
  0.935014   0.742193   0.581987
  0.935039   0.742494   0.581761
  0.938775     0.7436   0.356467
  0.187514   0.193925   0.640157
  0.934973   0.743922     0.5811
  0.935004   0.744206   0.580852
  0.938574   0.744183   0.356378
  0.185952   0.195223   0.640132
  0.935055   0.746086   0.580046
  0.935074   0.746389   0.579808
  0.937888   0.746096   0.356002
  0.937841   0.746221    0.35595
  0.184489   0.196066   0.640051
  0.935051   0.746891   0.579624
  0.937101   0.748156   0.355604
  0.182935   0.197378   0.640021
  0.934966   0.748616   0.578737
  0.936866   0.748725   0.355524
  0.181486   0.198242   0.639939
  0.934847   0.750202   0.578116
   0.93484   0.750397   0.578017
  0.936632   0.749291   0.355445
  0.180801   0.198738   0.639914
  0.935742   0.751163   0.355113
  0.179222   0.199994   0.639866
   0.93543   0.751743   0.354976
  0.176857   0.201626   0.639754
  0.934847   0.755016   0.573685
  0.934915   0.754985   0.573174
  0.935001   0.754917   0.572589
  0.935225   0.754868   0.570544
   0.93526   0.754871   0.569928
  0.935328   0.754894   0.568118
  0.935339   0.754898   0.567493
  0.935356   0.754896    0.56566
  0.935358   0.754893    0.56503
  0.935351   0.754881   0.563188
  0.935347   0.754876   0.562556
  0.935332   0.754854   0.560709
  0.935327   0.754844   0.560076
  0.935312   0.754807   0.558222
  0.935308   0.754795   0.557588
  0.935291   0.754759   0.555734
  0.935276   0.754715   0.553877
  0.935272   0.754701   0.553243
   0.93525   0.754676   0.551396
   0.93524   0.754678   0.550764
  0.935205   0.754698   0.548939
  0.935193   0.754708   0.548307
  0.935159   0.754737   0.546486
  0.935149   0.754745   0.545853
  0.935125   0.754766   0.544029
  0.935118   0.754773   0.543397
  0.935108    0.75479   0.541571
  0.935106   0.754792   0.540938
  0.935119   0.754787   0.539102
  0.935123   0.754779   0.538468
   0.93516   0.754768   0.536536
  0.935167   0.754763   0.535904
  0.935195   0.754766   0.534073
  0.935201    0.75477   0.533442
  0.935218   0.754793    0.53162
  0.935224   0.754805   0.530988
  0.935236    0.75483   0.529166
  0.935253   0.754831   0.527332
  0.935265   0.754829   0.526699
  0.935286    0.75482   0.524865
  0.935297   0.754823   0.524235
  0.935318   0.754821   0.522403
   0.93533    0.75482    0.52177
  0.935357    0.75481   0.519935
  0.935367   0.754812   0.519303
  0.935385   0.754832   0.517484
   0.93539   0.754844   0.516852
  0.935403   0.754877   0.515037
  0.935407   0.754884   0.514402
  0.935428   0.754892   0.512575
  0.935433   0.754888   0.511939
  0.935454   0.754886   0.510018
  0.935454   0.754883   0.509381
  0.935452   0.754891   0.507559
  0.935447   0.754896   0.506921
  0.935426   0.754922   0.505108
  0.935399   0.754941    0.50329
  0.935391   0.754939   0.502646
   0.93537   0.754916   0.500806
  0.935363   0.754905   0.500163
  0.935338   0.754881   0.498326
  0.935328   0.754877   0.497686
  0.935294   0.754872   0.495858
  0.935283   0.754872   0.495217
  0.935248   0.754873   0.493392
  0.935237   0.754875   0.492751
  0.935204   0.754876   0.490927
  0.935177   0.754863   0.489094
  0.935173   0.754848   0.488447
  0.935169   0.754834   0.487804
  0.935164   0.754766   0.485947
  0.935164   0.754695   0.484089
  0.935165   0.754674   0.483446
  0.935167   0.754613   0.481594
  0.935169   0.754594   0.480951
  0.935174   0.754552   0.479108
  0.935175   0.754544   0.478467
  0.935174   0.754553    0.47665
  0.935172   0.754559   0.476011
  0.935176   0.754593   0.474205
  0.935178   0.754603   0.473476
  0.935198   0.754629   0.471665
  0.935202   0.754634   0.471026
  0.935222   0.754653   0.469212
  0.935239   0.754666   0.467395
  0.935248   0.754669   0.466754
  0.935266   0.754668   0.464932
  0.935275   0.754672   0.464293
  0.935287   0.754688   0.462482
  0.935294   0.754699   0.461845
  0.935304    0.75472   0.460037
  0.935313   0.754728   0.459399
  0.935327   0.754741   0.457585
  0.935336   0.754748   0.456944
  0.935348    0.75477   0.455132
  0.935362   0.754793    0.45332
  0.935368   0.754797   0.452677
  0.935389   0.754799   0.450857
  0.935394   0.754797   0.450216
  0.935411   0.754809   0.448405
  0.935409   0.754819   0.447766
  0.935401   0.754877   0.445895
   0.93539     0.7549   0.445254
  0.935364   0.754958   0.443463
  0.934407   0.753511   0.354766
   0.17692   0.201724    0.63978
  0.934397   0.755516   0.575963
  0.934542   0.755284   0.575394
  0.935351   0.754977   0.442808
   0.93533   0.754985   0.440999
  0.935318   0.754956    0.43917
  0.935316    0.75494   0.438521
  0.935303   0.754907   0.436689
  0.935297   0.754904    0.43604
  0.935273   0.754907   0.434224
  0.935265    0.75491   0.433577
  0.935244   0.754898   0.431757
   0.93524   0.754889    0.43111
  0.935224   0.754855    0.42928
  0.935202   0.754833   0.427456
  0.935193   0.754833   0.426807
  0.935162   0.754834   0.424992
  0.935153   0.754834   0.424343
  0.935131   0.754812   0.422519
  0.935127   0.754796   0.421868
  0.935116    0.75475   0.420032
  0.935112   0.754738   0.419375
  0.935089    0.75475   0.417562
  0.935055   0.754818   0.415779
  0.935041   0.754852   0.415135
  0.935017   0.754933   0.413365
  0.935013   0.754947   0.412724
  0.935042   0.754933   0.410816
  0.935054    0.75491   0.410169
  0.935108   0.754844   0.408327
  0.935123   0.754818   0.407676
  0.935167   0.754764   0.405841
  0.935181   0.754746   0.405191
  0.935213   0.754713   0.403364
  0.935231   0.754708   0.401548
  0.935236   0.754719   0.400899
  0.935239   0.754754   0.399102
  0.935243   0.754773   0.398458
  0.935248   0.754798   0.396662
  0.935256   0.754804   0.396018
  0.935276   0.754793   0.394204
  0.935298   0.754784   0.392393
  0.935308   0.754786   0.391745
  0.935317   0.754789   0.391096
  0.935335   0.754807   0.389296
  0.935353   0.754838   0.387502
  0.935355   0.754851   0.386852
  0.935365   0.754905   0.385067
  0.935363   0.754931   0.384329
  0.935349   0.755002   0.382556
  0.935324   0.755062   0.380779
  0.935314   0.755072   0.380126
  0.935292   0.755082   0.378325
  0.935286   0.755073   0.377668
  0.935273   0.755027   0.375841
  0.935259   0.754973    0.37401
  0.935251   0.754965   0.373354
  0.935219   0.754958   0.371546
  0.935207   0.754962    0.37089
  0.935174    0.75496   0.369084
  0.935166   0.754953   0.368427
  0.935145   0.754917   0.366608
  0.935139   0.754901   0.365951
  0.935112   0.754865   0.364133
  0.934999   0.755042   0.362411
  0.934081    0.75404   0.354756
   0.17549   0.202618   0.639699
  0.358382   0.335381   0.366238
    0.3595   0.332403   0.363421
   0.93245   0.756522   0.354915
   0.17316   0.204264   0.639589
  0.358147   0.335819   0.366568
  0.933565   0.754866   0.354723
  0.171601   0.205583    0.63954
  0.358066   0.336089   0.366828
  0.362592   0.326982   0.359517
  0.931635   0.757709   0.355182
  0.170183   0.206459   0.639447
  0.357017   0.337946   0.368176
  0.931217   0.758315   0.355317
  0.170242   0.206579   0.639472
   0.36066   0.330736   0.362416
  0.930866    0.75881   0.355416
  0.167916   0.208214   0.639336
  0.361539   0.329123   0.361216
   0.93051   0.759302   0.355506
  0.166334   0.209496   0.639264
   0.36515   0.322704   0.356546
  0.930154   0.759783   0.355584
  0.165658   0.209998   0.639226
  0.926472   0.763255   0.355942
  0.164242   0.210861   0.639122
  0.356265    0.33961   0.369554
  0.925906   0.763635   0.355962
  0.162687   0.212199   0.639055
  0.358293   0.336045   0.366979
  0.925357   0.764042   0.356013
  0.161269   0.213047   0.638946
  0.142708   0.200683   0.591295
  0.939731   0.738832   0.564769
    0.9383   0.743248   0.567845
  0.923797   0.765056   0.356114
  0.159696   0.214358   0.638871
  0.142733   0.200824   0.591318
   0.93694   0.747405   0.570813
  0.923262   0.765429   0.356156
   0.15902   0.214862   0.638831
  0.140422   0.202571   0.591202
  0.936829   0.747721   0.571081
  0.922168   0.766511   0.356353
  0.156697   0.216506   0.638683
   0.35638   0.339706   0.369776
  0.355713   0.340778   0.370498
  0.921639   0.766825   0.356354
  0.155134   0.217833   0.638609
   0.13744   0.204934   0.591134
  0.937255   0.746409   0.570163
  0.921097   0.767176   0.356379
  0.154456   0.218335   0.638567
  0.136798   0.205463   0.591116
  0.367557   0.319538   0.354946
  0.919431   0.767868   0.356314
  0.153027   0.219173    0.63845
  0.136147   0.205997   0.591094
  0.373006   0.309708   0.347718
   0.91884   0.768216   0.356319
  0.151464   0.220499   0.638371
  0.360201   0.332833   0.364733
  0.918229   0.768546     0.3563
  0.150786   0.221002   0.638326
   0.13392   0.207957   0.590989
  0.916158   0.769694   0.356209
  0.148463   0.222636   0.638159
  0.131627   0.209694   0.590842
  0.914114   0.770883   0.356141
  0.147785   0.223139   0.638112
  0.130044   0.211128   0.590794
  0.912507   0.771387   0.355959
   0.14621   0.224447    0.63802
   0.12867   0.212021   0.590711
  0.364529   0.325186   0.359191
   0.35657   0.339456   0.369639
  0.911924   0.771732   0.355965
  0.144793   0.225293   0.637896
  0.128013   0.212549   0.590685
  0.910776   0.772951   0.356212
  0.144116   0.225799    0.63785
  0.126419   0.213963   0.590631
  0.910237   0.773297   0.356239
  0.142556   0.227145   0.637764
  0.125757   0.214491   0.590596
  0.907113   0.775245   0.356403
  0.141159   0.228023   0.637647
  0.123458   0.216225   0.590446
   0.90556   0.775868   0.356324
  0.139563   0.229309   0.637548
  0.122798   0.216753   0.590407
    0.3777    0.30438   0.345219
  0.905039   0.776121   0.356287
  0.137973   0.230619   0.637451
  0.121214   0.218192   0.590341
  0.904412   0.776484   0.356288
    0.1373   0.231128   0.637403
  0.119873   0.219085   0.590239
   0.36203   0.332675   0.366038
  0.903828   0.776801   0.356273
  0.135904   0.231991    0.63728
  0.118271   0.220467   0.590141
  0.359301    0.33653   0.368423
  0.902752   0.777776   0.356359
   0.13434   0.233356    0.63719
  0.117611   0.220994   0.590088
    0.9026   0.777412   0.356196
  0.132953   0.234228   0.637071
   0.11602   0.222361   0.589961
 0.0504214   0.288585   0.374558
  0.370195    0.31494   0.351645
  0.900522   0.778541   0.356095
  0.131356   0.235545   0.636972
  0.114678   0.223231   0.589825
  0.897461   0.779992   0.355907
  0.130685   0.236058   0.636926
  0.113098   0.224654   0.589731
  0.368446    0.31926   0.355279
  0.364006   0.327174   0.361052
  0.897868   0.780117    0.35605
  0.129091   0.237384   0.636826
  0.112439   0.225185   0.589691
  0.359494   0.336204   0.368193
  0.896195    0.78083   0.355987
  0.127707   0.238254   0.636704
  0.110134   0.226943   0.589545
  0.895645   0.781186   0.356015
  0.126141   0.239632   0.636609
  0.109477   0.227475   0.589506
  0.895104   0.781501   0.356016
  0.124759   0.240506   0.636485
  0.107889   0.228902   0.589419
 0.0925898   0.218663   0.463678
  0.891448   0.784185   0.356335
  0.123161   0.241824   0.636376
  0.106539   0.229779   0.589296
 0.0921318   0.219359   0.463692
  0.890914   0.784467   0.356313
  0.122488   0.242337   0.636324
   0.10495   0.231192   0.589194
 0.0906821   0.221557   0.463742
   0.89188   0.783688   0.356221
  0.120894   0.243659   0.636212
  0.104292   0.231725   0.589145
 0.0902286   0.222249   0.463758
  0.888726   0.785434   0.356205
  0.120221   0.244173    0.63616
  0.102667   0.233096   0.589038
 0.0897754   0.222941   0.463774
  0.888134   0.785733   0.356172
   0.11794   0.245907    0.63598
  0.101349   0.234016   0.588925
  0.887521   0.786034   0.356131
  0.116564   0.246784   0.635853
  0.099771   0.235467   0.588824
  0.884906   0.787713     0.3561
  0.115893     0.2473     0.6358
  0.099116   0.236001   0.588769
  0.884807   0.787464   0.355991
  0.114291   0.248623   0.635684
 0.0978042   0.236906   0.588641
  0.883681   0.788366   0.356058
  0.112694   0.249966   0.635569
 0.0961869   0.238277    0.58851
   0.88356   0.788141    0.35596
  0.883645   0.788079    0.35595
  0.111319    0.25083   0.635437
 0.0946038   0.239677   0.588368
  0.881499   0.789612   0.356098
  0.109745   0.252221    0.63533
 0.0932824   0.240523   0.588194
  0.879925   0.790328   0.356062
  0.108388   0.253112   0.635203
 0.0926151   0.241052   0.588112
  0.879382   0.790649   0.356068
 0.0910461   0.242436   0.587936
  0.879858   0.790621   0.356146
 0.0887749   0.244154   0.587704
  0.876704   0.792442   0.356231
 0.0881082   0.244697   0.587657
  0.875518   0.793541   0.356404
 0.0865163   0.246153   0.587561
  0.873966   0.794217   0.356297
  0.085858   0.246688   0.587511
  0.871896   0.795446   0.356237
 0.0845305   0.247586   0.587382
  0.871775   0.795105   0.356086
 0.0829173   0.248978   0.587252
  0.871165   0.795407   0.356042
 0.0813188     0.2504   0.587123
  0.870067   0.796378   0.356127
 0.0806619   0.250936   0.587061
 0.0741115   0.247004    0.46449
  0.869416   0.796761    0.35613
   0.86695   0.798019   0.356073
 0.0784291   0.252672   0.586805
 0.0726554   0.249233   0.464546
  0.868893   0.797064   0.356127
 0.0777698   0.253195   0.586713
 0.0721979    0.24993   0.464577
  0.865724   0.798914    0.35622
 0.0770997   0.253725   0.586617
 0.0717494   0.250615   0.464607
  0.865181   0.799239   0.356228
 0.0748798   0.255373   0.586279
 0.0702427   0.252909   0.464741
   0.86362   0.800039   0.356227
 0.0742157   0.255901   0.586182
 0.0697888     0.2536    0.46478
 0.0690536   0.265875   0.352975
  0.863057   0.800405    0.35626
 0.0726423   0.257333    0.58601
  0.068299   0.255861   0.464873
 0.0694354   0.265431    0.35254
  0.860829   0.801736   0.356297
 0.0713502   0.258238   0.585865
 0.0678463   0.256549   0.464888
 0.0697071    0.26508   0.352231
  0.860226   0.802059   0.356277
 0.0697245   0.259645   0.585709
 0.0663856   0.258754   0.464921
 0.0699103   0.264933   0.351999
  0.859601   0.802374   0.356241
 0.0681335   0.261107   0.585535
 0.0659299   0.259443   0.464936
 0.0691019   0.266249   0.352914
  0.857511   0.803569   0.356155
 0.0669093   0.261986   0.585357
 0.0654817   0.260121   0.464953
 0.0661847   0.271991    0.35637
  0.855939   0.804225   0.356014
 0.0662794   0.262541   0.585271
 0.0661089   0.272208   0.356455
  0.854804   0.805153   0.356082
 0.0647329   0.264066   0.585096
 0.0661197   0.272373   0.356442
  0.854211   0.805506   0.356089
 0.0641331   0.264646   0.585033
 0.0676764   0.268968   0.354523
   0.85251    0.80622   0.356031
  0.067531   0.269362   0.354685
   0.85196   0.806562    0.35605
 0.0667679   0.270655   0.355549
 0.0671668   0.270056   0.355096
  0.851418   0.806877    0.35605
 0.0665491   0.271174   0.355794
  0.849279   0.808445   0.356243
 0.0661751   0.271895   0.356216
 0.0664512   0.271492   0.355903
  0.848726   0.808802   0.356272
 0.0660176   0.272294   0.356393
  0.845501   0.810621   0.356304
 0.0568302   0.273182   0.583948
 0.0635736   0.277351   0.359321
  0.845956   0.810703   0.356424
 0.0563425   0.273849   0.583919
  0.844323    0.81122   0.356237
  0.054892   0.275898   0.583851
  0.843701   0.811528   0.356195
  0.841588   0.812733   0.356118
 0.0530406   0.278571   0.583678
  0.840973   0.813054   0.356088
 0.0525894    0.27923   0.583609
  0.840381   0.813377   0.356071
  0.838193   0.814903   0.356192
 0.0507567    0.28193    0.58332
  0.837631   0.815259   0.356217
 0.0494063   0.283923   0.583141
  0.836014   0.815923   0.356148
   0.83546   0.816251   0.356153
 0.0475093   0.286743   0.582953
  0.833311    0.81775   0.356304
  0.832662   0.818188   0.356352
 0.0466001   0.288114   0.582887
  0.832065   0.818557    0.35637
 0.0452368   0.290167   0.582756
  0.051386   0.302222   0.373085
  0.828951   0.820081   0.356199
 0.0511691   0.302757    0.37333
 0.0513225   0.302502   0.373156
  0.828324   0.820372   0.356142
 0.0522744   0.300151   0.371942
  0.828693   0.820466   0.356251
 0.0520641    0.30072   0.372179
  0.826575    0.82165   0.356158
 0.0501788   0.304972    0.37445
  0.824925   0.822172   0.355973
 0.0499841   0.305499   0.374669
  0.824244   0.822592   0.355996
 0.0506692   0.303511   0.373757
  0.823693   0.822913      0.356
 0.0503205   0.304291   0.374151
  0.823155   0.823197   0.355979
  0.822606   0.823512   0.355979
  0.820435   0.825141   0.356205
  0.818288   0.826688   0.356385
  0.818111   0.826415   0.356284
 0.0333317    0.30886   0.400347
  0.815964   0.827717   0.356288
 0.0331688   0.308256   0.469663
 0.0328995   0.309578   0.400422
  0.815338   0.828049   0.356262
 0.0327387   0.308905   0.469729
 0.0324837   0.310268   0.400494
  0.812222   0.829578   0.356064
  0.031051   0.311456   0.470098
  0.032044   0.310995   0.400598
  0.811593   0.829896   0.356025
 0.0306137   0.312118    0.47019
   0.81098    0.83022   0.355997
  0.808729   0.831609   0.356031
   0.80882    0.83153   0.356011
 0.0284414   0.315413   0.470737
  0.807604   0.832757   0.356251
  0.807037    0.83312   0.356276
  0.805438   0.833924   0.356266
  0.805926   0.833798   0.356299
  0.803293   0.835064   0.356273
  0.800535   0.837177   0.356488
  0.800449   0.836752   0.356299
  0.800864   0.836884   0.356431
  0.798688   0.837996   0.356302
  0.798038   0.838297   0.356246
   0.79541    0.83919   0.355957
   0.79319   0.840437   0.355945
  0.793581   0.840707   0.356172
 0.0162696    0.33406   0.473615
  0.794635   0.839758   0.355981
 0.0158434   0.334714   0.473742
  0.793038   0.840576   0.355986
  0.015415   0.335371   0.473878
  0.790812   0.842079   0.356159
  0.791288    0.84223    0.35634
  0.785385   0.845433   0.356304
  0.786388   0.844872   0.356314
  0.785763   0.845202   0.356284
  0.783557   0.846313   0.356148
  0.782924   0.846628   0.356103
   0.78077   0.847892   0.356047
  0.780147   0.848248   0.356045
  0.780543   0.848361   0.356177
   0.77731   0.850231   0.356241
  0.776738    0.85057   0.356251
  0.775076   0.851237    0.35618
  0.774503    0.85159   0.356201
  0.773809   0.852096   0.356288
   0.77164   0.853454   0.356322
   0.76949   0.854748   0.356281
  0.768857   0.855057   0.356232
  0.768219   0.855374   0.356188
  0.766045   0.856657   0.356144
  0.765951   0.856263   0.355988
    0.7653   0.856668   0.356008
  0.760396    0.85981   0.356246
  0.762545   0.858499   0.356142
  0.759263   0.860502   0.356272
  0.758706   0.860817   0.356264
  0.760657   0.859849   0.356346
  0.760759   0.859753   0.356316
  0.755305   0.863204   0.356407
  0.755244   0.862898   0.356274
  0.754606   0.863216   0.356232
  0.751434   0.864766   0.356025
  0.751803   0.864825   0.356126
  0.750144    0.86546   0.355983
  0.749447   0.865905   0.356016
  0.747225   0.867354   0.356125
  0.747753   0.867393   0.356234
  0.745485   0.868822   0.356341
  0.745487   0.868406    0.35617
  0.742242    0.87037   0.356266
  0.742603   0.870451   0.356387
  0.741967   0.870815   0.356383
  0.737194   0.873285   0.356146
  0.738088   0.872633    0.35612
-0.0247991   0.395858   0.489935
  0.734903   0.874317   0.355983
  0.735274   0.874321   0.356076
   0.73562   0.874378   0.356183
  0.735711    0.87431   0.356172
-0.0261815   0.397915   0.490753
  0.735635   0.873914   0.355997
-0.0288948   0.401973    0.49243
  0.732375   0.875957    0.35612
-0.0294296   0.402771   0.492769
  0.731221   0.877087   0.356322
-0.0298238   0.403357   0.492966
   0.73123   0.876658   0.356149
-0.0302006   0.403917   0.493143
    0.7284   0.878916   0.356457
-0.0306711   0.404619   0.493442
  0.725652   0.880128   0.356336
-0.0308399   0.404867   0.493446
  0.723432   0.881262   0.356228
-0.0313251   0.405593   0.493808
-0.0310649   0.405201    0.49353
  0.723869   0.881347   0.356335
  0.723757   0.881062   0.356206
  0.721501   0.882178   0.356069
  0.720857   0.882512   0.356038
  0.720238   0.882851   0.356023
  0.717949    0.88438   0.356119
  0.718455   0.884351     0.3562
  0.714009   0.886704   0.356239
 0.0755955   0.488106   0.643601
-0.0429423   0.423028   0.503521
  0.714557   0.886697   0.356325
-0.0448598    0.42592   0.505647
-0.0437811   0.424293   0.504382
  0.713978   0.887058   0.356348
-0.0464152   0.428266   0.507372
  0.712182   0.887825   0.356298
 0.0107843   0.342008   0.443109
-0.0498006   0.433372   0.511187
  0.708426   0.890217    0.35633
  0.709344   0.889498   0.356267
  0.708686   0.889817    0.35622
-0.0435153   0.423892   0.504113
  -0.04257   0.422465   0.502944
  0.704911   0.892023   0.356108
  0.341798    0.66424    0.64503
-0.0451778     0.4264   0.506033
  0.704768   0.891671   0.355964
   0.34959   0.669542   0.646816
  0.429945   0.719176   0.639711
-0.0461226   0.427826   0.507165
  0.702521   0.893083   0.355994
  0.341183   0.666212   0.643597
  0.428791   0.718962   0.639828
  0.429216   0.719411    0.64002
  0.703446   0.892498   0.356012
  0.334599   0.663261   0.641282
  0.338066   0.665723   0.641845
  0.422248   0.717294   0.640283
  0.425837   0.718593   0.640263
  0.702883   0.892826   0.356013
  0.341165   0.668338   0.642164
  0.342787   0.670729    0.64127
  0.345028   0.672989   0.640865
   0.41347   0.714453   0.640707
  0.421147   0.717239     0.6405
  0.702326   0.893135   0.356002
  0.345798   0.673784   0.640799
  0.347987   0.675632   0.640593
  0.402629   0.710052   0.640995
  0.410689   0.713406   0.640797
  0.414529   0.715015   0.640778
  0.697265   0.896532   0.356357
  0.348737   0.676381   0.640577
  0.354493    0.68083   0.640518
  0.359847   0.684604    0.64077
  0.399665   0.708633   0.641045
  0.405725   0.711464   0.640973
  0.699474   0.895194   0.356257
  0.368105   0.690275   0.641212
  0.373494   0.693799   0.641293
  0.377888   0.696584   0.641295
  0.386723   0.701909   0.641241
  0.390332   0.703919   0.641209
  0.393753   0.705755    0.64117
  0.699833   0.895465   0.356495
  0.695457   0.897518   0.356308
  0.694812   0.897855   0.356279
  0.692582   0.899097   0.356191
  0.689331   0.900637   0.355972
  0.689717   0.900744   0.356099
  0.687992   0.901396   0.355966
   0.68726   0.901909   0.356041
  0.689442   0.900658    0.35599
  0.685511   0.903506   0.356314
  0.685495   0.902976   0.356087
  0.680449   0.906192   0.356332
  0.680903   0.906176     0.3564
  0.680995   0.906108   0.356388
    0.6803   0.906516   0.356394
  0.680667   0.906441   0.356449
  0.677951   0.907469   0.356193
  0.677297   0.907793   0.356149
   0.67504   0.909055   0.356078
  0.675506   0.909158   0.356211
  0.673135    0.91056   0.356236
  0.670381   0.911849    0.35618
   0.67258   0.910465   0.356062
  0.671992   0.910818   0.356071
  0.668611    0.91293    0.35622
  0.667993   0.913361   0.356277
  0.664023   0.915921   0.356369
  0.662354   0.916601   0.356228
    0.6617    0.91692   0.356182
  0.659414   0.918096   0.356064
  0.658745   0.918439   0.356031
  0.659187    0.91858    0.35618
   0.65903   0.918291   0.356047
  0.659122   0.918228   0.356039
  0.658464   0.918585   0.356022
  0.655589     0.9208   0.356277
  0.655002   0.921133   0.356274
  0.654407   0.921499   0.356293
  0.649894   0.923884   0.356312
  0.650336   0.924032   0.356467
  0.649695   0.924405   0.356468
  0.649573   0.924131   0.356353
  0.645688   0.926288   0.356205
  0.645023   0.926621   0.356161
  0.645973   0.925942   0.356129
  0.641029   0.928658   0.355999
  0.640303   0.929176   0.356075
  0.639699   0.929552   0.356096
   0.63911   0.929889   0.356092
  0.637937   0.931122   0.356328
  0.636205   0.931863   0.356269
  0.635489   0.932371   0.356346
   0.63159   0.934903   0.356424
  0.631491   0.934466   0.356236
  0.630835   0.934801   0.356198
  0.626963   0.937191   0.356154
  0.626299   0.937567   0.356144
  0.628914   0.935783   0.356086
  0.626575   0.937293   0.356142
  0.626001   0.937613   0.356128
  0.622566   0.939673   0.356226
  0.621969   0.940017   0.356226
  0.621362   0.940395   0.356247
  0.618953   0.941974   0.356367
  0.619051   0.941901   0.356353
  0.618308   0.942347   0.356372
  0.619287   0.941797   0.356409
  0.614286   0.944288    0.35614
  0.614682    0.94436   0.356244
  0.614004   0.944677    0.35619
  0.610623   0.946254   0.355992
  0.609894   0.946742   0.356043
  0.610457   0.946757   0.356152
  0.605851   0.949311   0.356248
  0.604678   0.950533   0.356483
  0.602362   0.951903   0.356519
  0.192231   0.709519   0.665098
  0.602378   0.951432   0.356314
  0.190953   0.709593    0.66471
  0.601655   0.951831   0.356305
  0.187356   0.709558   0.663568
  0.598303   0.953469   0.356121
  0.184701   0.709807   0.662718
  0.600296   0.952504   0.356228
  0.183058   0.710158   0.662172
  0.595271   0.955017   0.355955
  0.179747   0.710401   0.661068
  0.598391   0.953781   0.356218
  0.177186   0.710867   0.660257
  0.595597   0.954832   0.355971
  0.175619    0.71138   0.659761
  0.593156   0.956336   0.356028
  0.593259   0.956245   0.356003
  0.173564   0.711592   0.659133
  0.592537   0.956771   0.356088
  0.170719   0.712089   0.658129
  0.593115   0.956768   0.356185
  0.168215   0.712605   0.657258
  0.592524   0.957112   0.356188
  0.166262    0.71286    0.65661
  0.589016   0.959228   0.356328
  0.163549   0.713543   0.655595
  0.588421   0.959618   0.356359
  0.162021    0.71417   0.655046
  0.586615    0.96053   0.356331
  0.159601   0.714946   0.654221
  0.585962   0.960905   0.356322
  0.157871   0.715399   0.653616
  0.585292   0.961266   0.356294
   0.15605   0.716039   0.652865
  0.584622   0.961609   0.356252
  0.154344   0.716501   0.652245
  0.580643   0.963886   0.356122
  0.152775    0.71707   0.651638
  0.579976   0.964251   0.356102
  0.150113   0.717879   0.650578
   0.58045   0.964257   0.356204
  0.148497   0.718442   0.649998
  0.567342   0.952126   0.609996
  0.580397   0.963772   0.355987
  0.146948   0.719118   0.649413
  0.575143   0.967134    0.35623
  0.144428    0.72012   0.648327
  0.566967   0.953302     0.6098
  0.566926   0.953441    0.60975
  0.574551   0.967503   0.356249
  0.142878   0.720643   0.647719
  0.566262   0.955427   0.609314
   0.57336   0.968781   0.356507
  0.141424   0.721435   0.647082
  0.575153   0.967217   0.356274
  0.139627   0.722008   0.646303
  0.565339   0.957987   0.608765
  0.572603   0.968858   0.356425
  0.138201   0.722889   0.645703
   0.56508   0.958681   0.608573
   0.56866   0.971388   0.356461
  0.136008   0.723926   0.644795
  0.564314   0.960651   0.608134
  0.566876   0.971919   0.356226
  0.134316   0.724553    0.64402
  0.564089   0.961214   0.608014
  0.566174    0.97224   0.356162
  0.132876   0.725405   0.643364
  0.563867   0.961772   0.607878
  0.563805   0.961928   0.607807
  0.566583   0.972358   0.356286
  0.131411   0.726244   0.642667
  0.131158   0.726343   0.642498
  0.563046   0.963776   0.607262
  0.564777   0.972908   0.356061
  0.129817    0.72694   0.641922
  0.562816   0.964334   0.607123
  0.562458   0.974303   0.356054
  0.128425   0.727923   0.641269
  0.562036   0.966189   0.606592
  0.562873   0.974454   0.356216
  0.126151   0.729159   0.640104
  0.561746   0.966869   0.606368
  0.562861   0.973884    0.35597
  0.125505   0.729576   0.639808
   0.56092   0.968789   0.605904
  0.562281   0.974168   0.355933
  0.124093   0.730524   0.639082
  0.123299   0.730855   0.638641
  0.560678   0.969341   0.605772
  0.559911   0.975857    0.35613
   0.12196   0.731918    0.63792
  0.559813   0.971275   0.605111
  0.559265   0.976326   0.356208
  0.121359   0.732363   0.637644
  0.559567   0.971812   0.604944
  0.555666     0.9785   0.356344
  0.558756   0.973553   0.604347
  0.555006   0.978917   0.356372
  0.558428   0.974225   0.604068
  0.551046   0.981376   0.356346
  0.557565   0.975996   0.603518
  0.553628   0.979674   0.356336
  0.557298   0.976524   0.603363
  0.549675   0.982052   0.356252
  0.556339   0.978367   0.602667
  0.547877   0.982698   0.356079
  0.547214    0.98308   0.356079
  0.545918   0.984386   0.356317
  0.545887   0.983892   0.356118
  0.553795   0.982859   0.601053
  0.545286   0.984216     0.3561
  0.553487   0.983374   0.600891
  0.541138   0.987169   0.356419
   0.53937   0.987915   0.356339
  0.538097   0.989151   0.356537
  0.538192   0.989086   0.356529
  0.538025   0.988721   0.356364
  0.534037   0.991095   0.356291
  0.534413   0.991002   0.356325
   0.53156   0.992035   0.356021
  0.533597   0.991055   0.356144
  0.532942   0.991372   0.356094
  0.529396   0.993335   0.356059
   0.53171   0.991944    0.35598
  0.529362   0.993589   0.356124
   0.49217    0.97929   0.343315
  0.526959   0.994864   0.356154
  0.492511   0.980859    0.34398
  0.522065   0.998231   0.356471
  0.520286   0.998927   0.356315
  0.522303   0.997968   0.356452
  0.518332    1.00028   0.356306
  0.496001   0.993178   0.348934
  0.496248   0.994124   0.349339
  0.496696   0.996752   0.350465
  0.496699   0.996538   0.350355
  0.496725   0.998022   0.351108
  0.496318    1.00006   0.352241
  0.498692   0.995393   0.349178
  0.492474    1.00447   0.355441
  0.492516   0.998265   0.352407
  0.495574    0.99837   0.351615
  0.469277   0.987345   0.353625
  0.472865   0.989157   0.353531
  0.475507   0.990493    0.35346
  0.481877   0.993716   0.353228
  0.482594   0.994069   0.353201
  0.486117   0.995791   0.353026
  0.491521   0.998099   0.352591
  0.490895   0.997863    0.35267
  0.397342   0.951103   0.356152
  0.399988   0.952438   0.356027
  0.404523   0.954728   0.355816
   0.40812   0.956541   0.355659
  0.410767   0.957875   0.355543
  0.414349   0.959679   0.355381
  0.419782   0.962414   0.355108
  0.422402   0.963733   0.354982
  0.424099    0.96459   0.354912
   0.42864   0.966879   0.354712
  0.432231   0.968692   0.354579
  0.434896   0.970037   0.354491
  0.437569   0.971384    0.35441
  0.441195   0.973205   0.354309
  0.444827   0.975026   0.354216
  0.449416   0.977333   0.354116
  0.452111   0.978693   0.354059
   0.45667   0.980998    0.35394
   0.45932   0.982335   0.353863
  0.462928   0.984152   0.353774
  0.467498   0.986452   0.353674
  0.470155   0.987789   0.353604
  0.283981   0.893362    0.35995
  0.286788   0.894774   0.359831
  0.290519    0.89666    0.35967
  0.294225    0.89854   0.359494
  0.297949   0.900437   0.359332
  0.301686   0.902344   0.359186
  0.305405   0.904245   0.359032
  0.309111    0.90614   0.358871
  0.312826    0.90804   0.358718
  0.316548   0.909942   0.358574
  0.321183    0.91231   0.358381
  0.324925    0.91422   0.358238
  0.328662   0.916129   0.358122
  0.330536   0.917087   0.358072
  0.335229   0.919484   0.357945
  0.338984   0.921402    0.35785
  0.342742    0.92332   0.357761
  0.346495   0.925237   0.357672
  0.350245   0.927152   0.357584
     0.354    0.92907   0.357504
  0.355866   0.930024   0.357464
   0.36148   0.932894   0.357334
  0.365204   0.934798   0.357242
  0.368938   0.936705    0.35716
   0.37361   0.939087   0.357057
  0.376379   0.940496   0.356987
  0.380068   0.942368    0.35688
  0.383727   0.944222    0.35675
   0.38737   0.946064   0.356578
  0.390032   0.947409   0.356451
  0.393652    0.94924     0.3563
  0.197378   0.849706   0.362933
   0.20123   0.851651   0.362768
  0.207878   0.855011   0.362469
  0.210789   0.856479   0.362349
  0.212756   0.857472   0.362271
  0.216585   0.859405   0.362106
  0.220422   0.861343    0.36192
  0.225185   0.863746   0.361717
  0.229045   0.865693   0.361585
  0.231983   0.867175   0.361498
  0.236821    0.86961   0.361368
  0.239766   0.871095   0.361292
  0.244594   0.873527   0.361164
  0.250371   0.876435   0.361027
  0.252383   0.877452   0.360986
  0.256275   0.879413   0.360902
  0.261083   0.881837   0.360778
  0.264946   0.883785   0.360682
  0.268796   0.885727   0.360578
  0.272601   0.887645   0.360447
  0.276377   0.889545   0.360298
  0.280164   0.891446   0.360129
  0.167118   0.834328   0.364153
  0.171053   0.836336   0.364015
   0.17499   0.838345   0.363855
  0.175118   0.838409   0.363869
  0.179926   0.840859   0.363646
  0.186635   0.844269    0.36338
  0.186748   0.844325   0.363369
   0.19344   0.847715   0.363099
  0.197301   0.849668   0.362937