 0.0928351   0.239323   0.357742
 0.0919665   0.239827   0.357594
 0.0879177   0.242255   0.356792
 0.0870852   0.242753    0.35663
  0.082965    0.24526    0.35578
 0.0854278   0.243754   0.356308
 0.0780099   0.248293    0.35472
 0.0772043   0.248787   0.354541
  0.073071   0.251326   0.353627
 0.0756111   0.249774   0.354189
 0.0748003    0.25028    0.35401
  0.073878   0.250843   0.353805
 0.0727071   0.251537   0.353546
 0.0713413   0.252385   0.353243
 0.0692944     0.2545   0.352781
  0.119063   0.224284   0.360449
  0.118186    0.22478    0.36043
  0.114972   0.226631   0.360216
  0.114105   0.227122   0.360172
  0.113262   0.227602   0.360133
  0.112442   0.228073   0.360097
  0.114122    0.22713   0.360385
  0.110763   0.229027   0.360015
  0.109875   0.229522   0.359965
  0.108987   0.230019   0.359917
  0.108126   0.230509   0.359876
  0.102601   0.233684   0.359192
 0.0970847   0.236861   0.358466
 0.0928189   0.239347   0.357751
 0.0954517   0.237817    0.35819
 0.0946081   0.238306   0.358046
 0.0937479     0.2388   0.357899
 0.0690286   0.254883   0.352722
 0.0674844   0.257895    0.35239
  0.157762   0.201579   0.360217
  0.154903   0.203231   0.360184
  0.152165   0.204824   0.360244
  0.153216   0.204216   0.360196
  0.152358   0.204718   0.360202
  0.149633   0.206313   0.360268
  0.146827   0.207967   0.360244
  0.145977   0.208468    0.36025
  0.145127   0.208969   0.360257
  0.142419   0.210555   0.360326
  0.141572   0.211055    0.36033
  0.136919   0.213798   0.360351
  0.139857   0.212066   0.360337
  0.137028   0.213752    0.36028
  0.134418   0.215297   0.360383
   0.13161   0.216982    0.36032
  0.132726   0.216309   0.360403
  0.129904   0.217995    0.36034
  0.127292   0.219524   0.360458
  0.126433   0.220025   0.360465
  0.123525   0.221726   0.360377
  0.126544   0.219973   0.360362
  0.121791   0.222723   0.360369
  0.119106    0.22426    0.36045
 0.0673733   0.258506   0.352371
 0.0668376   0.261194   0.352299
   0.18423   0.186623    0.36056
  0.185357   0.185962   0.360579
  0.184511   0.186446   0.360587
  0.179594   0.189248   0.360563
  0.178732   0.189736   0.360552
  0.179972    0.18905   0.360546
  0.177053   0.190694   0.360539
  0.173993   0.192425   0.360457
  0.170928   0.194155   0.360396
  0.172334   0.193376   0.360442
  0.171504    0.19385   0.360433
   0.16629   0.196769   0.360332
  0.165445   0.197246   0.360319
  0.162402   0.198959    0.36024
  0.163698    0.19822   0.360279
  0.154577   0.203398   0.360214
 0.0669034   0.261924   0.352325
 0.0667028   0.263475   0.352306
  0.230563   0.159576    0.36027
  0.225498   0.162456    0.36022
  0.222433   0.164235   0.360114
  0.221594   0.164725   0.360105
  0.216681   0.167617   0.360079
  0.213731   0.169368   0.359968
  0.215004   0.168609   0.360059
  0.214165   0.169105    0.36005
  0.209366   0.171947       0.36
  0.212487   0.170102   0.360034
  0.209548    0.17185   0.359969
  0.208709   0.172349    0.35997
  0.207867   0.172849   0.359971
  0.205168    0.17444   0.360066
  0.202394   0.176084   0.360053
  0.201543   0.176585   0.360076
  0.196982   0.179244   0.360241
  0.197971   0.178663   0.360249
  0.197114   0.179161   0.360277
  0.194416   0.180737   0.360328
  0.189774   0.183441   0.360548
  0.192699   0.181736   0.360386
  0.189936    0.18334   0.360492
  0.185177   0.186094   0.360572
 0.0668026   0.264251   0.352334
 0.0666593   0.266754   0.352325
  0.196299   0.153138    0.61766
  0.189327   0.157102   0.617538
   0.25118   0.147955   0.360335
  0.191589   0.155796   0.617601
  0.190705   0.156302    0.61756
  0.189842   0.156799   0.617524
   0.18899   0.157292   0.617489
  0.240339   0.154056   0.360223
  0.235133   0.156985   0.360215
  0.243004    0.15257    0.36025
  0.237877   0.155473   0.360245
  0.234978   0.157113   0.360321
  0.236209   0.156429   0.360257
  0.235365   0.156908   0.360259
  0.230194   0.159825   0.360213
  0.227278   0.161459    0.36026
 0.0667033   0.267552   0.352347
  0.297848   0.120726   0.360007
  0.292708   0.123654   0.360022
   0.29185   0.124144   0.360022
  0.286877   0.127037   0.360067
     0.288   0.126391   0.359966
  0.287154   0.126885   0.359974
  0.284375   0.128508   0.360089
  0.285456   0.127881   0.359993
   0.28058   0.130755   0.360043
  0.277801   0.132387   0.360143
  0.272927   0.135271    0.36017
  0.278061   0.132246   0.360069
    0.2753   0.133875   0.360173
  0.272395   0.135607   0.360138
  0.273625   0.134872   0.360194
   0.26879   0.137742    0.36024
  0.265931   0.139446   0.360226
  0.261192   0.142261   0.360293
  0.268202   0.138102   0.360193
  0.263409   0.140942   0.360265
  0.260603   0.142587   0.360344
  0.202903    0.14935   0.617846
  0.200072   0.150976   0.617919
  0.199157   0.151496   0.617892
 0.0667718    0.26835   0.352375
  0.066613   0.270795   0.352424
  0.322576   0.106768   0.360034
  0.319564   0.108469   0.360089
  0.318709   0.108951   0.360081
  0.317868   0.109427   0.360076
  0.314708    0.11122   0.359987
  0.309246    0.11427   0.359926
  0.317795   0.109531   0.360045
  0.309953    0.11388    0.36002
   0.30912   0.114352   0.360019
  0.310423   0.113621   0.359943
  0.305166   0.116606   0.359949
  0.302233   0.118273   0.360039
  0.297026   0.121227   0.360058
  0.298268   0.120529    0.35996
  0.297415   0.121008   0.359955
  0.296555   0.121488   0.359948
  0.297898   0.120699   0.360008
 0.0667074    0.27159    0.35249
  0.361704  0.0838264   0.359792
   0.35846  0.0856967   0.359639
  0.357628  0.0861747   0.359634
  0.356799  0.0866553   0.359634
  0.358224  0.0858018   0.359739
  0.353115  0.0888063    0.35978
  0.352283  0.0892996   0.359792
   0.35342  0.0886377   0.359655
  0.348497   0.091557    0.35975
  0.347665  0.0920516   0.359765
  0.344854  0.0937061   0.359925
  0.341898  0.0954638   0.359867
  0.341066  0.0959565   0.359879
   0.33611  0.0988818   0.359954
  0.341526  0.0956786   0.359981
  0.336574  0.0986014   0.360038
  0.333589   0.100366    0.35998
  0.334909  0.0995828   0.360057
   0.33191    0.10135   0.359992
  0.326913    0.10428   0.360043
  0.334385  0.0998931    0.35996
  0.329395   0.102823   0.360011
   0.32014   0.108213   0.360078
  0.323483   0.106258   0.360046
 0.0666054   0.274821   0.352607
  0.389347  0.0681876   0.360234
  0.381427  0.0727237   0.360038
  0.385176  0.0705704   0.360045
  0.384331  0.0710452   0.360032
  0.381256  0.0727578    0.36013
  0.380428   0.073226   0.360119
  0.376995  0.0751703   0.359912
  0.371327  0.0783599   0.359805
  0.375373  0.0761007   0.359897
  0.374555  0.0765705    0.35989
  0.368971  0.0797333   0.359796
  0.370734   0.078728   0.359979
  0.369909  0.0791978   0.359966
  0.366461  0.0811544    0.35975
  0.370351   0.078948   0.359821
  0.364754  0.0821099   0.359708
  0.361751  0.0838005   0.359793
 0.0666868    0.27562   0.352649
 0.0665517   0.277108   0.352636
  0.429143  0.0448215   0.360182
  0.428285  0.0453071   0.360188
  0.425331  0.0469996   0.360354
  0.424491  0.0474854   0.360364
  0.421335  0.0493397   0.360278
  0.420504  0.0498254   0.360282
  0.419672  0.0503119   0.360286
  0.416806  0.0519827   0.360415
  0.415982   0.052471   0.360414
  0.415149   0.052965   0.360415
  0.411916  0.0549115   0.360264
  0.411096  0.0554048   0.360263
  0.408372  0.0570211   0.360405
   0.40755  0.0575139   0.360397
  0.406736  0.0580016    0.36039
  0.403389  0.0600009   0.360184
  0.402564   0.060489   0.360174
  0.399761  0.0621242   0.360308
  0.398932  0.0626122   0.360302
  0.398101  0.0631005   0.360294
   0.39484  0.0650327    0.36012
     0.394  0.0655221   0.360116
  0.393163  0.0660079   0.360111
  0.390251  0.0676775   0.360248
 0.0666636    0.27979   0.352647
  0.456661  0.0293239   0.360062
  0.453513  0.0310759   0.360207
  0.452664  0.0315465   0.360198
  0.454023  0.0330189   0.337947
   0.45324  0.0334864    0.33775
  0.447717  0.0343676   0.360043
  0.444673  0.0360807   0.360241
  0.443842   0.036553    0.36025
  0.443032  0.0370145   0.360262
  0.439697    0.03889   0.360097
  0.438882  0.0393502   0.360105
  0.438058  0.0398133   0.360112
  0.434929  0.0415444    0.36028
  0.434098  0.0420117   0.360287
  0.433241  0.0424903    0.36029
  0.430048  0.0443151   0.360181
 0.0666065   0.282078   0.352602
  0.500361 0.00523043   0.349646
  0.498495 0.00606048   0.349218
  0.493152 0.00916434    0.34788
  0.492269 0.00967822   0.347653
  0.491427  0.0101831   0.347433
   0.49062  0.0106782    0.34722
  0.489837  0.0111656   0.347011
  0.484393  0.0145465   0.345559
  0.483615  0.0150309   0.345359
  0.482838  0.0155148   0.345158
  0.482056  0.0160009   0.344956
  0.477388  0.0188867   0.343771
  0.480444  0.0169911   0.344543
  0.471966  0.0222552   0.342405
  0.471181  0.0227435   0.342206
  0.470392  0.0232312   0.342007
  0.469612  0.0237131    0.34181
  0.472867  0.0217368   0.342611
  0.462493  0.0259432   0.360266
  0.461659  0.0264261   0.360258
  0.458395  0.0283404   0.360072
  0.457547  0.0288242    0.36007
 0.0667073   0.282876   0.352616
 0.0665744   0.283419    0.35258
  0.506145 0.00542109   0.350264
  0.510401 0.00380686    0.35115
  0.502106 0.00545791   0.349823
  0.505487 0.00328411   0.350725
 0.0666794   0.286103   0.352579
  0.503015 0.00588819   0.349829
  0.501943 0.00601676   0.349671
  0.500633 0.00627003   0.349455
  0.066638    0.28934   0.352529
  0.509901 0.00627447   0.350579
  0.503588 0.00596299    0.34988
 0.0667417   0.289192   0.352556
 0.0666282   0.290679   0.352501
  0.513745 0.00653193   0.351055
  0.510302 0.00645275   0.350598
 0.0667142   0.292424   0.352484
  0.516019 0.00653713   0.351363
  0.515138 0.00659867   0.351231
  0.511692 0.00650821   0.350774
 0.0667765   0.295099   0.352456
 0.0666597   0.294711   0.352435
  0.517325 0.00658307   0.351531
  0.516431 0.00667423   0.351393
 0.0667679   0.295502   0.352449
  0.066618   0.297919   0.352449
  0.518596 0.00666252   0.351689
  0.517736 0.00672114   0.351561
  0.066647   0.299743   0.352528
  0.523408 0.00679326   0.352332
   0.52252 0.00686364   0.352199
 0.0667236   0.299522   0.352509
 0.0665463    0.30204   0.352634
  0.524752 0.00686351   0.352501
  0.523815 0.00694857   0.352358
 0.0666245    0.30377    0.35275
 0.0665119   0.304315    0.35275
  0.526253 0.00692382   0.352693
  0.525258 0.00699389   0.352545
 0.0665447   0.306988   0.352818
  0.529987 0.00732552   0.353116
  0.529124 0.00729004   0.353009
 0.0666262   0.307789    0.35283
 0.0664957   0.308335   0.352797
  0.535066 0.00859374    0.35343
  0.532511 0.00790225   0.353312
 0.0666161   0.311949   0.352716
  0.534703 0.00836374   0.353491
  0.533987 0.00829252   0.353415
 0.0665562   0.312356   0.352688
  0.538204  0.0100392   0.353453
  0.525967  0.0183272   0.350029
 0.0666756   0.315032   0.352613
 0.0665447   0.315578   0.352564
  0.539443  0.0105679   0.353464
  0.527183  0.0199715   0.349772
 0.0666491   0.316375   0.352555
  0.541306   0.011633   0.353433
  0.528171  0.0207424   0.349713
   0.52773  0.0205768   0.349698
 0.0666231   0.319597   0.352413
  0.542526  0.0121845   0.353433
  0.531241   0.022646   0.349659
 0.0667585   0.322268   0.352332
 0.0666353    0.32375   0.352263
  0.547405  0.0147907   0.353383
  0.545532  0.0138992   0.353397
  0.532326  0.0233069   0.349672
  0.530774  0.0224944   0.349626
 0.0667172   0.324552   0.352277
  0.546724  0.0144615   0.353411
  0.534178  0.0243911   0.349723
   0.06675   0.325359    0.35228
 0.0666358   0.327779   0.352287
  0.550466  0.0164249    0.35344
  0.548797  0.0156525   0.353378
   0.53754  0.0263431   0.349837
  0.537098  0.0261849   0.349809
 0.0667353   0.328576   0.352328
 0.0665897   0.331004   0.352341
  0.552342  0.0174959   0.353492
  0.539379  0.0274256   0.349877
 0.0666608   0.331806   0.352362
  0.554706   0.018711   0.353597
  0.554208  0.0185787   0.353554
  0.538925   0.027269   0.349843
 0.0667104   0.333546   0.352385
 0.0665974   0.335018   0.352374
  0.554196  0.0185079   0.353552
  0.542429  0.0293307   0.349826
 0.0667032   0.335817   0.352411
 0.0665879    0.33636   0.352393
  0.557763  0.0203513    0.35371
  0.556086  0.0195751   0.353623
  0.541796   0.029057   0.349849
 0.0666175   0.339114   0.352499
  0.559619  0.0214383   0.353736
  0.546566  0.0317027   0.349788
 0.0666828   0.339921   0.352541
 0.0665429   0.342327   0.352585
  0.559615  0.0213641   0.353762
  0.559138  0.0212215   0.353725
  0.547224  0.0321769   0.349747
 0.0666456   0.343129   0.352634
  0.561479  0.0224469   0.353766
  0.548422   0.032745   0.349745
 0.0665693   0.346351   0.352693
  0.565281  0.0243799   0.353732
  0.551371  0.0345122   0.349684
 0.0666527   0.347155   0.352731
 0.0665142   0.347702    0.35271
  0.568322  0.0260984   0.353712
  0.551423  0.0344392   0.349707
 0.0666047   0.350372   0.352758
  0.568342  0.0260168   0.353712
  0.554519    0.03637   0.349603
 0.0665315   0.351726   0.352763
  0.569014  0.0264635   0.353679
  0.555666  0.0369769   0.349617
 0.0666038   0.354393    0.35285
  0.066463   0.354941   0.352838
  0.573985  0.0290499   0.353642
  0.557426  0.0381409   0.349601
 0.0665466    0.35668   0.352908
  0.575117  0.0296587   0.353655
  0.575827  0.0301559    0.35363
  0.559748  0.0393775   0.349672
  0.559266  0.0392405   0.349635
 0.0664886   0.358976   0.352903
  0.575839  0.0300754   0.353657
  0.560402   0.039842   0.349668
 0.0666072   0.360721   0.352874
 0.0664815   0.361267   0.352826
  0.579342  0.0319661   0.353735
  0.577694  0.0311731   0.353666
  0.565056  0.0423741   0.349817
 0.0665842    0.36394   0.352721
  0.580051  0.0323948   0.353745
   0.56346   0.041532   0.349763
 0.0666371   0.366595   0.352657
  0.066531   0.366215   0.352639
  0.582382  0.0336406   0.353827
  0.581902  0.0335011    0.35379
  0.566853  0.0434616    0.34982
 0.0666389   0.367013   0.352644
 0.0665004   0.369472   0.352649
  0.584278  0.0347163    0.35388
   0.56888   0.044707   0.349758
 0.0665624   0.370279   0.352676
  0.586636   0.035941   0.353939
  0.586151  0.0358033   0.353906
  0.570054  0.0452868   0.349768
  0.569597  0.0451431   0.349745
 0.0666198   0.372949   0.352739
 0.0664993   0.373494   0.352714
  0.588718  0.0371423    0.35391
  0.573039  0.0470524   0.349719
 0.0666113   0.375223    0.35274
  0.066504   0.374836   0.352723
  0.588491  0.0369585   0.353965
  0.589411  0.0375811   0.353893
  0.574228  0.0476221   0.349716
  0.572583  0.0468411   0.349693
  0.066574   0.378433   0.352685
  0.590582   0.038158   0.353904
  0.576064  0.0487332   0.349682
 0.0666718    0.38017   0.352673
 0.0665406   0.380714   0.352634
  0.594158  0.0400055   0.353906
  0.592484  0.0392247   0.353877
  0.578389  0.0499659   0.349667
  0.066651   0.382448   0.352628
  0.596014  0.0411027   0.353875
  0.580367  0.0512471   0.349581
 0.0666027   0.385663   0.352564
  0.598403  0.0423109   0.353862
  0.597924  0.0421662   0.353837
  0.582585  0.0525498   0.349593
  0.581089  0.0517121   0.349575
 0.0666973   0.385532   0.352588
 0.0665724   0.387943   0.352513
  0.597881  0.0421185   0.353847
  0.584368  0.0537224   0.349608
 0.0666694   0.388744   0.352513
  0.601659  0.0440974   0.353815
  0.585518  0.0543368   0.349647
  0.586196  0.0548682   0.349651
 0.0666209   0.391025   0.352408
  0.603501  0.0452176   0.353814
   0.58737  0.0554589   0.349698
 0.0667662   0.394615    0.35224
 0.0666259   0.394231   0.352235
  0.603503  0.0451317   0.353833
  0.589714  0.0567021   0.349787
  0.588052  0.0559079   0.349705
 0.0667176   0.396895   0.352201
  0.605353  0.0462454   0.353855
  0.591575  0.0578047   0.349813
 0.0667486   0.397709   0.352226
 0.0666474   0.398251   0.352214
  0.610107  0.0487887   0.354051
  0.591565  0.0577341   0.349831
  0.591102  0.0575988   0.349796
 0.0667235   0.400899   0.352374
 0.0665739   0.402372   0.352447
  0.609582  0.0485893   0.354004
  0.594759  0.0596473   0.349766
 0.0666276   0.403184   0.352511
  0.611965  0.0498106   0.354098
    0.5982  0.0615686   0.349734
  0.596599  0.0607687   0.349721
 0.0666606   0.404935   0.352615
 0.0665397   0.405481   0.352602
  0.615247  0.0516856   0.354096
  0.598896  0.0620281   0.349697
 0.0666407   0.406286    0.35265
  0.066542   0.407817   0.352602
  0.616426  0.0522548   0.354104
  0.598904  0.0619715   0.349687
  0.599582  0.0624958   0.349656
 0.0666279    0.41047   0.352497
   0.61756  0.0528643   0.354097
  0.617095  0.0527137   0.354076
  0.600728  0.0630977   0.349634
 0.0667392   0.413145   0.352422
 0.0666132   0.413687   0.352394
  0.619481  0.0539268   0.354063
  0.604222  0.0650045   0.349597
  0.603732  0.0648664   0.349571
 0.0667183   0.413556   0.352409
  0.621827  0.0551687   0.354046
  0.621352  0.0550261   0.354029
  0.603714  0.0647944   0.349581
 0.0666528    0.41678   0.352431
  0.623721    0.05625   0.354016
  0.607486  0.0667956   0.349554
  0.607013  0.0666501   0.349525
 0.0667332   0.418514    0.35249
 0.0665859   0.419991   0.352496
  0.624872  0.0568479      0.354
  0.625582    0.05736   0.353957
  0.609313  0.0679283   0.349557
 0.0666745   0.420797   0.352546
   0.62557  0.0572806   0.353973
  0.610432  0.0685516   0.349581
  0.610005   0.068402   0.349554
 0.0665635   0.424012    0.35269
  0.629354  0.0592879   0.353936
  0.627444  0.0583776    0.35394
  0.612249   0.069709   0.349618
 0.0666328   0.425747   0.352819
 0.0664635   0.428165   0.352906
  0.631244  0.0603846   0.353951
  0.614036  0.0708934   0.349652
 0.0665531   0.428971    0.35292
  0.633621  0.0616232   0.354036
  0.633135  0.0614896   0.353995
  0.616276  0.0722015   0.349716
 0.0664924   0.430326   0.352897
  0.634302  0.0620655   0.354044
  0.618057  0.0733874    0.34971
 0.0666318   0.432982   0.352764
 0.0665279   0.435358   0.352629
   0.63787  0.0639753   0.354195
  0.637406   0.063833    0.35416
  0.619204  0.0739853   0.349733
 0.0665974   0.437082   0.352669
  0.639726  0.0651007   0.354229
   0.62125  0.0752414   0.349656
 0.0666499   0.436977   0.352677
 0.0665356   0.437523   0.352658
  0.639706   0.065014    0.35424
  0.639239  0.0648721   0.354205
  0.623608  0.0764741   0.349635
 0.0666144   0.440246   0.352789
 0.0664957    0.44079   0.352772
   0.64158  0.0661325   0.354252
  0.624283  0.0769442   0.349596
 0.0665481   0.441604   0.352802
  0.642758   0.066705   0.354285
  0.642285  0.0665628   0.354253
  0.627802  0.0788418    0.34957
  0.066628   0.445173   0.352776
 0.0664994   0.444792   0.352756
  0.644844  0.0679437   0.354205
   0.62728  0.0786496   0.349529
 0.0666181   0.448374   0.352702
 0.0665187    0.44799   0.352686
  0.647213  0.0691804   0.354178
  0.646748  0.0690352   0.354161
  0.630868    0.08052   0.349526
  0.066559   0.448803   0.352675
  0.649082  0.0702954   0.354136
  0.632967  0.0817458   0.349477
 0.0666703   0.451456    0.35262
  0.066543   0.451999   0.352572
  0.651454  0.0715294   0.354123
  0.650997  0.0713786   0.354108
  0.635342  0.0829795   0.349536
  0.066667   0.453725   0.352523
  0.653313  0.0726575   0.354067
   0.63487  0.0827714    0.34951
 0.0666653   0.457848   0.352354
  0.655913  0.0740148   0.354042
  0.638271  0.0847612   0.349602
 0.0667821   0.459581   0.352351
   0.06664     0.4592   0.352331
  0.655158  0.0736895   0.354052
  0.638933  0.0852629   0.349597
 0.0667349   0.460007   0.352342
  0.658965  0.0757115   0.354098
  0.642388  0.0872265   0.349707
 0.0666606    0.46322   0.352364
  0.662038  0.0775245   0.354196
  0.644229   0.088374   0.349711
 0.0667397   0.466797   0.352421
 0.0666111   0.466422   0.352387
  0.662012  0.0774157   0.354197
  0.646748  0.0897714   0.349678
 0.0666783   0.468154   0.352393
  0.665111  0.0792148   0.354298
  0.648562  0.0909304   0.349629
 0.0667148    0.46989   0.352373
 0.0666113   0.470435   0.352339
  0.665084  0.0791094   0.354304
  0.649759  0.0915124   0.349624
  0.648138  0.0906812   0.349631
 0.0667285   0.473084   0.352311
 0.0666049   0.473629   0.352279
   0.66814  0.0809264   0.354341
  0.650431  0.0919778   0.349587
 0.0666767   0.475361   0.352292
  0.670744  0.0822907    0.35432
  0.652759  0.0932349   0.349567
  0.652336  0.0930858   0.349556
 0.0667367   0.476176   0.352313
 0.0666161   0.478562   0.352334
  0.672611  0.0834202   0.354282
  0.655769  0.0950657   0.349486
  0.066722   0.480297   0.352387
 0.0666152    0.48177   0.352366
  0.672595  0.0833236   0.354299
  0.655761  0.0949695   0.349512
  0.656501  0.0954928   0.349477
   0.06666   0.481655   0.352368
  0.675645   0.085132   0.354234
  0.657643  0.0960816    0.34948
 0.0667447   0.484314    0.35234
  0.066617   0.484863   0.352298
  0.678038  0.0863682   0.354226
  0.660276  0.0974286   0.349478
  0.658382  0.0964869   0.349476
 0.0667336   0.487547   0.352287
  0.678706  0.0868267   0.354191
  0.662103  0.0985886   0.349482
 0.0666642   0.488909   0.352298
  0.681093  0.0880678   0.354179
  0.663246  0.0991949   0.349515
  0.661686  0.0983446   0.349468
 0.0667279    0.49157   0.352445
 0.0665717   0.493033   0.352499
  0.683179  0.0893275   0.354114
  0.666242   0.101058   0.349592
 0.0666663   0.492935   0.352524
  0.684357  0.0898985   0.354146
  0.666195   0.100965   0.349589
  0.666962   0.101502   0.349604
 0.0665447   0.497052   0.352677
  0.686238  0.0910351   0.354164
  0.669291   0.102778   0.349676
 0.0666288   0.498781   0.352742
 0.0664897   0.499331   0.352728
  0.688607  0.0923003   0.354249
  0.671707   0.104005   0.349734
  0.671232   0.103864   0.349703
 0.0665696   0.500144   0.352775
  0.689274    0.09277   0.354251
  0.673827   0.105243   0.349684
 0.0665764   0.503726   0.352911
 0.0664863   0.503343   0.352862
  0.692841  0.0947232   0.354381
  0.676158   0.106507   0.349669
  0.675723   0.106339    0.34966
  0.066588   0.505077   0.352915
 0.0664666   0.506548    0.35288
   0.69351  0.0951849   0.354377
  0.676808   0.106988   0.349627
  0.066543    0.50736   0.352878
  0.694683  0.0957597   0.354417
  0.677948   0.107598    0.34961
  0.676397   0.106745   0.349641
 0.0666084   0.508171   0.352873
 0.0665045   0.510557   0.352769
  0.698443  0.0978568   0.354381
  0.697986  0.0977061   0.354361
  0.679771   0.108772   0.349556
 0.0666169   0.511362   0.352768
 0.0665106   0.513772   0.352694
  0.699164  0.0982778   0.354369
  0.680895   0.109383   0.349534
  0.682773   0.110623   0.349478
  0.381084   0.308403   0.357077
  0.377954   0.310399   0.356817
  0.377422    0.31083    0.35682
   0.37897   0.309843   0.356991
  0.378164   0.310376   0.356951
  0.377369   0.310907   0.356914
  0.372071   0.314398   0.356526
  0.373523   0.313445   0.356618
  0.370456   0.315457   0.356419
  0.369653   0.315989   0.356368
  0.367894   0.317164    0.35635
   0.36708   0.317716     0.3563
  0.364228   0.319715   0.356077
  0.363446   0.320278   0.356036
 0.0665709   0.514584   0.352687
  0.702703   0.100238   0.354338
   0.69984  0.0987347   0.354343
  0.685336   0.112025   0.349418
  0.398432   0.298901   0.358465
  0.397479   0.299347   0.358353
   0.39075   0.302696   0.357694
  0.390079   0.303077   0.357638
  0.393167   0.301576   0.358081
  0.388996   0.303792   0.357595
  0.388393   0.304181   0.357567
  0.387653   0.304615   0.357513
  0.386842   0.305072   0.357445
  0.385987   0.305544   0.357368
  0.360702   0.322289   0.355861
  0.359946   0.322862   0.355829
  0.356587   0.325389   0.355738
  0.354111    0.32736   0.355589
  0.355168   0.326558   0.355689
  0.354393   0.327183   0.355658
  0.350588   0.330476   0.355494
   0.35276   0.328496   0.355591
  0.349212    0.33174   0.355439
  0.348527   0.332396   0.355419
 0.0666515   0.515395   0.352685
 0.0665473   0.517774   0.352596
  0.703414   0.100671   0.354313
  0.687808   0.113254   0.349466
  0.684589   0.111669   0.349455
  0.420526   0.287094   0.359586
  0.412536   0.291153   0.359408
  0.413557   0.290582   0.359229
  0.412765   0.291001   0.359189
  0.412029   0.291424   0.359175
  0.411247   0.291879   0.359164
  0.408825   0.293264   0.359274
  0.402751   0.296747   0.358905
   0.40178   0.297269   0.358826
  0.400753     0.2978   0.358731
  0.399727   0.298316   0.358629
  0.348431   0.332508   0.355422
   0.34455   0.336187   0.355254
  0.343773   0.336855   0.355209
  0.342997   0.337503   0.355161
  0.340682   0.339472   0.355027
  0.339948   0.340094   0.354989
  0.339238   0.340718   0.354958
  0.066659    0.51858   0.352598
  0.705723   0.101975   0.354284
  0.705277   0.101823   0.354269
  0.685773   0.112238   0.349466
  0.437622    0.27875   0.344594
  0.436437   0.279216   0.344188
  0.435358   0.279683   0.343762
  0.425392   0.284562   0.359691
  0.422694   0.286038   0.359911
  0.421737   0.286545    0.35988
  0.422628   0.286044   0.359667
  0.421823     0.2865    0.35968
  0.338406   0.341495   0.354935
  0.336014   0.343847   0.354945
  0.335319   0.344549   0.354938
  0.333598   0.346463   0.354911
 0.0666119   0.521779   0.352534
  0.706446   0.102404   0.354264
  0.689577     0.1143   0.349491
  0.689141    0.11415   0.349463
  0.331835   0.348598   0.354935
  0.330914   0.349627   0.354947
   0.32909   0.351568    0.35486
  0.328428   0.352254   0.354812
 0.0666998   0.524426    0.35256
 0.0665657   0.524057   0.352525
  0.708764   0.103701   0.354234
  0.707119   0.102867    0.35423
  0.691395   0.115492   0.349513
  0.325538   0.355642   0.354603
  0.325967   0.355118   0.354651
  0.323308   0.358272   0.354483
  0.323724   0.357768   0.354504
 0.0666628   0.524867    0.35255
  0.710897   0.104943   0.354178
  0.694697   0.117575   0.349588
  0.693199   0.116705    0.34954
  0.322565   0.359208   0.354468
  0.321965   0.359921   0.354447
  0.320061   0.362145   0.354454
   0.31946   0.362865   0.354448
 0.0665967   0.528978   0.352538
  0.711565   0.105414   0.354163
  0.693176   0.116619   0.349538
  0.318453   0.364302   0.354462
  0.317095   0.366206   0.354477
  0.317316   0.365791   0.354479
 0.0667065    0.53162   0.352516
 0.0665681   0.531251   0.352497
   0.71393   0.106684   0.354211
  0.696103   0.118546   0.349585
  0.442183   0.288164   0.336573
   0.44128   0.288653   0.336253
  0.440347   0.289161    0.33592
  0.436938   0.291198   0.334691
  0.313941   0.370596   0.354518
  0.315317   0.368694   0.354501
  0.313821   0.370607   0.354435
 0.0666601    0.53206   0.352505
  0.715813    0.10784    0.35425
  0.697221   0.119152   0.349614
  0.452489   0.282915   0.339967
   0.45168   0.283296   0.339709
  0.450887   0.283688   0.339443
   0.44619   0.286003   0.337988
  0.445569   0.286366   0.337752
  0.444846   0.286768   0.337489
  0.444028   0.287205   0.337203
  0.443147   0.287664   0.336901
  0.311274   0.374261   0.354329
  0.310714   0.374996   0.354278
 0.0665977   0.536171   0.352444
  0.718184   0.109116   0.354341
  0.700515   0.121113   0.349571
  0.508707   0.266991   0.351161
    0.4581   0.280548   0.341767
  0.457357   0.280835   0.341567
    0.4562   0.281276   0.341262
  0.309324   0.377233   0.354179
  0.307996   0.379143   0.354061
  0.306658   0.381049   0.353966
 0.0667161   0.538811   0.352435
  0.066583    0.53844   0.352412
  0.718849   0.109584   0.354341
  0.703021    0.12231   0.349601
  0.464157   0.279037   0.342822
  0.463146   0.279233   0.342685
  0.461819   0.279556   0.342459
  0.306556   0.381366   0.353985
  0.306045   0.382118   0.353964
  0.305483   0.382864   0.353928
  0.066664   0.539253   0.352417
  0.721228   0.110856   0.354422
  0.702901   0.122216   0.349611
  0.703685   0.122731   0.349577
  0.461931   0.279226    0.34251
  0.460142   0.279646   0.342222
  0.467466   0.278594   0.342979
  0.304472   0.384589   0.353997
  0.304007    0.38534   0.354005
  0.303446   0.386083   0.353987
 0.0667353   0.541898   0.352374
 0.0666355   0.543353   0.352338
  0.723117   0.112006   0.354433
  0.707527    0.12456   0.349625
  0.476177   0.277381   0.344006
  0.468327   0.278338   0.343316
   0.46247   0.279189   0.342531
  0.301431   0.389472   0.354047
   0.29958   0.392471   0.354043
 0.0667452   0.543248   0.352358
 0.0666187   0.545625   0.352378
   0.72571   0.113397   0.354418
  0.707424    0.12444   0.349618
  0.706892   0.124311   0.349588
  0.474139   0.277572   0.343735
  0.477321   0.277297   0.344086
  0.476312   0.277475   0.343952
  0.299659    0.39249   0.354063
  0.297753   0.395678    0.35404
  0.066667   0.546443   0.352419
  0.727584   0.114553   0.354382
  0.709372   0.125534   0.349602
  0.486182   0.276495   0.344752
  0.475767   0.277367   0.343892
   0.47447   0.277618    0.34371
  0.296633   0.397957   0.353996
  0.296153     0.3987   0.353944
 0.0666613   0.550067   0.352627
 0.0665487   0.549646   0.352562
  0.729976   0.115814   0.354383
  0.710587   0.126091   0.349607
  0.711317   0.126644    0.34957
  0.482009   0.276782   0.344523
   0.48083   0.276988   0.344367
  0.295506   0.400256   0.353903
  0.295072   0.401002   0.353853
  0.294061   0.402868   0.353729
 0.0666302    0.55143   0.352654
 0.0665105   0.552887   0.352655
  0.730644   0.116276   0.354345
   0.71498   0.128801   0.349497
  0.489341   0.276372   0.344943
  0.486689   0.276578   0.344862
   0.29343   0.404419   0.353672
   0.29243   0.406273   0.353561
 0.0665518   0.553703   0.352665
  0.733013   0.117548   0.354331
  0.714963   0.128691   0.349527
  0.715707   0.129248   0.349504
  0.491503   0.276286   0.345076
  0.493851   0.276253   0.345288
  0.489592   0.276491   0.344886
  0.291418   0.408566   0.353522
  0.290369   0.410577   0.353508
  0.066629   0.556347   0.352655
 0.0664975   0.556893   0.352619
  0.732482   0.117327   0.354296
  0.718038    0.13055   0.349563
  0.495998   0.276167   0.345435
  0.499652   0.276176   0.345516
  0.290294   0.411052   0.353548
  0.289874   0.411799   0.353534
  0.289477   0.412542   0.353527
 0.0666018   0.558621   0.352641
  0.736053   0.119289   0.354277
  0.717997   0.130447   0.349566
  0.717554     0.1303   0.349537
  0.505405   0.276154   0.345932
  0.500233   0.276193   0.345661
  0.496326   0.276277   0.345391
   0.28938   0.413036   0.353563
  0.287508   0.417007   0.353581
 0.0665251   0.561812   0.352652
  0.738153   0.120574   0.354204
  0.720984   0.132356   0.349625
  0.503698   0.276165   0.345773
  0.505678   0.276293   0.345888
  0.287889   0.416439   0.353623
   0.28751   0.417186   0.353623
   0.28673   0.418986   0.353627
 0.0666121   0.561714   0.352678
 0.0664807   0.564084   0.352635
  0.739309   0.121162   0.354226
  0.723249   0.133708   0.349676
  0.722813   0.133556   0.349648
  0.505839   0.276199    0.34589
  0.504956   0.276232   0.345819
  0.506905   0.276348   0.345951
  0.286643   0.419529   0.353671
  0.285446   0.422386   0.353655
 0.0665821   0.564895   0.352648
  0.739972    0.12164   0.354209
  0.722774   0.133456   0.349653
  0.509905   0.276335    0.34617
  0.505123   0.276256    0.34591
   0.28494   0.424134    0.35372
  0.284547   0.424867   0.353682
  0.066548   0.567161   0.352554
  0.743531   0.123632   0.354298
  0.724625   0.134645   0.349671
  0.513777    0.27659   0.346382
  0.512891   0.276637   0.346294
   0.28405   0.426475   0.353687
   0.28335   0.428269   0.353629
   0.28265   0.430051   0.353547
 0.0667082   0.570704   0.352419
 0.0665813   0.571245   0.352375
  0.745416   0.124801   0.354341
  0.728362   0.136764   0.349645
  0.515859   0.276745   0.346472
  0.516021   0.276793    0.34638
  0.514204   0.276728   0.346354
  0.282581   0.430613   0.353553
  0.282215   0.431329   0.353498
 0.0666904   0.573882   0.352347
  0.746578   0.125383   0.354384
  0.729036   0.137237   0.349619
  0.520579    0.27712   0.346599
   0.52218   0.277352   0.346679
  0.281806   0.432965   0.353462
  0.281444   0.433678   0.353408
 0.0667258   0.574705   0.352372
 0.0666278   0.574335   0.352336
  0.749646   0.127269   0.354426
  0.731427   0.138495    0.34961
  0.521899   0.277253   0.346647
  0.518658   0.277063   0.346465
  0.281017   0.435317   0.353372
    0.2807   0.436032   0.353331
 0.0666975   0.577878   0.352484
 0.0665769   0.577525   0.352441
  0.749597   0.127151   0.354446
  0.734523   0.140338   0.349573
  0.525548    0.27766   0.346831
  0.522343   0.277427   0.346608
  0.279669   0.439437   0.353241
  0.279679   0.439108   0.353232
 0.0665985   0.580161   0.352618
   0.75148   0.128319   0.354439
  0.734478   0.140232   0.349569
  0.529139   0.278106   0.346946
  0.526017   0.277826   0.346801
    0.2787   0.442835   0.353166
  0.278086   0.444583   0.353109
 0.0666062   0.582879   0.352802
 0.0664831   0.583428   0.352781
  0.754082   0.129723   0.354403
  0.735134   0.140702   0.349529
  0.531916   0.278464   0.346987
  0.531184   0.278389   0.346949
  0.529659   0.278246   0.346937
  0.278638   0.443114   0.353163
  0.278023   0.444857   0.353106
 0.0665872    0.58424   0.352815
 0.0664722   0.585687   0.352794
  0.755948   0.130898    0.35435
   0.73874   0.142658   0.349516
  0.537594   0.279286   0.347286
  0.531759   0.278488   0.347029
  0.277692   0.446519   0.353133
   0.27738   0.447218   0.353102
 0.0665283   0.586505   0.352792
  0.758317   0.132181   0.354341
  0.740862    0.14393   0.349443
   0.53884   0.279514   0.347312
  0.538097   0.279457   0.347266
  0.328677    0.41355   0.411848
  0.328677   0.413191   0.411853
   0.27653   0.451047   0.353225
  0.276264   0.451736   0.353223
 0.0666112   0.587321   0.352797
 0.0665337   0.590582   0.352617
  0.760197   0.133349     0.3543
  0.743198   0.145231   0.349461
  0.540126   0.279754   0.347338
  0.537311   0.279341   0.347184
  0.328592   0.413778   0.411822
  0.327386   0.417399   0.411484
  0.276223   0.452391   0.353273
    0.2755   0.455109   0.353315
 0.0666469   0.591392   0.352611
  0.762551   0.134638   0.354268
  0.742693   0.145003   0.349444
  0.541452       0.28   0.347364
  0.540681   0.279944   0.347315
  0.326951   0.419083   0.411402
  0.326649   0.419798   0.411346
  0.275684   0.454753   0.353339
  0.275419   0.455441   0.353337
 0.0665866   0.594592   0.352563
  0.762023    0.13441   0.354256
  0.744992    0.14632   0.349475
  0.545385   0.280756   0.347334
  0.542028   0.280192   0.347343
   0.32627   0.421484   0.411335
  0.325644   0.423257   0.411288
  0.274904   0.458137   0.353395
  0.274651   0.458818    0.35338
 0.0666817   0.594486   0.352568
 0.0665187   0.596871   0.352602
  0.764368   0.135702   0.354239
  0.748042   0.148228   0.349539
  0.550518   0.281828   0.347419
  0.547864   0.281351   0.347351
  0.325601    0.42388    0.41132
  0.324995   0.425639   0.411275
   0.27416   0.461535   0.353408
  0.273934   0.462202   0.353376
 0.0666093   0.597686   0.352647
   0.76648   0.136996   0.354175
  0.749188   0.148825   0.349578
   0.54808   0.281295    0.34735
  0.551055   0.282051   0.347391
  0.324413   0.428375   0.411251
  0.324124   0.429075   0.411205
  0.273908   0.462889    0.35339
  0.273671   0.463548   0.353356
 0.0665393   0.600864   0.352665
   0.76885   0.138288    0.35421
  0.768415   0.138136   0.354184
  0.751038   0.150023   0.349601
  0.555401   0.283018   0.347392
  0.550513   0.281926    0.34736
  0.324088   0.429719   0.411217
   0.32356   0.431463   0.411139
  0.273137   0.467344   0.353354
  0.273076   0.466985   0.353326
 0.0666711   0.603493   0.352646
 0.0665309   0.603128   0.352627
  0.770725   0.139475   0.354234
  0.752172   0.150622   0.349633
  0.752955   0.151171   0.349617
  0.556647   0.283365   0.347429
  0.555997   0.283237   0.347394
  0.323513   0.432118    0.41115
  0.323017   0.433851   0.411091
  0.273086   0.467696   0.353345
  0.272567   0.470343   0.353295
 0.0666404    0.60485   0.352602
  0.774304   0.141496   0.354352
  0.771429   0.139923   0.354241
  0.754045   0.151803   0.349623
  0.555017   0.282976   0.347444
  0.322961   0.434519   0.411104
  0.322501   0.436243   0.411049
  0.272725   0.470059   0.353325
  0.272099   0.473696   0.353216
 0.0667034   0.607486   0.352531
 0.0666071   0.608027   0.352493
  0.772538   0.140538    0.35427
  0.757827    0.15392   0.349554
  0.757407   0.153773   0.349541
  0.558625    0.28389   0.347496
  0.557942   0.283779   0.347452
  0.322241   0.437964    0.41102
  0.322018   0.438639    0.41097
  0.272103    0.47441   0.353209
  0.271793   0.476046   0.353124
 0.0667257   0.609745   0.352461
 0.0665987   0.611203   0.352385
  0.776116   0.142559   0.354382
  0.775677   0.142413   0.354353
  0.757306   0.153694   0.349545
  0.561698   0.284719    0.34764
   0.56099   0.284632   0.347577
  0.321799   0.440368   0.410897
  0.321398    0.44207    0.41076
  0.271895   0.475766   0.353151
 0.0666737   0.612924   0.352354
  0.777995   0.143743   0.354384
  0.760826   0.155711   0.349481
  0.760387   0.155558   0.349469
  0.563023   0.285076   0.347704
   0.56229   0.285005   0.347634
  0.321389   0.442764   0.410734
  0.320994   0.444454   0.410594
  0.271468   0.479114   0.353016
 0.0667211   0.615554   0.352324
 0.0666118   0.615196   0.352309
   0.78056   0.145184   0.354346
  0.777477    0.14349   0.354378
  0.760311   0.155473   0.349457
  0.567674   0.286503   0.347945
  0.563626   0.285374   0.347697
  0.320834   0.446178   0.410515
  0.345845   0.434986   0.286145
  0.271381   0.480849    0.35298
  0.271128   0.482444   0.352916
 0.0667192   0.616009   0.352329
  0.066601   0.618366    0.35233
  0.782466   0.146346   0.354306
  0.765072   0.158177   0.349388
  0.763396   0.157338   0.349397
  0.567276   0.286394    0.34791
  0.568282   0.286799   0.347938
  0.345749   0.436677   0.285874
  0.320101   0.450267   0.410258
  0.271188   0.483197   0.352927
  0.270914   0.484783   0.352866
 0.0666499    0.62009   0.352389
  0.783598   0.146948   0.354288
  0.784362    0.14751   0.354267
  0.764512   0.157938   0.349378
  0.571649   0.287839   0.347991
  0.345451   0.439086   0.285517
  0.319799   0.452642   0.410124
  0.270892   0.486522   0.352864
  0.270727    0.48712   0.352831
 0.0667222   0.620009   0.352396
 0.0665816   0.621463   0.352424
  0.785492   0.148114   0.354244
  0.768455   0.160002   0.349347
  0.766454   0.159062    0.34935
  0.572957   0.288232   0.348025
  0.572291   0.288127   0.347979
  0.319692   0.454385   0.410058
  0.344931   0.443022   0.285018
  0.270668   0.488864   0.352825
 0.0666432   0.624177   0.352616
 0.0665156   0.625629   0.352679
  0.787837   0.149428   0.354209
  0.786173   0.148579   0.354204
  0.770389   0.161142   0.349358
  0.574271   0.288643   0.348055
  0.576703   0.289647   0.348048
  0.344823   0.444738   0.284825
   0.27058   0.490613   0.352816
  0.270382   0.492184   0.352785
 0.0665377   0.626457   0.352729
  0.788539   0.149874   0.354181
  0.771541   0.161726   0.349397
  0.771074   0.161569   0.349365
  0.577971   0.290081   0.348053
  0.319156   0.459533   0.409912
  0.319117    0.45915   0.409899
  0.270432   0.492949   0.352803
  0.270181   0.494523   0.352767
  0.066592   0.628179   0.352826
 0.0664394   0.629637   0.352849
  0.790882   0.151186   0.354144
  0.790441   0.151041   0.354124
  0.774637   0.163622   0.349476
  0.580775   0.291078    0.34808
  0.319052   0.460908   0.409898
  0.318864   0.461526   0.409859
   0.27018   0.496269   0.352793
  0.270018   0.496854   0.352765
 0.0665275   0.631358   0.352937
  0.791588   0.151637   0.354124
  0.774579   0.163494   0.349477
  0.772879    0.16263   0.349397
  0.580569   0.290946   0.348069
  0.579931   0.290841   0.348031
  0.344407   0.451099   0.284126
  0.318521   0.465885    0.40975
  0.270007   0.498607   0.352791
 0.0664464   0.633635   0.352992
  0.794106   0.153109   0.354078
   0.79226   0.152113   0.354095
  0.776486   0.164661   0.349529
  0.585137     0.2927   0.348096
   0.58603   0.293169   0.348086
  0.318638   0.465655   0.409785
  0.269953   0.501386   0.352814
  0.269875   0.500934   0.352786
 0.0665386   0.635358   0.353027
 0.0664074   0.636812   0.352974
  0.796037   0.154269   0.354095
  0.778841   0.165972   0.349603
   0.77721   0.165103   0.349544
  0.585806   0.293033   0.348096
  0.318387   0.469017    0.40967
   0.26996   0.503699   0.352802
  0.269836     0.5052   0.352755
 0.0665081   0.637626   0.352977
  0.796706   0.154741   0.354092
  0.780691   0.167182   0.349602
  0.588554   0.294089   0.348223
  0.587955   0.293966   0.348169
  0.318383   0.470791   0.409651
  0.318183   0.472365   0.409592
  0.269931   0.506006   0.352762
 0.0664761   0.641703   0.352805
  0.800277   0.156785   0.354211
  0.781809   0.167804   0.349616
   0.78278   0.168504   0.349547
    0.5912   0.295219   0.348365
  0.590626    0.29509   0.348311
   0.31824   0.474136   0.409585
  0.318097    0.47471   0.409543
  0.269992   0.506824   0.352761
  0.269891   0.507349    0.35273
 0.0665842   0.642516   0.352809
 0.0664605   0.643963   0.352756
  0.800941   0.157267    0.35421
  0.782467   0.168263   0.349606
  0.593273   0.296219   0.348462
  0.318142   0.476488   0.409517
   0.27004    0.50912   0.352749
  0.269943   0.509646   0.352724
  0.066558   0.645683   0.352774
  0.804519   0.159307   0.354305
   0.78639   0.170359   0.349554
  0.785901   0.170224   0.349528
  0.595863   0.297372   0.348578
  0.593941   0.296609   0.348473
  0.318171   0.478275   0.409485
  0.318061   0.478833   0.409453
  0.270036   0.512383   0.352785
 0.0666085    0.64741   0.352806
 0.0665061    0.64795   0.352792
  0.805187   0.159782   0.354292
  0.787069   0.170793   0.349529
  0.598147   0.298546    0.34857
   0.31816   0.480614    0.40947
  0.318025    0.48214   0.409468
  0.270149   0.514154   0.352844
  0.270063   0.515632   0.352849
 0.0666134   0.649672   0.352855
 0.0664907   0.651121   0.352862
  0.806335   0.160373   0.354317
  0.789497   0.172067   0.349525
  0.787763   0.171225   0.349507
  0.599374   0.299065   0.348581
  0.318093   0.483927    0.40956
  0.270227   0.517398   0.352901
 0.0665433   0.652903   0.352909
  0.808422   0.161703   0.354244
  0.791443   0.173201   0.349498
  0.603153   0.300915   0.348532
  0.600029   0.299488   0.348548
  0.318147   0.484752   0.409615
  0.318035   0.486269   0.409675
  0.270347   0.519184   0.352924
  0.270292   0.519677    0.35291
 0.0666095   0.653722   0.352927
 0.0664785   0.655172   0.352892
  0.810789   0.163011   0.354225
  0.793893   0.174457   0.349485
  0.792131   0.173631   0.349472
  0.603858   0.301305   0.348499
  0.318162   0.488123   0.409791
  0.318073   0.488649   0.409783
  0.270518   0.521454   0.352939
 0.0665819   0.656887   0.352892
 0.0664722    0.65834   0.352845
  0.810233   0.162769   0.354223
  0.793273   0.174211   0.349462
  0.605035   0.301868   0.348468
  0.605807   0.302389   0.348426
  0.318165   0.490442   0.409835
  0.270753   0.524647   0.352936
 0.0665185   0.660062   0.352836
  0.812618    0.16407   0.354186
  0.798527   0.176986   0.349432
  0.795277   0.175318   0.349446
  0.605738   0.302289   0.348425
  0.318333   0.492239   0.409863
  0.318284   0.493715   0.409835
  0.270823   0.524556   0.352957
 0.0665992   0.660879   0.352845
 0.0664694    0.66233   0.352798
  0.815697   0.165988    0.35412
   0.79793   0.176742   0.349414
  0.609419   0.304202   0.348377
   0.60893   0.304064   0.348345
  0.318407   0.494551   0.409853
  0.271198   0.528674    0.35292
  0.066583   0.664043   0.352777
  0.818051   0.167304    0.35408
  0.816402   0.166441    0.35409
   0.80147   0.178793   0.349458
  0.799873   0.177904   0.349417
  0.610329   0.304763   0.348342
  0.318561   0.496363   0.409888
   0.31855   0.497815   0.409898
  0.271372   0.529519    0.35293
 0.0665295   0.665405   0.352714
  0.820186   0.168618   0.353982
  0.803325   0.180015   0.349479
  0.613933   0.306729   0.348426
  0.612254   0.305889    0.34835
  0.318778   0.499614   0.409968
  0.271665   0.532695   0.352886
 0.0666465   0.667115   0.352628
 0.0665577   0.670373   0.352422
   0.82131    0.16922   0.353991
  0.820877   0.169075   0.353968
  0.803251   0.179901   0.349475
   0.80523    0.18121   0.349512
  0.615804     0.3079   0.348503
  0.318812   0.500951   0.409988
  0.271954   0.534473   0.352887
 0.0666627   0.671188   0.352424
  0.821993    0.16969   0.353974
  0.805151   0.181084   0.349513
   0.61574   0.307804   0.348503
  0.615295   0.307658   0.348462
  0.272135   0.536713   0.352843
 0.0666083   0.672552   0.352377
  0.824312   0.171034   0.353988
  0.823881   0.170889   0.353962
  0.806298   0.181678    0.34955
  0.807065   0.182261   0.349544
  0.618817   0.309688   0.348657
  0.319457    0.50692   0.409913
  0.272439   0.538501   0.352834
 0.0667236   0.674275   0.352394
 0.0665843   0.676631   0.352395
  0.826229   0.172219   0.354015
  0.809443    0.18358   0.349577
  0.619913   0.310318   0.348708
  0.620663   0.310882   0.348731
  0.319768   0.508723   0.409903
  0.272701   0.540702   0.352795
  0.066665   0.677452   0.352435
  0.828566   0.173563   0.354078
  0.828136   0.173416   0.354049
  0.811939   0.185067    0.34952
  0.811528   0.184919   0.349504
  0.620626   0.310792   0.348729
  0.273271   0.543409   0.352787
 0.0665611   0.680629   0.352519
  0.829269   0.174018   0.354083
  0.812648    0.18553   0.349501
  0.622439    0.31202   0.348771
  0.320404   0.513728   0.409984
  0.273612   0.545206   0.352761
  0.273605   0.545588   0.352739
  0.066653   0.683252    0.35258
  0.066526   0.683798   0.352545
   0.83035   0.174653   0.354103
  0.831151    0.17523   0.354102
  0.813335   0.186025   0.349471
  0.626001   0.314216   0.348784
  0.320515   0.515034   0.410078
  0.273979   0.547375   0.352721
 0.0666022   0.684619   0.352553
  0.833511   0.176557   0.354132
  0.815603   0.187382   0.349416
  0.625368   0.313882   0.348808
  0.264904   0.547648   0.685796
  0.274538   0.550077   0.352709
  0.274355   0.549545   0.352696
 0.0666809   0.687245   0.352496
 0.0665845   0.688687   0.352432
   0.83562   0.177889   0.354064
  0.817422    0.18861   0.349354
  0.629889    0.31685   0.348718
  0.627407   0.315225   0.348747
  0.321291   0.519601   0.410568
  0.321123    0.51907   0.410478
  0.274743    0.55133   0.352697
 0.0667083   0.690402   0.352419
 0.0665972   0.690948   0.352385
  0.837949   0.179223   0.354042
  0.821157   0.190589   0.349344
  0.629521   0.316642   0.348697
  0.321441   0.520892   0.410664
  0.275189   0.553108   0.352709
  0.066653   0.693565   0.352368
  0.838616    0.17971   0.354004
  0.821806   0.191024   0.349322
  0.631253   0.317921   0.348649
  0.321626   0.521782   0.410749
  0.275755   0.555816   0.352703
  0.275572   0.555272    0.35269
 0.0667274   0.693488   0.352387
 0.0665984   0.694038   0.352353
  0.840973   0.181034   0.353987
  0.824571   0.192382   0.349316
  0.634457   0.320075   0.348636
  0.322537    0.52682   0.410908
  0.275976    0.55706   0.352691
 0.0666792   0.697616   0.352485
   0.84164    0.18151   0.353947
  0.825227   0.192827   0.349305
  0.635132   0.320617    0.34863
  0.276188   0.557941   0.352693
 0.0665781   0.699897   0.352615
  0.844007   0.182829   0.353931
  0.827662   0.194116   0.349356
   0.63717   0.322077   0.348661
   0.63584   0.321154   0.348631
  0.323018   0.528941   0.410907
  0.277095   0.561879   0.352635
 0.0666244   0.702516   0.352804
 0.0664893   0.703064   0.352778
  0.845883   0.184042   0.353869
  0.829543   0.195335   0.349379
  0.638965   0.323491   0.348699
  0.277656   0.563647   0.352621
 0.0665871   0.703886    0.35281
  0.848458   0.185506   0.353815
  0.846589   0.184496    0.35385
  0.831821   0.196703    0.34944
  0.638549    0.32321   0.348695
  0.278212   0.565421   0.352607
 0.0665379   0.707047   0.352719
  0.850366   0.186709   0.353804
  0.831299   0.196458     0.3494
  0.640311   0.324652   0.348759
  0.278734   0.567505    0.35257
 0.0666463   0.708759   0.352678
 0.0665081   0.709311   0.352639
  0.850269   0.186577    0.35382
  0.849834   0.186433   0.353794
   0.83484   0.198543     0.3495
  0.833206   0.197649   0.349446
  0.643289   0.326921   0.348939
  0.279244    0.56929   0.352551
 0.0665921   0.711029    0.35266
  0.854585    0.18928   0.353891
  0.836719   0.199759   0.349497
  0.644956   0.328285   0.349033
  0.279767   0.571073   0.352526
 0.0665132   0.712407   0.352673
  0.855698   0.189901   0.353923
  0.854056    0.18901   0.353856
  0.837831   0.200377   0.349508
  0.837423   0.200226   0.349488
  0.646596   0.329665   0.349122
  0.280595   0.574034   0.352457
 0.0665735   0.715921   0.352811
 0.0664369   0.716471    0.35279
  0.856397   0.190361   0.353929
  0.839886   0.201752   0.349405
  0.647507   0.330403   0.349171
  0.281217   0.575794   0.352423
 0.0665159   0.717297   0.352825
  0.858717   0.191728   0.353986
    0.8583   0.191578    0.35396
  0.843597   0.203786   0.349375
  0.841786   0.202946   0.349346
  0.649059   0.331839   0.349233
  0.281556   0.576667   0.352403
 0.0665752   0.720829   0.352814
 0.0664751    0.72137   0.352776
  0.860638   0.192924   0.353993
  0.841613   0.202815   0.349363
  0.649711   0.332475   0.349251
  0.282175   0.578437   0.352356
 0.0666011   0.723088   0.352753
 0.0664864   0.723631   0.352708
  0.862734   0.194283   0.353921
  0.845511   0.204741   0.349354
  0.844985   0.204605   0.349328
  0.650371   0.333102    0.34927
  0.282803   0.580454    0.35229
 0.0665706   0.725347   0.352671
  0.863881   0.194878   0.353919
  0.846179    0.20517   0.349323
  0.653993   0.336257   0.349364
  0.283708   0.583116   0.352237
 0.0666473   0.726169   0.352663
 0.0665295   0.726712    0.35262
  0.864548   0.195358   0.353886
  0.849947   0.207147    0.34931
  0.848189   0.206299   0.349305
  0.655597   0.337671   0.349368
  0.284351   0.584883   0.352206
 0.0666423   0.729354   0.352638
 0.0665417   0.729896   0.352613
  0.865703   0.195953   0.353886
  0.850618   0.207592   0.349289
   0.65625   0.338298   0.349363
  0.284674   0.585772   0.352184
  0.284716   0.585974   0.352173
 0.0665837   0.732519   0.352624
  0.869963   0.198663   0.353747
  0.854681   0.209688   0.349297
  0.852888   0.208832   0.349251
  0.657922   0.339832   0.349333
  0.285785    0.58859   0.352094
   0.06668   0.735134    0.35262
 0.0665436   0.734785   0.352591
  0.869887   0.198528   0.353746
  0.854016   0.209423   0.349272
  0.659595   0.341419    0.34931
  0.286561   0.590316    0.35203
 0.0666512     0.7365   0.352591
  0.871777   0.199741   0.353694
  0.856507   0.210693   0.349342
  0.659426   0.341253   0.349322
  0.287762   0.592961   0.351928
 0.0665915   0.739665   0.352537
  0.875574   0.201952   0.353596
  0.873707   0.200932   0.353643
  0.859804   0.212586   0.349451
  0.660873    0.34276   0.349272
  0.288518   0.594694   0.351906
 0.0666912   0.741383   0.352545
  0.066554   0.741932   0.352511
  0.877464   0.203177   0.353575
  0.859656   0.212417   0.349447
  0.662303   0.344278    0.34922
  0.288509   0.594702   0.351911
 0.0666497   0.742754   0.352528
  0.877352   0.203049   0.353594
  0.878153   0.203649   0.353574
  0.861648   0.213576   0.349511
  0.663737   0.345797   0.349167
  0.289613    0.59751   0.351902
 0.0666225   0.745905   0.352446
  0.879272   0.204258   0.353604
  0.864173    0.21484   0.349614
  0.665312   0.347414   0.349115
  0.665193   0.347307   0.349117
   0.29033   0.599265    0.35191
 0.0668619   0.747607   0.352154
 0.0667869   0.748064   0.352036
  0.881593   0.205633   0.353662
   0.88241   0.206235   0.353675
  0.864845   0.215292   0.349613
  0.667583   0.349757   0.349048
  0.291457    0.60189   0.351914
 0.0672119   0.749714    0.35121
  0.884727   0.207605   0.353743
   0.86725   0.216626    0.34964
  0.668224   0.350435    0.34904
  0.291482   0.601888    0.35192
 0.0680972    0.75217   0.350425
   0.88418   0.207338   0.353704
  0.867918   0.217132   0.349617
  0.669666   0.351963   0.349025
  0.292682   0.604496   0.351911
  0.068969   0.753814   0.350027
  0.887772   0.209436   0.353778
  0.870385   0.218656   0.349517
  0.671953   0.354416   0.349075
  0.293513   0.606229   0.351908
  0.071092   0.756176    0.34985
  0.887202   0.209172   0.353759
  0.873428   0.220645   0.349418
  0.671791   0.354263   0.349074
  0.366305   0.561602   0.280748
  0.294432   0.608041   0.351914
 0.0727495     0.7575   0.349933
  0.889568   0.210519   0.353776
  0.873353    0.22052   0.349415
  0.875309   0.221867   0.349362
  0.673199   0.355816   0.349142
   0.36631   0.561572   0.280751
  0.294881   0.608885   0.351919
 0.0738856   0.758184   0.350009
 0.0734876   0.758031   0.349965
  0.891664   0.211892   0.353678
  0.875228   0.221751   0.349355
  0.675355   0.358343   0.349247
  0.296304   0.611424   0.351955
 0.0756541   0.759359   0.350091
  0.894012    0.21324   0.353639
  0.893598   0.213088   0.353627
  0.877071   0.223005   0.349296
  0.676646   0.359948     0.3493
  0.297266   0.613109   0.351982
 0.0778806   0.760671   0.350181
 0.0787413   0.761287   0.350151
  0.893448   0.212977   0.353641
  0.879354   0.224374   0.349256
  0.676532   0.359807   0.349297
   0.29823   0.614794    0.35201
 0.0799596   0.761905   0.350222
  0.897038   0.215064   0.353571
  0.896618   0.214916   0.353559
  0.879988    0.22486   0.349222
  0.677803   0.361432   0.349344
  0.299681   0.617327   0.352051
 0.0817712   0.763036   0.350261
  0.898924   0.216295   0.353519
  0.883994      0.227   0.349237
  0.679735    0.36395   0.349427
  0.300657   0.619008   0.352069
 0.0840561   0.764319   0.350393
   0.90001   0.216928   0.353495
  0.900808   0.217531   0.353453
  0.885143   0.227583   0.349272
  0.883277    0.22673   0.349198
  0.680968   0.365592   0.349487
  0.300654   0.618994   0.352066
 0.0847488   0.764815   0.350402
  0.901921   0.218144   0.353448
  0.885851   0.227984   0.349285
  0.680871   0.365461   0.349479
  0.302145   0.621515   0.352076
 0.0870521   0.766086   0.350519
  0.904039   0.219511   0.353368
  0.889628   0.230039   0.349418
  0.889156   0.229884   0.349385
  0.682732   0.368012   0.349577
  0.303161   0.623184   0.352074
 0.0888532   0.767212   0.350538
  0.907602   0.221634   0.353403
   0.88903   0.229726   0.349384
   0.68392    0.36968   0.349634
  0.304762    0.62574   0.352067
 0.0900675   0.767821   0.350557
  0.907044   0.221364   0.353375
  0.892724   0.231803   0.349495
  0.892273    0.23166   0.349464
  0.685093   0.371356   0.349686
  0.305252   0.626505   0.352074
 0.0921489   0.769089   0.350444
  0.909401   0.222726   0.353432
  0.894727   0.232969   0.349515
  0.686876   0.373938   0.349755
  0.305775   0.627321   0.352079
 0.0944678   0.770326   0.350422
  0.911304   0.223968   0.353462
  0.897379    0.23442    0.34949
  0.894092   0.232697   0.349497
   0.68679   0.373817   0.349747
  0.307428    0.62986   0.352064
 0.0962901   0.771432   0.350381
  0.913639   0.225341   0.353517
  0.896537   0.234001   0.349528
  0.687939   0.375506   0.349777
  0.308513   0.631503   0.352048
  0.098601   0.772668   0.350358
 0.0981504   0.772511   0.350335
  0.914306   0.225833   0.353507
  0.900532   0.236171   0.349457
  0.898746   0.235311   0.349451
  0.689076   0.377199   0.349794
  0.309618   0.633136   0.352021
  0.100709   0.773941   0.350238
  0.916624   0.227216   0.353522
  0.914994   0.226309   0.353503
   0.90122    0.23661   0.349431
  0.690799   0.379807   0.349788
  0.310753   0.634757   0.351984
  0.103004     0.7752   0.350254
  0.102541   0.775048   0.350219
  0.917306   0.227691   0.353509
  0.902344   0.237234   0.349411
  0.903128   0.237831   0.349378
  0.690723   0.379691   0.349794
  0.311913   0.636365   0.351934
  0.102625   0.775035   0.350223
  0.919863   0.229199   0.353441
  0.919448   0.229052   0.353424
  0.906653   0.239961   0.349293
  0.692417   0.382308   0.349774
  0.311888   0.636327   0.351926
   0.10492   0.776296    0.35026
  0.104455   0.776143   0.350226
  0.921779   0.230421   0.353379
  0.906097   0.239692   0.349294
  0.693544   0.384067   0.349769
  0.313661   0.638738   0.351815
  0.109211    0.77885   0.350215
  0.922447   0.230911   0.353338
  0.907182   0.240269    0.34928
  0.694631   0.385781   0.349776
  0.314235   0.639516   0.351766
  0.111502   0.780136   0.350232
  0.108545   0.778543   0.350251
  0.924783   0.232274   0.353299
  0.912831   0.243064   0.349336
  0.912294   0.242938   0.349286
  0.695135   0.386583   0.349785
  0.316014    0.64191   0.351604
  0.111144   0.779943   0.350222
  0.927905   0.234269   0.353203
  0.912085   0.242742   0.349313
  0.696204   0.388307   0.349794
  0.317286   0.643605   0.351494
  0.112976   0.781062   0.350218
  0.927805   0.234119   0.353226
  0.916029   0.244731   0.349481
  0.914143   0.243875   0.349368
  0.697257   0.390036   0.349794
  0.318475    0.64519   0.351441
  0.115302   0.782319    0.35028
  0.929679   0.235374   0.353164
  0.917922   0.245954   0.349562
  0.697748   0.390846   0.349792
   0.31967   0.646776   0.351424
  0.117107   0.783449   0.350271
  0.932229   0.236882   0.353116
  0.930377   0.235837   0.353142
  0.917725   0.245825   0.349555
  0.917316   0.245682   0.349518
  0.698776   0.392583   0.349765
  0.320871   0.648364   0.351433
   0.11832   0.784056   0.350288
    0.9329   0.237361   0.353104
  0.920731   0.247928    0.34975
  0.699788   0.394323   0.349715
  0.322077   0.649952   0.351454
  0.120451   0.785324   0.350158
  0.936475   0.239513   0.353207
  0.934831   0.238589    0.35313
  0.921393   0.248458   0.349805
  0.701301   0.396997   0.349612
  0.323286   0.651539   0.351477
  0.123878   0.787216   0.350122
  0.935953   0.239217   0.353169
  0.925221   0.250578   0.350259
  0.702762   0.399689   0.349494
  0.324503   0.653124   0.351499
  0.125712   0.788364   0.350074
  0.937827   0.240512   0.353246
  0.924981   0.250427   0.350238
  0.923016   0.249529   0.349962
  0.702727   0.399685   0.349489
  0.325737   0.654701   0.351522
  0.125781    0.78832    0.35011
  0.941044   0.242844   0.353459
  0.925605    0.25074   0.350322
  0.704068   0.402432   0.349427
  0.327674   0.657068   0.351561
  0.127621   0.789466   0.350142
  0.941646   0.243471   0.353495
  0.928512   0.251714   0.350782
  0.927891   0.251722   0.350674
    0.7049   0.404245   0.349426
  0.327719   0.657066    0.35157
  0.131287   0.791548   0.350305
  0.129711   0.790715   0.350208
  0.942998    0.24512    0.35359
  0.934716   0.250239   0.351918
  0.705294   0.405097    0.34944
  0.329101   0.658568   0.351592
  0.131988   0.792035   0.350319
  0.943899   0.246952   0.353645
  0.706519   0.407872   0.349501
  0.329466   0.665292   0.662347
  0.331458   0.660895    0.35156
  0.134302   0.793324   0.350406
  0.133836   0.793171   0.350368
  0.944472    0.24883    0.35368
  0.944663    0.25024   0.353678
  0.707327   0.409685   0.349545
   0.33118   0.666973   0.661791
  0.332987   0.662313   0.351527
  0.136145   0.794435    0.35041
  0.944732   0.251137   0.353676
  0.707698   0.410543   0.349559
  0.707314    0.40973   0.349541
  0.331897   0.667706   0.661601
  0.334527   0.663707   0.351477
  0.137338   0.795051   0.350392
  0.135749   0.794262   0.350397
  0.944938    0.25305   0.353684
  0.944816   0.253541   0.353656
  0.708572   0.412494    0.34959
  0.334589   0.663701   0.351466
   0.13953   0.796311   0.350185
  0.944984   0.256575   0.353647
  0.709863   0.415252   0.349632
  0.334764   0.670585    0.66098
  0.336895   0.665882   0.351364
  0.141807   0.797556   0.350039
  0.141348   0.797402   0.350034
  0.944979   0.258993   0.353615
  0.710262   0.416099   0.349653
  0.335496   0.671278   0.660815
   0.33832   0.667335   0.351266
  0.143694   0.798634   0.349957
  0.945074   0.258649   0.353638
  0.944961   0.259169   0.353612
  0.711513   0.418867   0.349723
  0.338967   0.668027   0.351226
  0.144405   0.799106   0.349904
   0.94511   0.262188   0.353602
  0.711869   0.419723   0.349742
  0.340478   0.669631   0.351126
  0.148124   0.801171   0.349923
  0.945183   0.262969   0.353607
  0.945146   0.265726   0.353571
  0.712251   0.420781   0.349755
  0.341884   0.671102   0.351081
  0.149942   0.802345   0.349996
  0.945241   0.265382   0.353593
  0.945175    0.26702   0.353565
  0.712938   0.422625   0.349768
  0.344324   0.673443    0.35109
  0.149999   0.802286    0.35002
   0.94524   0.267802    0.35357
  0.713949   0.425444   0.349734
  0.345032   0.674088   0.351098
  0.152994   0.804109   0.350128
  0.945357   0.269699   0.353573
  0.945239   0.270224   0.353547
  0.714268   0.426306   0.349723
  0.345698   0.674724     0.3511
  0.153064   0.804055   0.350164
  0.945414   0.273234   0.353559
  0.714942    0.42841   0.349672
   0.34818   0.676859   0.351165
  0.156026   0.805844   0.350122
  0.945407   0.275655   0.353551
  0.715957   0.431223   0.349661
  0.349144   0.677601   0.351195
  0.158731   0.807245   0.349954
  0.945488   0.275314   0.353565
  0.945394   0.276955   0.353546
  0.716294    0.43208   0.349678
  0.350718   0.678981   0.351193
  0.159443    0.80771   0.349879
   0.94556   0.279969   0.353575
  0.717295   0.434901   0.349739
  0.352401   0.680494   0.351117
  0.162931   0.809584   0.349842
  0.161335   0.808774   0.349817
  0.945524   0.281273   0.353565
  0.717283   0.435045   0.349729
  0.353086   0.681119   0.351091
  0.164787   0.810744    0.34984
  0.945664   0.283168   0.353587
  0.945572   0.284809   0.353568
  0.718148   0.437902   0.349803
  0.354911   0.682616   0.351015
  0.167331   0.812171   0.349964
  0.166873   0.812013   0.349912
  0.945676   0.285588   0.353583
  0.718431   0.438765   0.349829
  0.358462   0.685416   0.350887
  0.169189   0.813341   0.350065
  0.945768    0.28749   0.353597
  0.945682   0.288007   0.353579
  0.719246    0.44193   0.349875
  0.358197   0.685256   0.350889
   0.17147   0.814659   0.350187
  0.169898   0.813818   0.350085
  0.945835    0.28994   0.353609
  0.945729   0.290462   0.353588
    0.7198   0.443793   0.349899
  0.360226    0.68668   0.350859
  0.171062   0.814459    0.35015
  0.945862    0.29348   0.353631
  0.720372   0.445645   0.349913
  0.363042   0.688867   0.350781
  0.173335   0.815789    0.35024
  0.172888    0.81563     0.3502
  0.945969   0.295379   0.353666
  0.945861   0.295901   0.353651
  0.720876   0.447506   0.349906
  0.720896   0.447822   0.349893
  0.418793    0.65322   0.367776
   0.43209   0.643203   0.296639
  0.362766   0.688704   0.350776
  0.176356   0.817586   0.350333
  0.946006   0.297793   0.353699
  0.945917   0.298313   0.353689
  0.721376   0.449687   0.349881
  0.433104   0.643913   0.296924
  0.364776   0.690149   0.350809
  0.178505   0.818882   0.350275
  0.945973   0.299098   0.353709
  0.722092   0.452556   0.349876
  0.434743   0.645238   0.297419
  0.366492   0.691434   0.350842
  0.179702   0.819489   0.350239
  0.946118   0.302107   0.353767
  0.945975   0.301518   0.353738
  0.722065   0.452756   0.349862
  0.434758    0.64517   0.297399
  0.368608   0.692852   0.350906
  0.368248    0.69269   0.350882
  0.181532   0.820611   0.350123
  0.946112   0.303409   0.353782
  0.722778   0.455629   0.349871
  0.436437   0.646463   0.297945
  0.370417   0.694076   0.350932
  0.181615   0.820571   0.350142
  0.946123   0.306947   0.353816
  0.723008   0.456482   0.349878
   0.72344   0.458869    0.34986
  0.427537   0.659082    0.36823
  0.426002    0.65819   0.368111
  0.371108   0.694614   0.350916
  0.183481   0.821669   0.349968
  0.946205   0.306612   0.353835
  0.946143   0.309363   0.353848
  0.723413   0.458719   0.349861
  0.441274   0.649891   0.299497
  0.374587   0.696847   0.350778
  0.187321   0.823693   0.349707
  0.946253   0.310142    0.35388
  0.724024   0.461601   0.349861
  0.442968   0.651162   0.300068
  0.375305   0.697358   0.350726
  0.188026   0.824173    0.34965
  0.946282   0.313674   0.353918
  0.724371   0.463855   0.349844
  0.444076   0.651811   0.300394
  0.377513   0.698705   0.350644
  0.377112   0.698554   0.350635
  0.191532   0.826113   0.349712
   0.94643   0.315566   0.353961
  0.946311   0.316092   0.353944
   0.72459   0.464702   0.349857
  0.446014   0.653164   0.301001
  0.380829   0.700715   0.350451
  0.193399   0.827286   0.349796
  0.946418   0.317987   0.353977
  0.724947   0.466565   0.349881
  0.724925   0.466971   0.349868
  0.448295   0.654521   0.301629
  0.381223   0.701018   0.350454
  0.193423   0.827214   0.349802
   0.19413   0.827748   0.349835
  0.946492   0.319884   0.354003
  0.946377   0.319295   0.353981
   0.72542   0.469899   0.349966
  0.448929   0.655014   0.301811
  0.382752   0.701795     0.3504
  0.195267   0.828403   0.349909
  0.946515   0.321185   0.354018
  0.946423   0.322827   0.354011
  0.725589   0.470744   0.350003
  0.725696   0.472192   0.350043
  0.451262   0.656349   0.302422
  0.384623   0.702937   0.350328
  0.197576   0.829723   0.350029
  0.197126   0.829566   0.349984
  0.946502   0.323607   0.354031
  0.928228   0.336544   0.350746
  0.726158   0.475081    0.35015
  0.453117   0.657538   0.302912
  0.386985   0.704229   0.350338
  0.200864   0.831672   0.350017
  0.946576    0.32439   0.354051
  0.946542   0.328253   0.354084
  0.928451    0.33743   0.350793
  0.726189   0.474899   0.350152
   0.72615   0.475331   0.350144
  0.454286   0.658128   0.303214
  0.388823   0.705412   0.350311
  0.202047    0.83229   0.350001
  0.201584   0.832138   0.349977
   0.94664   0.327917   0.354092
  0.946566   0.329554   0.354099
   0.92958   0.339209   0.351016
   0.72655   0.478223   0.350165
  0.456667   0.659452   0.303842
  0.454895   0.658587   0.303386
  0.390019   0.706014   0.350329
  0.203911   0.833411   0.349961
  0.946642   0.331453   0.354137
  0.931131   0.340673   0.351305
  0.726824   0.480083   0.350154
   0.72676    0.48054   0.350125
   0.45732   0.659875   0.304023
  0.393531   0.707966   0.350234
   0.20508    0.83404   0.349934
  0.204622   0.833884   0.349914
   0.94673    0.33223   0.354158
  0.946629   0.333926   0.354156
  0.726903   0.481367   0.350121
  0.459783   0.661155   0.304698
  0.394812   0.708506   0.350233
   0.20731   0.835312   0.349848
  0.946767   0.335812   0.354189
  0.727336   0.485306   0.350064
  0.727163   0.484741   0.350051
  0.395488   0.708935   0.350183
  0.210775   0.837281   0.349883
    0.2077   0.835614   0.349852
  0.946752   0.338233   0.354182
  0.727309   0.485558   0.350053
  0.398079   0.710097    0.35016
   0.21152   0.837736   0.349891
  0.946853   0.339012   0.354197
  0.946758   0.340649   0.354171
  0.727561   0.488467   0.350031
  0.727419   0.487905   0.350014
   0.40066   0.711252   0.350103
  0.400095   0.711125   0.350076
  0.213363   0.838905   0.349919
  0.946901   0.342541   0.354186
  0.727708   0.490808   0.350032
  0.403179   0.712433   0.349924
  0.213401   0.838836   0.349923
  0.946887   0.344962   0.354169
  0.727758   0.493172   0.350062
  0.404469   0.712937   0.349915
  0.402041    0.71201   0.349998
  0.215265   0.839993   0.349958
   0.94702   0.346852   0.354184
  0.946875   0.346267    0.35416
  0.727921   0.495023   0.350145
  0.727809    0.49554   0.350144
  0.406518    0.71395   0.349869
  0.217658   0.841273   0.350014
  0.947023   0.349271   0.354169
   0.72797   0.498436     0.3503
  0.409191    0.71507   0.349861
  0.219796   0.842582   0.349931
  0.947001   0.351693   0.354148
  0.728032   0.499242   0.350355
  0.727949   0.500818   0.350407
  0.410434   0.715597   0.349834
  0.409856    0.71547   0.349803
  0.222164   0.843854   0.349905
  0.947117   0.352468   0.354163
  0.947027   0.355225   0.354122
  0.728063   0.501612   0.350465
  0.727954   0.503202   0.350498
   0.41111   0.715978   0.349784
  0.224035   0.844992   0.349842
  0.947106   0.354889    0.35414
   0.72801    0.50505   0.350563
  0.415728   0.717835   0.349575
  0.413673   0.717124   0.349563
  0.225251   0.845595   0.349819
  0.225954   0.846101   0.349769
  0.947173   0.356785   0.354135
  0.947101   0.358424   0.354105
  0.728067   0.505834   0.350594
  0.727943   0.506385   0.350582
  0.419152   0.719073   0.349397
  0.416368   0.718193   0.349498
  0.227409   0.846901   0.349696
  0.947217   0.359198   0.354119
  0.947115   0.360842   0.354085
  0.728001   0.509272   0.350685
  0.727862   0.509831   0.350672
   0.41921   0.719176   0.349442
  0.229732   0.848195   0.349726
  0.229277   0.848041   0.349688
    0.9472    0.36162   0.354095
  0.727895   0.511746   0.350741
  0.421178   0.719803   0.349314
  0.422052    0.72023   0.349247
  0.231612   0.849356   0.349807
  0.947279   0.363514   0.354094
  0.947179   0.364042   0.354072
  0.727916   0.512521   0.350766
  0.727729   0.515205   0.350801
  0.425532   0.721334   0.349211
  0.423327   0.720689   0.349185
  0.233958   0.850691   0.349989
  0.234688   0.851244    0.35003
  0.947315   0.365929   0.354081
  0.947202   0.366458   0.354056
   0.72785   0.514907   0.350816
  0.727581   0.517613   0.350823
  0.425216   0.721256   0.349146
  0.424623   0.721113   0.349142
  0.236995   0.852601   0.350262
  0.947299    0.36835   0.354056
  0.727713   0.517305   0.350842
  0.727511   0.518958   0.350836
  0.427527   0.722035   0.349092
  0.236979   0.852538   0.350256
  0.236526   0.852376   0.350196
  0.947392   0.370242   0.354053
  0.947315   0.372996   0.354011
  0.727369   0.521847   0.350854
  0.431301    0.72309   0.348855
  0.430577   0.723001   0.348828
  0.240072   0.854407   0.350533
  0.947417   0.372658   0.354034
   0.94735   0.375411   0.353998
  0.727358   0.522593    0.35086
  0.727224   0.523189   0.350839
  0.434318   0.723934   0.348794
  0.431898   0.723371   0.348763
  0.240041   0.854353   0.350534
  0.239579   0.854192   0.350475
  0.947396    0.37508   0.354009
  0.727269   0.523924   0.350856
  0.726993   0.525602   0.350802
  0.435643   0.724305   0.348717
  0.434913   0.724215   0.348695
  0.243389   0.856331   0.350602
    0.9475   0.376968   0.354013
  0.947382   0.377501   0.353988
  0.726947   0.527405   0.350787
  0.726534   0.530171   0.350699
  0.439389   0.725381    0.34838
  0.438735   0.725251   0.348392
  0.244087   0.856816   0.350572
   0.94753   0.380499   0.353985
  0.947455   0.382139   0.353952
  0.726564   0.530895   0.350709
  0.726387   0.531516   0.350678
  0.437632   0.724924   0.348565
   0.24762   0.858772    0.35055
  0.947489    0.38181   0.353963
  0.726116    0.53439   0.350647
  0.726112    0.53394   0.350643
  0.443104   0.726416   0.348229
  0.440715    0.72586   0.348231
  0.247163   0.858578   0.350498
  0.947599   0.383698   0.353961
  0.947495   0.386454   0.353918
  0.725764    0.53681   0.350615
  0.445415   0.726947   0.347975
   0.44367   0.726674   0.348127
  0.249538   0.859852   0.350476
  0.947616   0.388338   0.353935
  0.725694   0.537514   0.350616
  0.725712   0.537066   0.350609
   0.45029   0.728028    0.34782
  0.447753   0.727593   0.347815
  0.251704   0.861174   0.350354
  0.947569    0.38965   0.353927
   0.72535   0.539929   0.350605
  0.725174   0.540571   0.350587
  0.448048   0.727539   0.347839
  0.449106   0.727876   0.347734
  0.254087   0.862449   0.350342
  0.947673   0.391537   0.353953
  0.947535   0.390961   0.353921
  0.725153   0.541256   0.350601
  0.724772   0.542995   0.350581
   0.45123   0.728208   0.347683
  0.453387   0.728723   0.347367
  0.254784    0.86292    0.35031
  0.947681   0.395116   0.353985
   0.72433   0.545936   0.350627
  0.724112   0.546597   0.350614
  0.455539   0.729038   0.347261
  0.453579   0.728786   0.347505
  0.259883   0.865694   0.350146
  0.256737   0.864036   0.350289
  0.947634    0.39643   0.353982
  0.724072   0.547264   0.350637
  0.723413   0.550117   0.350677
  0.458647   0.729626   0.347096
  0.454866   0.729049   0.347407
  0.260583   0.866164   0.350067
  0.947739   0.398316   0.354018
  0.947602   0.397742   0.353981
  0.723364   0.550781   0.350717
  0.723134   0.551453   0.350719
  0.461356   0.730041   0.346663
   0.45738   0.729479   0.347039
  0.261794   0.866768   0.350012
  0.259804   0.865784   0.350169
  0.947725   0.400738   0.354033
   0.72285   0.553201   0.350793
   0.72237   0.554967   0.350837
  0.467254   0.730903   0.346023
  0.461908   0.730205   0.346532
  0.262515   0.867226   0.349941
  0.947687   0.403162   0.354045
  0.722562   0.554525    0.35085
   0.72181   0.557388   0.350943
  0.535867   0.684781   0.326679
  0.467308   0.730858   0.345845
  0.463189   0.730423   0.346379
  0.267241   0.869831   0.349782
  0.264415   0.868339   0.349843
  0.947802   0.405048    0.35408
  0.947674   0.405582   0.354061
  0.721733   0.558026   0.350993
  0.721226   0.559805   0.351054
  0.537173   0.684914   0.327039
  0.536197   0.684954   0.326808
  0.470157   0.731196   0.345496
  0.469259     0.7312   0.345531
  0.266778   0.869625   0.349808
  0.947797   0.407468   0.354098
   0.72083   0.561522   0.351143
  0.720617   0.562217    0.35116
  0.720385   0.562916   0.351174
  0.538379   0.685063   0.327379
  0.540775   0.685361   0.328015
  0.471507   0.731334   0.345251
  0.469044   0.731193    0.34543
  0.270619   0.871787    0.34976
  0.268976   0.870946   0.349715
  0.947765    0.40989   0.354113
   0.71995   0.564766   0.351251
  0.719364   0.566565   0.351257
  0.544006   0.685411   0.328842
  0.543017   0.685459   0.328607
  0.472887   0.731461   0.345018
  0.471946   0.731486   0.345025
  0.271361   0.872243   0.349772
   0.94788   0.411776   0.354153
  0.947749   0.412313   0.354136
  0.718996   0.568275   0.351287
  0.718676   0.568977   0.351263
  0.545228   0.685501   0.329176
  0.544235   0.685571   0.328947
  0.475917   0.731638   0.343976
  0.473346   0.731605   0.344802
  0.274888   0.874284   0.349915
   0.27325   0.873417    0.34982
   0.94786   0.414197   0.354178
  0.718317   0.570678   0.351285
  0.717977   0.571385   0.351256
  0.547158   0.685584   0.329686
  0.546305   0.685616   0.329481
  0.545467   0.685634   0.329275
  0.476333   0.731768   0.343706
  0.273268   0.873333   0.349823
  0.947813   0.416623   0.354197
  0.717594   0.573073   0.351266
  0.716905   0.574896   0.351213
  0.548161   0.685668   0.329963
  0.547267   0.685738   0.329758
  0.275125   0.874523   0.349877
  0.947922   0.418506   0.354234
  0.947788   0.419046   0.354215
  0.716811   0.575463   0.351221
  0.715792   0.578414   0.351132
  0.715851   0.578015   0.351131
  0.549271   0.685839   0.330292
  0.548812   0.685825   0.330173
  0.548227   0.685815   0.330022
  0.277498   0.875845   0.349984
  0.947896   0.420929   0.354248
  0.715778   0.578571   0.351139
  0.715027   0.580409   0.351057
  0.548917   0.686056   0.330267
  0.279403   0.877023   0.349989
  0.947851   0.423354   0.354256
  0.714587   0.582079   0.351044
  0.714212   0.582798   0.351003
  0.283268   0.879137   0.349888
  0.947955   0.424131   0.354283
  0.947823   0.424667   0.354263
  0.713698   0.584449   0.351006
  0.712465   0.587545   0.351031
  0.713018   0.585905   0.350963
  0.283969   0.879616   0.349824
  0.947942   0.427659   0.354307
  0.712459   0.587682   0.351052
  0.711157    0.59065   0.351126
  0.286358   0.880893   0.349791
  0.947913    0.43119   0.354337
  0.711525   0.590053   0.351142
  0.709785   0.594117    0.35131
  0.709859   0.593757   0.351279
  0.287058   0.881362   0.349743
  0.948026   0.433074   0.354377
  0.947886   0.432506   0.354342
  0.709778   0.594256   0.351339
  0.709352   0.594994   0.351358
  0.289784   0.882817   0.349707
  0.287819   0.881802   0.349715
  0.947991   0.434389   0.354377
  0.708258   0.597702   0.351496
  0.707877   0.598445   0.351507
  0.707446   0.599188   0.351507
  0.645565   0.673301   0.351035
   0.63723   0.674874     0.3494
  0.290183   0.883125    0.34971
  0.947941    0.43797     0.3544
  0.706761   0.600961   0.351582
  0.705791    0.60283   0.351562
  0.643792   0.673703   0.350711
  0.639978   0.674411   0.349959
  0.292834   0.884608   0.349751
   0.29477   0.885867   0.349809
   0.94804    0.43759   0.354406
  0.947908   0.439285   0.354395
   0.70421   0.606293   0.351525
  0.704293   0.605899   0.351519
  0.629439   0.674296   0.347166
  0.295955   0.886491   0.349841
  0.948009   0.440059   0.354415
  0.702651   0.609353   0.351469
  0.702177   0.610095    0.35144
  0.637057    0.67179   0.348354
  0.295932   0.886407   0.349845
   0.29667   0.886958   0.349835
  0.947963     0.4447   0.354411
  0.701481   0.611649   0.351453
  0.701035   0.612393   0.351439
   0.69919   0.615606   0.351483
  0.299024   0.888272   0.349869
  0.948069   0.446581   0.354423
  0.947934   0.447122   0.354394
  0.700455   0.613538    0.35144
  0.699255   0.615624   0.351486
  0.697494   0.618642   0.351554
  0.300177   0.888905   0.349876
  0.299726   0.888748   0.349846
  0.948032   0.446788   0.354413
  0.697392   0.619029   0.351595
   0.69623    0.62091   0.351622
  0.695707   0.621658   0.351633
  0.302469   0.890221   0.349778
  0.947982   0.449212   0.354388
  0.694899   0.623151   0.351694
  0.694414     0.6239   0.351712
  0.692985   0.626013   0.351785
  0.630865   0.670078   0.346192
  0.623388   0.672869   0.345217
  0.630692   0.670418   0.346248
  0.629421     0.6708   0.346041
  0.304815   0.891527    0.34975
  0.304365   0.891367   0.349729
  0.948089   0.451094   0.354394
  0.947963   0.453849   0.354351
  0.691472    0.62822   0.351802
  0.690843   0.628929    0.35177
  0.687927   0.632062   0.351555
  0.687144   0.632769   0.351491
  0.634643   0.667996   0.346531
   0.63704   0.666851   0.346844
  0.632951   0.668804   0.346343
  0.632168   0.669198   0.346262
  0.626775   0.671674   0.345713
  0.631048   0.669852   0.346172
  0.306739   0.892658   0.349717
  0.948063    0.45573   0.354356
  0.687708   0.632275   0.351564
  0.684295   0.635437   0.351269
  0.683562   0.636079   0.351213
  0.682825   0.636714   0.351155
  0.682103    0.63734   0.351099
  0.678105   0.640784   0.350905
  0.678866   0.640137   0.350957
    0.6766   0.642027   0.350827
  0.647235   0.661933   0.348081
  0.646359   0.662376   0.347977
   0.64556   0.662795   0.347885
  0.644811   0.663197   0.347802
  0.640713   0.665176   0.347295
  0.639894   0.665576   0.347202
  0.642468   0.664374   0.347522
  0.308614   0.893822   0.349638
  0.948002   0.458156    0.35433
   0.67586   0.642661   0.350794
  0.673499    0.64454   0.350627
  0.674439   0.643831   0.350719
  0.670298   0.646998   0.350408
  0.669537   0.647567   0.350354
  0.668791   0.648124   0.350301
  0.665699   0.650337   0.350089
  0.664924   0.650885   0.350017
  0.662194   0.652778   0.349727
  0.661409   0.653315   0.349644
  0.656461   0.656584   0.349054
  0.659912   0.654345   0.349488
   0.65919   0.654839   0.349413
  0.653876    0.65815   0.348765
  0.653057   0.658646   0.348674
  0.652262   0.659127   0.348585
  0.648262   0.661421   0.348205
  0.308618   0.893742   0.349654
  0.948095   0.458928   0.354343
  0.947961   0.460578   0.354308
  0.310517   0.894894   0.349586
  0.948064   0.460246    0.35433
   0.31448    0.89706   0.349572
  0.948022   0.463775   0.354297
  0.313978   0.896837   0.349516
  0.948127   0.465656   0.354298
  0.948001     0.4673   0.354256
  0.317567   0.898864   0.349633
   0.94811   0.468074   0.354267
  0.684402   0.648801   0.354118
  0.680627   0.651987   0.353784
  0.680109   0.652563   0.353779
  0.679608   0.653121   0.353774
  0.676745   0.655342   0.353619
  0.678331    0.65426   0.353706
  0.675475   0.656473   0.353587
  0.673207   0.658297   0.353464
  0.672488   0.658879   0.353446
  0.671739   0.659476   0.353424
  0.318257    0.89934   0.349623
  0.948064   0.471602    0.35421
  0.672863   0.658493   0.353448
  0.669622   0.661541   0.353436
     0.669   0.662174   0.353465
  0.666536   0.664369   0.353574
  0.665794   0.664989   0.353574
  0.663555   0.666798   0.353529
   0.66277   0.667398   0.353516
  0.658528   0.670789   0.353554
  0.657836   0.671378   0.353584
  0.655839   0.673116   0.353615
  0.322197   0.901499    0.34958
   0.32175    0.90134    0.34956
   0.94816   0.473482   0.354204
   0.94803   0.475128   0.354163
  0.658001   0.671202   0.353474
  0.654475   0.674527   0.353769
  0.653753   0.675189    0.35382
   0.65303    0.67584   0.353866
  0.652321   0.676476   0.353911
   0.64847    0.67981    0.35411
  0.647699   0.680441   0.354131
   0.64557   0.682205   0.354146
  0.610993    0.70614    0.35955
  0.609372   0.707051   0.360069
  0.609755   0.706911   0.359819
  0.324093   0.902669   0.349522
  0.948135   0.474797   0.354187
  0.644754   0.682876   0.354184
  0.644024   0.683473   0.354216
  0.639723   0.686763    0.35443
  0.642575    0.68463    0.35427
  0.638104   0.687947   0.354544
  0.638856   0.687415   0.354584
  0.636536   0.689095   0.354654
  0.635765   0.689657   0.354707
  0.634167   0.690792   0.354941
  0.631833   0.692426   0.355128
  0.631041   0.692987   0.355197
  0.626453   0.696166   0.355689
  0.627976    0.69513   0.355421
  0.626316   0.696288   0.355837
   0.62302   0.698494   0.356313
  0.622203   0.699039   0.356438
  0.621396   0.699578   0.356561
  0.619202   0.701017   0.356928
  0.618459   0.701529   0.357079
  0.616372    0.70287   0.357503
  0.326506   0.903979   0.349496
  0.323627   0.902433   0.349499
  0.948077   0.477221   0.354155
  0.326001   0.903742   0.349461
  0.948159   0.479099   0.354155
  0.948012   0.481858   0.354105
  0.329627   0.905769   0.349472
   0.32794   0.904908   0.349445
  0.948126   0.481522   0.354129
  0.948015    0.48317   0.354095
  0.330344   0.906238    0.34947
  0.948063   0.483948   0.354098
  0.334208   0.908458   0.349574
  0.333737   0.908299   0.349522
  0.948141   0.485828     0.3541
  0.948017   0.486371   0.354073
  0.333702   0.908194   0.349546
  0.948126   0.488247   0.354084
   0.94801   0.489894   0.354056
  0.338565    0.91102   0.349871
  0.335632    0.90939   0.349637
   0.94806    0.49288   0.354057
   0.33805   0.910742   0.349832
  0.948129   0.492553   0.354069
     0.948   0.495304   0.354043
  0.339945   0.911985   0.349999
  0.948113   0.494973   0.354061
  0.947988   0.495516   0.354036
  0.343572   0.914129    0.35046
  0.948055   0.497398   0.354054
  0.343024    0.91387   0.350362
    0.9481   0.500432   0.354096
  0.947979   0.502081   0.354099
  0.345422   0.915253   0.350643
  0.948073   0.503956   0.354145
  0.947957   0.502297   0.354086
  0.348785   0.917345   0.350766
  0.948007   0.506382   0.354162
  0.351235   0.918627    0.35074
  0.948038   0.507161   0.354176
   0.94795   0.506604   0.354152
  0.349169   0.917566   0.350824
  0.948029   0.510684   0.354206
  0.947893   0.511231   0.354185
  0.353155    0.91967   0.350568
  0.352702   0.919515   0.350569
  0.947985   0.512007    0.35421
  0.355036   0.920799   0.350407
  0.947926    0.51333   0.354211
  0.357852   0.922268   0.350144
  0.355778   0.921246   0.350322
  0.948022   0.516307   0.354246
  0.947878   0.517955   0.354227
  0.359786   0.923418   0.350071
  0.947978   0.517629    0.35425
  0.360956   0.924033   0.350061
   0.36171   0.924583   0.350041
  0.947896   0.522257   0.354243
  0.361679   0.924498   0.350027
  0.947982   0.524131   0.354262
  0.947835    0.52578   0.354238
  0.364031   0.925833   0.349998
  0.363579   0.925676   0.349977
  0.947949   0.524353   0.354265
  0.366382   0.927155   0.349829
  0.947857    0.52898   0.354276
  0.369996   0.929147   0.349717
  0.368308   0.928298   0.349736
  0.947937   0.529755   0.354302
  0.947773   0.532509   0.354305
  0.368309   0.928205   0.349741
  0.947876    0.53328   0.354334
  0.947746   0.534932   0.354331
  0.370213   0.929357   0.349648
  0.947806   0.534607   0.354338
  0.373902   0.931357   0.349627
  0.947843   0.537585   0.354378
  0.947728   0.537034   0.354348
  0.374593   0.931829   0.349601
  0.947826   0.538908   0.354384
  0.947682   0.541658   0.354388
  0.378562   0.934049    0.34963
  0.947749   0.542435   0.354401
  0.379246   0.934537   0.349615
  0.947792   0.543211    0.35441
  0.947662   0.546005   0.354396
  0.935884   0.554493   0.352217
  0.930148   0.557026   0.351158
   0.38167   0.935879   0.349696
  0.947765   0.546776   0.354413
  0.947613   0.548429   0.354383
   0.92835   0.561022   0.350809
  0.383611   0.937083   0.349715
  0.947707   0.548101   0.354398
  0.928616   0.560684    0.35086
  0.928597    0.56224   0.350842
  0.383564   0.936967    0.34973
  0.385881   0.938417    0.34971
  0.947624   0.551626   0.354382
  0.928765   0.563058   0.350865
  0.385492   0.938176   0.349748
  0.947723     0.5535   0.354397
  0.947588   0.552949   0.354373
  0.388195   0.939676   0.349748
  0.387735    0.93952   0.349714
  0.947672   0.555919   0.354378
  0.390165   0.940856   0.349718
  0.947583   0.559442   0.354331
  0.392603    0.94218   0.349719
  0.392137   0.942028   0.349694
   0.94767   0.560212   0.354338
  0.947541   0.559667   0.354322
  0.394549   0.943348    0.34967
  0.947605   0.562636   0.354298
  0.947499   0.563187   0.354273
  0.395715   0.943967   0.349652
  0.396835   0.944694   0.349534
  0.947516   0.565062   0.354256
  0.398038     0.9453   0.349563
  0.947557   0.568033   0.354232
  0.947421   0.568586   0.354202
  0.401692   0.947393   0.349667
  0.398735   0.945768   0.349546
   0.94754   0.568256   0.354228
  0.947378   0.571007   0.354171
  0.401176   0.947109   0.349626
  0.947426   0.572878    0.35416
  0.403096   0.948339   0.349688
   0.94747   0.573653   0.354161
  0.947357   0.574203   0.354135
  0.405538   0.949684   0.349792
  0.947438    0.57717   0.354118
  0.947309   0.576623   0.354102
  0.407847   0.951055   0.349703
  0.947372   0.579592   0.354081
  0.409054   0.951646    0.34967
  0.947287   0.582015   0.354042
  0.409748   0.952116   0.349602
  0.947367   0.583883   0.354039
  0.947221   0.584438   0.354009
  0.412185   0.953396   0.349468
  0.947289   0.587401   0.353997
  0.414125   0.954559   0.349361
  0.947214   0.588729   0.353975
  0.416896   0.956032   0.349243
  0.416167   0.955714   0.349257
  0.947277   0.590597   0.353976
  0.947135   0.591153   0.353948
  0.418824   0.957239   0.349239
   0.94722   0.593019   0.353959
  0.947103   0.593572   0.353937
  0.420004   0.957862   0.349307
  0.420812   0.958457   0.349339
  0.947132   0.595443   0.353945
  0.421974    0.95909   0.349428
  0.947159    0.59841   0.353966
  0.947049   0.597868   0.353939
  0.425683   0.961231   0.349708
  0.422684   0.959556   0.349467
  0.947142   0.599736   0.353966
  0.947009    0.60029   0.353943
  0.425121    0.96095   0.349648
  0.947067   0.602161   0.353961
  0.427532    0.96234   0.349779
  0.427073   0.962181   0.349735
    0.9471    0.60294   0.353968
  0.946982    0.60463   0.353952
  0.428244   0.962801   0.349799
  0.947082   0.605402    0.35397
  0.946919   0.607054   0.353949
  0.432234   0.965062   0.349843
   0.43022   0.964007   0.349819
  0.946961   0.610018   0.353974
  0.432966   0.965518   0.349843
  0.946882   0.611349   0.353967
  0.434906   0.966738   0.349839
  0.946929   0.614311   0.353999
  0.946781   0.614868   0.353976
  0.437377   0.968088   0.349904
  0.946899   0.614547   0.353996
  0.946765   0.616196   0.353983
   0.43934   0.969301   0.349914
  0.946759   0.619159   0.353986
  0.442087   0.970808   0.349908
  0.946838   0.618839   0.354006
  0.946662   0.621585    0.35397
  0.444034   0.972039   0.349911
   0.94674   0.623449   0.353987
  0.946599   0.624007   0.353966
  0.443962   0.971903   0.349944
  0.946646   0.625874   0.353986
  0.444333    0.97221   0.349963
  0.946639   0.627744   0.354003
  0.946539   0.628301   0.353993
  0.448398   0.974476   0.350034
  0.446688   0.973568   0.349969
  0.946605   0.630165   0.354027
  0.946454   0.630726   0.354008
  0.450329   0.975695   0.350047
  0.946526   0.632591   0.354042
  0.452772   0.977032   0.350049
   0.45106   0.976153    0.35003
  0.946413   0.636108   0.354053
  0.452211   0.976773   0.350033
  0.946507   0.635792   0.354072
  0.946365   0.636351   0.354051
  0.454667   0.978101   0.350012
  0.454602    0.97816    0.34992
  0.946431   0.639305   0.354081
  0.946309   0.639863   0.354063
  0.455385    0.97856    0.34998
  0.946336    0.64173    0.35408
  0.459432   0.980884   0.350065
  0.458972   0.980724   0.350017
  0.946364   0.643597   0.354098
   0.94624   0.644155   0.354078
  0.460149   0.981345   0.350096
  0.946303   0.647109   0.354117
  0.946159   0.647668   0.354091
  0.463782   0.983574   0.350591
  0.463354     0.9834   0.350504
  0.946233   0.648441   0.354107
  0.464496   0.984061   0.350733
  0.946129   0.650915   0.354102
  0.465152   0.984576   0.350863
  0.946192   0.652777   0.354121
  0.946013    0.65443   0.354091
  0.466281    0.98523   0.351088
  0.946103     0.6552   0.354107
  0.945964   0.656851   0.354083
  0.468226   0.986448   0.351159
  0.945963   0.658717   0.354082
  0.946023   0.659489   0.354092
  0.945862    0.66114   0.354059
  0.945939   0.662999   0.354065
  0.945799    0.66356   0.354036
  0.478684   0.989869   0.343581
  0.945867   0.664332   0.354043
  0.479292   0.990439   0.344015
  0.945849   0.667286   0.354011
  0.945725   0.668932   0.353972
  0.480373   0.991183   0.344655
   0.94584   0.668615   0.353997
  0.945667   0.670262   0.353951
  0.480147   0.991098   0.344583
  0.945715   0.673213   0.353936
  0.945609   0.675635   0.353896
  0.945681   0.676405   0.353902
  0.945511   0.678057   0.353852
  0.486056   0.997629    0.35431
  0.485617   0.997673   0.354841
  0.945584   0.679913   0.353843
  0.945453   0.680477   0.353813
  0.487398   0.997225   0.350502
  0.945529   0.680159   0.353832
  0.488702   0.996825   0.346684
  0.945517   0.683109   0.353793
  0.945377   0.684756   0.353748
  0.945497    0.68444   0.353774
  0.945304   0.687175   0.353708
  0.945361   0.689034   0.353698
   0.94525   0.691456   0.353653
  0.945301   0.693315   0.353644
  0.945149   0.693878   0.353611
  0.945218   0.695735   0.353607
  0.945066   0.697382   0.353567
  0.528003   0.988971   0.356336
  0.526059    0.99015   0.356846
  0.525241    0.99065   0.356981
  0.523103   0.991954   0.357762
  0.945113   0.698156    0.35357
  0.549806   0.975909   0.355641
  0.543813   0.979386   0.355741
  0.543769   0.979401   0.355619
  0.540461   0.981383   0.355677
  0.538041   0.982846   0.355634
  0.541206    0.98094   0.355637
  0.536354   0.983886   0.355697
  0.535505   0.984407   0.355727
  0.536255   0.983962   0.355752
  0.533808   0.985446   0.355788
  0.532133   0.986494   0.356061
  0.529768   0.987917   0.356174
  0.528921   0.988428   0.356255
  0.945135   0.700016   0.353565
  0.944985   0.701662   0.353533
  0.565045   0.967486   0.355881
  0.566054   0.966928   0.355975
  0.560587   0.969949   0.355918
  0.557801   0.971469   0.355785
  0.558891   0.970901   0.355898
  0.556122   0.972422   0.355767
  0.553397   0.973933     0.3557
  0.549842   0.975921   0.355682
   0.55087    0.97537   0.355784
  0.546377    0.97789   0.355625
   0.94508   0.702433   0.353549
   0.94493   0.702998    0.35352
  0.586265   0.954829   0.355735
  0.583594   0.956342   0.355643
  0.587069   0.954302   0.355607
  0.581945   0.957336    0.35567
  0.581096    0.95785   0.355685
  0.581922   0.957355   0.355761
  0.577003   0.960369   0.355855
  0.574484   0.961903   0.355803
  0.575327   0.961406   0.355887
  0.572804   0.962937    0.35583
    0.5678   0.965946   0.355897
  0.571171   0.963945   0.355858
  0.566016   0.966955   0.355892
  0.565133   0.967442   0.355883
  0.945007   0.703769   0.353532
  0.606026    0.94379   0.355783
  0.600609   0.946852   0.355778
  0.599753    0.94733   0.355773
  0.598912   0.947807   0.355772
  0.598071   0.948287   0.355771
  0.597232   0.948766   0.355772
   0.59168   0.951837   0.355704
  0.590829   0.952311   0.355694
  0.589957   0.952783   0.355678
   0.94486   0.707279   0.353507
   0.62566   0.932097   0.355625
   0.62478   0.932591   0.355617
  0.619569   0.935666   0.355658
  0.623022   0.933603   0.355613
  0.617907   0.936675   0.355684
  0.617067   0.937186   0.355697
  0.611965   0.940255   0.355749
  0.612885   0.939719   0.355838
  0.610279    0.94127   0.355764
  0.609434   0.941776    0.35577
  0.608588   0.942281   0.355776
  0.605195   0.944296   0.355894
  0.604318   0.944793   0.355893
  0.944906   0.709136    0.35352
  0.944719   0.710834   0.353497
  0.641066   0.923571   0.355852
  0.642902   0.922496   0.355753
  0.639306   0.924535   0.355837
  0.636496   0.926083   0.355732
  0.635656   0.926557    0.35573
  0.633932   0.927534   0.355836
  0.631133   0.929076   0.355782
  0.633121   0.927982   0.355723
  0.631345   0.928962   0.355811
  0.626624   0.931571    0.35564
  0.944851    0.71047    0.35351
  0.944581   0.714353   0.353494
  0.665373   0.909166   0.355662
  0.662607   0.910729   0.355575
  0.660927    0.91172   0.355709
  0.660885   0.911722   0.355575
   0.66002   0.912228   0.355579
  0.656615   0.914286   0.355711
  0.654016   0.915851   0.355672
  0.653181   0.916362   0.355686
  0.652348   0.916872     0.3557
  0.648976   0.918923   0.355816
  0.648136   0.919429   0.355822
  0.645498   0.920993   0.355754
  0.644647   0.921491   0.355756
  0.944665   0.714027   0.353504
  0.679896   0.901063   0.355826
  0.677088   0.902627   0.355746
  0.674256   0.904196   0.355661
  0.677401   0.902487   0.355823
  0.669658   0.906753   0.355695
  0.671732   0.905622    0.35565
  0.666045   0.908785   0.355592
  0.670021   0.906578   0.355639
  0.666342   0.908645    0.35568
  0.944571   0.715858   0.353501
  0.944193   0.718665   0.353453
  0.700721   0.888736   0.355548
  0.701729   0.888141   0.355592
  0.699039   0.889726   0.355555
   0.69558   0.891807   0.355652
  0.697362   0.890733   0.355572
  0.692103   0.893889   0.355642
  0.693079    0.89332   0.355692
  0.692244   0.893824   0.355705
  0.691407   0.894328   0.355717
  0.686134   0.897478    0.35577
   0.68529   0.897977   0.355774
  0.684452   0.898468   0.355776
  0.681708   0.900037   0.355707
  0.944304   0.718258   0.353471
  0.943684   0.721136   0.353383
  0.719055   0.878503   0.355705
  0.718195   0.878977   0.355695
  0.714426   0.881081   0.355706
   0.71062   0.883186   0.355761
  0.712745   0.882022   0.355698
  0.711919   0.882491   0.355697
  0.709033   0.884074   0.355626
  0.708188   0.884544   0.355619
  0.702416   0.887753   0.355546
   0.70162   0.888219   0.355549
  0.943861   0.720652   0.353414
  0.942997   0.723594   0.353283
  0.742962   0.864365   0.355652
  0.740119   0.865969   0.355547
  0.734658   0.869179   0.355592
  0.733859    0.86967   0.355608
  0.734879   0.869075    0.35569
  0.732219   0.870675    0.35564
  0.731391   0.871182   0.355656
  0.726112   0.874383   0.355733
   0.72794   0.873278   0.355691
  0.726288   0.874291   0.355819
  0.726295   0.874279   0.355713
   0.72004   0.877992   0.355843
  0.720006   0.877977   0.355716
  0.942244   0.726019   0.353168
  0.941515   0.727877   0.353049
  0.758579   0.855629   0.355636
  0.754865   0.857752   0.355731
  0.754036   0.858223    0.35573
  0.751123   0.859831   0.355618
  0.747297    0.86196   0.355691
  0.749471   0.860771   0.355619
  0.745656   0.862896   0.355688
  0.747746   0.861721   0.355606
  0.741928   0.864969   0.355566
  0.743046   0.864321   0.355655
  0.941461   0.728427   0.353045
  0.941478   0.728002   0.353051
  0.775927   0.845296   0.355599
  0.779837   0.842995   0.355588
  0.777019   0.844631   0.355489
  0.771551   0.847892   0.355538
  0.770732   0.848391    0.35555
  0.767236   0.850519   0.355698
  0.769083   0.849396   0.355575
  0.765579   0.851523   0.355714
   0.76284   0.853146   0.355635
  0.763919   0.852518   0.355727
   0.76116   0.854138    0.35564
  0.760317    0.85463   0.355641
  0.756691   0.856751   0.355748
  0.941039   0.729686   0.352982
  0.940293   0.731546   0.352859
   0.79746   0.833228   0.355681
  0.791609   0.836533   0.355657
  0.790728   0.837007   0.355642
  0.789881   0.837474   0.355634
  0.785924   0.839641    0.35568
   0.78824   0.838397   0.355626
   0.78429   0.840559   0.355663
  0.781324   0.842191   0.355527
  0.782607   0.841494   0.355641
   0.77968   0.843125   0.355513
  0.939102   0.735087   0.352678
  0.938741   0.735807    0.35263
   0.81774   0.821163   0.355531
  0.816873   0.821644   0.355522
  0.813165   0.823808   0.355629
  0.815137   0.822626   0.355513
  0.808702   0.826461   0.355706
   0.80874   0.826431   0.355586
  0.807075   0.827457    0.35573
   0.80248    0.83023   0.355658
  0.805431   0.828463   0.355754
  0.805454   0.828441   0.355643
  0.799995   0.831734   0.355678
  0.799164   0.832228   0.355681
  0.793544    0.83552     0.3557
   0.93829   0.737482   0.352588
  0.937907   0.738201   0.352549
  0.835667   0.811128    0.35564
  0.829768   0.814477   0.355642
  0.828922   0.814945   0.355636
   0.83031   0.814221   0.355747
  0.826312   0.816417    0.35575
  0.823309   0.818063   0.355668
   0.82033    0.81971    0.35555
  0.819524   0.820176    0.35555
  0.818687   0.820647   0.355545
  0.814909   0.822806   0.355626
  0.937844   0.738745   0.352563
  0.937107   0.740593   0.352543
  0.936422   0.742419   0.352602
  0.856073      0.799   0.355465
  0.852302   0.801196   0.355554
  0.849492   0.802847   0.355505
  0.850626   0.802181   0.355567
  0.847847   0.803835   0.355525
  0.844238   0.806021   0.355647
  0.846196   0.804834   0.355549
  0.845385   0.805333   0.355564
  0.839844   0.808671   0.355618
    0.8362   0.810849   0.355735
   0.83819   0.809655   0.355632
  0.837364    0.81014   0.355635
  0.831627   0.813477    0.35567
  0.936323   0.742973   0.352654
  0.935953     0.7437   0.352673
  0.866977   0.793053   0.355694
  0.869104   0.791793   0.355614
  0.867328   0.792813   0.355745
  0.864311   0.794485   0.355643
  0.866684   0.793187   0.355616
  0.860425   0.796622   0.355526
  0.858622   0.797638   0.355644
  0.858791   0.797542   0.355515
   0.85795   0.798005   0.355505
  0.851937   0.801387   0.355479
  0.935915   0.744251   0.352737
  0.934639   0.747407   0.353207
  0.894622   0.776724   0.355587
   0.89168   0.778396   0.355507
  0.888836    0.78006   0.355491
  0.888009   0.780551   0.355498
  0.886307   0.781594   0.355646
  0.886352   0.781551   0.355521
  0.882713   0.783772   0.355599
  0.879947   0.785447   0.355577
  0.879129   0.785944   0.355586
  0.878315   0.786438   0.355593
  0.872623   0.789819   0.355635
  0.876697    0.78741   0.355606
  0.872942   0.789618   0.355684
  0.933764   0.749722   0.353659
  0.933348   0.750494   0.353825
  0.908693   0.768932    0.35557
  0.902561   0.772383   0.355526
   0.90387   0.771646   0.355574
  0.900799   0.773324     0.3555
  0.896633   0.775585   0.355497
   0.89583   0.776039   0.355497
  0.898331   0.774697   0.355489
  0.894287   0.776941   0.355513
  0.896566   0.775639   0.355463
  0.933311   0.750887   0.353951
  0.931238   0.754073    0.35477
  0.929159    0.75632   0.355324
  0.926857    0.75813   0.355441
  0.925673   0.758791   0.355429
  0.926565   0.758173   0.355477
  0.923848   0.759869   0.355437
  0.925031   0.759169   0.355523
  0.920269   0.762051   0.355466
  0.921436   0.761358   0.355474
  0.915734   0.764791    0.35555
  0.917839    0.76353     0.3555
  0.912106    0.76696   0.355565
   0.91621    0.76451   0.355518
   0.91044   0.767939   0.355575
  0.909601   0.768421   0.355575