    0.875078      0.28661      0.34413
    0.874453     0.286648     0.345031
    0.860519     0.288602     0.389452
    0.860574     0.288602     0.389434
    0.891407     0.318758      0.90056
    0.892934     0.319082     0.898484
    0.883971     0.310689     0.896178
    0.897185     0.322339     0.892629
    0.883931     0.310683     0.896087
    0.883758     0.310538     0.892876
    0.883716     0.310506     0.892171
      0.8836     0.310418     0.890222
    0.883485     0.310329     0.888272
    0.883374     0.310239     0.886315
    0.883475     0.310322      0.88811
    0.883367     0.310231     0.886153
    0.883263      0.31014      0.88419
    0.883094     0.309991     0.880964
     0.88299     0.309901     0.878996
    0.883019     0.309926     0.879551
    0.882981     0.309894     0.878843
    0.882873     0.309806     0.876879
    0.882834     0.309775     0.876172
    0.882581     0.309576     0.871693
    0.882612     0.309601     0.872245
      0.8825     0.309513     0.870281
     0.88246     0.309482     0.869574
    0.882494     0.309507     0.870123
    0.882384     0.309419      0.86815
     0.88205      0.30922     0.863749
     0.88208     0.309243     0.864246
    0.881714     0.309163     0.862486
    0.881499     0.309131     0.861771
     0.88013     0.309045     0.859926
    0.891881      0.31957     0.899904
    0.892772     0.319398     0.898673
    0.879732     0.309037     0.859747
    0.878591     0.308998     0.858917
    0.890938     0.321659     0.901232
    0.877162     0.308975     0.858442
    0.877516     0.308974     0.858405
    0.890715     0.324164     0.901565
    0.890831     0.323138     0.901394
    0.875923     0.308954     0.858026
    0.890692     0.325757     0.901608
      0.8722     0.308896     0.857071
    0.890711     0.325823     0.901577
    0.870525     0.308874     0.856758
    0.869293     0.308849      0.85633
    0.840583     0.291456     0.453801
    0.840481     0.291449     0.453652
    0.840663     0.291421     0.453038
    0.890693     0.327502     0.901612
    0.866838     0.308814     0.855762
    0.840636     0.291468     0.454077
    0.890675     0.329184     0.901644
    0.866438     0.308805     0.855587
     0.84071     0.291469     0.454091
    0.840842     0.291445     0.453563
    0.890652     0.332623     0.901698
    0.890659     0.332479     0.901688
    0.864047     0.308771     0.854974
    0.862017     0.308734     0.854225
    0.840411     0.291459     0.453921
    0.890653     0.333521     0.901697
    0.862032     0.308739     0.854335
    0.861575     0.308727     0.854084
    0.890686     0.335231     0.901658
    0.862104     0.309161     0.863667
    0.859242     0.308692     0.853414
    0.890732     0.336948       0.9016
    0.858251     0.309232     0.865457
    0.858036     0.308671     0.852986
    0.890798     0.339458     0.901513
     0.85608     0.309253     0.866033
    0.854214     0.308603     0.851718
    0.853757     0.308588     0.851416
    0.890828     0.341167     0.901468
     0.85339     0.309284     0.866844
    0.853923     0.309273     0.866576
    0.853042      0.30858     0.851254
    0.852578     0.308565     0.850944
    0.890832      0.34286     0.901455
    0.851188     0.309307     0.867446
    0.850362     0.308526      0.85018
    0.849891     0.308511     0.849863
    0.890771      0.34547     0.901519
    0.848991     0.309329     0.868046
    0.849202     0.308502     0.849695
    0.847965      0.30847     0.849072
    0.890742      0.34634      0.90155
    0.848019     0.309339     0.868296
    0.846557     0.308441      0.84857
    0.844582     0.308387     0.847598
      0.8907     0.348002      0.90159
    0.847106     0.309346     0.868499
    0.843226     0.308357     0.847052
    0.842722     0.308341     0.846721
     0.89063     0.350457      0.90166
    0.841397     0.308314      0.84616
    0.841613     0.308315     0.846173
    0.890612     0.351325     0.901678
     0.93166     0.386911     0.844685
    0.839585     0.308272     0.845252
    0.839094     0.308256     0.844892
    0.890526     0.354717     0.901755
    0.839932     0.309437     0.870909
    0.838616     0.309161     0.864829
    0.837078     0.308212      0.84396
    0.835895     0.308176     0.843203
    0.890519     0.355598     0.901752
    0.834603     0.308148     0.842634
    0.833435     0.308112     0.841844
    0.890523     0.357287     0.901721
    0.835901     0.309155     0.864885
    0.832865     0.308104     0.841654
    0.831702      0.30807     0.840846
    0.890531     0.357399     0.901711
    0.832278     0.309136     0.864831
    0.831165     0.308062     0.840641
    0.829989      0.30803     0.839837
    0.829451     0.308015     0.839477
    0.890553     0.359886     0.901642
    0.828962     0.308007     0.839243
    0.825811     0.307922     0.837107
    0.890568     0.362368     0.901588
     0.82709     0.309067       0.8635
    0.825287     0.307912     0.836913
    0.825487     0.307911       0.8369
    0.890543     0.365629     0.901582
     0.82717     0.309083     0.863858
    0.824114     0.308978     0.861585
    0.824244      0.30898     0.861608
    0.824305     0.307881      0.83628
    0.823172     0.307838     0.835394
    0.890489      0.36664     0.901646
    0.822593     0.308923     0.860416
    0.822752     0.308924     0.860427
    0.821535     0.307782      0.83432
    0.819779     0.307715     0.832922
    0.890497      0.36671     0.901635
    0.820632     0.308849     0.858768
    0.818842     0.308792     0.857388
    0.819939     0.307728     0.833219
    0.818856     0.307684     0.832255
    0.800451     0.297205     0.583611
    0.800642     0.297174     0.582894
    0.890394     0.369949     0.901736
     0.93226      0.40694     0.844018
    0.819057     0.308803     0.857662
    0.818546     0.308783     0.857179
    0.816066     0.307598      0.83012
    0.814992     0.307559     0.829126
    0.800056     0.297223     0.584074
    0.800233     0.297196     0.583455
    0.800477     0.297164     0.582737
    0.890377      0.37081     0.901749
    0.932276     0.408639     0.844009
    0.814557     0.307551     0.828944
      0.8135      0.30751     0.827929
    0.799944      0.29721     0.583782
    0.800245      0.29717     0.582899
    0.800713     0.297121     0.581806
    0.890321     0.372464     0.901805
    0.932301     0.408705     0.843979
    0.813487     0.308683     0.854589
    0.813674     0.308677     0.854475
    0.812605     0.307482     0.827268
    0.810961     0.307418     0.825701
    0.890249     0.375058     0.901874
    0.932237     0.412792      0.84411
    0.811989     0.308629     0.853484
    0.810564      0.30741     0.825519
    0.809505     0.307369     0.824471
    0.808472     0.307329     0.823404
    0.890245     0.376737     0.901865
    0.932224     0.414455      0.84416
     0.80751     0.307303     0.822675
    0.807074     0.307281     0.822146
    0.806025     0.307241     0.821085
    0.890279     0.379222     0.901802
    0.932217     0.414647     0.844183
    0.806374     0.308386     0.848354
    0.806505     0.308388     0.848399
    0.804394     0.308297     0.846098
    0.805671     0.307234       0.8209
    0.804103     0.307166     0.819216
    0.803617     0.307145     0.818725
    0.890327     0.381714     0.901718
    0.932225     0.415531     0.844191
    0.805203     0.308335     0.847104
    0.804208      0.30829     0.845965
    0.803103     0.308248     0.844922
    0.803863      0.30716     0.819103
     0.80231     0.307087     0.817393
    0.890334     0.381825     0.901706
    0.802806     0.308241     0.844742
    0.801733     0.308196     0.843674
    0.800423     0.307009     0.815501
    0.798933     0.306936       0.8137
    0.799013      0.30694     0.813796
    0.890365     0.384307     0.901644
    0.799743     0.308124     0.841927
    0.798143     0.308058     0.840214
     0.79819     0.306908     0.812991
    0.797243     0.306861       0.8118
    0.795719     0.306789     0.810008
    0.890364     0.387564     0.901631
    0.932385     0.423844     0.844038
    0.797457     0.308029      0.83948
    0.796542     0.307981     0.838235
     0.79598     0.306807      0.81046
    0.795053     0.306759     0.809243
    0.794106     0.306712     0.808038
    0.890336     0.386985     0.901666
    0.797157     0.309894     0.882457
    0.795418     0.307928     0.836848
      0.7946     0.307873     0.835512
    0.793757     0.307818     0.834185
    0.793832     0.306706     0.807874
    0.793422     0.306684     0.807304
    0.792499     0.306639     0.806076
    0.890305     0.389439     0.901712
    0.793563     0.309943     0.883516
    0.792659     0.308912     0.860121
    0.793669      0.30782     0.834251
    0.792147     0.307689      0.83118
    0.791452     0.307627      0.82971
    0.791537     0.307635      0.82992
    0.790826     0.306563     0.804007
    0.789476     0.306486     0.802005
     0.78907     0.306464     0.801433
    0.890269     0.392717     0.901794
    0.791278     0.309971     0.884231
    0.790703     0.307568     0.828314
      0.7895      0.30748     0.826124
    0.789141     0.307455     0.825513
    0.788844     0.306458     0.801274
    0.788962     0.306463     0.801362
    0.787073      0.30635     0.798708
    0.890274     0.392786     0.901778
    0.791414     0.309968     0.884182
    0.788151     0.307394     0.824011
    0.786289     0.307285     0.821311
    0.786396      0.30729     0.821419
    0.786935     0.306351     0.798698
    0.785148      0.30623     0.795912
    0.784322     0.306173     0.794558
    0.776495     0.300527     0.659659
    0.776649     0.300498     0.659001
    0.890263     0.395245     0.901826
    0.789149     0.309993     0.884882
    0.785807     0.307262     0.820687
    0.783537      0.30713     0.817198
    0.783674     0.307134     0.817309
    0.783751     0.306144      0.79382
      0.7834      0.30612     0.793197
    0.782111     0.306035     0.791096
    0.890253     0.397059     0.901862
    0.788086     0.310005     0.885215
    0.783071     0.307108     0.816583
    0.780822     0.306972     0.813076
    0.780979     0.306976     0.813181
    0.781137     0.305976     0.789575
    0.780394     0.305919     0.788139
    0.779657     0.305863     0.786694
    0.779302     0.305841     0.786084
    0.890281     0.398743     0.901841
    0.932249     0.434962     0.844354
    0.784617     0.310043     0.886299
    0.780288     0.306938     0.812265
    0.780294     0.306948     0.812464
    0.778918     0.306865      0.81054
     0.77961     0.305866     0.786717
     0.77839     0.305782     0.784521
     0.77676     0.305665     0.781502
    0.776878     0.305672     0.781646
    0.890343     0.401228     0.901778
    0.782177     0.310071     0.887024
    0.777628     0.306806     0.809162
     0.77666     0.306759     0.808055
    0.776825      0.30568     0.781776
    0.775776     0.305582     0.779383
    0.775148     0.305518     0.777822
    0.774122     0.305416     0.775391
     0.89039     0.402923     0.901726
    0.778789     0.310112      0.88794
    0.776211     0.308144     0.841196
    0.773984     0.306666     0.805743
     1.00141      0.49806      0.74853
    0.773714     0.305385     0.774637
    0.773023     0.305322     0.773128
    0.772751     0.305295      0.77246
    0.771727     0.305193     0.770015
    0.771115     0.305126     0.768408
    0.890402     0.403031     0.901712
    0.777711     0.310125     0.888212
    0.773714     0.308187     0.842102
     1.00134      0.49792     0.748613
     1.00181     0.498557     0.747965
    0.771142     0.305135     0.768595
    0.770912     0.305109     0.767941
    0.769803      0.30495     0.764235
    0.769616     0.304922     0.763538
    0.768835     0.304807     0.760801
    0.768929     0.304822     0.761137
    0.890439     0.404715     0.901673
    0.775483     0.310154     0.888781
    0.773852     0.309606     0.875737
    0.772898     0.307936     0.835908
    0.772057     0.307903     0.834994
    0.768075     0.304707     0.758341
    0.767854      0.30468      0.75767
    0.767961     0.304693     0.757982
    0.767151     0.304581     0.755273
    0.767262     0.304595     0.755591
    0.766471     0.304481     0.752859
    0.765729     0.304366     0.750057
    0.765806     0.304382     0.750445
     0.76336     0.302761      0.71104
    0.763242     0.302805     0.712126
    0.763549     0.302698     0.709555
    0.763992     0.302583     0.706794
    0.764009     0.302577     0.706701
    0.890448     0.408109     0.901675
    0.772104     0.310199     0.889662
    0.771675     0.309622     0.875933
    0.769671     0.307851      0.83347
    0.770015     0.307852     0.833496
    0.765374     0.304307       0.7486
     0.76502     0.304231     0.746751
    0.764896     0.304202     0.746051
    0.764347     0.304043     0.742187
    0.764105     0.303962     0.740215
    0.764168     0.303984     0.740759
    0.763739      0.30382     0.736768
    0.763556     0.303736     0.734734
    0.763399     0.303652     0.732669
    0.763266     0.303567     0.730576
    0.763309     0.303592     0.731209
    0.763189     0.303506     0.729107
    0.763011     0.303365       0.7256
    0.763109     0.303446     0.727663
    0.763014     0.303359     0.725536
    0.762944     0.303271     0.723379
     0.76294     0.303301     0.724137
    0.762897     0.303273     0.723471
    0.762922     0.303119     0.719709
    0.762979     0.303025     0.717412
    0.763066     0.302928     0.715054
    0.763106     0.302897     0.714309
    0.763151     0.302866      0.71357
    0.890435     0.410559     0.901711
    0.771012     0.310212      0.88996
    0.769473     0.309643     0.876272
    0.767979     0.307811     0.832353
    0.767152     0.307767     0.831285
    0.890445     0.411436     0.901714
    0.769925     0.310226     0.890267
    0.767269     0.309666     0.876689
    0.890447     0.414685     0.901757
    0.766347     0.310275     0.891311
     0.76505      0.30969     0.877172
    0.960314     0.472742     0.805349
    0.890468     0.414773     0.901737
    0.932374     0.451025     0.844151
    0.960392     0.474473     0.805216
    0.890467     0.415648     0.901759
    0.761824     0.310343      0.89263
    0.960272      0.47613     0.805357
    0.890473     0.419035      0.90179
    0.932313     0.454332     0.844197
    0.960125     0.477686     0.805537
    0.756146     0.307608     0.827072
    0.890478     0.419138     0.901794
    0.756151     0.310433     0.894303
    0.943383     0.466553     0.828781
    0.960172     0.479394     0.805451
    0.754086     0.308656     0.851742
    0.752717      0.30766     0.828025
    0.890529      0.42161     0.901735
     0.75606     0.310433     0.894351
    0.756234      0.31043     0.894294
    0.943446     0.467412     0.828682
    0.754019     0.309547     0.873395
    0.751967     0.308667     0.851956
     0.75289     0.307655     0.827885
    0.890646     0.425675     0.901608
    0.753801     0.310465     0.895018
     0.94327     0.468962     0.828901
    0.750815     0.308963     0.858859
    0.751916     0.308668     0.851937
     0.74924     0.307721     0.829126
     0.74935     0.307718     0.829068
    0.890654     0.425783     0.901598
    0.751552     0.310495     0.895658
    0.750915     0.309935     0.882469
    0.745437     0.307811     0.830952
    0.890699     0.427466     0.901559
     0.74701     0.310552     0.896914
    0.964484      0.48969     0.799442
     0.74677     0.308148     0.839351
    0.742664     0.307887     0.832532
    0.890715      0.43007     0.901572
    0.747064     0.310551     0.896888
    0.980774     0.504705     0.777065
      0.8907     0.431721     0.901608
    0.742527     0.310612     0.898141
    0.890712     0.431784     0.901589
    0.742575     0.310612     0.898142
    0.737455     0.308262     0.841206
    0.890676      0.43502      0.90167
    0.738978     0.310666     0.899224
     0.73783     0.309959     0.881938
    0.736993     0.308286     0.841715
     0.73539     0.308243     0.840571
    0.890662     0.436693     0.901707
    0.736722       0.3107     0.899895
      0.7346      0.30999      0.88243
    0.975201     0.507649     0.784764
    0.735118     0.308254     0.840778
     0.73049     0.308344     0.842743
    0.733164     0.308006     0.834872
    0.732808     0.308001     0.834727
    0.890623     0.437685     0.901765
    0.890636     0.437539     0.901746
    0.736794     0.310698      0.89986
      0.7345     0.309991      0.88244
    0.732639     0.308575     0.848359
    0.732787     0.308001     0.834701
    0.890622     0.441717     0.901774
    0.731074     0.310782     0.901514
    0.731427     0.310004     0.882655
    0.730549     0.308564     0.847915
    0.890628     0.441794     0.901763
     0.72884     0.310816     0.902128
    0.731149     0.310004     0.882637
    0.961349     0.500936     0.803817
    0.725856     0.308558     0.847631
    0.726239     0.308083     0.836375
    0.890672     0.444264     0.901692
     0.72888     0.310817     0.902117
    0.727206     0.310007     0.882693
    0.961335     0.502604     0.803855
    0.726935     0.309032     0.858958
    0.725542     0.308556     0.847517
    0.725074     0.308106     0.836852
    0.890706     0.445941     0.901636
    0.726476     0.310855     0.902792
    0.725096     0.310018      0.88285
     0.96148     0.504354     0.803671
    0.724776     0.309057     0.859373
    0.724406     0.308559     0.847527
    0.722618     0.308148     0.837763
    0.890714     0.446025     0.901623
    0.725362     0.310873     0.903094
    0.722931     0.310037     0.883163
    0.721373     0.309103     0.860273
    0.720536     0.308177     0.838366
     0.89073      0.44927      0.90158
    0.721997     0.310923     0.903981
    0.718806     0.309436     0.868102
    0.717507     0.308392     0.843389
    0.890699     0.450254     0.901614
     0.71976     0.310954     0.904565
    0.718379     0.310105     0.884467
    0.718752     0.309438     0.868109
    0.715187     0.308195      0.83851
    0.715197     0.307368      0.81869
    0.890613      0.45347     0.901695
    0.717521     0.310982     0.905153
    0.713987     0.310161     0.885472
     0.71647     0.309468     0.868659
    0.890627     0.453516     0.901676
    0.715277      0.31101     0.905759
    0.713948      0.31016     0.885384
     0.71142     0.309487     0.868967
    0.711276     0.309089     0.859521
    0.713378     0.308328     0.841544
     0.89051     0.457527     0.901793
    0.713025     0.311038     0.906399
    0.711784     0.310179      0.88558
     0.70806     0.308452     0.844245
    0.890521     0.457575     0.901778
    0.711738     0.311056     0.906801
    0.707647     0.310211     0.885984
    0.706936     0.308481     0.844855
    0.706994     0.308478     0.844783
    0.705694     0.307593     0.823411
    0.890474     0.458553     0.901834
    0.708311     0.311107     0.907863
    0.707502     0.310215     0.886029
     0.70683     0.308504      0.84537
    0.702288     0.307647      0.82441
    0.890447     0.461783     0.901833
    0.705333     0.310236     0.886373
    0.704058     0.309881     0.877926
    0.701072     0.308584      0.84695
    0.700055     0.307681     0.825032
    0.890452     0.463439       0.9018
     0.70193     0.310281     0.887288
    0.701971     0.309889     0.878023
    0.698996     0.308595     0.847045
    0.697633     0.307716     0.825691
    0.698923     0.307698     0.825366
    0.890468     0.465101     0.901752
     0.69967     0.310313     0.887959
    0.698964     0.309897     0.878091
    0.696977     0.308598     0.846976
    0.697015     0.308573     0.846383
    0.695425     0.307743     0.826145
    0.890481     0.465971      0.90172
    0.697927     0.311272     0.911056
    0.697533     0.310332     0.888312
    0.695202     0.308814     0.852047
    0.693229     0.307767     0.826549
    0.890497     0.470009     0.901635
    0.697945     0.311274     0.911056
    0.697401     0.310333     0.888313
    0.692991     0.308838     0.852486
    0.691027     0.307789       0.8269
    0.890487     0.470069     0.901649
    0.694575     0.311326     0.911984
    0.692139     0.310377      0.88914
     0.69117     0.309725     0.873633
    0.686858     0.307824     0.827395
    0.890455     0.471043      0.90168
    0.693447     0.311345     0.912283
    0.690809       0.3104     0.889626
    0.690973     0.310393      0.88947
    0.688863     0.309754     0.874189
    0.689264     0.309441     0.866724
    0.686662     0.307826     0.827454
    0.890363     0.474252     0.901758
    0.690094     0.311393     0.913157
    0.685363     0.310603     0.894234
    0.687703     0.309769     0.874482
    0.687196     0.309449     0.866752
    0.687395     0.308919     0.854039
    0.684682     0.307839     0.827675
    0.890378     0.474291     0.901737
    0.688962      0.31141     0.913448
    0.684957     0.310606     0.894272
    0.685443     0.309797     0.875004
    0.685106     0.309459     0.866849
    0.683673     0.308998      0.85562
    0.890303     0.476706     0.901806
    0.685598     0.311456     0.914359
    0.684098     0.310611     0.894358
    0.683174     0.309788     0.874645
    0.682842     0.309472     0.867028
    0.682494     0.309014     0.855922
    0.890255     0.478327     0.901852
     0.93202     0.512972      0.84435
    0.681799     0.310647     0.895107
    0.890172     0.481675     0.901934
    0.680921     0.311522      0.91573
    0.679546     0.310677     0.895678
    0.678029       0.3101     0.881782
     0.89017     0.481727     0.901937
    0.932036     0.516273     0.844377
    0.677304     0.310703      0.89615
    0.675924     0.310112     0.881914
     0.89019     0.484174     0.901896
     0.93205     0.517927     0.844379
    0.674106     0.310728     0.896593
    0.890239     0.486633     0.901822
    0.673014     0.311633     0.918012
    0.671936     0.310744     0.896844
    0.890247     0.486708     0.901811
    0.672998     0.311635     0.918025
    0.669626     0.310776     0.897449
    0.890293     0.489955     0.901734
    0.667968     0.310901     0.900341
    0.667993     0.310897     0.900243
    0.890292       0.4916     0.901731
    0.932131     0.525477     0.844353
    0.665807     0.311002     0.902618
    0.665292     0.310685     0.894953
    0.890259      0.49257     0.901774
    0.932141      0.52553     0.844348
    0.661885     0.311016     0.902645
    0.662262     0.310697     0.895028
    0.662681      0.31026     0.884467
    0.890247     0.494202     0.901797
    0.660796     0.310998     0.902152
    0.660239     0.310701     0.894959
    0.660127       0.3107     0.894937
    0.660297     0.310308      0.88542
     0.89025     0.495039     0.901797
    0.658253     0.310942     0.900637
    0.658071     0.310704     0.894861
    0.657864     0.310364     0.886595
    0.890238     0.498293     0.901865
    0.654477     0.310946     0.900369
    0.655388      0.31069      0.89425
    0.655224     0.310689     0.894208
    0.890225      0.49833     0.901873
    0.654151     0.310954      0.90058
    0.653317     0.310675     0.893734
    0.890204       0.5009     0.901938
    0.652366     0.311923     0.923823
    0.650704     0.311006     0.901518
    0.650307     0.310683     0.893657
    0.650362      0.31068     0.893595
    0.890231     0.503339      0.90192
    0.650095      0.31196     0.924531
    0.648383     0.311044     0.902252
    0.648139     0.310702     0.893957
    0.890293     0.506578     0.901837
     0.64783     0.311995     0.925226
    0.646062     0.311091     0.903198
    0.645927     0.310725     0.894329
    0.890309     0.506656      0.90182
    0.647824     0.311995      0.92522
    0.642378     0.311162     0.904584
     0.64576     0.310724      0.89433
    0.890393       0.5099     0.901717
    0.642388     0.311156     0.904506
    0.641494      0.31077     0.895135
    0.890401     0.509979     0.901715
    0.640115     0.311182     0.904943
    0.639149     0.310805      0.89584
    0.890417     0.510833     0.901703
    0.890429     0.514189     0.901734
    0.635028     0.311204     0.905108
    0.890426     0.515821      0.90176
    0.631909     0.311217     0.905278
    0.956934     0.568264     0.810162
    0.890424      0.51745     0.901784
    0.629671     0.311237     0.905717
    0.890422     0.519077     0.901809
    0.628539     0.311249     0.905988
    0.890413     0.520701     0.901841
    0.619684     0.308367     0.841415
    0.890393     0.521677     0.901883
    0.618561      0.30838     0.841792
     0.89041     0.523319     0.901877
      0.6174     0.308394     0.842193
    0.890468     0.525764      0.90182
    0.617139     0.311376     0.909373
    0.890569     0.529014     0.901715
    0.613576     0.311347     0.908692
    0.611916     0.310283     0.884639
    0.890616     0.530673     0.901664
    0.611455      0.31133     0.908385
     0.61193     0.310694     0.893821
    0.611772     0.310276     0.884492
    0.890612     0.530729     0.901668
    0.610153     0.311326     0.908336
    0.609725     0.310699     0.893954
    0.609693     0.310251      0.88417
     0.89061     0.533288     0.901684
    0.606392     0.311308     0.908002
    0.607519     0.310702     0.894128
    0.606047     0.310197     0.883288
    0.890585     0.535699      0.90174
    0.604356     0.310701     0.894409
     0.60404      0.31018     0.882911
    0.890588      0.53573     0.901731
    0.602119     0.310704     0.894702
     0.89058     0.538147     0.901778
    0.601352     0.311246     0.906563
     0.89058     0.539796     0.901803
    0.593367     0.308616     0.848799
     0.89057     0.542209     0.901838
    0.594896     0.310278     0.885216
    0.592165     0.308624     0.849036
    0.890574     0.544764     0.901834
    0.890579      0.54481     0.901824
    0.589191      0.31034     0.886998
    0.587652     0.308641     0.849673
    0.890628      0.54725     0.901751
    0.587968     0.310346     0.887232
    0.890635     0.547304      0.90174
    0.584674     0.310367     0.887944
     0.89068     0.549741     0.901672
    0.583348     0.310376     0.888238
    0.890702     0.552963     0.901634
    0.582638     0.311481     0.912799
     0.57863     0.310352     0.888026
    0.890651      0.55471     0.901695
    0.579288     0.311508      0.91342
    0.890641     0.554726     0.901708
     0.89055     0.557914     0.901802
    0.890566     0.557927     0.901779
    0.570813     0.311377     0.911143
    0.890488     0.560315      0.90185
    0.564852       0.3102     0.885618
    0.890422     0.562043     0.901908
    0.890433     0.561907     0.901896
      0.5646     0.310196     0.885517
    0.890399     0.562855     0.901924
    0.561638     0.310176     0.885283
    0.890382     0.566853     0.901869
    0.890397     0.566897     0.901853
    0.890405     0.566937      0.90184
    0.890428     0.570157     0.901768
    0.890423     0.571773     0.901758
    0.890361     0.574299     0.901818
     0.54679     0.310479     0.892476
     0.89029     0.576688     0.901888
    0.544551     0.310491     0.892947
    0.890302     0.576699     0.901872
    0.890262     0.578294     0.901906
    0.539964     0.310093      0.88442
    0.890176     0.581473     0.901981
     0.53575     0.310117     0.885156
    0.890152     0.582407     0.902005
    0.536213     0.310122      0.88523
    0.890142     0.582429     0.902018
    0.530932     0.310478     0.893447
    0.529518     0.310113     0.885407
    0.890159     0.584848     0.901968
    0.529142      0.31012     0.885542
    0.890187      0.58648     0.901913
    0.526911      0.31014     0.885995
    0.890226     0.588906     0.901836
    0.890241     0.590528     0.901801
    0.890232     0.592136       0.9018
    0.517931     0.310268     0.888679
    0.890212     0.592275     0.901824
    0.516525     0.310288     0.889106
    0.890169     0.594662     0.901875
    0.514253     0.310319      0.88977
    0.890146     0.596257     0.901908
    0.890123     0.597854     0.901944
    0.890093     0.600247     0.901998
    0.505134     0.310431     0.892501
    0.890092     0.602802     0.902024
    0.504819     0.310435     0.892632
     0.89013     0.604424     0.901993
    0.500975     0.310421     0.892435
    0.890188     0.606059     0.901939
    0.497735     0.310449     0.892982
    0.890279     0.608494     0.901854
     0.49648     0.310465     0.893302
    0.890284     0.608535     0.901846
    0.495215     0.310482      0.89362
    0.890327     0.610161     0.901806
    0.491892      0.31053     0.894387
    0.890343     0.612563     0.901801
    0.488663     0.310572      0.89502
    0.890328     0.612704     0.901826
     0.48513     0.310625     0.895992
    0.488554     0.310563     0.894865
    0.890298     0.615884     0.901892
    0.890276     0.618271     0.901944
    0.481221      0.31099     0.904452
    0.481702     0.310974     0.904098
    0.890297     0.618286     0.901922
    0.478963     0.311021     0.905075
    0.890282      0.61988     0.901958
    0.476667     0.311043     0.905545
    0.473573     0.310008     0.880534
    0.890275     0.622404     0.901991
    0.469418     0.310046     0.881216
    0.890329     0.624815     0.901942
      0.4707     0.310916     0.902171
    0.469098     0.310049     0.881234
    0.890344     0.624856      0.90193
    0.469404     0.310932     0.902386
    0.466855     0.310068     0.881553
    0.890406     0.626489     0.901868
    0.467136     0.310958     0.902738
    0.461748     0.310112     0.882331
     0.89053     0.630505     0.901738
    0.464912     0.310979     0.903027
    0.460388     0.310134       0.8827
    0.890528     0.630533     0.901743
    0.461792     0.311006      0.90352
    0.458093     0.310165     0.883264
    0.890533     0.632269     0.901748
    0.890535     0.630554     0.901742
    0.457469     0.311073     0.904905
     0.45583     0.310196     0.883805
    0.890539     0.632276     0.901747
    0.456017      0.31111     0.905698
    0.453575     0.310221      0.88427
    0.890509     0.635448     0.901804
     0.45318     0.310231     0.884417
    0.890491     0.637831     0.901858
    0.450941     0.310248      0.88472
    0.890494     0.638626     0.901863
     0.44587     0.310295     0.885487
    0.890478     0.639419     0.901894
    0.443612     0.310326     0.885919
    0.890472      0.64194     0.901934
    0.443308     0.310332     0.885979
    0.890526     0.644375     0.901887
    0.438089     0.310391     0.887104
     0.89055     0.645195     0.901857
     0.43581     0.310416     0.887624
     0.89062     0.647614     0.901772
    0.433533     0.310444     0.888176
    0.890673     0.650026     0.901704
    0.430216      0.31049     0.889085
    0.890666     0.650036     0.901711
     0.89063     0.653344      0.90176
    0.422298     0.310624      0.89164
    0.890617     0.653328     0.901775
    0.419982     0.310664     0.892399
    0.890554     0.655692     0.901851
    0.419608     0.310671     0.892549
    0.890571     0.655678     0.901828
    0.417306     0.310705     0.893239
    0.890476     0.658832      0.90193
    0.416013     0.310724     0.893623
    0.890438     0.659738     0.901975
    0.890457     0.658816     0.901956
    0.412697     0.310763     0.894496
    0.890425     0.662119     0.901971
    0.409452     0.310795     0.895159
    0.890433     0.662924     0.901951
    0.407175     0.310817     0.895556
    0.890468     0.665327     0.901874
    0.403977     0.310847     0.896063
    0.890484     0.666136      0.90184
    0.399815     0.310885     0.896807
    0.890496     0.668529      0.90178
    0.398467     0.310899     0.897119
    0.890482     0.670114     0.901771
    0.396175     0.310926     0.897681
    0.890466     0.670223     0.901792
    0.890362     0.673369     0.901878
    0.390344     0.311024     0.899596
    0.890343     0.674138     0.901889
    0.384871     0.311126      0.90148
    0.890267     0.675686     0.901942
    0.905389     0.687675     0.842496
    0.384659     0.311125     0.901483
    0.890096     0.677191     0.902031
    0.904005     0.687778     0.841567
    0.382202     0.311165     0.902236
    0.889957     0.678025     0.902125
    0.379901       0.3112     0.902891
    0.889427     0.679322     0.902302
    0.379571     0.311204     0.903007
    0.886511     0.681759     0.903025
     0.37529     0.311257     0.904114
     0.88569      0.68194     0.903168
    0.892571     0.686601     0.855544
    0.372038     0.311287     0.904799
    0.882979     0.682435     0.903631
     0.88925     0.686585     0.856096
    0.370672     0.311297     0.905058
    0.882941     0.682382     0.903591
    0.882902     0.683126     0.895646
    0.883809     0.683242     0.894269
    0.884237     0.683438     0.891806
    0.884302     0.683491     0.891136
    0.884374     0.683547     0.890442
    0.884745     0.683854     0.886637
    0.884792     0.683908     0.885969
    0.884975     0.684092     0.883758
    0.885049     0.684151     0.883048
    0.885139     0.684212     0.882327
    0.885439     0.684414     0.879982
    0.885311     0.684328     0.880934
    0.885405     0.684387      0.88023
    0.885706     0.684594      0.87789
     0.88618     0.684968     0.873852
    0.886403     0.685172     0.871595
     0.88614     0.684942     0.874076
    0.886397     0.685156     0.871783
    0.886479     0.685218     0.871099
    0.886244     0.685107     0.872219
     0.88733     0.685672     0.866124
    0.887107     0.685568     0.867289
     0.88723      0.68563     0.866621
    0.887289     0.685681     0.866064
    0.887924     0.685801     0.864704
    0.887283     0.686622     0.856009
    0.368384     0.311312     0.905451
    0.879835     0.682444     0.903944
    0.886298     0.686665     0.855735
    0.366109     0.311326     0.905844
    0.879808     0.682451     0.903943
    0.877464     0.682415     0.904056
    0.886253     0.686679     0.855709
    0.361958     0.311353     0.906626
    0.876413     0.682403      0.90408
    0.882272     0.686758     0.855261
    0.361402     0.311356     0.906741
    0.361568     0.311355     0.906701
    0.873412      0.68237     0.904152
    0.879599     0.686833     0.854898
      0.8792     0.686852     0.854698
    0.358199     0.311379     0.907362
    0.871409     0.682355     0.904179
    0.877546      0.68689      0.85439
    0.881408     0.690385     0.810307
    0.883516     0.690474     0.809271
    0.871023     0.682355     0.904129
    0.875988     0.686923     0.854022
    0.876329     0.686919     0.854045
    0.866048     0.682366     0.904205
      0.8724     0.686991     0.852936
    0.872752     0.686996     0.852906
    0.866036      0.68235     0.904231
    0.872029     0.686999     0.852781
     0.87081     0.687031     0.852207
    0.872732     0.688652     0.831016
    0.862746     0.682401     0.904164
    0.869336     0.687043     0.851788
    0.867343     0.687076     0.850922
    0.870423     0.688577     0.831711
    0.859823     0.682434     0.904159
     0.86586     0.687082     0.850512
    0.864615     0.687103      0.84996
    0.868197     0.688525     0.832184
    0.856897     0.682464     0.904149
    0.856583     0.682474     0.904106
    0.863114     0.687111     0.849563
    0.863422     0.687117     0.849566
    0.865998     0.688513     0.832271
    0.856541     0.682484     0.904102
      0.8635     0.687111     0.849682
    0.861432     0.687142     0.848903
    0.852613     0.682522     0.904156
    0.859245      0.68718      0.84814
    0.859468     0.687176     0.848201
    0.861848     0.688588     0.831674
    0.863028     0.689753      0.81905
    0.866388     0.693032     0.782119
    0.849695     0.682564     0.904155
    0.850328     0.682558     0.904107
    0.856677     0.687261     0.846994
    0.856179     0.687285     0.846696
    0.858225     0.688706     0.830739
    0.864826     0.690164     0.814414
    0.858896     0.689438     0.822932
    0.863097     0.689818     0.818382
    0.328683     0.311756     0.916482
    0.850275     0.682566     0.904109
     0.85488     0.687343     0.846081
    0.853012      0.68745     0.844979
    0.870522     0.689953     0.815914
    0.857138     0.688693     0.831065
    0.855247     0.688991     0.828183
    0.853975     0.688704     0.831454
    0.861512     0.689764     0.819124
    0.846412     0.682611     0.904078
    0.852481     0.687474     0.844772
    0.851367     0.687551      0.84398
    0.855818     0.688801      0.83011
    0.855232     0.688989       0.8282
    0.855346      0.68907     0.827348
    0.859377     0.692803     0.783787
    0.845397      0.68262     0.904066
    0.843119     0.682657     0.904005
    0.850156     0.687615     0.843387
    0.849762     0.687663     0.842963
    0.858198     0.692767     0.784036
    0.843028      0.68265     0.904019
    0.849932     0.687644     0.843221
    0.850165     0.687634     0.843257
    0.850869     0.689144     0.827132
    0.855865     0.692693     0.784538
    0.838127     0.682643     0.904096
    0.847745     0.687811     0.841727
    0.846625     0.687901     0.840916
    0.844891      0.68804     0.839631
    0.849447     0.689236       0.8263
    0.853567      0.69263     0.784948
    0.838036     0.682641     0.904093
    0.835805     0.682626     0.904045
    0.845062     0.688018      0.83989
    0.844011      0.68811     0.839024
    0.848107     0.689333       0.8254
    0.846927     0.689561     0.823143
    0.851349     0.692593     0.785098
      0.8357     0.682625     0.904057
    0.843506     0.688133     0.838857
    0.843102     0.688179      0.83844
    0.846123     0.689751     0.820981
    0.846141     0.689816      0.82021
      0.8481     0.690767     0.808681
    0.308937     0.311832       0.9196
    0.800715     0.704459     0.649396
    0.832722     0.682587     0.904081
    0.842626     0.688203     0.838248
    0.840851     0.688337     0.836992
    0.839067      0.68849     0.835675
    0.842982     0.690135     0.816085
    0.841636     0.690391     0.812443
    0.846098     0.692576      0.78492
    0.830375     0.682556     0.904043
    0.838601     0.688509     0.835471
    0.837574     0.688595     0.834548
     0.83977     0.690385     0.812111
    0.843909     0.692553     0.785233
    0.829293     0.682538     0.904073
    0.837115     0.688609     0.834375
    0.836712     0.688646     0.833929
    0.843795     0.692544     0.785224
    0.843897     0.692549     0.785172
    0.825295     0.682465      0.90418
    0.834036     0.688812     0.831788
    0.834262     0.688811     0.831822
    0.837449       0.6903     0.812797
    0.837735     0.690341     0.812307
    0.836475     0.690489     0.810089
    0.822318     0.682425     0.904196
    0.821988     0.682425     0.904147
     0.83265     0.688891     0.830612
    0.831027     0.688983     0.829098
    0.830637     0.689015     0.828602
    0.835618     0.690809     0.805868
    0.835519     0.690895     0.804771
    0.819028     0.682399     0.904148
    0.830242      0.68902     0.828455
    0.829853     0.689051      0.82796
    0.818899     0.682395     0.904184
    0.827257     0.689173     0.825725
    0.827484     0.689178     0.825749
    0.816573     0.682388     0.904124
     0.82728     0.689181     0.825694
    0.824624     0.689363     0.822886
    0.836785     0.692741     0.783965
    0.813542     0.682394     0.904159
    0.824305     0.689375     0.822713
    0.824455     0.689366      0.82283
    0.822999     0.689496      0.82111
    0.813469     0.682378     0.904199
    0.822684     0.689508     0.820941
    0.821774       0.6896      0.81982
    0.820927     0.689706     0.818635
    0.823269     0.691952     0.794179
    0.808295     0.682444     0.904095
    0.821654     0.689595       0.8198
    0.819281     0.689915     0.816535
    0.818481     0.690033     0.815295
    0.823236     0.691967     0.794114
    0.807256     0.682457     0.904105
    0.817859     0.690103     0.814634
    0.817553     0.690159     0.814079
    0.819973     0.691973     0.794518
    0.806218     0.682472     0.904108
    0.816454     0.690299     0.812721
    0.814709     0.690565     0.810028
    0.814872     0.690554     0.810207
    0.818852     0.691962     0.794804
    0.802045     0.682533     0.904019
    0.814634     0.690575     0.810051
    0.813824     0.690703     0.808808
    0.813025     0.690833      0.80755
     0.80003     0.682553      0.90406
    0.812794     0.690852     0.807402
    0.812934     0.690837     0.807623
    0.812637     0.690896     0.807088
     0.79707     0.682582     0.904097
    0.811291      0.69112     0.804827
    0.810133     0.691336     0.802683
    0.810259     0.691312     0.802886
     0.79665     0.682597     0.904043
    0.808951     0.691535      0.80059
    0.808375     0.691665     0.799074
    0.807518     0.691868     0.796532
    0.807605     0.691849     0.796767
     0.79278      0.68264     0.904032
    0.807409     0.691839      0.79687
    0.807651     0.691843     0.796873
    0.805489     0.692109      0.79321
    0.790716      0.68266     0.904034
    0.805305     0.692072      0.79368
    0.786486     0.682665     0.904014
    0.786326      0.68266     0.904048
    0.247921     0.311277     0.909135
    0.247416     0.311272     0.909014
    0.783332     0.682636       0.9041
    0.244132     0.311247     0.908362
    0.779097     0.682586     0.904036
    0.797922     0.693405     0.775441
    0.797413      0.69342     0.775243
    0.796129      0.69375     0.771845
     0.77705      0.68255     0.904063
    0.796248     0.693572     0.773548
    0.796018     0.693764     0.771552
    0.795515     0.694056     0.768597
    0.794449     0.694397     0.764966
    0.794582     0.694367     0.765349
    0.776891      0.68255     0.904078
    0.777495     0.682567      0.90402
    0.793961     0.694536     0.763597
    0.793835     0.694599     0.762953
      0.7726     0.682482     0.904077
    0.793298     0.695229     0.756276
    0.770528     0.682453     0.904139
    0.767549     0.682424     0.904164
    0.767206     0.682427     0.904109
     0.76613     0.682421       0.9041
    0.764105     0.682416     0.904114
    0.763954     0.682409     0.904102
     0.76078     0.682445     0.904043
    0.758757     0.682462     0.904069
    0.756715     0.682479      0.90412
    0.755638     0.682491     0.904129
     0.75438     0.682511     0.904079
    0.751456     0.682548     0.904058
    0.747613     0.682606     0.904035
    0.746211     0.682632     0.903985
    0.745128     0.682647     0.904004
    0.742175     0.682686     0.904036
    0.739769     0.682715     0.903964
    0.739658     0.682706     0.903995
    0.733854     0.682688     0.903973
    0.731451     0.682665     0.903946
    0.730306      0.68265     0.903991
    0.729155     0.682634     0.904041
    0.723941     0.682556     0.904033
    0.722799     0.682537      0.90406
    0.722587     0.682536     0.904081
    0.717399     0.682466     0.904049
    0.717172     0.682458      0.90408
    0.712329     0.682441     0.904154
    0.710871     0.682445     0.904098
    0.706973     0.682493      0.90407
    0.703114     0.682528     0.904056
    0.703525     0.682542     0.904007
     0.70055     0.682569     0.904054
    0.697591     0.682596     0.904077
    0.696163     0.682626     0.904006
    0.693234     0.682664     0.903992
    0.689359     0.682731     0.903948
    0.690884     0.682701     0.903916
    0.686954     0.682738     0.903928
    0.684866     0.682726     0.903988
    0.683712     0.682717     0.904011
    0.684276     0.682725     0.903965
    0.682205     0.682709      0.90398
    0.677368     0.682637     0.904004
    0.674373     0.682585     0.904017
    0.673081     0.682564     0.903985
    0.672828     0.682561     0.904003
    0.671631     0.682538     0.904057
    0.668617     0.682489     0.904103
    0.667338     0.682477     0.904063
    0.662553     0.682461     0.904049
    0.662301     0.682454     0.904087
    0.658948     0.682489     0.904018
    0.657795     0.682494     0.904044
    0.654821     0.682527     0.904093
    0.649716     0.682583      0.90401
    0.649504     0.682595     0.904017
    0.646569     0.682628     0.904004
    0.644193     0.682666     0.903929
    0.641239     0.682708     0.903957
    0.640076     0.682716     0.903991
    0.635827     0.682761     0.903903
    0.632862     0.682742     0.903905
    0.632571     0.682736     0.903936
    0.630121      0.68271     0.903878
    0.626162     0.682641     0.903969
    0.624948     0.682621     0.904011
     0.62067     0.682556     0.903971
     0.61857     0.682527     0.903996
    0.615586     0.682501     0.904003
    0.616111     0.682507     0.903954
    0.612236     0.682501     0.903971
    0.611031     0.682497     0.904019
    0.607995     0.682523     0.904049
    0.604693     0.682558     0.903973
    0.602636     0.682582     0.903982
    0.599701     0.682624     0.903962
    0.598448     0.682648     0.903906
    0.598195     0.682661     0.903909
     0.69522     0.748807     0.130286
    0.594324     0.682708     0.903953
    0.695484     0.748791     0.130619
    0.692856     0.748487     0.133959
     0.69362     0.748591     0.132766
    0.594054     0.682713     0.903962
    0.591902     0.682742     0.903893
    0.694042     0.748656     0.132096
    0.694799     0.748751     0.131015
    0.695309     0.748809     0.130356
    0.695504     0.748811     0.130365
    0.589857     0.682763      0.90387
    0.695428     0.748793     0.130654
    0.693023     0.748529     0.133538
    0.693757     0.748626     0.132428
    0.586838      0.68277     0.903865
    0.693877     0.748633      0.13241
     0.69439     0.748692     0.131751
    0.694897      0.74875     0.131101
    0.586543     0.682767     0.903853
    0.587132     0.682772     0.903796
    0.695407     0.748814     0.130411
    0.692904     0.748535     0.133486
    0.693345     0.748589     0.132883
    0.581361     0.682733     0.903855
      0.6907     0.748283      0.13632
    0.691045     0.748314     0.135979
    0.694367     0.748684     0.131881
    0.579214     0.682704     0.903924
    0.695354     0.748821     0.130386
    0.690038     0.748229     0.136878
    0.690504     0.748288     0.136209
     0.69069     0.748296     0.136145
    0.577092     0.682673     0.903946
     0.57492     0.682639     0.903914
    0.691055     0.748352     0.135523
    0.690766     0.748279     0.136406
    0.691102     0.748313     0.136041
    0.694908     0.748763     0.131055
    0.572801     0.682606     0.903928
    0.694355     0.748794     0.130557
    0.695184     0.748914     0.129169
    0.694583     0.748795     0.130584
    0.571562     0.682588     0.903963
    0.569075      0.68256     0.903908
    0.564261     0.682512     0.903982
    0.563031     0.682506     0.904022
     0.55877     0.682555     0.903926
    0.555831     0.682591     0.903905
    0.552867      0.68262     0.903914
    0.553104     0.682641     0.903858
    0.550108     0.682669      0.90391
    0.548003     0.682692     0.903959
    0.543807     0.682754      0.90389
    0.540809       0.6828     0.903873
    0.538714     0.682805     0.903885
    0.536226     0.682799     0.903829
    0.533192     0.682765      0.90389
    0.531042     0.682733     0.903936
    0.527641     0.682687     0.903881
    0.524621     0.682636     0.903905
    0.542617     0.726651     0.388424
    0.521605     0.682592     0.903922
    0.522089     0.682603     0.903872
    0.519077      0.68257     0.903895
    0.537299     0.726324       0.3925
     0.51604      0.68255     0.903963
     0.51392     0.682552     0.903986
    0.516128     0.682543     0.903946
    0.254573     0.497072     0.174524
     0.25449     0.497126      0.17473
    0.538846     0.725571     0.400519
    0.528079     0.724653     0.412087
    0.511391     0.682578     0.903914
    0.540292     0.726347     0.392046
    0.534406     0.725857     0.397996
     0.50843     0.682607     0.903913
    0.256526     0.497973     0.169699
     0.53259     0.724893     0.408876
    0.506348     0.682628     0.903899
     0.50597     0.682638     0.903843
    0.534316     0.724959      0.40785
     0.52949     0.724692     0.411542
    0.531035     0.725116     0.406634
     0.52582     0.724083      0.41868
    0.538647     0.725679     0.399408
     0.50388     0.682665     0.903846
     0.50089     0.682698     0.903889
    0.527152     0.723373     0.426265
    0.516354      0.72191     0.443599
    0.528354     0.723741     0.422006
    0.536305     0.724746     0.410181
     0.49621     0.682757     0.903869
    0.495823     0.682765     0.903805
    0.491997      0.68282     0.903748
    0.532177     0.723805     0.421447
    0.527931     0.723108     0.429606
    0.492497     0.682792     0.903809
    0.490879     0.682803     0.903735
    0.488681     0.682807     0.903758
    0.483867     0.682766     0.903866
    0.481712     0.682738     0.903887
    0.481307     0.682736     0.903844
    0.479138     0.682699     0.903872
    0.478712     0.682698     0.903908
    0.471817     0.682593     0.903851
    0.468782     0.682565     0.903903
    0.466623     0.682559     0.903951
    0.463208     0.682598     0.903881
    0.461094     0.682618     0.903888
    0.458981      0.68264     0.903899
    0.454776     0.682697     0.903818
    0.451794      0.68274     0.903851
    0.451401     0.682752     0.903877
    0.443765     0.682857     0.903753
    0.444159     0.682839     0.903793
    0.441166     0.682839     0.903803
    0.438608     0.682826     0.903757
     0.43728     0.682812     0.903805
    0.433351     0.682753      0.90388
    0.429907     0.682705     0.903836
    0.426868      0.68266     0.903866
    0.424692     0.682631     0.903884
    0.420842       0.6826     0.903848
    0.421254     0.682602     0.903851
    0.418216     0.682595     0.903916
     0.41601     0.682612     0.903939
     0.41391     0.682643     0.903878
    0.410113     0.682686     0.903817
    0.410537     0.682691      0.90386
    0.408436     0.682724     0.903832
    0.402974     0.682802     0.903747
    0.402501      0.68279     0.903784
     0.39862     0.682851     0.903834
    0.401601     0.682805     0.903843
    0.398633     0.682827     0.903791
    0.395601     0.682855      0.90377
    0.450212     0.714396     0.534888
    0.390916     0.682839     0.903767
     0.44974      0.71438     0.534922
    0.390433     0.682833     0.903767
    0.390009     0.682833     0.903716
    0.448333     0.714383     0.535026
    0.386092     0.682773     0.903779
    0.447906     0.714394     0.535035
    0.386426     0.682784     0.903808
    0.440599     0.714333     0.535649
    0.381649     0.682696     0.903876
    0.381218     0.682694      0.90383
    0.441085     0.714349     0.535575
    0.376495     0.682631     0.903841
    0.373471     0.682615     0.903857
    0.370842     0.682631     0.903788
    0.368679      0.68265     0.903817
    0.421627     0.713925     0.537397
    0.365673     0.682684     0.903855
    0.421171     0.713936     0.537409
    0.362304     0.682738      0.90377
    0.418762     0.713917     0.537612
     0.36017      0.68277     0.903769
    0.416471     0.713942     0.537581
    0.356362     0.682822     0.903753
    0.353823     0.682866     0.903682
    0.353326     0.682869     0.903713
     0.34857      0.68291     0.903755
    0.344288      0.68288     0.903692
    0.342902     0.682858     0.903726
    0.338997     0.682786     0.903757
    0.336328     0.682738     0.903731
    0.350712     0.691437     0.803471
    0.351028     0.691532     0.802321
     0.33069     0.682646     0.903861
     0.34767     0.691183     0.806179
    0.348455     0.691236     0.805639
     0.35005     0.691334     0.804664
    0.351069     0.691473     0.803102
    0.350924     0.691512     0.802598
    0.350645     0.691523     0.802441
    0.350263     0.691509     0.802568
     0.34984     0.691483     0.802846
    0.354077      0.69323     0.780941
    0.353815     0.693226     0.780947
    0.352226     0.692497     0.790077
    0.353002     0.693317     0.779646
    0.352838     0.693215     0.780935
    0.353061     0.693304     0.779833
    0.353097     0.693229     0.780805
    0.353252       0.6933     0.779929
    0.353368     0.693364     0.779138
     0.35316     0.693246     0.780633
    0.353297     0.693313     0.779798
    0.353171     0.693209     0.781109
    0.353211     0.693262     0.780443
    0.352936     0.693261     0.780415
     0.35249     0.693226     0.780774
     0.35265      0.69329     0.779993
     0.35549     0.694453     0.765668
    0.355471       0.6945     0.765082
    0.355489     0.694562     0.764313
    0.355374     0.695195     0.756925
    0.355628     0.695452     0.753992
    0.355622      0.69505     0.758493
    0.355232     0.694751     0.761925
    0.354535     0.694413     0.766002
    0.354368      0.69443     0.765764
    0.354613     0.694646     0.763085
    0.355004      0.69489     0.760162
    0.356899     0.695719     0.750869
    0.355933     0.696275     0.744873
    0.282691     0.684636     0.881814
    0.354642     0.695871     0.749286
    0.357706     0.696588     0.741252
    0.358211      0.69672     0.739739
    0.359115     0.697242     0.734087
    0.359567     0.697524     0.730955
    0.358592     0.696935     0.737321
    0.359039     0.697224     0.734245
    0.359865     0.697729     0.728723
    0.359562     0.697573     0.730466
    0.360437      0.69808      0.72483
    0.359724     0.697698     0.729091
    0.360688     0.698221     0.723291
    0.360059     0.697852     0.727383
    0.361024     0.698378     0.721574
    0.360807     0.698237     0.723164
     0.36238     0.699166     0.712673
    0.362495     0.699236     0.711902
     0.36151     0.698664     0.718464
    0.361989     0.698948     0.715268
    0.362847     0.699447     0.709588
    0.330985      0.68265     0.903876
    0.345553     0.691084     0.807039
    0.366462     0.701572     0.685338
    0.366556     0.701632     0.684584
    0.366654     0.701694     0.683822
    0.366437     0.701563     0.685409
    0.366564      0.70163     0.684595
    0.366692     0.701696     0.683786
    0.366447     0.701557     0.685443
    0.366559     0.701621      0.68467
    0.366672     0.701685     0.683891
    0.367113     0.701945     0.680723
    0.367218     0.702007     0.679952
    0.367322      0.70207     0.679183
     0.36776     0.702326     0.676016
    0.367868     0.702388     0.675244
    0.367975      0.70245     0.674474
    0.368426     0.702707     0.671281
    0.368536      0.70277     0.670508
    0.368646     0.702832     0.669735
     0.36909     0.703088     0.666549
    0.369194      0.70315     0.665781
    0.369299     0.703212      0.66501
    0.369722     0.703465     0.661853
    0.369827     0.703527     0.661081
    0.369931      0.70359     0.660311
    0.370354     0.703842     0.657151
    0.370457     0.703904     0.656381
    0.370561     0.703966     0.655613
    0.371005     0.704221     0.652411
    0.371117     0.704283     0.651637
    0.371226     0.704345     0.650867
    0.371336     0.704408     0.650091
    0.371769     0.704662     0.646904
    0.371875     0.704724     0.646134
    0.373367     0.705574     0.635465
    0.373491     0.705641     0.634672
    0.372546     0.705106     0.641373
    0.373358     0.705569     0.635651
    0.373468     0.705632     0.634884
    0.373579     0.705695     0.634114
    0.373333     0.705555     0.635829
    0.373442     0.705617     0.635061
    0.373913     0.705886     0.631804
    0.374025     0.705949     0.631036
    0.373407     0.705599     0.635252
    0.374629     0.706292     0.626975
    0.374744     0.706356     0.626207
    0.373391     0.705586     0.635412
    0.374973     0.706486     0.624669
    0.375486      0.70678     0.621344
    0.375602     0.706847     0.620577
    0.374923     0.706456     0.624887
     0.37543     0.706746     0.621593
    0.375549     0.706812     0.620814
    0.375274     0.706649     0.622549
    0.375378     0.706711     0.621796
    0.375469     0.706771      0.62107
    0.375741     0.706949     0.618906
    0.325908     0.682659     0.903795
    0.339089     0.690833     0.808962
-0.000964502     0.490549     0.807911
    0.322862     0.682689     0.903786
    0.337565     0.690821     0.808869
 -0.00124995     0.492005     0.808628
    0.322339     0.682686       0.9038
    0.320274     0.682715     0.903724
    0.335117     0.690785     0.808935
 -0.00136638     0.492902     0.808918
    0.316437     0.682744      0.90373
    0.332799     0.690756     0.808971
 -0.00147885     0.496005     0.809149
    0.315924     0.682759     0.903765
    0.332241     0.690744     0.809014
 -0.00152654     0.498512     0.809208
    0.311273     0.682816     0.903774
    0.310036     0.682844     0.903705
    0.326283     0.690797     0.808759
 -0.00154048     0.500909       0.8092
    0.311189     0.682836     0.903722
    0.324128     0.690827     0.808726
 -0.00153855     0.502592      0.80918
    0.306547     0.682887     0.903691
    0.319428     0.690883     0.808647
 -0.00153189     0.504278     0.809148
     0.30187     0.682915     0.903654
    0.304788     0.682908     0.903603
    0.317723     0.690924     0.808556
 -0.00153311     0.503805     0.809156
    0.299187     0.682891     0.903654
    0.314665     0.690963     0.808557
 -0.00151733      0.50765      0.80907
    0.296081     0.682841     0.903744
    0.312408     0.690991     0.808592
 -0.00151668     0.510053     0.809018
       0.293     0.682787     0.903783
    0.293383       0.6828     0.903725
    0.309001     0.691032     0.808636
 -0.00151117     0.510295     0.809007
    0.290321     0.682752     0.903742
    0.305767     0.691036     0.808756
 -0.00155102     0.514126     0.808967
    0.288076      0.68272     0.903777
    0.303427     0.691014     0.808863
 -0.00157943     0.515795      0.80897
    0.282938     0.682665     0.903729
    0.300244     0.690969     0.808977
 -0.00161792     0.517563     0.808999
    0.281521     0.682655     0.903763
    0.297093     0.690923      0.80903
    0.296693      0.69092     0.809003
 -0.00166641     0.519945     0.809048
    0.278418     0.682671     0.903823
    0.293557     0.690873     0.809039
 -0.00169416     0.521609     0.809081
     0.27867     0.682632     0.903845
    0.275811     0.682708     0.903773
    0.291237     0.690835     0.809092
 -0.00171504     0.523274     0.809108
     0.27038     0.682777     0.903734
    0.288075     0.690786     0.809144
 -0.00173669     0.525662     0.809147
    0.268206     0.682809     0.903742
    0.282925      0.69076     0.809092
 -0.00174619     0.527331     0.809168
    0.265619     0.682855     0.903659
    0.281508     0.690764     0.809101
 -0.00175738     0.528999     0.809192
    0.262606     0.682893     0.903686
    0.278427     0.690815     0.809065
 -0.00177392     0.531386     0.809231
    0.257916     0.682934     0.903729
    0.275022     0.690875     0.808886
 -0.00177369     0.535343     0.809271
    0.257685      0.68293     0.903665
    0.272054      0.69092     0.808779
 -0.00178522     0.534853     0.809275
    0.250566     0.682857     0.903657
    0.269089     0.690967     0.808674
    0.268631      0.69098     0.808612
 -0.00176008     0.537252     0.809254
    0.251563     0.682872     0.903697
     0.26566      0.69103     0.808525
 -0.00173757     0.538933     0.809226
     0.24887     0.682843     0.903625
    0.264253     0.691045     0.808541
 -0.00170875     0.540617     0.809189
    0.245764     0.682795     0.903692
    0.261069     0.691077     0.808598
 -0.00166098     0.543022     0.809132
    0.241014     0.682715     0.903789
    0.256717     0.691063     0.808645
 -0.00162521     0.544707     0.809089
    0.238306     0.682686     0.903741
    0.252704     0.691001      0.80872
 -0.00158864     0.546392     0.809048
    0.233632     0.682709     0.903726
    0.250357     0.690957      0.80877
 -0.00154001     0.548794        0.809
    0.233852     0.682673     0.903762
    0.247209     0.690904     0.808779
    0.246814     0.690901     0.808751
  -0.0015104     0.550473      0.80898
     0.22801     0.682788     0.903646
    0.243703     0.690862       0.8087
 -0.00148483     0.554304      0.80898
    0.222547     0.682848     0.903703
    0.240581      0.69083     0.808697
 -0.00149146     0.553915     0.809007
    0.221151     0.682868     0.903713
    0.238307     0.690818     0.808695
    0.237075     0.690826     0.808635
 -0.00149883     0.556296     0.809049
    0.215355     0.682987     0.903568
    0.233972     0.690867     0.808592
 -0.00151002     0.559395     0.809114
    0.212335     0.682983     0.903585
    0.231728     0.690898     0.808601
  -0.0015079     0.560338     0.809124
    0.212454     0.682967      0.90362
    0.210399      0.68296     0.903575
    0.227002     0.690953     0.808586
 -0.00150766     0.561999     0.809151
    0.207306     0.682914     0.903625
    0.224389     0.690999     0.808548
 -0.00150575      0.56366     0.809178
    0.201718       0.6828      0.90376
    0.222104     0.691031      0.80861
 -0.00149634     0.566042      0.80922
    0.204297     0.682858     0.903725
    0.204633     0.682871     0.903674
    0.218942     0.691069      0.80875
 -0.00150756     0.566262      0.80924
    0.201535     0.682813       0.9037
    0.215711     0.691089     0.808898
  -0.0014944     0.568751     0.809278
    0.195252     0.682729      0.90372
    0.212162     0.691069     0.808912
 -0.00148437      0.57116     0.809275
    0.192203     0.682714     0.903716
    0.192534     0.682716     0.903662
    0.209051     0.691033     0.808879
 -0.00147946     0.573545     0.809248
    0.189445     0.682735     0.903676
     0.20355     0.690958     0.808735
  -0.0014752      0.57521     0.809218
    0.184804     0.682787     0.903717
    0.202443      0.69095     0.808672
 -0.00146863     0.577597     0.809165
    0.185002     0.682795     0.903711
    0.182961     0.682828      0.90364
    0.200935     0.690928     0.808675
 -0.00146374     0.579263     0.809124
    0.179964     0.682869      0.90362
    0.191798     0.690831     0.808983
 -0.00146133     0.579485     0.809113
     0.17384     0.683013     0.903559
    0.191927     0.690831     0.809012
 -0.00145301     0.582592     0.809049
    0.173522     0.682975     0.903536
    0.189265     0.690852     0.809045
 -0.00144973     0.584974     0.809017
    0.171211     0.682998     0.903566
    0.186944     0.690873     0.809096
 -0.00145453     0.586632      0.80901
    0.164917     0.682946     0.903679
    0.183865     0.690909     0.809108
 -0.00148829     0.589823     0.809033
 -0.00148503     0.589724     0.809027
    0.162955     0.682925     0.903615
    0.182013     0.690949     0.809021
 -0.00156271     0.593625     0.809101
    0.161448     0.682903     0.903639
    0.176688     0.691038     0.808701
 -0.00156914     0.593833     0.809121
    0.157549      0.68284     0.903674
    0.174509      0.69107     0.808598
    0.173286     0.691097     0.808452
 -0.00156952     0.594038     0.809119
    0.153982     0.682791     0.903626
    0.171867     0.691107     0.808392
 -0.00161854     0.596399     0.809169
    0.152451     0.682767      0.90367
    0.167888     0.691115     0.808382
 -0.00164713     0.598042     0.809198
    0.148565     0.682735     0.903741
    0.164693     0.691083     0.808467
 -0.00167319     0.599685     0.809228
    0.143481     0.682798     0.903629
    0.160224     0.691013     0.808581
 -0.00171032     0.602048     0.809271
    0.138891     0.682844      0.90359
    0.157019     0.690954     0.808652
 -0.00173789      0.60369     0.809303
    0.135891     0.682892      0.90359
    0.154652     0.690913     0.808694
 -0.00178874     0.608312     0.809324
     0.13399     0.682925     0.903539
    0.151514     0.690874     0.808676
    0.150281     0.690868     0.808604
 -0.00177913     0.607805     0.809318
     0.12932     0.682985     0.903613
     0.14719     0.690865     0.808557
 -0.00178098     0.609458     0.809296
    0.126246      0.68299     0.903662
    0.144043     0.690904     0.808546
 -0.00176974     0.611835     0.809251
    0.123502     0.682982     0.903579
    0.137756     0.690978     0.808493
    0.138141     0.690983     0.808436
 -0.00176199     0.612771     0.809228
    0.121982     0.682968     0.903608
    0.135106     0.691033     0.808357
 -0.00173785     0.615153     0.809174
    0.118896     0.682932     0.903615
    0.135246     0.691039     0.808394
 -0.00172005     0.616811     0.809138
    0.116891     0.682915     0.903538
    0.131414     0.691098     0.808298
    0.132561     0.691088     0.808287
 -0.00169752     0.618496     0.809104
    0.111362     0.682809     0.903651
    0.128729     0.691145     0.808205
 -0.00170443      0.61868       0.8091
    0.111367     0.682809     0.903682
     0.12721     0.691161     0.808204
 -0.00164667     0.621814     0.809059
    0.104678     0.682745     0.903652
    0.121484     0.691131     0.808348
 -0.00162555     0.624283     0.809065
    0.101594     0.682773     0.903654
    0.117895     0.691077     0.808445
 -0.00162402      0.62521     0.809078
   0.0985986     0.682828      0.90362
   0.0989021     0.682824     0.903563
    0.114613     0.691015     0.808575
 -0.00165719     0.630441     0.809181
   0.0919823     0.682911     0.903565
    0.112962     0.690983     0.808656
 -0.00163948     0.629932     0.809158
   0.0912616     0.682923     0.903604
    0.104015     0.690867     0.808867
 -0.00163955     0.631573     0.809187
    0.085165     0.683044     0.903588
   0.0861809     0.683016     0.903539
    0.103704     0.690877     0.808757
  -0.0016389     0.633934     0.809235
   0.0823961     0.683037      0.90351
    0.100593     0.690906     0.808713
 -0.00163253     0.634859     0.809249
   0.0800583      0.68301      0.90355
   0.0983284     0.690934     0.808692
 -0.00163264     0.635064     0.809268
   0.0777266     0.682981     0.903564
   0.0772347     0.682979     0.903514
   0.0940452     0.691002     0.808557
  -0.0016496     0.639676     0.809338
   0.0740943      0.68293     0.903565
   0.0909534     0.691048     0.808566
  -0.0016448     0.640601     0.809346
   0.0724899     0.682902      0.90363
   0.0877738     0.691084      0.80866
 -0.00161096     0.642972     0.809324
   0.0678047     0.682817     0.903683
   0.0665246     0.682806     0.903624
    0.084578     0.691114     0.808766
 -0.00156197      0.64535     0.809277
   0.0626782     0.682783     0.903612
    0.080991     0.691133     0.808814
 -0.00153026     0.647006     0.809234
   0.0603279     0.682791     0.903626
   0.0777663     0.691109     0.808893
 -0.00152363     0.647217     0.809224
   0.0552848     0.682854     0.903519
   0.0745366     0.691057     0.808992
  -0.0014891      0.64959      0.80916
    0.053781      0.68288     0.903542
   0.0712966     0.690992     0.809087
 -0.00148142     0.649799     0.809147
   0.0537712      0.68287     0.903588
   0.0667482     0.690908     0.809267
 -0.00143155     0.653637     0.809061
   0.0472266     0.682981     0.903488
   0.0634246     0.690847     0.809535
 -0.00142288     0.656001     0.809029
    0.044179     0.683013     0.903483
   0.0600844     0.690805     0.809837
 -0.00142887     0.657636     0.809027
   0.0410689     0.683043     0.903479
   0.0583736     0.690786     0.810007
 -0.00144702     0.659367     0.809053
   0.0367197     0.683031     0.903419
   0.0582507     0.690755     0.810037
 -0.00147304     0.661716     0.809087
   0.0343203     0.682995     0.903486
   0.0526676     0.690819      0.81043
 -0.00150027     0.664065     0.809126
   0.0295887       0.6829     0.903605
   0.0470327     0.690864     0.810872
 -0.00150584     0.664974     0.809132
    0.022888     0.682814     0.903562
   0.0454316     0.690886     0.810956
   0.0423661     0.690903     0.811015
 -0.00155083     0.668763     0.809202
   0.0181766     0.682806     0.903552
 -0.00154807     0.668949      0.80919
   0.0166489     0.682827     0.903577
 -0.00157103     0.670574     0.809211
   0.0154026     0.682852     0.903517
 -0.00160824     0.672918     0.809236
   0.0153414     0.682813     0.903562
 -0.00162114     0.673207     0.809263
   0.0100262     0.682927     0.903595
 -0.00163337     0.676284     0.809248
  0.00802438     0.682972      0.90354
  -0.0016477     0.675746     0.809256
   0.0034487      0.68301     0.903516
  0.00686356     0.684729     0.807599
   0.0035059     0.683027     0.903629
  0.00134108      0.68304     0.903478
  0.00698642     0.684712     0.807519
 -0.00173514     0.682972     0.903555
  0.00524434     0.684375     0.807596
 -0.00611762     0.682457     0.903931
  -0.0109452     0.681239     0.903981
   0.0112538     0.690174     0.806249
  0.00962827     0.689033     0.806831
  -0.0125602     0.680853     0.904151
  -0.0179659     0.681386     0.892824
  -0.0188044     0.679624     0.899146
  -0.0191099     0.679583        0.897
  -0.0190982     0.679581     0.897872
  -0.0191783     0.679577     0.895373
  -0.0193543     0.679504     0.890973
  -0.0192476     0.679555     0.891995
  -0.0192512     0.679554     0.891163
  -0.0191774     0.679593     0.892116
  -0.0191685     0.679598     0.891293
  -0.0191213     0.679626     0.892381
  -0.0191067     0.679636     0.891574
  -0.0190851     0.679647     0.890751
  -0.0190474     0.679658     0.891822
  -0.0191961     0.679559     0.885204
  -0.0189076      0.67967     0.891668
  -0.0191164     0.679574     0.883301
  -0.0189232     0.679615     0.891573
  -0.0188422     0.679638     0.890557
   -0.018537     0.679815     0.885833
  -0.0191059     0.679572     0.879775
  -0.0186979     0.679791      0.88259
  -0.0190762     0.679671       0.8796
   0.0679671     0.724962     0.841206
   0.0156112     0.692869     0.803141
   0.0135263     0.691702     0.805152
  -0.0196178     0.679458     0.857988
  -0.0184188     0.680095     0.855407