   0.925369    0.748914    0.365197
   0.932366    0.744944     0.38045
   0.917192     0.75372    0.356413
   0.918644    0.752816    0.356397
    0.92009    0.751903    0.356373
   0.921568    0.751022    0.356449
    0.90993    0.757783      0.3561
   0.911619    0.756852    0.356172
   0.913106    0.755992    0.356248
   0.914608    0.755144    0.356317
   0.903234     0.76176     0.35637
   0.906085    0.760034    0.356343
   0.907534    0.759126    0.356241
   0.909009    0.758255    0.356149
   0.898923    0.764185    0.356235
   0.899763    0.763676    0.356254
   0.902059    0.762358    0.356353
   0.932117    0.729253    0.352763
   0.891345    0.768677    0.356448
   0.892819    0.767776    0.356459
   0.895037    0.766391    0.356423
   0.896508    0.765505    0.356349
   0.932237    0.727771    0.353317
   0.932476     0.72631    0.353804
   0.885752    0.771815    0.356267
   0.887237    0.770958    0.356302
   0.888093    0.770454    0.356348
   0.932527    0.724805    0.354173
   0.932598    0.724136     0.35415
   0.878121    0.776275    0.356276
   0.878984    0.775765    0.356309
    0.88106    0.774486    0.356324
   0.883954    0.772756    0.356326
   0.932534    0.723407    0.354204
    0.93261    0.722741    0.354177
   0.872533    0.779422     0.35626
   0.874678    0.778198    0.356199
   0.875514    0.777691    0.356221
   0.877035    0.776854    0.356218
   0.932442    0.721107    0.353958
   0.865402    0.783648    0.356293
   0.867049    0.782672    0.356367
   0.868503    0.781756    0.356383
   0.870601    0.780467    0.356329
   0.860618    0.786313    0.356295
   0.860649    0.786281    0.356256
   0.862967    0.784965    0.356323
   0.865124    0.783759    0.356314
   0.932247    0.714304    0.353437
   0.932316    0.712904    0.353342
   0.923578    0.751144    0.578617
    0.92434    0.750719    0.578133
   0.925724    0.749831     0.57648
   0.856576    0.788592    0.356038
    0.93222    0.712173    0.353372
   0.932301    0.711521    0.353299
   0.918916    0.753759    0.581302
   0.920496    0.752866    0.580354
   0.921915    0.752038    0.579583
   0.923328    0.751235    0.578778
   0.932119    0.709073    0.353117
    0.93217    0.708442    0.352945
   0.913887    0.756798    0.584334
   0.915263    0.755925    0.583528
   0.916624    0.755051    0.582713
   0.917362    0.754607     0.58225
   0.931983    0.706383    0.352735
   0.931996    0.704737    0.352436
   0.906992    0.760648    0.587881
   0.908468    0.759832    0.587155
   0.909923    0.758994    0.586447
   0.912075     0.75779     0.58536
   0.931883    0.704017    0.352424
   0.931956    0.703371    0.352299
    0.90237    0.763427    0.590271
   0.903779    0.762549     0.58953
   0.905284    0.761597     0.58874
   0.906726    0.760744    0.588021
   0.931878    0.701887    0.352374
   0.932005    0.700288    0.352386
   0.897007    0.766478    0.593231
   0.899245    0.765194     0.59196
    0.89999    0.764742    0.591547
    0.93193    0.699545    0.352489
   0.932092    0.698136     0.35261
   0.890318    0.770466    0.596465
   0.891761    0.769576    0.595811
   0.893184    0.768665    0.595174
    0.89529    0.767387    0.594164
   0.932448    0.694244    0.354009
   0.932569    0.693573    0.354026
   0.885561    0.773147    0.598804
   0.887022    0.772305    0.598073
   0.888581      0.7714    0.597298
   0.932505    0.691991    0.354206
   0.932614     0.69133    0.354181
   0.878828    0.777103    0.602168
   0.880267     0.77624    0.601428
   0.881684    0.775344    0.600718
    0.88312    0.774464    0.600013
   0.932521    0.690583    0.354269
   0.932702    0.688372    0.354479
   0.872628    0.780588    0.605095
    0.87482    0.779327    0.604158
   0.876291    0.778472    0.603477
   0.878571    0.777203    0.602307
   0.932628    0.687612    0.354621
   0.866495    0.784255     0.60766
   0.867984    0.783387    0.607017
   0.869432    0.782472    0.606411
   0.870882    0.781558    0.605819
   0.862351    0.786539    0.609443
    0.86315    0.786093    0.609104
   0.863918    0.785625    0.608785
   0.866224    0.784353    0.607788
   0.931677    0.680054    0.351494
    0.85482     0.79103    0.612748
   0.856315    0.790155     0.61213
   0.857759    0.789232    0.611513
   0.859881    0.787896    0.610572
   0.931543    0.678637    0.351407
   0.931644    0.677194    0.351362
   0.849288     0.79413    0.614889
   0.850811    0.793271     0.61431
   0.852318    0.792397    0.613741
   0.854559     0.79113    0.612866
   0.931576    0.676447    0.351472
    0.93169    0.675771    0.351481
   0.843866    0.797381    0.616892
   0.846036    0.796038    0.616105
   0.847507    0.795111    0.615573
   0.849015     0.79423    0.615007
   0.837432    0.800988    0.619018
   0.838997     0.80012    0.618551
    0.84053    0.799229    0.618072
   0.842062     0.79835    0.617556
   0.831912    0.804295    0.620475
   0.833417    0.803366    0.620079
   0.834913    0.802422    0.619703
   0.835722    0.801928    0.619485
   0.826276    0.807476    0.622048
   0.827819    0.806581    0.621642
   0.829365     0.80569    0.621216
     0.9317    0.664438    0.351749
    0.93177    0.663785     0.35168
   0.819183    0.811686    0.623881
   0.820705    0.810758    0.623484
   0.822206    0.809806    0.623113
   0.824433    0.808456    0.622552
   0.931677     0.66305    0.351708
   0.931553    0.660729    0.351144
     0.8135    0.814861    0.625409
   0.815791    0.813563    0.624806
    0.81734    0.812667    0.624403
   0.931381    0.659092    0.350917
   0.931459    0.658419    0.350916
   0.806309    0.819128     0.62637
   0.808562    0.817779    0.626008
    0.81082    0.816367      0.6259
   0.811657    0.815849    0.625775
   0.931407    0.657678    0.350989
   0.931594      0.6562    0.351316
   0.802525    0.821237    0.636706
   0.802873    0.821027    0.627102
   0.804438    0.820122    0.626761
   0.806027     0.81924    0.626429
    0.93168    0.654673    0.351757
   0.931909    0.651596    0.352198
   0.796814    0.824669    0.637502
   0.799041     0.82333    0.637173
   0.799866    0.822787    0.637088
    0.80139    0.821838    0.636889
   0.931948    0.650065    0.352478
   0.932012     0.64938    0.352479
   0.790308    0.828354    0.638635
   0.792593    0.827052    0.638207
   0.794985    0.825677    0.637805
   0.794999    0.825667    0.637781
   0.931997    0.647882     0.35259
   0.932064    0.646424    0.352616
   0.785293    0.831335    0.639324
    0.78625    0.830727    0.639244
   0.788469    0.829362    0.638973
   0.932017    0.646472     0.35263
   0.932054    0.645031    0.352593
   0.777189    0.835941    0.640262
   0.779611    0.834566    0.639981
   0.781166    0.833654    0.639809
   0.783446    0.832354     0.63954
   0.931924    0.643399    0.352362
   0.931944    0.640225    0.352354
   0.771602     0.83927    0.641096
   0.773136    0.838333    0.640891
   0.775353    0.836963    0.640563
   0.776907    0.836052    0.640329
    0.93193    0.639493    0.352418
   0.931978    0.638035      0.3525
   0.764847    0.843023    0.641697
   0.766438    0.842141    0.641564
   0.768002    0.841236    0.641463
   0.770448    0.839858    0.641279
   0.931962    0.638071    0.352512
   0.759126    0.846469    0.642214
   0.760659    0.845525    0.642033
   0.762178    0.844562    0.641894
   0.763867    0.843542    0.641799
   0.932086    0.635076     0.35287
   0.753246     0.84976    0.642735
    0.75498    0.848764    0.642684
   0.756546    0.847868    0.642577
   0.932315     0.63274    0.353569
   0.932391     0.63201    0.353747
   0.745918    0.854099    0.643149
    0.74746    0.853164    0.643009
   0.749139    0.852106    0.642947
   0.750681    0.851162     0.64291
   0.739333    0.857797    0.643587
   0.741601    0.856497     0.64349
   0.743338    0.855496    0.643445
      0.732    0.862155    0.643897
   0.734932    0.860411    0.643678
   0.735087    0.860279    0.643702
   0.737476    0.858811     0.64367
   0.726804    0.865054    0.644067
   0.728372    0.864152    0.644027
   0.729934    0.863246    0.643994
    0.73171    0.862266    0.643943
   0.720153     0.86901    0.644245
     0.7217    0.868079    0.644178
   0.721864    0.867944    0.644221
   0.725608    0.865658    0.644123
   0.713386    0.872846    0.644193
   0.715156    0.871839    0.644232
   0.716717    0.870927    0.644247
   0.719879    0.869124     0.64428
    0.93254    0.614345    0.354268
   0.932579     0.61368    0.354193
   0.707563    0.876254    0.644249
   0.709295    0.875197    0.644354
   0.634304    0.917028    0.356128
   0.932507    0.612958    0.354183
   0.932553    0.612293    0.354104
   0.700076    0.880462    0.644249
   0.702353    0.879175    0.644164
   0.704121    0.878153    0.644238
   0.706378    0.876871    0.644252
   0.932182    0.609985     0.35323
   0.932172    0.609362    0.352972
   0.694985    0.883537    0.643974
    0.69498    0.883515    0.643926
   0.696713     0.88242    0.644144
   0.700477    0.880173    0.644255
   0.687325    0.887895    0.643756
   0.688913    0.887013     0.64383
   0.690692     0.88598    0.643913
   0.692941    0.884683    0.643881
   0.681518    0.891323    0.643456
   0.683712     0.88999    0.643537
   0.685454    0.888916    0.643709
    0.68545    0.888917    0.643671
    0.93206    0.599455    0.352596
   0.675397    0.894782    0.642969
   0.675578    0.894638    0.643023
   0.678744    0.892846    0.643278
   0.931895    0.598432    0.352406
   0.931941    0.597792    0.352253
    0.66712    0.899622    0.642231
   0.668904    0.898559    0.642492
   0.671964    0.896689    0.642852
   0.673514     0.89577    0.642929
   0.931783    0.595606    0.352116
   0.931871    0.594942    0.352068
   0.661891    0.902555    0.641767
   0.662775    0.902027    0.641894
   0.664323    0.901131    0.642066
   0.931782    0.594197    0.352122
    1.01113    0.538647    0.584357
   0.653672    0.907414    0.640692
   0.656738    0.905582    0.641163
   0.657603    0.905018    0.641303
   0.659127    0.904079    0.641467
    1.01103    0.537093    0.584396
     1.0111    0.535373    0.584213
   0.648177    0.910491    0.639897
   0.648411    0.910328    0.639987
   0.651542    0.908556    0.640365
   0.653374    0.907534    0.640683
      1.011    0.533813    0.584259
    1.01109    0.532346    0.584179
   0.639943    0.915301    0.638503
   0.643013    0.913503    0.639055
   0.643888    0.912941    0.639235
   0.645669    0.911856    0.639637
    1.01098    0.531557    0.584224
    1.01103    0.529836    0.584015
   0.564186    0.957579    0.356214
   0.566446    0.956306    0.356158
   0.567962    0.955422    0.356132
   0.568764     0.95496    0.356121
    1.01091    0.528285    0.584034
    1.01099    0.526834    0.583897
   0.628414    0.921961       0.636
   0.560033    0.960008    0.356352
   0.631696    0.919919    0.636827
   0.552722    0.964244    0.356385
    0.55285    0.964173    0.356416
    0.62354    0.924719    0.634966
   0.625687    0.923496    0.635369
   0.545512    0.968506    0.356004
   0.547176    0.967493    0.356068
   0.549351     0.96615    0.356159
   0.550851    0.965271    0.356247
   0.538899    0.972168    0.356244
   0.541353    0.970803    0.356181
    0.54363    0.969522    0.356068
   0.545316    0.968556    0.356074
   0.932186    0.569543    0.353139
   0.932311    0.568862    0.353151
   0.534872    0.974604    0.356227
   0.536353    0.973685    0.356246
   0.537131    0.973178    0.356269
   0.538634    0.972275     0.35627
   0.932237    0.568098    0.353272
    0.93234    0.566634    0.353211
   0.528416    0.978263    0.356236
    0.53067    0.976976    0.356214
   0.532189    0.976096    0.356222
   0.932251    0.565087    0.353288
   0.932355    0.563639    0.353241
   0.521959    0.982078    0.356179
   0.523458    0.981172    0.356163
   0.524934    0.980245    0.356165
   0.526428     0.97934    0.356187
   0.932246    0.562891    0.353277
   0.932233    0.561292    0.352899
    0.51765    0.984487    0.356184
   0.517703    0.984431    0.356218
   0.520896    0.982637    0.356222
   0.932091    0.560566    0.352836
   0.931879    0.557236    0.351902
   0.509729    0.989136    0.356202
   0.511935    0.987808    0.356158
    0.51271    0.987303    0.356183
   0.513484    0.986806    0.356203
   0.931798    0.556821    0.352009
   0.931773     0.55516    0.351614
   0.505429    0.991555     0.35616
   0.506226    0.991096    0.356181
    0.50775    0.990212    0.356223
   0.509469    0.989243    0.356227
    0.93164    0.554434     0.35156
   0.931663    0.553057    0.351314
   0.558543    0.962038    0.610496
   0.501145    0.993916    0.356281
     0.5019    0.993448    0.356218
   0.931541    0.552328    0.351279
   0.931697    0.549058    0.351451
   0.492749    0.998635    0.351647
   0.553983    0.964526    0.608658
     0.5558    0.963494    0.609475
   0.931695     0.54825     0.35175
   0.932087    0.545952    0.352608
    0.49153    0.999368    0.374775
   0.491418     0.99941    0.368619
   0.491356    0.999381    0.361773
   0.491796    0.999102     0.35572
    0.93213    0.544275    0.353015
   0.932306    0.542714    0.353243
    0.49135    0.999362    0.401446
   0.491446    0.999308    0.395745
   0.491525    0.999272    0.386647
   0.491518    0.999307    0.380626
   0.932224    0.541976    0.353267
   0.932295    0.541307    0.353201
   0.491429    0.999404    0.422231
   0.491292    0.999425    0.415951
   0.491205    0.999404    0.409808
   0.491295    0.999339    0.401619
   0.932216    0.540569    0.353223
   0.932107    0.537451    0.352622
   0.491473    0.999296    0.447281
   0.491522    0.999265    0.441367
   0.528986    0.978426    0.597431
   0.931992    0.535936     0.35253
    0.93208    0.535249    0.352539
   0.518506    0.984265    0.592361
   0.520804    0.982921    0.593539
    0.49121    0.999351    0.456513
   0.932009    0.534268     0.35257
   0.932092    0.533581    0.352577
   0.491309    0.999261    0.500394
   0.491416    0.999248    0.494488
     0.4914    0.999232    0.490868
   0.491348    0.999282    0.484453
   0.932187    0.529016    0.352865
   0.490764    0.999249    0.519891
   0.508111    0.989783    0.587269
   0.491241    0.999228    0.500692
   0.932083    0.527272    0.352774
   0.932137    0.526592    0.352744
   0.491063    0.999407    0.523358
   0.490663    0.999229       0.522
   0.546642    0.951116    0.623427
   0.546781    0.951248    0.623274
   0.932085    0.525853    0.352776
   0.932131    0.525168    0.352751
   0.500328    0.991624    0.586158
   0.540788    0.946839    0.628557
   0.932065     0.52366    0.352709
   0.931789    0.520307    0.351741
   0.480786    0.984866     0.59558
   0.499691    0.991506    0.586356
   0.538233    0.944916    0.630758
   0.931674    0.518893     0.35153
   0.931713    0.518198     0.35153
   0.498871    0.991566    0.586206
   0.538466    0.944778    0.630858
   0.931689    0.517463    0.351566
   0.931719    0.516767    0.351571
   0.495553    0.990088    0.588203
   0.496396    0.990439    0.587723
   0.474848    0.984855    0.340576
   0.539707    0.945632    0.629929
   0.931887    0.513489    0.352164
    0.93187    0.512814    0.352073
   0.493267     0.98861     0.59026
   0.538942     0.94492    0.630758
   0.931829    0.512111    0.351994
    0.49267    0.988161    0.590824
   0.468658    0.980946    0.339596
   0.493217    0.988566     0.59015
   0.493497    0.988696    0.589976
   0.469005    0.981127    0.339598
   0.931783    0.506534    0.351967
   0.932128    0.504203    0.352915
   0.492948    0.988302    0.590474
   0.469164    0.981223    0.339651
   0.932171    0.503408    0.353168
   0.932345    0.501835    0.353567
   0.490699    0.986833    0.592514
   0.466518    0.979439     0.33894
   0.932328    0.501075    0.353677
   0.932383    0.499609    0.353686
   0.485016    0.983417    0.596925
   0.490803     0.98708    0.592065
   0.464592     0.97821    0.338682
   0.932313     0.49888    0.353667
   0.932198     0.49722    0.353141
    0.48218    0.981543    0.599217
   0.536751    0.940717     0.63533
   0.534113    0.939002    0.637344
    0.93187    0.494956    0.352357
   0.931851     0.49433    0.352094
   0.481595    0.981085     0.59979
   0.538266    0.940696    0.635007
   0.931572     0.49264    0.351464
   0.931441    0.490981    0.350852
   0.480551    0.980439    0.600622
   0.480939    0.980621    0.600378
    0.54121    0.941891    0.633356
   0.931397    0.490223    0.350944
   0.931484    0.489529    0.350962
    0.48263    0.981668     0.59913
   0.533031    0.938173    0.638338
   0.931578    0.486373    0.351461
   0.931731    0.484848    0.351653
   0.479431    0.979648    0.601624
    0.45613    0.973986    0.340808
   0.931651    0.484103    0.351677
   0.931721    0.483433    0.351614
   0.481721    0.981296    0.599495
   0.481024    0.980661    0.600423
    0.45536    0.973567    0.340866
   0.931636    0.482686    0.351641
   0.931379    0.479379    0.350613
   0.452861    0.972215    0.341004
   0.931321    0.478606    0.350731
   0.931553     0.47628    0.351107
   0.451786    0.971641    0.341103
   0.931479    0.475518    0.351183
   0.931577    0.474838    0.351163
   0.449592    0.970396    0.340993
   0.931502    0.474077    0.351241
   0.447588    0.969198    0.340755
   0.446805    0.968708    0.340614
   0.444655    0.967312    0.340295
   0.931984    0.462882    0.352717
   0.932125    0.462182    0.352782
   0.446111    0.968279    0.340443
   0.932098     0.46055    0.353035
   0.932219    0.459864    0.353038
   0.439084    0.963878    0.339812
   0.932121    0.458334    0.353083
   0.932197    0.457683    0.352952
   0.435226    0.961796    0.340526
   0.931995    0.456327    0.352698
   0.931734    0.453674    0.351564
   0.458842    0.966316    0.618794
   0.434267     0.96129    0.340651
   0.931524     0.45191    0.351285
   0.931613    0.451251    0.351189
   0.458214     0.96588    0.619347
   0.436152    0.962311    0.340236
   0.931504    0.450498    0.351212
   0.931597    0.449057    0.351124
   0.457586    0.965433    0.619912
   0.433336    0.960665     0.34034
   0.931489    0.448301    0.351155
   0.931547    0.445857    0.350981
   0.432593    0.960218    0.340258
   0.931438    0.444262    0.351016
   0.931555    0.442763    0.351016
   0.431836     0.95976    0.340167
   0.931465    0.441992    0.351099
   0.931572    0.441317     0.35107
   0.428421    0.957782    0.339853
   0.931571    0.438847    0.351408
   0.931733    0.437326    0.351547
    0.42872    0.957965    0.339972
   0.428913    0.958066     0.33995
   0.931727    0.434732    0.351864
    0.93187    0.433208    0.351951
   0.426665    0.956764    0.339734
   0.931779    0.432447    0.352003
   0.931871    0.431775    0.351949
   0.427913     0.95753     0.34016
   0.931765    0.430214    0.351949
   0.931828    0.429563    0.351819
    0.42398    0.955092    0.339217
   0.931472    0.426806    0.351074
   0.931482    0.425449    0.350799
    0.42325     0.95461    0.339001
   0.931321    0.423936    0.350635
   0.931391    0.423272    0.350554
   0.422952    0.954331    0.338645
   0.931297    0.422521    0.350569
   0.931392    0.420803    0.350598
   0.931371    0.418355    0.350848
   0.931459     0.41766    0.350875
   0.931411    0.416886    0.350978
   0.931544    0.415322     0.35118
   0.400288    0.943143    0.344947
   0.931661    0.412833    0.351734
   0.931774    0.412091    0.351892
   0.406377    0.945679    0.341961
   0.932029    0.408767    0.352788
    0.93219    0.407174    0.353086
   0.407844    0.946213    0.340991
   0.932162    0.406426    0.353137
   0.932214    0.405718    0.353142
   0.407781    0.946068    0.340635
   0.932191    0.404973    0.353189
   0.932144    0.403555    0.352893
   0.407099    0.945652    0.340537
   0.931872    0.401963    0.352185
    0.93138    0.399546    0.350607
   0.405961    0.945031    0.340616
   0.931065    0.397851    0.349784
   0.930978    0.396382    0.349441
   0.400095    0.941824     0.34073
   0.930962    0.395635    0.349484
   0.930987    0.394925    0.349503
   0.400773    0.942211    0.340847
   0.930982    0.394182     0.34954
   0.400069    0.941814    0.340844
   0.931568    0.389139    0.351255
   0.397471    0.940397    0.340956
   0.931635    0.388342    0.351494
   0.931948     0.38586    0.352339
   0.396887    0.940033    0.340859
   0.932066     0.38418    0.352742
   0.932086     0.38348    0.352717
    0.39622    0.939619    0.340753
   0.932057    0.382742    0.352719
    0.93207    0.381254    0.352646
   0.397896    0.940612    0.340982
   0.931961    0.379467    0.352431
   0.931985    0.377984    0.352375
   0.393064    0.937664    0.340492
   0.655731    0.663222    0.355374
    0.65811    0.660962    0.355409
    0.65829     0.66079    0.355398
    0.66066    0.658454    0.355323
   0.661363    0.657747    0.355279
   0.663109    0.655962    0.355155
    0.66484     0.65416    0.355032
   0.666046    0.652893    0.354968
   0.666736    0.652165    0.354941
   0.669486     0.64926    0.354847
   0.670174    0.648531    0.354816
    0.67137    0.647255    0.354756
   0.673048    0.645415    0.354671
   0.674678    0.643543     0.35461
   0.675787    0.642205    0.354589
   0.931936    0.376426    0.352377
   0.931977    0.375734    0.352349
   0.389814    0.935626    0.340025
   0.642257     0.67457    0.355659
   0.644293    0.673034    0.355484
   0.645055    0.672428    0.355431
   0.647033    0.670832    0.355287
   0.648382    0.669698    0.355208
   0.649724    0.668549    0.355154
   0.651064     0.66739    0.355148
   0.653049    0.665644     0.35525
   0.654932    0.663949    0.355338
   0.676956    0.640747    0.354592
   0.677581    0.639951    0.354599
   0.678675    0.638579    0.354626
   0.681101    0.635454    0.354692
   0.681279    0.635235    0.354696
   0.683552    0.632026    0.354754
   0.684522    0.630587    0.354792
   0.685073    0.629746    0.354816
   0.931928    0.374985    0.352374
   0.931979    0.373199    0.352354
   0.390144    0.935836    0.340147
   0.631667    0.683035    0.355373
   0.632453    0.682436    0.355379
   0.633943    0.681238    0.355472
   0.635894    0.679629    0.355635
   0.637258    0.678494    0.355727
   0.639237    0.676881    0.355797
   0.641334    0.675235    0.355744
   0.685973    0.628379    0.354844
    0.68695    0.626946    0.354838
    0.68753    0.626137    0.354814
   0.688548    0.624742    0.354756
   0.689575    0.623358    0.354681
   0.691468    0.620787    0.354556
   0.692046    0.619982    0.354529
   0.931945    0.371628    0.352448
   0.932075    0.370082    0.352628
   0.390745    0.936177    0.340127
   0.618596    0.693661    0.354836
   0.620016    0.692385    0.355033
   0.621335    0.691229    0.355188
   0.623242    0.689606    0.355344
   0.624608    0.688498    0.355433
   0.626086    0.687321    0.355523
   0.627464    0.686239    0.355524
   0.628855    0.685163     0.35548
   0.631495     0.68315    0.355378
   0.693109    0.618381    0.354512
    0.69513    0.615016    0.354496
   0.695958    0.613523    0.354463
   0.696775    0.612036    0.354422
   0.932234    0.366688    0.353308
   0.932292    0.366003    0.353262
   0.616223    0.695339    0.354828
   0.617643    0.694341    0.354819
   0.618981    0.693178    0.354935
   0.697321    0.610921    0.354425
   0.698942    0.608192    0.354401
   0.699859    0.606744    0.354374
   0.700752    0.605289    0.354327
    0.93222    0.365247    0.353291
   0.932169    0.362781     0.35291
    0.38334    0.931701    0.339787
   0.702009    0.602912    0.354252
   0.702788    0.601413    0.354166
   0.703553     0.59992    0.354071
   0.932055    0.361266    0.352835
   0.932106    0.360604    0.352721
   0.380107    0.929791     0.33937
   0.704678    0.597427    0.353983
   0.705455    0.595896    0.353914
    0.70658    0.593759    0.353832
   0.707337    0.592249     0.35381
   0.932006     0.35986    0.352699
   0.932032    0.358108     0.35249
   0.384437    0.932426    0.339961
   0.707432    0.591928    0.353834
   0.708484    0.589739    0.353832
   0.709211    0.588225    0.353824
   0.931974      0.3565    0.352597
   0.932067    0.355002    0.352575
    0.38342    0.931827    0.339967
   0.710247    0.585623    0.353869
   0.710939    0.584103    0.353849
    0.71161     0.58257    0.353841
    0.93197    0.354244    0.352591
   0.931916    0.351777     0.35212
   0.595216    0.701992    0.357295
   0.596923    0.701022    0.357352
   0.599083    0.699616     0.35736
   0.711626    0.608158    0.756097
   0.711957    0.581486    0.353889
   0.712597    0.579939    0.353891
   0.713255    0.578406    0.353879
   0.931753    0.350013    0.351938
   0.931845    0.349335    0.351888
   0.591704    0.703693    0.357274
   0.593261    0.702888    0.357311
   0.714237    0.575762     0.35393
    0.71491    0.574246    0.353908
    0.93176    0.348567    0.351941
   0.931958    0.347017    0.352185
   0.375401    0.926781    0.338114
    0.58706    0.705687    0.357338
   0.587024    0.705667     0.35738
   0.589673    0.704508    0.357323
   0.715856     0.57151      0.3539
   0.716439    0.569987    0.353817
   0.716955    0.568448     0.35374
    0.93207    0.345339     0.35282
   0.580624    0.708193    0.357683
   0.583073    0.707213    0.357615
   0.584915    0.706414    0.357585
   0.717222    0.567249    0.353741
   0.717773    0.565727    0.353641
   0.577702    0.709259    0.357682
   0.580174    0.708324    0.357664
   0.580124    0.708257    0.357746
   0.718538    0.562982    0.353585
   0.719096    0.561364    0.353494
   0.575308    0.710086    0.357669
   0.575207    0.710032    0.357744
   0.634676     0.64764    0.367538
   0.635097    0.646754    0.367677
   0.720017    0.557855     0.35347
   0.720525    0.556317    0.353437
   0.932535    0.333089    0.353873
   0.570313    0.711726    0.357894
   0.572216    0.711013    0.357923
   0.635539    0.645664     0.36788
   0.636269    0.644117    0.368089
   0.636993    0.642579    0.368273
   0.720566    0.555789    0.353486
   0.721015    0.554222    0.353496
   0.721502    0.552677     0.35349
    0.93241    0.332332    0.353863
   0.932487    0.331682    0.353731
   0.361822    0.919444     0.33993
   0.361935    0.919509    0.339927
   0.568239    0.712398    0.357936
   0.568088    0.712337    0.358028
   0.638056    0.639941    0.368623
   0.638781    0.638404    0.368795
   0.639731    0.636154    0.369115
   0.721906    0.550662    0.353576
   0.722008    0.550583    0.353547
   0.722664    0.548205    0.353523
    0.93233    0.330125    0.353631
   0.932397    0.329483     0.35347
   0.563156    0.713891     0.35809
   0.565134    0.713277    0.358081
   0.565571    0.713062    0.358067
   0.639822    0.635732    0.369211
   0.640504    0.634177    0.369439
   0.641425    0.631919     0.36978
   0.722694    0.547653    0.353573
   0.723333    0.545392    0.353468
   0.932158    0.327668    0.353128
   0.932212    0.327036     0.35293
   0.559973    0.714728    0.358366
   0.560688    0.714422    0.358387
     0.6415    0.631467    0.369884
   0.642152    0.629906    0.370097
    0.64306    0.627648    0.370404
   0.723366    0.544829    0.353489
   0.723905    0.542553    0.353366
   0.724303    0.541043    0.353225
   0.931629    0.323634    0.351556
   0.931682    0.323003     0.35135
   0.361941    0.919447    0.339703
   0.556614    0.715589    0.358469
   0.557352    0.715334    0.358481
   0.560333    0.714507    0.358398
   0.643127    0.627173    0.370512
   0.643987    0.624892    0.370842
   0.724294    0.540454    0.353256
   0.724697    0.538801     0.35312
   0.931503    0.321495    0.351161
   0.931522    0.319745    0.350863
   0.358913      0.9178     0.34008
   0.552091    0.716667    0.358638
     0.5541    0.716056    0.358694
   0.724861     0.53745    0.353139
   0.725141    0.535875    0.353158
   0.725466    0.534324     0.35318
   0.931388    0.318141    0.350824
   0.931484    0.318328    0.350756
   0.361841    0.919422    0.339894
   0.548998    0.717326    0.358826
   0.551698    0.716706    0.358655
    0.55241     0.71645    0.358685
   0.725552    0.532899    0.353304
   0.725897    0.531359    0.353303
   0.931345    0.315714    0.350715
   0.931452    0.315033    0.350688
   0.359273    0.917973    0.339997
   0.546333    0.717908    0.358814
   0.547026     0.71764    0.358883
   0.725977    0.529811    0.353367
   0.726301    0.528282    0.353279
   0.931363    0.314247    0.350771
   0.931523    0.312681     0.35091
   0.356713    0.916525      0.3401
    0.54261    0.718607     0.35889
   0.544674    0.718066    0.359019
   0.726304    0.527663    0.353296
   0.726647    0.525352    0.353187
   0.726802    0.524605    0.353105
   0.931629    0.309231    0.351566
   0.931796    0.307645    0.351743
   0.356998    0.916755    0.340351
   0.540524    0.718996     0.35895
   0.541227    0.718811    0.358965
    0.54194    0.718606    0.358992
   0.726855    0.523185     0.35309
    0.72722    0.520736    0.352947
   0.931716    0.306861    0.351829
   0.931833    0.305315     0.35186
   0.351461    0.913496     0.34009
   0.536715    0.719627    0.359101
   0.539876    0.719013    0.359036
   0.727169    0.520058    0.353017
   0.727461    0.518537    0.352995
   0.931741    0.304548    0.351891
   0.931819     0.30387    0.351822
   0.353327    0.914659    0.340414
   0.534325    0.719959    0.359261
   0.536003    0.719584    0.359233
    0.72743    0.517864    0.353061
   0.727696    0.516333    0.353053
   0.931623    0.302122     0.35151
    0.34883    0.911868    0.339505
   0.532977    0.720128    0.359336
    0.53208    0.720114    0.359439
    0.72797    0.513189    0.352961
   0.728146    0.511685    0.352848
   0.526373     0.72089    0.359749
   0.532277    0.720098    0.359456
   0.728184    0.509428    0.352784
   0.728306    0.508721    0.352708
   0.931434     0.29469    0.350862
   0.931541    0.293976    0.350911
   0.337642    0.906105    0.341498
   0.526533    0.720826     0.35983
   0.527204    0.720698    0.359825
   0.728228     0.50802    0.352741
    0.72842    0.505513    0.352641
   0.931511    0.292347    0.351094
     0.9316    0.291644    0.351107
   0.338359    0.906591     0.34178
    0.52178    0.721284    0.360084
   0.523572      0.7211    0.359934
   0.728336     0.50479    0.352708
   0.728502    0.503282    0.352693
   0.931548    0.290861    0.351199
   0.931663      0.2893    0.351312
   0.339148    0.906868    0.341243
   0.518783     0.72152     0.36017
   0.521078    0.721275     0.36017
   0.728449    0.501736    0.352774
   0.728595    0.500044    0.352659
   0.931812    0.285846    0.351983
   0.931873     0.28515    0.351961
   0.339317    0.906856     0.34092
   0.516267    0.721652    0.360427
   0.518059    0.721488    0.360273
   0.728503    0.499321    0.352695
   0.728635    0.497837    0.352577
   0.931819    0.284384    0.352005
   0.931872    0.283685    0.351988
   0.338718    0.906471    0.340812
   0.513197    0.721811    0.360555
   0.514974    0.721658    0.360461
   0.728548    0.496309    0.352579
    0.72864     0.49483    0.352455
   0.931726    0.280298    0.351757
   0.931734    0.279629    0.351634
   0.510656    0.721889    0.360819
   0.512452    0.721761    0.360666
   0.728527    0.493869    0.352448
     0.7286    0.491555     0.35239
   0.931662    0.278904     0.35156
   0.931432    0.276168    0.350754
   0.337036    0.905366    0.340443
   0.508717     0.72196    0.360822
   0.509308    0.721867    0.360841
    0.72849    0.490799     0.35245
    0.72858    0.489312    0.352421
   0.931345    0.274629    0.350589
   0.931402    0.273891    0.350658
   0.506144    0.721962    0.361099
   0.506737    0.721896    0.361102
   0.728441    0.487727    0.352462
   0.728517    0.486858     0.35235
   0.931408     0.27312    0.350755
   0.931458    0.272383    0.350827
   0.333877    0.903127    0.339305
   0.504164    0.721899    0.361371
   0.728341     0.48526    0.352367
   0.728327    0.482971    0.352267
   0.931681    0.268927    0.351551
   0.329041    0.900113    0.338722
   0.500927    0.721898    0.361574
   0.728155    0.482187    0.352318
   0.728186    0.481322    0.352209
   0.931747     0.26741    0.351745
   0.499605    0.721897    0.361663
   0.500151    0.721817    0.361692
   0.727956    0.479688    0.352259
    0.72792    0.478207    0.352255
   0.938242    0.258116     0.37085
    0.93783    0.257792    0.369591
   0.494977    0.721745    0.362122
   0.496817    0.721716    0.361922
   0.727616    0.475455    0.352273
   0.936458    0.256728    0.365669
    0.93628     0.25659    0.365054
    0.49365    0.721693    0.362241
   0.494103    0.721553    0.362332
   0.727511    0.474699    0.352268
   0.727504    0.474078    0.352217
   0.935124    0.255703      0.3618
   0.933849    0.254681    0.357955
    0.49024    0.721504    0.362511
   0.492041     0.72148    0.362368
   0.727259    0.472443    0.352239
   0.727211    0.471005    0.352144
   0.933557    0.254509    0.357264
   0.933403    0.254388    0.356632
   0.487555    0.721267    0.362862
   0.485951    0.721049    0.363128
   0.759152    0.453727    0.758938
   0.726854    0.469063    0.352102
   0.726912    0.468494    0.352019
   0.932368    0.253723    0.353886
   0.931284    0.253465    0.350518
   0.484562     0.72095    0.363233
   0.726611    0.466819    0.352097
    0.72664    0.466256    0.352036
   0.928285    0.254621    0.342285
   0.922265    0.258834    0.324712
   0.484658    0.721029    0.363029
   0.485927    0.720987    0.363157
   0.726362    0.464583     0.35208
   0.310287    0.890276    0.341337
   0.481075    0.720686    0.363355
   0.481448    0.720548    0.363484
   0.758787     0.44518    0.759795
   0.725916    0.461767    0.352029
   0.726025    0.462069    0.351949
   0.310492    0.890303    0.341077
   0.478263    0.720293    0.363839
   0.480157    0.720429    0.363601
   0.725687    0.460395     0.35199
   0.725399    0.457799    0.351815
   0.311088     0.89047     0.34056
   0.477421    0.720108    0.364013
   0.758481    0.440851     0.76049
   0.725293    0.457862    0.351855
   0.725171    0.456437    0.351803
   0.312564    0.891228    0.340305
   0.471167    0.719272    0.364679
   0.476563    0.719897    0.364211
   0.724829    0.454746    0.351865
   0.313431    0.891805    0.340323
   0.472433    0.719456    0.364553
    0.47274    0.719336    0.364671
   0.724222    0.451841    0.351823
   0.724215    0.451328     0.35174
   0.310621    0.890098    0.340312
   0.469841    0.718868    0.365203
   0.723769    0.449634    0.351751
   0.723506    0.447895    0.351575
   0.309754    0.889571    0.340251
   0.470435    0.719093    0.364889
   0.468977    0.718641    0.365414
   0.723433    0.447952    0.351589
   0.307689    0.888262    0.340001
   0.464528    0.717951     0.36603
   0.469504     0.71878    0.365183
   0.723035    0.446256    0.351593
   0.722834    0.444875    0.351523
   0.468502    0.718703     0.36525
    0.72223     0.44279    0.351461
   0.722226    0.442316    0.351369
   0.464503    0.718004    0.365845
   0.467764    0.718512    0.365429
   0.721762    0.440602    0.351395
   0.730592    0.139798    0.345412
    0.46371    0.717737    0.366095
   0.721359    0.439377    0.351332
   0.720864    0.437116    0.351296
   0.760154    0.160377    0.337251
   0.300035    0.883242    0.338169
   0.459391    0.716836     0.36689
    0.72054     0.43627     0.35134
   0.297617    0.881864    0.338027
   0.450422    0.714399    0.369149
   0.452413    0.714787    0.368817
   0.719862    0.434123    0.351258
   0.719823    0.433688    0.351184
   0.451295    0.714558    0.368979
   0.719243    0.431936    0.351251
   0.450168    0.714311    0.369162
   0.450289    0.714179    0.369317
   0.718497    0.429353    0.351075
    0.44913    0.713887    0.369546
   0.718152    0.428504    0.351112
   0.445958    0.713019    0.370266
   0.448261    0.713585     0.36981
   0.717064    0.424983     0.35102
   0.444801    0.712513    0.370726
    0.71642    0.423204    0.351093
   0.716378    0.422817    0.351019
    0.71558    0.420615    0.350923
   0.704276    0.127535    0.338506
   0.714922    0.418855    0.350976
   0.714877     0.41847    0.350892
   0.758235     0.15816    0.339315
   0.278952    0.871821    0.340238
   0.714339    0.417167    0.350757
   0.721755    0.133782    0.347766
   0.713643    0.415411     0.35079
   0.280684    0.872602    0.339565
   0.712277    0.411886    0.350643
   0.279932    0.872146    0.339532
   0.458888    0.719505    0.364137
    0.71222     0.41197    0.350602
   0.277386    0.870653    0.339506
   0.711421    0.409884    0.350563
   0.271953    0.867633    0.340044
   0.710362    0.407601     0.35046
   0.270497    0.866915    0.340386
   0.709978    0.406771    0.350442
   0.709921    0.406461    0.350367
   0.272306    0.867839     0.34005
   0.361076    0.687215    0.354867
   0.708469    0.403242     0.35031
   0.273294    0.868481    0.340142
   0.374478     0.69357     0.34771
   0.708041    0.402399    0.350315
   0.272073    0.867818     0.34029
   0.372358    0.692489    0.348682
   0.706931    0.399811    0.350082
   0.697531     0.11889    0.349906
   0.705418    0.396613    0.349992
   0.265402    0.863672    0.338972
   0.370387    0.691215    0.348837
   0.704975    0.395763    0.349972
   0.704892    0.395492    0.349917
   0.264466    0.863135     0.33895
   0.704063    0.394048    0.349789
   0.703975    0.393857    0.349936
   0.256092    0.858777    0.340441
   0.701784    0.389906    0.349794
   0.702152    0.390555    0.349699
   0.255563    0.858466    0.340441
   0.700874    0.388173    0.349584
   0.254458    0.857914    0.340718
   0.254882    0.858104     0.34055
   0.700783    0.388021    0.349673
   0.256535    0.858985    0.340339
   0.698617    0.384152     0.34937
   0.699915     0.38634     0.34943
   0.255711    0.858536    0.340424
   0.698017    0.383101    0.349286
   0.253047    0.857018    0.340532
   0.397986    0.705181    0.336088
   0.696991    0.381442    0.349284
   0.695315     0.11948    0.345189
   0.252181    0.856504    0.340518
   0.394057     0.70283    0.337046
   0.696976     0.38148    0.349267
   0.251167     0.85589    0.340467
   0.400341    0.706531     0.33531
   0.694974     0.37809    0.348997
   0.246255    0.852776    0.339819
   0.694001    0.376553     0.34881
   0.247221    0.853397    0.339817
   0.693038    0.374994    0.348713
   0.248018     0.85385    0.339857
   0.390378    0.700685    0.338181
   0.692045    0.373445    0.348494
   0.691954    0.373263    0.348446
    0.24375      0.8513    0.339676
   0.384782    0.697215    0.339786
   0.689702    0.370052    0.348168
   0.244424    0.851776    0.339848
   0.384112    0.696765    0.339907
   0.688508    0.368434    0.348238
   0.243438    0.851171     0.33976
   0.381336    0.694906    0.340299
   0.688468    0.368475    0.348166
   0.377308    0.692099    0.341103
   0.687284    0.366883    0.348231
   0.702165    0.125643    0.339898
   0.233756    0.845429    0.338981
   0.379895    0.693898    0.340535
   0.687212    0.366878    0.348172
   0.680174    0.111022    0.344653
   0.235646    0.846476    0.338756
   0.375307    0.690799    0.341624
   0.373341    0.689487    0.341893
   0.684896    0.363592     0.34795
   0.234397    0.845845    0.339013
   0.231996    0.844489    0.339227
   0.374421    0.690227    0.341862
   0.683309    0.361372    0.347622
   0.231238    0.844041    0.339204
   0.371366    0.688212    0.342437
    0.68211    0.359793    0.347325
   0.230514    0.843603    0.339153
   0.373032    0.689259    0.342129
    0.68223    0.359882    0.347384
   0.228126     0.84219     0.33909
   0.372306    0.688754    0.342271
    0.67964    0.356648    0.346945
   0.227327    0.841725    0.339108
   0.369443      0.6868    0.342736
   0.369573    0.686886    0.342703
   0.678156    0.355013    0.346708
   0.222993    0.839221    0.339113
   0.368706    0.686267    0.342861
   0.677503    0.354295    0.346655
   0.223882     0.83973    0.339111
   0.365339    0.683689    0.343376
   0.674471     0.35102    0.346412
    0.64215    0.093638    0.334415
   0.221666    0.838383    0.338928
   0.364701    0.683166    0.343424
   0.674723    0.351258    0.346509
   0.220925    0.837919    0.338837
   0.364007    0.682605    0.343486
   0.673102    0.349601    0.346278
   0.218267    0.836289    0.338724
   0.361921    0.680964    0.343587
   0.672429    0.348903    0.346211
   0.217185    0.835688    0.338781
    0.36121    0.680382    0.343656
   0.671755    0.348204    0.346144
    0.21647    0.835268    0.338747
   0.360484     0.67979    0.343731
   0.671063    0.347489    0.346082
   0.213883    0.833816    0.338774
   0.358779    0.678338    0.344067
   0.668068    0.344428     0.34558
    0.21315    0.833406    0.338788
   0.358037    0.677732    0.344153
   0.666442    0.342785    0.345159
   0.210032    0.831746    0.339043
   0.356003    0.676084    0.344275
   0.664604    0.340878     0.34473
   0.192479    0.846819    0.516083
   0.209264    0.831321     0.33907
   0.354215    0.674552    0.344599
   0.663921    0.340199    0.344539
   0.191677     0.84617    0.516631
   0.206604    0.829848    0.339123
   0.352192    0.672861      0.3448
   0.662345    0.338704    0.344053
   0.636917   0.0852548    0.346625
   0.189086    0.843955    0.518438
   0.205882    0.829435    0.339113
   0.351476    0.672252    0.344895
   0.661652    0.338052    0.343864
   0.654463   0.0966385    0.343343
   0.204719    0.828824    0.339275
   0.349542    0.670599    0.345082
   0.660989    0.337428    0.343685
    0.18587    0.841138    0.520747
   0.201774    0.827094    0.339317
   0.348837    0.669977    0.345167
   0.659282    0.335961    0.343143
   0.187039     0.84214    0.519916
   0.202932    0.827808    0.339273
   0.347161    0.668433    0.345438
   0.658586    0.335351    0.342951
   0.184303    0.839871    0.521812
   0.201939    0.827241    0.339264
   0.347343    0.668656    0.345343
   0.656809    0.333928    0.342318
   0.185547    0.840911    0.520945
   0.343827    0.665291    0.345753
   0.656115    0.333357    0.342074
   0.182594    0.838578     0.52293
   0.344041    0.665547    0.345621
   0.654252    0.331986    0.341267
   0.184337     0.83987    0.521802
    0.34247     0.66398    0.345862
   0.194626    0.822567    0.338348
   0.339942    0.661496    0.346071
   0.650848    0.329634     0.33967
   0.177562    0.834619    0.526328
   0.189719    0.819727    0.338487
   0.339272     0.66083    0.346127
   0.176604    0.833904    0.526946
   0.188642    0.819176    0.338688
   0.337721    0.659307    0.346143
   0.627267   0.0817781    0.341949
   0.173893    0.831627    0.528805
   0.187304    0.818539    0.339089
    0.33705    0.658622    0.346196
   0.173202    0.831015    0.529297
   0.186624    0.818173    0.339157
   0.334749    0.656186    0.346358
   0.172506    0.830391    0.529795
   0.183449    0.816486    0.339497
   0.334115    0.655498    0.346402
   0.171828    0.829774    0.530286
   0.182312    0.815907    0.339703
   0.182642    0.816063      0.3396
   0.332629    0.653824    0.346626
   0.171196    0.829186    0.530749
   0.181538    0.815491    0.339767
   0.331207    0.652299    0.346627
   0.170628    0.828646    0.531171
   0.182551    0.816053    0.339803
   0.329714    0.650601     0.34686
    0.17949    0.814387    0.339931
   0.328351    0.649114     0.34688
   0.179377    0.814411    0.340336
   0.327726    0.648408    0.346933
    0.32472    0.644945    0.347245
    0.59189   0.0618103    0.340471
   0.324109    0.644234    0.347315
   0.322627    0.642478    0.347548
   0.169952    0.808439    0.338433
   0.322874    0.642803    0.347458
   0.167012    0.806808    0.338626
   0.321424    0.641045    0.347694
   0.156172    0.801399     0.34153
   0.157564    0.802005    0.340931
   0.320809    0.640303    0.347765
   0.164606    0.805637     0.33932
   0.318901    0.637829    0.347946
   0.318826    0.637712    0.347944
   0.156626    0.801478    0.340959
   0.317774    0.636306     0.34789
   0.156014    0.800879    0.340224
   0.157863    0.801942    0.340188
   0.317683    0.636163     0.34803
   0.159621    0.802937    0.339903
   0.314882    0.632186    0.348083
   0.593738   0.0615831    0.343483
   0.157104     0.80135    0.339681
   0.313669    0.630417    0.348245
   0.589297    0.057919     0.34638
   0.159245    0.802718    0.339996
   0.313135     0.62965    0.348273
   0.313052    0.629508    0.348268
   0.312036     0.62813    0.348207
   0.310767    0.626338    0.348409
   0.155519    0.800117    0.338638
   0.309016    0.623932    0.348515
   0.145285    0.794941    0.340411
   0.308494    0.623184    0.348557
   0.140866    0.792719    0.341307
   0.307355     0.62142    0.348707
    0.14929    0.796992    0.339886
   0.306806    0.620474    0.348689
   0.147554    0.796135    0.340296
   0.306282    0.619677    0.348716
   0.303929    0.615838    0.348641
    0.59927   0.0647211    0.343354
   0.304407    0.616583    0.348686
   0.302784    0.613817     0.34875
   0.556641   0.0369239    0.351349
   0.302298    0.613025    0.348795
   0.396902    0.312106    0.345668
   0.301792    0.612237    0.348854
   0.299796     0.60885    0.349063
   0.135204    0.788619    0.338886
   0.299868    0.608872    0.348944
   0.298885    0.607045    0.349096
   0.125352     0.78327    0.340186
   0.297144    0.603765    0.349189
   0.130231    0.785922    0.339438
   0.297162     0.60371    0.349087
   0.129397     0.78545    0.339483
   0.295901    0.601411    0.349122
   0.126304    0.783631    0.339548
   0.294949    0.599615    0.349229
   0.564061   0.0440127    0.344625
   0.125559    0.783202    0.339543
    0.29447     0.59853    0.349199
   0.118803    0.779704    0.340599
   0.293328    0.596273    0.349172
   0.120969      0.7808    0.340242
   0.292485    0.594492    0.349247
   0.292418    0.594195    0.349205
   0.120391    0.780463     0.34021
   0.290878    0.590937    0.349286
   0.121041    0.780887    0.340407
   0.290906    0.591135    0.349266
   0.119375    0.780009    0.340649
   0.290038    0.588993    0.349354
   0.118271    0.779365    0.340616
    0.28903    0.586756    0.349429
   0.288252    0.584946    0.349517
   0.288199    0.584612     0.34948
    0.28741    0.582787    0.349611
   0.109625    0.773681    0.338768
   0.286434    0.580575     0.34963
   0.286382    0.580225    0.349587
   0.105095    0.770965    0.339219
   0.285689    0.578427     0.34967
   0.104996    0.771061    0.339443
   0.107894    0.772667    0.338993
   0.284787    0.576244    0.349649
   0.104226    0.770614    0.339605
   0.284415    0.575064    0.349611
   0.103618    0.770224    0.339677
   0.283684    0.573265    0.349708
   0.102923    0.769788    0.339774
   0.282845    0.570719    0.349679
   0.103958     0.77046    0.339704
   0.104242    0.770603    0.339619
   0.281863    0.567923    0.349857
   0.282133    0.568504    0.349746
   0.103299    0.770052    0.339746
   0.281123    0.565376    0.349851
  0.0962004    0.765667    0.341277
     0.2808    0.564562    0.349906
   0.281195    0.565449    0.349885
  0.0953974    0.765176    0.341496
   0.280484    0.563323    0.349897
    0.54455    0.264591    0.368464
   0.630134   0.0809044    0.338427
  0.0877007    0.760747    0.343853
  0.0881214    0.760947    0.343682
   0.279905    0.561543    0.349968
   0.279617    0.560134    0.349964
    0.54395    0.264409    0.368744
   0.543597    0.264342    0.368384
   0.604782   0.0601481    0.352622
  0.0934252    0.764074    0.342125
   0.278908    0.558014    0.349987
   0.543699    0.264461    0.368389
  0.0949906    0.765096    0.341747
   0.278623    0.556753    0.349984
   0.541002    0.264473    0.367074
   0.542025    0.264088    0.368276
  0.0915242    0.762928    0.342659
   0.277816    0.553999    0.350155
   0.277465    0.552259    0.350061
   0.540006    0.264271    0.366911
  0.0869943    0.759772    0.343873
   0.276977    0.550495     0.35012
   0.537236    0.264235    0.365895
   0.538367    0.264003    0.366736
  0.0860732    0.759132    0.344162
   0.276945     0.55066    0.350119
     0.2765     0.54826    0.350107
   0.534336    0.264061    0.365116
   0.534793    0.263878    0.365497
  0.0853128    0.758594    0.344397
    0.27643    0.548415    0.350131
   0.275903    0.545713    0.350073
   0.529086    0.263845    0.363597
  0.0815789    0.756017    0.345715
   0.275977    0.546165    0.350137
   0.526256    0.263978    0.362574
   0.527539    0.263805    0.363015
  0.0804875    0.755367    0.346138
   0.275059    0.542201     0.35027
   0.275272    0.542652    0.350169
   0.524903    0.264013    0.362215
   0.524682     0.26388    0.362112
  0.0792515    0.754676    0.346627
  0.0795921     0.75484    0.346487
   0.274817    0.540897    0.350275
   0.274567    0.539143    0.350165
   0.521787    0.263993    0.361302
  0.0730789    0.750768     0.34891
   0.274354    0.538358    0.350188
   0.519436    0.263957    0.361047
  0.0733753    0.750716    0.348778
   0.273981    0.536642    0.350226
   0.273984    0.536107     0.35017
   0.517339     0.26395    0.360623
   0.517794    0.263761    0.360847
  0.0770031    0.753175    0.347463
   0.273579    0.534364    0.350262
   0.273275     0.53168    0.350245
   0.514855    0.263715     0.36061
   0.517084    0.263685    0.360966
   0.072395    0.749852    0.349176
   0.273196    0.531839     0.35029
   0.272942    0.529359    0.350401
   0.515043    0.263696     0.36057
  0.0714434    0.749207    0.349568
   0.272666     0.52763    0.350533
   0.511627    0.263517    0.360505
   0.513128    0.263421    0.360683
   0.070731    0.748687    0.349861
    0.27252    0.526864     0.35058
   0.272529    0.526282     0.35056
   0.508548    0.263485    0.360252
    0.50905    0.263279    0.360473
  0.0702027    0.732938    0.606623
  0.0572096    0.759265    0.386815
  0.0578847    0.758466    0.383271
  0.0585981    0.757398    0.378577
  0.0699875    0.748142    0.350166
   0.272333    0.525503    0.350629
   0.272007    0.521906    0.350531
   0.507101    0.263471    0.360129
   0.507055     0.26339    0.360038
  0.0700313    0.731007     0.60764
  0.0700901    0.731357    0.607413
  0.0593034    0.756321    0.373829
  0.0597525    0.755685    0.371162
  0.0603937    0.754767    0.367463
  0.0610517     0.75379    0.362949
  0.0616888    0.752785    0.359258
  0.0618156     0.75255    0.358501
  0.0631229    0.750993    0.355101
  0.0688699    0.747327    0.350625
   0.271906    0.522064     0.35056
   0.271752     0.51963    0.350511
   0.506253    0.263372    0.360134
  0.0700073    0.729475    0.608384
  0.0672046    0.745232     0.35134
   0.271659    0.519792    0.350549
   0.271597    0.518264    0.350514
   0.501677    0.263489    0.359547
  0.0699597    0.725331    0.610472
   0.066772    0.744452    0.351528
  0.0665617    0.742935    0.351663
   0.271247    0.515427     0.35057
   0.271195    0.513867     0.35062
    0.49869    0.263594    0.359206
   0.499825    0.263346    0.359613
  0.0699174    0.723438    0.611565
  0.0699618    0.721845    0.612389
  0.0662211    0.741264    0.351845
  0.0662477    0.739749     0.35184
   0.271107    0.513128    0.350671
   0.495714     0.26374    0.358958
   0.496821    0.263457    0.359336
  0.0698958    0.719292    0.613716
  0.0699652    0.718556    0.614047
  0.0661237    0.739066    0.351892
  0.0662215    0.736489    0.351781
   0.270937    0.509898    0.350804
   0.493305     0.26388    0.358836
   0.493891    0.263671    0.359006
  0.0698867     0.71775    0.614454
  0.0699724    0.715956    0.615294
  0.0661061    0.735827     0.35181
  0.0662013    0.734294    0.351748
   0.270907    0.510092    0.350824
   0.270814     0.50741    0.350821
    0.49036    0.264112    0.358563
   0.491476    0.263815    0.358937
   0.069874    0.713385     0.61644
  0.0699718    0.712651    0.616763
  0.0660855    0.733619    0.351778
  0.0661338    0.732091    0.351733
    0.27072    0.506687     0.35085
   0.270678    0.504211    0.350841
   0.486453    0.264433    0.358295
   0.488547    0.264064    0.358676
  0.0698806    0.710979    0.617589
  0.0699901     0.71024    0.617941
  0.0659643    0.730333    0.351751
   0.066009    0.728806    0.351746
   0.270585    0.503495    0.350864
   0.270601    0.501929    0.350826
   0.484063    0.264673    0.358184
   0.485659    0.264371    0.358326
  0.0698934     0.70942    0.618389
  0.0700385    0.706746    0.619829
  0.0658944     0.72811    0.351807
  0.0659609    0.726577    0.351831
   0.270515    0.501218     0.35086
   0.270526    0.498552    0.350859
   0.481212    0.265072    0.357808
   0.482783    0.264718    0.358018
  0.0699474    0.704184    0.621118
  0.0700619    0.703448    0.621433
  0.0658581    0.725001    0.351931
  0.0659305    0.723466    0.351945
   0.270455     0.49784    0.350922
    0.27052    0.498068    0.350876
   0.478366    0.265465    0.357508
   0.479482    0.265117    0.357855
  0.0699696    0.700691    0.622784
  0.0700846    0.700827     0.62271
  0.0658405    0.722781    0.351995
  0.0658897    0.721247     0.35197
   0.270456    0.495539    0.351047
   0.270522    0.494843    0.351054
   0.475964    0.265716     0.35746
   0.475593      0.2656    0.357587
  0.0699873    0.699134    0.623555
  0.0701091     0.69839    0.623891
  0.0657904     0.72039     0.35199
  0.0658197    0.718854    0.351941
   0.270503    0.492353    0.351183
   0.270567    0.491649    0.351173
   0.473064     0.26602    0.357309
   0.474161    0.265736    0.357554
  0.0700439    0.694763    0.625792
  0.0701653    0.694022    0.626116
  0.0657073    0.717296    0.351968
  0.0657632    0.715761    0.351924
   0.270609    0.489379    0.351163
   0.270713    0.487607    0.351058
   0.470594    0.266241    0.357356
   0.471241    0.266025    0.357461
  0.0700587    0.693204    0.626543
  0.0701806    0.692465    0.626867
  0.0657033    0.714237    0.351915
  0.0657959     0.71252    0.351817
   0.270705    0.486068    0.351051
   0.270867     0.48448    0.350975
   0.466743    0.266761    0.357218
   0.469814    0.266169    0.357442
  0.0700668    0.688124    0.628763
  0.0701837    0.687385    0.629081
  0.0658534    0.710319    0.351822
   0.065971    0.708758    0.351822
   0.270837    0.482931    0.350986
   0.271047    0.481193      0.3509
   0.464359    0.267128    0.357162
   0.466012    0.266739     0.35727
  0.0700765    0.686566    0.629501
  0.0701898    0.685828    0.629819
  0.0659403    0.707235    0.351886
  0.0660432    0.706558    0.351858
   0.271026    0.479641    0.350989
   0.271271    0.478038    0.351014
   0.459901    0.268057    0.356898
   0.461574    0.267639    0.356979
  0.0382642    0.734733    0.363556
  0.0382838    0.733223     0.36352
  0.0659643    0.705015    0.351917
  0.0660625    0.703295    0.351838
   0.271129    0.478252    0.351048
   0.271453    0.475751    0.351162
    0.45721    0.268707    0.356639
    0.45883    0.268199    0.356798
   0.038159    0.732522    0.363579
   0.038188    0.730985    0.363608
  0.0659653    0.703678    0.351929
   0.066034     0.70108    0.351815
   0.271437    0.475107    0.351234
   0.271652    0.473463    0.351322
   0.272002    0.470955    0.351422
   0.454874    0.269216    0.356589
   0.455584    0.268904    0.356712
  0.0380957    0.728745      0.3637
  0.0658939    0.699521    0.351859
  0.0659875    0.698862    0.351799
    0.27197    0.470323     0.35148
    0.27227     0.46872    0.351441
   0.448275    0.270814    0.356226
   0.449949    0.270341    0.356313
   0.452919     0.26956    0.356494
  0.0702639    0.673772    0.635861
  0.0703708    0.672128    0.636578
  0.0658532    0.697306    0.351839
  0.0659584    0.695761     0.35176
   0.272224    0.467955    0.351483
   0.272523    0.466355    0.351384
   0.447818    0.270971    0.356126
   0.449812    0.270295    0.356422
  0.0378163    0.724741    0.363755
  0.0378163    0.723207     0.36373
  0.0658533    0.694924    0.351785
  0.0660058    0.693374    0.351728
    0.27251    0.465753    0.351402
   0.272874    0.463277    0.351325
   0.273305    0.460802    0.351254
   0.357679    0.368313    0.337598
   0.444256    0.271862    0.355969
   0.446236    0.271186    0.356192
  0.0376549    0.721614    0.363778
  0.0376934    0.720977    0.363742
   0.065967    0.691854    0.351784
  0.0661194    0.690291    0.351776
   0.273147    0.461054    0.351313
   0.273512    0.459434    0.351271
   0.356179    0.368691    0.337941
   0.439061    0.273352    0.355831
   0.441945    0.272414    0.355956
  0.0375401    0.719386    0.363782
  0.0375136    0.717663     0.36374
  0.0660931    0.688762    0.351834
  0.0661614    0.688072    0.351818
   0.273651    0.457899    0.351323
   0.274002    0.456259    0.351342
   0.274372    0.454612     0.35138
   0.436782    0.273978    0.355792
   0.440555    0.272747    0.355954
  0.0374203     0.71697    0.363782
  0.0374097    0.715419     0.36381
   0.066137    0.686541    0.351838
  0.0661652    0.684796    0.351775
  0.0661856    0.683226    0.351747
   0.274528    0.453189    0.351489
    0.27479    0.452402    0.351481
   0.432504    0.275272    0.355635
   0.434471    0.274569    0.355802
  0.0373264    0.714727    0.363858
   0.037283    0.712263    0.363972
  0.0661521     0.68258    0.351743
  0.0661688    0.681018    0.351718
   0.274974    0.451001    0.351578
   0.275351    0.449348    0.351621
   0.275781    0.447711    0.351629
   0.430211    0.275884    0.355694
    0.43188    0.275273    0.355725
  0.0371741    0.710669    0.364063
  0.0371938    0.710013    0.364066
  0.0660945    0.679464    0.351725
  0.0661111      0.6788    0.351707
   0.275958    0.446328    0.351702
   0.276414      0.4447    0.351684
   0.276826    0.443046    0.351677
   0.338468    0.375905     0.34195
   0.339207    0.375481    0.341813
   0.427144    0.276851    0.355697
   0.427921    0.276495    0.355763
  0.0370842     0.70843     0.36411
  0.0370466    0.706697    0.364083
  0.0660121     0.67705    0.351702
  0.0659969    0.675487    0.351723
    0.27685    0.442522    0.351719
   0.277347    0.440814    0.351664
    0.33314    0.378459    0.343027
   0.334777    0.377615    0.342717
   0.336417    0.376781    0.342398
   0.422096    0.278664    0.355456
   0.423763    0.277997    0.355518
   0.425395    0.277315    0.355623
  0.0369769    0.706015    0.364098
  0.0369424    0.704463    0.364093
    0.06594    0.674803    0.351762
  0.0659576    0.674135     0.35177
   0.278007    0.437833    0.351679
   0.278514    0.436205    0.351654
   0.330407    0.379874    0.343539
   0.331164     0.37941    0.343415
   0.332796    0.378555    0.343111
   0.417993     0.28025    0.355331
    0.41968    0.279585    0.355331
   0.419591    0.279507    0.355402
  0.0368353    0.702881    0.364119
   0.036832    0.702228    0.364102
  0.0658712    0.671647     0.35191
  0.0659225    0.670074    0.351939
   0.278539    0.435703    0.351698
    0.27902    0.434054    0.351708
    0.27978    0.431605    0.351725
   0.415002     0.28144    0.355302
   0.415778    0.281012    0.355381
  0.0367336    0.700647    0.364114
  0.0366768    0.698904    0.364091
  0.0658582    0.669407    0.351979
  0.0659769     0.66784    0.351932
   0.279812    0.431125     0.35177
   0.280348    0.429488    0.351762
   0.280918     0.42786    0.351731
   0.317942     0.38707    0.346082
   0.319462    0.386059    0.345783
   0.382049    0.293624    0.671572
   0.323354    0.383634    0.344979
   0.411004    0.283152    0.355133
   0.411783    0.282709    0.355205
   0.036598    0.697321    0.364145
  0.0365901    0.696654    0.364162
  0.0659336    0.666151    0.351893
  0.0661115    0.664599    0.351791
   0.281213    0.426605    0.351757
   0.281782    0.424911    0.351734
   0.282122    0.424075    0.351717
   0.310798     0.39167    0.347467
   0.374557     0.29836    0.673778
   0.376141    0.297325    0.673418
   0.376969    0.296784     0.67326
   0.406159    0.285202     0.35517
   0.407788    0.284417    0.355156
  0.0365222    0.695069    0.364241
  0.0364833    0.693493    0.364308
  0.0660186    0.663954     0.35181
  0.0661975    0.661532    0.351689
   0.283041    0.421217    0.351793
   0.283414    0.420373    0.351788
   0.302645    0.397913    0.348935
   0.302705    0.397881    0.348922
   0.304112    0.396731    0.348643
   0.306213    0.395033    0.348272
   0.308345    0.393368    0.347912
   0.308375    0.393335    0.347909
   0.401663    0.287401    0.355069
   0.403261    0.286531    0.355186
   0.404873    0.285673    0.355233
  0.0364466    0.692816    0.364338
  0.0364002    0.691243    0.364379
  0.0660896    0.660861    0.351722
  0.0661685    0.659126    0.351626
   0.284434    0.417588    0.351873
   0.285507    0.415228    0.351876
   0.286758     0.41293      0.3518
   0.287777    0.411414     0.35168
   0.289479    0.409346    0.351427
   0.290201    0.408642    0.351306
   0.291522    0.407375    0.351087
   0.293503    0.405566    0.350756
   0.294869    0.404361    0.350519
    0.29558    0.403734    0.350394
   0.296951    0.402551     0.35014
   0.298335    0.401386    0.349865
   0.300415    0.399687    0.349422
   0.397053    0.289756    0.354668
   0.399425    0.288501    0.354822
   0.399474    0.288425     0.35488
  0.0363206    0.689487    0.364368
  0.0710995    0.627556    0.658529
  0.0660564    0.658437    0.351677
  0.0660962    0.656876    0.351681
   0.390032    0.293383    0.354673
   0.393249    0.291704    0.354554
   0.394043    0.291215    0.354579
  0.0711134     0.62655    0.659007
  0.0361865    0.685683    0.364369
  0.0659384    0.655262    0.351796
  0.0660022    0.654613    0.351788
   0.388026    0.294425    0.354701
   0.387868    0.294461    0.354667
   0.390456    0.293072    0.354695
  0.0711781    0.623172    0.660529
  0.0712136    0.621484    0.661262
  0.0657928    0.652074    0.351962
  0.0658663    0.651427    0.351942
   0.381162    0.298557    0.354287
   0.382856    0.297444    0.354417
   0.384386    0.296429    0.354541
  0.0360227    0.681687    0.364355
  0.0359694    0.680113    0.364376
  0.0657409    0.650732    0.352006
  0.0658063    0.648993    0.351942
   0.373869    0.303053    0.354421
   0.376168    0.301585    0.354406
    0.37772    0.300594    0.354364
   0.379282    0.299625    0.354321
   0.071288    0.617104    0.663243
  0.0713296    0.615404     0.66403
  0.0656868     0.64743    0.351962
  0.0658109    0.645875    0.351888
   0.290732    0.394115     0.35379
   0.291524    0.392636     0.35376
   0.367465    0.307558    0.354103
      0.369     0.30652    0.354152
   0.370497     0.30543    0.354234
    0.37129    0.304821    0.354302
   0.373618    0.303173    0.354434
  0.0358462    0.676269    0.364537
  0.0357744    0.673778     0.36463
  0.0657364    0.644338    0.351896
  0.0658719    0.642781    0.351795
    0.29213    0.391517    0.353739
   0.293203    0.390109    0.353625
   0.294299    0.388693    0.353532
   0.295394    0.387265    0.353462
   0.296472    0.385819    0.353409
   0.297992    0.383672    0.353368
   0.298112    0.383567    0.353349
   0.299549    0.381362    0.353354
    0.30009    0.380532    0.353353
   0.360361    0.312552    0.354065
   0.362561    0.310958    0.353996
   0.364071    0.309882    0.353992
   0.364862    0.309302     0.35401
   0.366525    0.308165    0.354076
  0.0357773    0.674011    0.364624
  0.0357325    0.672433    0.364652
  0.0658165    0.642136    0.351812
  0.0659269    0.640388    0.351724
  0.0659692    0.639681    0.351716
   0.301555      0.3781    0.353369
   0.303022    0.375914    0.353328
   0.304076    0.374438    0.353278
   0.305632      0.3723    0.353197
   0.306701    0.370826    0.353155
   0.307759    0.369338    0.353141
   0.309271    0.367155     0.35317
   0.310295    0.365629    0.353216
   0.351024    0.320523    0.353723
   0.352443    0.319328    0.353788
   0.353214    0.318655    0.353844
   0.355223    0.316862    0.353974
   0.356694    0.315546    0.354077
   0.358743      0.3138    0.354108
   0.360189    0.312655    0.354078
  0.0356628    0.670676    0.364627
  0.0356499    0.670006    0.364621
  0.0659692    0.638148    0.351754
  0.0660549    0.636567    0.351775
   0.310357    0.365524    0.353222
   0.311372    0.363995    0.353271
   0.311942    0.363159    0.353293
    0.31389    0.360271    0.353343
   0.314006    0.360131     0.35334
      0.316    0.357281    0.353284
   0.317589    0.355158    0.353183
   0.318729    0.353723    0.353116
    0.31937    0.352937    0.353092
   0.320548     0.35152    0.353063
   0.322284    0.349483     0.35306
   0.337086    0.332893    0.353809
   0.338381    0.331564    0.353854
   0.339096    0.330835    0.353871
   0.341616    0.328374    0.353797
   0.342346    0.327691    0.353759
   0.344374    0.325911    0.353639
   0.346447    0.324188    0.353582
   0.347214     0.32355    0.353593
   0.348763    0.322308    0.353651
  0.0355895    0.668435     0.36462
  0.0355329    0.665959    0.364615
  0.0659974    0.634999    0.351852
  0.0660844    0.634319     0.35183
   0.323491    0.348079    0.353072
   0.324698    0.346679    0.353089
   0.325943    0.345233    0.353124
    0.32715    0.343834    0.353163
   0.328909    0.341815    0.353228
   0.330132    0.340427    0.353285
   0.331365    0.339044    0.353358
   0.332609    0.337667    0.353451
   0.334426    0.335694    0.353608
   0.335767    0.334267     0.35373
  0.0354952    0.665288    0.364619
  0.0354964     0.66462    0.364606
  0.0660085    0.632757    0.351884
  0.0661378    0.631012    0.351783
  0.0354181    0.662863    0.364593
  0.0354011    0.661285    0.364616
  0.0660372    0.630353    0.351816
  0.0661686    0.629675    0.351749
  0.0353327    0.659693    0.364695
  0.0353472     0.65902     0.36471
  0.0661146    0.626363     0.35172
   0.066244    0.624803    0.351608
  0.0352772    0.657424    0.364803
  0.0352755     0.65584    0.364855
  0.0661288    0.625019    0.351684
  0.0662554    0.623278    0.351577
  0.0352198     0.65516    0.364891
  0.0352159    0.653585    0.364895
  0.0661658    0.622789     0.35163
  0.0662764    0.621038    0.351578
  0.0351164    0.651818     0.36488
  0.0351412    0.651153    0.364854
  0.0662123    0.620368    0.351616
  0.0662848    0.616968    0.351721
   0.035047    0.649572    0.364864
   0.035053    0.648003    0.364837
  0.0662157    0.616286    0.351765
   0.066234    0.614698    0.351785
  0.0349572    0.646421    0.364843
  0.0349962    0.645758    0.364814
  0.0661672    0.614015    0.351818
  0.0661947    0.613343    0.351811
   0.034887    0.643986     0.36481
  0.0349132    0.642409    0.364818
  0.0660997    0.611579    0.351784
  0.0661115    0.610003    0.351748
  0.0348316    0.641723    0.364865
  0.0348514    0.639224    0.364951
  0.0660696    0.608444    0.351745
   0.066091    0.607759    0.351713
   0.066127    0.606171    0.351674
  0.0347651    0.638537    0.365004
  0.0348077    0.636956    0.365029
  0.0660898    0.604437    0.351639
  0.0661352    0.602851    0.351633
  0.0347167    0.636268    0.365078
  0.0347517    0.634515     0.36503
   0.066075    0.602176    0.351671
  0.0661193    0.600585    0.351706
  0.0346304    0.632921    0.365053
  0.0346961    0.632264    0.365008
  0.0660397    0.598986    0.351797
  0.0661073    0.597397    0.351813
  0.0345713    0.630669    0.365037
  0.0346238    0.629103    0.364993
  0.0660272    0.596719    0.351857
  0.0661236    0.594959    0.351789
  0.0345153    0.628417    0.365021
  0.0345776    0.626848    0.364971
  0.0660277    0.593389    0.351793
  0.0661094    0.591812    0.351734
   0.034446     0.62507    0.364994
  0.0345266    0.623491    0.364996
  0.0659931    0.591133    0.351762
  0.0660409     0.58956    0.351716
  0.0344143      0.6228    0.365059
  0.0344881      0.6203    0.365124
  0.0659191    0.588868    0.351748
  0.0659594      0.5873    0.351703
  0.0343711    0.619608    0.365187
  0.0344505    0.618031    0.365181
  0.0658068    0.585495    0.351725
  0.0658727    0.583003    0.351761
  0.0343316     0.61734    0.365236
  0.0344003    0.615585    0.365153
  0.0657773    0.582308    0.351821
  0.0658955    0.581637    0.351795
  0.0342651    0.613989    0.365184
  0.0343594    0.613331    0.365124
   0.065814    0.580049    0.351889
  0.0659851    0.578469    0.351857
  0.0342143    0.610826    0.365157
   0.034308    0.610166    0.365101
  0.0658907    0.577803    0.351905
   0.066038    0.576044    0.351798
  0.0341916     0.60948    0.365136
  0.0342522    0.606814    0.365053
   0.065966    0.574481    0.351797
  0.0660564    0.572896    0.351735
   0.034154    0.607036    0.365103
  0.0342195    0.603619    0.365159
  0.0659886    0.572236    0.351743
  0.0660648    0.570647    0.351687
  0.0341232    0.603849    0.365178
  0.0342029    0.602256    0.365207
  0.0660922    0.568399    0.351631
  0.0661763    0.566626    0.351571
  0.0341012    0.600649    0.365303
  0.0341665     0.59906      0.3653
  0.0661349    0.564127    0.351667
  0.0661786    0.563448     0.35167
  0.0340805    0.598377    0.365341
  0.0341441    0.597703     0.36532
  0.0660962    0.562748    0.351725
  0.0660684    0.560215    0.351814
   0.034037    0.595022    0.365281
  0.0340854     0.59435    0.365239
  0.0659766    0.559513    0.351859
   0.066006    0.558843    0.351854
  0.0340132    0.592767    0.365248
  0.0340383    0.591177    0.365208
  0.0658806    0.557044    0.351855
  0.0659011    0.555443    0.351818
  0.0339948    0.590513    0.365212
  0.0340042    0.588727    0.365158
  0.0658282    0.553863    0.351829
  0.0659296    0.552273    0.351751
  0.0339918    0.585535    0.365228
  0.0340354    0.583922     0.36527
  0.0658903    0.550549    0.351685
  0.0660311    0.549855    0.351624
  0.0339861     0.58325    0.365307
  0.0340452    0.581645    0.365326
  0.0659421    0.549203    0.351661
   0.066206    0.546723    0.351589
  0.0339677    0.580056    0.365363
   0.034035    0.579192    0.365311
  0.0661212    0.546069    0.351642
  0.0663116    0.544462    0.351627
  0.0339465    0.578512    0.365344
  0.0340099    0.576017    0.365258
  0.0662562    0.543804    0.351669
   0.066374    0.542191    0.351671
  0.0339078    0.575338    0.365279
  0.0339913    0.573756    0.365218
  0.0663729    0.538819    0.351631
  0.0663585    0.537216    0.351615
  0.0338713    0.572158    0.365234
  0.0339528     0.57039    0.365141
  0.0663447    0.537464    0.351613
  0.0663094    0.534933    0.351591
  0.0338387    0.569699    0.365195
  0.0339386    0.568106    0.365184
  0.0662662    0.534261    0.351589
  0.0662912    0.533575    0.351557
  0.0338252    0.566491    0.365288
  0.0339384    0.565813    0.365263
  0.0662258    0.531981    0.351571
  0.0662382    0.530188    0.351529
  0.0338393    0.563283    0.365395
  0.0339544    0.562606    0.365356
  0.0661626    0.528574    0.351587
  0.0661956    0.527898    0.351588
  0.0338477    0.561922     0.36541
  0.0339514    0.560149    0.365319
  0.0660975    0.525327    0.351727
  0.0661364    0.524652    0.351729
  0.0338508    0.558557    0.365329
  0.0339385    0.556967    0.365269
  0.0660476     0.52302    0.351805
  0.0660632    0.521426    0.351795
  0.0338519    0.556294    0.365285
  0.0339234    0.554699     0.36523
  0.0659597    0.520528    0.351812
  0.0660011    0.519891     0.35179
  0.0338544    0.553115    0.365222
  0.0339102    0.552426    0.365191
  0.0657796    0.517281    0.351826
  0.0657572    0.515694    0.351813
  0.0338709     0.55066    0.365181
  0.0339094    0.549036    0.365205
  0.0339442    0.547404    0.365252
  0.0656775    0.514985    0.351828
  0.0657487    0.513376    0.351768
  0.0339155    0.546739    0.365284
  0.0339802    0.545116    0.365314
  0.0656771     0.51271    0.351791
  0.0658947    0.510922     0.35167
  0.0339278    0.543523    0.365365
  0.0340057    0.542834     0.36534
  0.0658764    0.509393    0.351711
  0.0660536    0.508683    0.351657
  0.0339231     0.54106    0.365322
  0.0340205    0.539463    0.365252
  0.0660349    0.506191    0.351765
  0.0661526    0.505499    0.351735
  0.0339249     0.53787    0.365272
  0.0340317    0.537195    0.365203
  0.0660454    0.503868    0.351812
  0.0660904    0.502079    0.351754
  0.0339261    0.535601    0.365221
  0.0340422    0.533822    0.365103
  0.0525644    0.515896     0.35749
   0.052105    0.514281    0.357677
  0.0659871    0.501379    0.351789
   0.066043    0.499786    0.351726
  0.0339285    0.533139    0.365149
  0.0340494     0.53154    0.365108
  0.0516294    0.513257    0.357851
   0.065946    0.498183    0.351742
  0.0660286     0.49658    0.351676
   0.033947    0.529924    0.365197
  0.0340694    0.528311     0.36521
  0.0659556    0.495915     0.35169
   0.066026    0.495222    0.351641
  0.0339679    0.527623    0.365272
  0.0340831     0.52601    0.365275
  0.0659741    0.493448    0.351624
  0.0660156    0.491818    0.351614
  0.0340062    0.524412    0.365322
  0.0340968    0.523721    0.365285
  0.0659775    0.487615    0.351788
   0.065983    0.486912    0.351801
  0.0340435    0.521959    0.365243
  0.0341238    0.520347    0.365181
   0.065968     0.48624    0.351822
  0.0660115    0.484611    0.351824
  0.0341435    0.518074    0.365128
  0.0342174    0.516457     0.36507
  0.0659712     0.48394    0.351844
   0.066065    0.482144    0.351731
   0.488689 0.000809903    0.355177
   0.489583 0.000212622    0.355407
   0.491921 -0.00161166    0.357069
  0.0341771    0.514697    0.365032
  0.0342653    0.514001       0.365
  0.0660051    0.480559    0.351719
  0.0661046    0.478035    0.351622
   0.483694  0.00369639    0.354803
   0.486041  0.00229508    0.354927
   0.487643  0.00135543    0.355048
  0.0341984    0.512403    0.365053
  0.0343056    0.511713    0.365024
  0.0660045    0.477348    0.351648
   0.066095    0.476677    0.351592
   0.479197  0.00634686    0.354811
    0.48076  0.00536505    0.354791
   0.481587  0.00483452    0.354797
  0.0342349    0.509167    0.365151
  0.0343517    0.508479    0.365121
  0.0659946     0.47487     0.35157
  0.0661024    0.474195    0.351525
   0.473154  0.00980608    0.354893
   0.474896  0.00876363    0.354959
   0.477252  0.00738548    0.354912
   0.034255    0.506864    0.365201
  0.0343867    0.505259    0.365144
  0.0660084    0.472571    0.351584
  0.0661248    0.470957    0.351589
   0.467299   0.0132775    0.354727
   0.468884   0.0123074    0.354783
   0.471184    0.010866    0.354864
  0.0342755     0.50439    0.365164
  0.0344057     0.50279     0.36507
  0.0659912    0.469295    0.351709
  0.0660728    0.468626    0.351696
   0.462834   0.0157803    0.354804
   0.465197   0.0144106    0.354727
   0.466944    0.013397    0.354755
  0.0343143    0.501194    0.365087
  0.0344389    0.499588    0.365009
    0.06591    0.466951    0.351813
  0.0659742    0.465338    0.351799
   0.456833   0.0192924    0.354873
   0.459288   0.0177631    0.354957
   0.460868   0.0168008    0.354925
  0.0343503    0.498917    0.365029
  0.0344528    0.497305    0.364955
  0.0658611    0.464642     0.35185
  0.0659919    0.462851    0.351737
    0.45076    0.022777    0.354706
   0.453266   0.0212949     0.35481
   0.454858   0.0203383     0.35486
  0.0343996    0.495531     0.36493
   0.034467    0.494828     0.36491
  0.0659381     0.46127    0.351742
  0.0660777    0.459655    0.351663
   0.446418   0.0253407    0.354761
   0.447245   0.0248296    0.354745
   0.449564   0.0233907    0.354738
  0.0344563    0.493239    0.364949
  0.0345094    0.491589    0.364986
  0.0345875    0.489944    0.365017
  0.0660044    0.458991    0.351676
  0.0660866    0.457364    0.351615
   0.442099   0.0277551    0.354933
   0.443688   0.0268053    0.354912
   0.445304   0.0258923    0.354843
   0.034563    0.488349     0.36507
   0.034655    0.487648     0.36504
  0.0660175    0.455573    0.351586
  0.0660557    0.453928    0.351581
    0.43532   0.0317434    0.354739
   0.439142    0.029409    0.354893
   0.439224   0.0293265    0.354898
  0.0345766    0.486976    0.365081
  0.0347072    0.485177     0.36497
  0.0660219    0.451595    0.351655
  0.0660053    0.450904    0.351678
    0.43075   0.0343073    0.354739
   0.432356   0.0333769     0.35471
   0.433173   0.0328653    0.354716
  0.0346232    0.483585    0.364969
  0.0347661    0.481979     0.36488
  0.0659614    0.449252     0.35175
  0.0659051    0.447603    0.351806
   0.424869   0.0377374    0.354891
   0.426457   0.0367758    0.354895
   0.428784   0.0353394    0.354843
     0.4304   0.0344211    0.354778
  0.0346557    0.481305    0.364905
  0.0348002    0.479698    0.364817
  0.0658515    0.445772    0.351799
   0.065855    0.445068    0.351791
   0.420406   0.0402769     0.35482
   0.422764   0.0388834     0.35486
   0.424519   0.0378539    0.354922
  0.0347106    0.478098    0.364819
  0.0348527      0.4763     0.36473
   0.065828    0.444396    0.351797
  0.0659481    0.440907    0.351692
   0.415907   0.0429524    0.354703
    0.41672   0.0424078    0.354731
    0.41844    0.041329    0.354815
   0.034764    0.475622     0.36478
  0.0348942     0.47399    0.364775
  0.0658725    0.441183     0.35171
  0.0660244    0.439558    0.351624
   0.409983   0.0462993    0.354912
   0.411592   0.0453736    0.354848
   0.412404   0.0448687    0.354832
  0.0348618    0.472385    0.364853
  0.0349397    0.471672    0.364843
  0.0659673    0.437981    0.351619
  0.0661053    0.437291    0.351554
   0.403941   0.0498563    0.354789
    0.40553    0.048886    0.354853
   0.408003   0.0473318    0.354989
  0.0350075    0.468435    0.364889
  0.0350988    0.466614    0.364796
  0.0660066    0.435486    0.351569
  0.0661383     0.43386    0.351553
   0.399471   0.0524144    0.354671
    0.40121   0.0513558    0.354746
   0.403585   0.0499766    0.354806
  0.0350381    0.465954    0.364807
  0.0351531    0.464337    0.364718
  0.0660237    0.432203    0.351658
  0.0661299    0.431528    0.351635
   0.393562   0.0558232    0.354873
   0.395144   0.0548573    0.354828
   0.397504   0.0534486    0.354742
  0.0350812    0.462741    0.364719
  0.0351972    0.462056    0.364643
  0.0659991    0.429846    0.351745
  0.0660857    0.429193    0.351725
   0.389006   0.0583874    0.354882
   0.389058    0.058311    0.354914
   0.391576   0.0568408    0.354955
  0.0351097    0.460455    0.364649
  0.0352564    0.458653    0.364521
  0.0659137    0.427488    0.351818
  0.0659391    0.425699    0.351752
   0.382975   0.0619733    0.354689
   0.384711   0.0609068    0.354772
   0.386276   0.0598991    0.354848
   0.387883   0.0589511    0.354889
  0.0351482    0.457972    0.364567
  0.0352979    0.456348    0.364524
  0.0657745    0.424012    0.351791
  0.0658483    0.422412    0.351737
   0.378649   0.0644228    0.354796
   0.380242   0.0634686    0.354745
   0.382779       0.062    0.354734
  0.0352191    0.454728    0.364609
  0.0353627    0.453088    0.364616
  0.0657437    0.421717     0.35176
  0.0658637    0.420101    0.351683
   0.374304   0.0669703    0.354893
   0.374198   0.0669847    0.354868
   0.376687   0.0654578    0.354901
  0.0352801    0.452409     0.36467
  0.0354057    0.450767    0.364668
  0.0657979    0.418508    0.351669
  0.0659545    0.416693    0.351568
   0.368211   0.0704805    0.354708
    0.36982   0.0695409    0.354739
   0.369858   0.0694556    0.354787
  0.0353792    0.449176    0.364692
  0.0354789     0.44735    0.364607
  0.0355305    0.446628    0.364572
  0.0659543     0.41512      0.3516
  0.0659982    0.415313     0.35157
  0.0661734    0.412721    0.351591
   0.362153   0.0740053    0.354756
    0.36375   0.0730549    0.354702
   0.364548   0.0725236    0.354702
   0.366155   0.0715838    0.354683
  0.0355299    0.445057    0.364553
  0.0356573    0.443424    0.364479
  0.0661386    0.412071    0.351625
  0.0662866    0.410419    0.351621
   0.357802   0.0764393    0.354916
   0.359395   0.0754816    0.354905
   0.361017   0.0745619    0.354841
  0.0356124    0.441842    0.364467
  0.0357371    0.441142    0.364401
  0.0662087    0.409749    0.351669
  0.0663307    0.406985    0.351586
   0.353303   0.0791256    0.354766
   0.353353   0.0790294    0.354818
   0.355691   0.0775825    0.354892
   0.035669    0.439361    0.364373
  0.0358066    0.438663    0.364318
  0.0662177    0.406293    0.351622
  0.0662903    0.404668    0.351562
   0.347233   0.0826277    0.354685
   0.348048   0.0821316    0.354681
   0.349797   0.0810846    0.354725
  0.0357333    0.437053    0.364369
  0.0359022    0.435417    0.364349
  0.0661758    0.403964    0.351588
  0.0662349    0.402344    0.351534
   0.340378   0.0866052    0.354824
     0.3429   0.0850985    0.354844
   0.344476   0.0841133    0.354814
  0.0358397    0.433799    0.364428
  0.0359605    0.433094    0.364394
  0.0660987    0.400683    0.351559
  0.0661692    0.398869    0.351457
   0.336024    0.089059     0.35476
   0.338401   0.0876511    0.354815
   0.340956   0.0861732    0.354893
   0.035919    0.431488    0.364443
  0.0360388    0.429661     0.36436
  0.0660539    0.398166    0.351507
  0.0661667    0.396533    0.351477
   0.330764    0.092222     0.35461
   0.333258   0.0906627    0.354687
    0.33484   0.0896717    0.354748
   0.036009    0.429008    0.364367
  0.0360818     0.42736      0.3643
  0.0361837    0.425716    0.364234
  0.0660598    0.394876    0.351572
  0.0661864    0.394188    0.351541
   0.325555   0.0951122    0.354828
   0.327976   0.0937437    0.354728
   0.330375   0.0923591    0.354646
  0.0361618    0.424132    0.364223
  0.0362739     0.42343    0.364156
   0.066098    0.392532    0.351641
  0.0662361    0.390896    0.351633
   0.319483   0.0986565    0.354758
   0.321859   0.0972411    0.354804
    0.32358   0.0961526    0.354886
  0.0362181    0.421835    0.364152
  0.0363897     0.42002    0.364041
  0.0661398    0.389236    0.351684
  0.0662107    0.388366    0.351633
    0.31591    0.100688    0.354686
   0.317505   0.0997117    0.354748
   0.319907   0.0983233    0.354781
  0.0362896    0.419343    0.364091
  0.0364711    0.417704    0.364056
  0.0660624    0.386677    0.351659
  0.0660774    0.385051     0.35163
   0.311417    0.103335    0.354692
   0.312992    0.102348    0.354676
   0.313797    0.101831    0.354682
  0.0364134    0.416088    0.364139
  0.0365868    0.414439    0.364127
  0.0659603    0.384336    0.351658
  0.0659902    0.382704    0.351622
   0.305288    0.106819    0.354803
   0.307049    0.105776    0.354848
   0.308653    0.104824    0.354827
   0.036511    0.413769    0.364174
  0.0366523    0.412118    0.364144
  0.0658662    0.381049    0.351641
  0.0659539    0.380367    0.351593
   0.300168    0.109882    0.354663
   0.300985    0.109362    0.354704
   0.302553    0.108351    0.354769
  0.0366479    0.410345    0.364103
   0.036707    0.409622    0.364067
  0.0367987    0.407974    0.363991
  0.0658687    0.378533    0.351582
  0.0659482    0.376885    0.351573
    0.29567    0.112442    0.354638
   0.296463    0.111938    0.354637
   0.298103    0.111013    0.354623
  0.0368124    0.405454    0.363951
  0.0369183    0.404749    0.363888
  0.0658866     0.37619    0.351614
  0.0659471    0.374526    0.351646
   0.290497    0.115401    0.354831
   0.292082    0.114421    0.354798
   0.293682    0.113462    0.354745
  0.0368642    0.403155    0.363862
  0.0369976    0.402452      0.3638
  0.0659026    0.372885    0.351723
  0.0659474    0.372167    0.351723
  0.0659653    0.370483    0.351748
   0.285154    0.118449    0.354768
   0.286774    0.117502    0.354816
   0.286779     0.11744    0.354845
  0.0369381    0.400659    0.363796
  0.0371245    0.399016    0.363757
  0.0659428    0.368676    0.351718
  0.0659888    0.367022    0.351668
   0.279051    0.122004    0.354649
   0.280805    0.120952    0.354695
   0.282381    0.119952    0.354761
   0.283208    0.119464    0.354788
  0.0370286    0.398339    0.363814
  0.0372123    0.396686    0.363801
   0.065939    0.366347    0.351671
  0.0660152    0.365653    0.351618
   0.274676    0.124462    0.354801
   0.277092    0.123055    0.354715
   0.277096    0.123029    0.354734
  0.0371377    0.396016    0.363851
   0.037295    0.394354    0.363842
   0.065961    0.363073    0.351612
  0.0660629    0.362387    0.351551
   0.268628    0.128059    0.354765
   0.271909    0.126019    0.354881
   0.272708    0.125504    0.354884
  0.0372656      0.3937     0.36387
  0.0373673    0.392033    0.363839
  0.0374831    0.390197    0.363724
  0.0659672    0.361693    0.351577
  0.0660905    0.358919    0.351487
   0.264236    0.130594    0.354655
   0.265842    0.129632    0.354703
   0.267438    0.128659    0.354756
   0.037431    0.389541    0.363734
  0.0375791    0.387904    0.363626
  0.0659859    0.358205    0.351543
  0.0660978    0.357527    0.351509
   0.258145     0.13417    0.354691
   0.259754    0.133215    0.354642
   0.262123    0.131751    0.354626
  0.0375557     0.38537    0.363594
  0.0377252    0.383551    0.363439
  0.0660029    0.354877    0.351645
  0.0661221    0.353231    0.351655
   0.254553    0.136151    0.354797
   0.255342    0.135648    0.354808
   0.256985    0.134735    0.354768
   0.037622    0.382873    0.363485
  0.0377975    0.381231    0.363422
  0.0660117     0.35252    0.351716
  0.0661557    0.349731    0.351645
   0.248454    0.139728    0.354664
   0.250035    0.138729    0.354724
   0.252412     0.13728    0.354783
  0.0376653    0.381493     0.36347
  0.0378683    0.378892    0.363463
  0.0660577    0.349051    0.351677
  0.0662034    0.347406    0.351593
   0.243915    0.142339    0.354581
   0.244718    0.141848    0.354586
   0.246476    0.140785    0.354648
    0.03783    0.377268    0.363542
  0.0379403    0.376547    0.363518
  0.0661202    0.346739    0.351612
  0.0662398    0.345081    0.351541
   0.236994    0.146354    0.354721
   0.240357    0.144371    0.354679
   0.240337    0.144318    0.354714
   0.242763    0.142915    0.354634
  0.0379482    0.374949    0.363559
  0.0380149    0.374211    0.363545
  0.0381847    0.371429     0.36341
  0.0661891    0.343453    0.351539
  0.0662387    0.342742    0.351503
   0.235034    0.147435    0.354742
   0.235003    0.147389     0.35475
   0.236638    0.146461    0.354757
  0.0381345    0.370779    0.363417
   0.038344      0.3682    0.363296
  0.0661692    0.339222    0.351468
  0.0661789    0.339491     0.35147
   0.227302    0.151964    0.354565
   0.228894    0.150965    0.354604
   0.232217    0.148932    0.354736
  0.0382542    0.367537    0.363316
  0.0384375    0.365901    0.363199
  0.0661051    0.336837    0.351547
  0.0660729    0.335144    0.351618
    0.22372    0.153976    0.354674
   0.224519    0.153493    0.354659
   0.226939    0.152073    0.354613
  0.0383788    0.364109    0.363156
  0.0384817    0.364525     0.36316
  0.0660478    0.334446    0.351647
  0.0660245    0.332758    0.351707
   0.217594     0.15756    0.354707
   0.219348    0.156488    0.354788
   0.220131     0.15596    0.354812
   0.223374    0.154086    0.354714
  0.0384798    0.361785    0.363141
  0.0386089    0.361068    0.363105
  0.0659739    0.331082    0.351747
  0.0659646    0.330388    0.351754
    0.21322    0.160057    0.354633
    0.21482    0.159083    0.354683
   0.217249    0.157675    0.354731
  0.0386013    0.359455    0.363163
  0.0387371    0.357775    0.363168
  0.0658942    0.328517    0.351721
  0.0658457    0.326848    0.351715
    0.20873    0.162723    0.354544
   0.208706    0.162683    0.354565
   0.210295    0.161692    0.354566
  0.0388179    0.355436    0.363186
   0.038932    0.354713    0.363148
   0.065819    0.326153    0.351705
  0.0658063    0.324479    0.351685
   0.202686    0.166108    0.354782
   0.204316    0.165171    0.354733
   0.206768    0.163769    0.354627
  0.0389011    0.352927    0.363105
  0.0390837    0.351284    0.362986
  0.0657673    0.323794     0.35168
  0.0658131    0.322125    0.351637
   0.197381    0.169249     0.35468
   0.198982    0.168268    0.354731
   0.199764    0.167734    0.354776
   0.201523    0.166688    0.354821
  0.0389837    0.350618    0.363011
  0.0392176    0.348036    0.362879
  0.0657468    0.320281    0.351613
   0.065804    0.318608    0.351606
   0.192851    0.171852    0.354567
   0.194611    0.170781    0.354656
   0.195432      0.1703    0.354679
  0.0391195    0.347369    0.362906
  0.0392577     0.34666     0.36283
  0.0657242    0.317906    0.351653
  0.0657761    0.316225    0.351689
   0.187679    0.174857    0.354665
   0.189274    0.173875    0.354626
   0.190873    0.172899    0.354603
  0.0392771     0.34393    0.362782
  0.0393862    0.343201     0.36275
  0.0656749    0.314528    0.351793
   0.065748    0.312848    0.351811
   0.182297    0.177886    0.354748
   0.184073    0.176841    0.354793
   0.186529    0.175426    0.354731
  0.0395181    0.339902    0.362805
  0.0396663    0.338218    0.362804
   0.065653    0.312147    0.351862
  0.0657722    0.310484    0.351811
   0.176342    0.181417    0.354597
   0.177157    0.180931    0.354615
   0.180326    0.178957    0.354732
   0.181951       0.178    0.354775
  0.0396055    0.337552    0.362844
   0.039785    0.335889    0.362794
  0.0656983    0.308653    0.351791
  0.0658378    0.307957    0.351715
   0.173423    0.183058    0.354567
   0.173359    0.183028    0.354589
   0.175013    0.182099    0.354568
   0.039741    0.334087    0.362765
  0.0398909     0.33338    0.362691
  0.0657744    0.306324    0.351718
  0.0659446    0.304684    0.351622
   0.168222    0.186039    0.354738
   0.168997     0.18553    0.354736
   0.170597    0.184552    0.354694
  0.0398365    0.331772    0.362685
  0.0400262    0.330122    0.362583
  0.0658658    0.303032     0.35162
   0.065972    0.302341    0.351566
   0.162042    0.189593    0.354674
    0.16366    0.188634    0.354718
   0.165268    0.187659    0.354781
  0.0399492    0.329462    0.362598
  0.0401134      0.3278    0.362508
  0.0658771    0.299499    0.351567
  0.0659576    0.299784    0.351533
   0.156752    0.192751    0.354525
   0.158505    0.191682     0.35459
    0.16008    0.190669    0.354655
   0.161699    0.189709    0.354693
  0.0402553    0.324345    0.362388
  0.0403586    0.323611    0.362356
   0.065873    0.298079    0.351602
  0.0659046    0.296401    0.351645
   0.152316    0.195222    0.354671
   0.154782    0.193804    0.354575
   0.156408    0.192864    0.354556
  0.0403016     0.32295    0.362389
   0.040549    0.320324    0.362379
  0.0658103    0.294676    0.351742
  0.0658402    0.293992    0.351744
   0.146186    0.198813    0.354721
   0.147777     0.19782    0.354765
   0.150331    0.196257    0.354781
  0.0404594    0.319649    0.362434
  0.0406715     0.31798    0.362396
  0.0657763    0.293286    0.351786
  0.0657748    0.290423    0.351761
   0.140952    0.201785    0.354617
   0.143399    0.200355     0.35468
    0.14501    0.199387    0.354726
  0.0406327    0.316369    0.362426
  0.0408615    0.314529    0.362276
  0.0657289    0.289015    0.351764
  0.0658065    0.286363    0.351685
   0.137283    0.203962    0.354554
    0.13725    0.203965    0.354563
    0.13884    0.202965     0.35457
   0.141432    0.201425    0.354663
  0.0408116    0.313898    0.362285
  0.0410351    0.312237    0.362157
  0.0413243    0.310559    0.362004
  0.0656205    0.285657    0.351746
   0.133696    0.205967    0.354692
   0.135323    0.205017    0.354634
   0.136943    0.204076    0.354587
  0.0413045    0.310003    0.361995
  0.0417348    0.308355    0.361783
  0.0651055    0.282131    0.351905
    0.12591    0.210552    0.354639
   0.129259    0.208473    0.354778
   0.130039    0.207961    0.354803
   0.042515    0.305235    0.361418
   0.043126    0.303601     0.36122
  0.0440481    0.301135    0.360941
   0.120505    0.213639      0.3545
   0.122126    0.212675    0.354527
   0.124735    0.211129    0.354639
  0.0441202    0.300794    0.360917
   0.044486    0.299982     0.36078
  0.0448681    0.299173    0.360637
   0.116991    0.215692    0.354572
   0.118607    0.214734    0.354531
   0.120193    0.213738    0.354544
   0.120169    0.213754    0.354533
  0.0580761    0.265997    0.457653
  0.0588009     0.26427    0.457733
  0.0476419    0.292325    0.359297
   0.112547    0.218177    0.354733
   0.114167    0.217215    0.354712
   0.115807    0.216277    0.354653
  0.0484169    0.290228    0.358916
  0.0491233    0.288627    0.358652
  0.0498092    0.287006    0.358427
   0.107228     0.22133    0.354614
   0.108815    0.220324    0.354671
   0.109591    0.219807    0.354715
  0.0498744     0.28667     0.35841
  0.0505126    0.285025    0.358203
  0.0511833    0.283409    0.357953
  0.0518754    0.281624    0.357609
   0.101867    0.224419    0.354524
   0.103651    0.223368    0.354566
   0.104426     0.22287    0.354595
  0.0519415    0.281295    0.357577
  0.0526236    0.279706    0.357244
  0.0536726    0.277348    0.356768
  0.0966791    0.227439    0.354662
  0.0982969    0.226475    0.354616
   0.099889    0.225476    0.354589
   0.100688    0.225011    0.354572
  0.0547762    0.274473    0.356206
  0.0551387    0.273656    0.356065
   0.055826    0.272044    0.355818
  0.0920939    0.230048     0.35467
  0.0938602    0.228976    0.354737
  0.0963432    0.227552    0.354698
  0.0565624    0.270075    0.355587
  0.0576388    0.267697    0.355216
  0.0580213    0.266896    0.355066
  0.0869393    0.233115     0.35454
  0.0893406    0.231622    0.354615
  0.0901218    0.231111    0.354663
  0.0595052    0.263242    0.354366
  0.0598788    0.262453    0.354177
  0.0605673    0.260876    0.353852
  0.0815339     0.23617    0.354556
  0.0831741    0.235228    0.354502
  0.0839451    0.234748    0.354498
  0.0617032    0.257994    0.353317
  0.0620819    0.257182    0.353199
  0.0624473    0.256369    0.353087
  0.0763251     0.23918    0.354742
  0.0787862     0.23772    0.354682
  0.0803887    0.236729     0.35463
  0.0811922    0.236279    0.354597
  0.0631516    0.254358    0.353022
  0.0638057    0.252661     0.35304
  0.0645375     0.25097    0.353152
  0.0653148    0.249243    0.353374
  0.0702781    0.242976    0.354493
  0.0734272     0.24088    0.354677
  0.0742124    0.240361    0.354713
   0.075991     0.23929    0.354775
  0.0653991    0.248988    0.353424
  0.0667654    0.246659    0.353818
  0.0673625     0.24584    0.353971
  0.0693467    0.243725    0.354382
  0.0708047    0.242552    0.354534