-0.803747574721314
-0.801882892881222
2.64744965999999
-0.900893300335697
-0.802267191307594
2.57776980065359
-0.990310161111791
-0.759627376188827
2.49083744635077
-1.03355052371103
-0.715270798164152
2.38850786480394
-1.18091890351673
-0.656993912922665
2.18214753664811
-1.24460226221496
-0.534611298346234
2.02320126249712
-1.2885222129493
-0.408943405445732
1.8351294199262
-1.4772409731015
-0.179658345264102
1.57872984591003
-1.55001789938485
0.0444044273313454
1.3184355002881
-1.56058954097584
0.190196488419068
1.13342359265628
-1.42376352201577
0.386879838528766
1.01189894945949
-1.32270460834429
0.504506256691704
0.885234526000717
-1.19447515314674
0.658687158559591
0.74331798421925
-1.07278510506095
0.746506948821244
0.649474613607778
-0.782260362778153
0.827388292745906
0.700377089754659
-0.627665779137842
0.905305912981495
0.627595836203544
-0.412441355465018
0.97829441254832
0.557626318136901
-0.25942597711218
1.03341060600834
0.475678454198712
-0.0600783836147577
0.992749838173782
0.52089154977612
0.0999533650268957
1.00803707644787
0.497579016163497
0.380017957193076
0.986025757370767
0.540897252731243
0.595449892273226
0.961207352332224
0.565645225927242
0.826152963572218
0.844795708820491
0.704066943649057
0.901748675827081
0.762861738492514
0.794114194299714
0.920926814880035
0.859153227373907
0.867549274409191
1.03872476022667
0.780049235242448
0.980239523325664
1.10958391455049
0.661725431721167
1.22606080174853
1.22103624105916
0.5210753138742
1.34674588371044
1.33695201450982
0.554561069262132
1.37020610907884
1.39723529691729
0.373033791157561
1.54475310833255
1.54201727328263
0.240925507443842
1.56952823445803
1.54938853547124
0.165562694540742
1.65274852603979
1.56021120749631
0.0877881814228006
1.71845253737349
1.5385955379098
-0.0266653718499161
1.89104780179353
1.64134145249262
-0.0838077153511433
1.94660972543986
1.58348941368152
-0.195560693205608
2.06965872839739
1.52469998419804
-0.357027886228123
2.17210880405241
1.41650854946708
-0.456661397406985
2.33914050826473
1.48378251254604
-0.55938011278899
2.38205243537558
1.37607191715273
-0.516095477099092
2.49364376712903
1.28847306207366
-0.540089178464706
2.55489015372792
1.23077467345526
-0.527031462136475
2.66575747792244
1.23387872022691
-0.66557239107496
2.70283010121057
0.994234409831441
-0.768551439871403
2.76243188559985
0.910277357916522
-0.739519521105712
2.8094038922106
0.64587413706803
-0.700773067698114
2.89517439140643
0.571899421930094
-0.772951610815728
2.92101282923122
0.534807569517624
-0.692850617884264
2.98937623173866
0.285938056447778
-0.774736223283528
3.01493127984822
0.464827078115634
-0.872260704525114
2.9806533848792
